2.518200
3.253025
3.487375
3.530000
4.013300
4.031325
4.395525
4.479125
4.722700
4.886475
4.948125
5.243025
5.373000
5.564450
5.598950
5.640000
6.000900
6.108650
6.202500
6.288000
6.373325
6.593075
6.699850
6.753125
7.238650
7.326625
7.547975
7.684625
8.473325
8.604250
8.850675
8.986225
9.663125
10.071450
10.134425
10.505875
10.549950
10.810075
10.999250
11.045650
11.631100
11.694200
11.861050
11.954800
11.982425
12.048400
12.140425
12.227000
12.353350
12.622350
12.777775
12.962350
13.039575
13.064150
13.288925
13.304975
13.388775
13.564700
13.742050
13.894225
14.004875
14.071750
14.123300
14.315600
14.448850
14.571125
14.969575
15.028475
15.099725
15.450675
15.452700
15.502625
15.515250
15.525350
15.547350
15.554725
15.857825
15.936600
16.008075
16.170850
16.255600
16.314000
16.463325
16.583350
16.698150
16.750175
17.160450
17.220225
17.266025
17.294200
17.325725
17.511475
17.584775
17.662075
17.716175
17.826875
18.168150
18.316725
18.388125
18.425725
18.609350
18.686400
18.807975
18.861650
18.917350
19.103325
19.165900
19.214000
19.281475
19.350700
19.746925
19.790150
19.820825
19.868675
19.989400
20.063550
20.253025
20.339125
20.384475
20.441375
20.523150
20.563725
20.580800
20.612275
20.670950
20.722625
20.814750
20.860125
20.909750
20.939450
20.978975
21.027025
21.060025
21.092150
21.128575
21.226375
21.264950
21.388825
21.450475
21.522225
21.582875
21.609325
21.675000
21.714375
21.787175
21.817550
21.909275
21.955025
21.990950
22.048750
22.094025
22.151400
22.221350
22.283400
22.519175
22.572000
22.667500
22.999450
23.063800
23.095500
23.144925
23.171400
23.183925
23.255650
23.308575
23.395225
23.445800
23.488725
23.633650
23.729050
23.794200
23.836975
23.876550
23.916125
23.956900
23.988650
24.131675
24.178200
24.213175
24.260725
24.304775
24.326125
24.394350
24.482850
24.536750
24.575200
24.625200
24.651600
24.693325
24.750850
24.791650
24.856300
24.899525
24.901725
24.932825
24.981875
25.027425
25.076650
25.210200
25.312500
25.352350
25.387350
25.420200
25.475325
25.525500
25.553600
25.594925
25.695750
25.820450
25.846800
25.887100
25.962750
26.041350
26.082600
26.117450
26.154175
26.157475
26.210950
26.247025
26.318225
26.336050
26.373500
26.457650
26.480025
26.494500
26.497500
26.520725
26.551875
26.589650
26.609650
26.637200
26.706650
26.744750
26.776375
26.812300
26.855925
26.915350
26.975475
26.984775
27.172625
27.202050
27.255050
27.300225
27.336875
27.370675
27.411050
27.539750
27.767050
27.828000
27.857975
27.886475
27.925475
27.951350
27.953375
27.991825
28.119050
28.166500
28.178025
28.215725
28.262375
28.387600
28.472875
28.568150
28.582675
28.646700
28.711725
28.771075
28.866425
28.940100
29.000300
29.139825
29.291000
29.427975
29.487925
29.542225
29.554550
29.634850
29.661725
29.664125
29.706950
29.730275
30.109250
30.243225
30.246325
30.492200
30.541225
30.585525
30.645875
30.745500
30.895600
31.016225
31.069900
31.170800
31.228050
31.301425
31.335000
31.434400
31.488600
31.521875
31.567775
31.570025
31.636525
31.679425
31.738050
31.790150
31.838375
31.880675
31.916000
31.969525
31.996300
32.039475
32.111375
32.233950
32.286825
32.328800
32.378875
32.486625
32.546700
32.644000
32.682425
32.736900
32.779350
32.920925
32.965725
32.989900
33.030200
33.045650
33.051075
33.085475
33.123150
33.242350
33.335750
33.392825
33.419400
33.495750
33.532325
33.609150
33.657900
33.700700
33.740600
33.830050
33.854700
33.897875
33.942875
33.967975
34.005675
34.036225
34.096725
34.168650
34.206125
34.207600
34.234375
34.278725
34.369750
34.385125
34.429575
34.448725
34.475175
34.508250
34.526375
34.551500
34.601000
34.646625
34.679700
34.712375
34.765275
34.796275
34.835350
34.837025
34.853700
34.921075
34.942750
34.968875
35.008450
35.030375
35.074325
35.107775
35.135675
35.168275
35.191725
35.269475
35.283175
35.301550
35.324275
35.346575
35.376600
35.418250
35.436375
35.461625
35.484850
35.513975
35.555100
35.579925
35.612950
35.634775
35.664875
35.689450
35.716825
35.742625
35.765075
35.806450
35.825025
35.851750
35.880400
35.926725
35.952200
35.974600
36.001725
36.026575
36.082075
36.137350
36.182925
36.227475
36.264675
36.365025
36.385350
36.419600
36.433550
36.443075
36.489075
36.528850
36.559500
36.587800
36.608225
36.631775
36.656775
36.676475
36.701725
36.736300
36.775250
36.809075
36.845725
36.868100
36.883350
36.903150
36.930300
36.944875
36.967450
36.988000
37.014875
37.039400
37.067325
37.100575
37.118950
37.144450
37.170575
37.198100
37.230375
37.261125
37.316150
37.341550
37.359875
37.386550
37.451675
37.474775
37.497950
37.518175
37.545550
37.565025
37.591975
37.625600
37.653750
37.670450
37.680350
37.698350
37.734150
37.803550
37.847600
37.876275
37.910725
37.962975
38.042825
38.065300
38.142300
38.229175
38.286650
38.308400
38.333800
38.372300
38.401100
38.425225
38.455700
38.510800
38.531750
38.558100
38.629950
38.649875
38.680300
38.705675
38.732900
38.756425
38.787150
38.809775
38.840650
38.891600
38.913475
38.938950
38.961325
38.984025
39.001225
39.140800
39.188575
39.218950
39.242450
39.276000
39.308800
39.332050
39.387625
39.415675
39.464375
39.483550
39.488550
39.539775
39.614250
39.641550
39.666825
39.689075
39.714875
39.773400
39.799425
39.825550
39.846675
39.873150
39.903250
39.923825
39.997850
40.035775
40.075250
40.093225
40.125150
40.142850
40.153125
40.179850
40.226100
40.249275
40.280725
40.300475
40.344725
40.366075
40.392375
40.476325
40.498925
40.526175
40.551375
40.571675
40.610000
40.632525
40.668675
40.680225
40.696200
40.731925
40.758800
40.789575
40.868275
40.932950
40.951850
40.996175
41.040725
41.061475
41.088700
41.115725
41.145725
41.171850
41.195775
41.237750
41.281600
41.307600
41.331350
41.351950
41.377675
41.399950
41.417925
41.442825
41.469875
41.488775
41.517250
41.543225
41.575400
41.602050
41.629825
41.652925
41.678025
41.705800
41.729450
41.780425
41.807375
41.812675
41.828850
41.844850
41.846400
41.869900
41.874950
41.883325
41.906000
41.932275
41.953675
41.960650
41.988575
42.012150
42.034700
42.052125
42.071700
42.117675
42.134700
42.177150
42.200025
42.227175
42.247050
42.279500
42.301650
42.348750
42.372550
42.395825
42.420100
42.442825
42.463850
42.475850
42.485500
42.504425
42.522650
42.549625
42.594650
42.639300
42.705350
42.745000
42.772025
42.806350
42.823675
42.847225
42.867150
42.891100
42.906200
42.925575
42.950025
42.971475
43.004450
43.029825
43.053875
43.094125
43.116700
43.135175
43.162675
43.182475
43.234125
43.275800
43.305225
43.320400
43.332000
43.353525
43.396050
43.444250
43.472325
43.492725
43.515975
43.615725
43.635525
43.771450
43.796575
43.851950
43.858175
43.929525
43.948500
44.014725
44.049875
44.076850
44.093500
44.126375
44.181625
44.232400
44.255500
44.268275
44.414100
44.463375
44.530725
44.563125
44.638475
44.662925
44.695500
44.710525
44.729650
44.743650
44.835000
44.860825
44.875475
44.929175
44.955275
44.981600
45.019250
45.083500
45.115150
45.158025
45.160300
45.190050
45.245950
45.260525
45.279300
45.299075
45.400875
45.435225
45.459850
45.470350
45.540800
45.562025
45.581525
45.593900
45.710100
45.736325
45.763550
45.781250
45.786800
45.803275
45.826800
45.861550
45.899600
45.966300
46.006825
46.027850
46.050850
46.114600
46.118075
46.136575
46.191750
46.211800
46.226300
46.252975
46.296500
46.325025
46.351250
46.397850
46.440025
46.519450
46.548150
46.581050
46.709575
46.759000
46.786525
46.816475
46.845800
46.908425
46.943225
46.969975
46.994050
46.997725
47.033175
47.062100
47.101025
47.136675
47.162250
47.214000
47.262300
47.320200
47.346925
47.373825
47.399725
47.425925
47.475950
47.514075
47.571825
47.599575
47.621450
47.670775
47.699000
47.745225
47.773950
47.805950
47.835500
47.862325
47.998675
48.031575
48.056025
48.080225
48.104925
48.127500
48.154975
48.176100
48.298250
48.348125
48.429075
48.521600
48.541625
48.569650
48.644050
48.673750
48.675375
48.711250
48.733475
48.770025
48.810700
48.859375
48.860900
48.907075
48.967350
49.006350
49.043050
49.069525
49.125325
49.146750
49.201850
49.258375
49.378750
49.416425
49.469225
49.493900
49.547850
49.576500
49.625975
49.729325
49.788125
49.829925
49.890975
49.931500
49.963275
50.039375
50.082000
50.103550
50.127850
50.152600
50.190675
50.229250
50.286225
50.318450
50.353675
50.399025
50.421750
50.450650
50.490075
50.509550
50.530425
50.552075
50.568425
50.616750
50.653200
50.707350
50.728150
50.757050
50.785025
50.810075
50.837325
50.864375
50.908375
50.933825
50.966875
51.046575
51.111600
51.133250
51.153850
51.174475
51.194100
51.241950
51.287925
51.306325
51.307675
51.386450
51.445750
51.488125
51.523075
51.564800
51.613925
51.663275
51.692125
51.807125
51.824150
51.841025
51.862950
51.884950
51.900200
51.920425
52.080750
52.153875
52.179400
52.203450
52.245700
52.292625
52.322725
52.376950
52.405350
52.473225
52.539475
52.559125
52.574050
52.593475
52.623575
52.640625
52.669650
52.703725
52.780375
52.805475
52.875900
52.941875
52.970950
52.999900
53.051900
53.099875
53.175325
53.285875
53.338425
53.369825
53.406875
53.423700
53.462900
53.505100
53.613975
53.656525
53.662225
53.731850
53.755800
53.787250
53.817875
53.847475
53.900875
53.925175
53.972125
53.996425
54.022100
54.053450
54.079250
54.102425
54.133500
54.179200
54.231150
54.248750
54.319600
54.373000
54.401775
54.441400
54.470825
54.504375
54.531575
54.555700
54.574125
54.597225
54.619275
54.642025
54.661050
54.663500
54.686550
54.730250
54.755700
54.782000
54.809625
54.832600
54.874725
54.904950
54.906150
54.950475
54.977525
55.002300
55.035050
55.118325
55.150700
55.341200
55.350950
55.370650
55.388950
55.412000
55.437625
55.465175
55.512575
55.532125
55.624900
55.650600
55.672375
55.704575
55.733625
55.786500
55.804050
55.820325
55.830950
55.870125
55.971550
56.001075
56.049100
56.078900
56.147075
56.166575
56.185400
56.205825
56.230375
56.283375
56.288275
56.303450
56.325075
56.347925
56.379175
56.421725
56.460925
56.502600
56.527275
56.550700
56.570950
56.582450
56.604250
56.638900
56.665100
56.688175
56.715125
56.764350
56.789125
56.845050
56.866425
56.880150
56.954000
56.994475
57.099950
57.119775
57.162975
57.185950
57.227700
57.272375
57.281575
57.301350
57.304600
57.325550
57.359275
57.382675
57.412050
57.542300
57.593850
57.612325
57.655675
57.675400
57.694550
57.734900
57.759275
57.804875
57.852675
57.910025
57.936750
57.953500
57.964625
57.976375
57.994025
58.028425
58.053375
58.079550
58.108450
58.126575
58.149125
58.170275
58.187475
58.230425
58.269300
58.290775
58.309850
58.369325
58.411775
58.474250
58.479575
58.515625
58.557525
58.580225
58.600775
58.662850
58.679700
58.735050
58.818175
58.850850
58.882300
58.917225
58.938450
58.999300
59.042725
59.067300
59.096700
59.124625
59.216800
59.263375
59.292100
59.331425
59.437600
59.464900
59.486275
59.522350
59.554125
59.572825
59.613700
59.627950
59.679575
59.708050
59.758825
59.822775
59.866125
59.893925
59.980000
60.010425
60.099150
60.115625
60.372200
60.396500
60.456350
60.512500
60.555375
60.578925
60.621000
60.751125
60.833400
60.865575
60.885400
60.911075
60.956275
61.011225
61.048350
61.068725
61.129900
61.166950
61.207325
61.254975
61.280750
61.303575
61.396500
61.473025
61.513575
61.558075
61.581300
61.656050
61.679750
61.703450
61.726300
61.765875
61.933425
61.964150
62.038600
62.124075
62.149200
62.207500
62.248425
62.281700
62.319875
62.385275
62.417925
62.485450
62.488575
62.515550
62.808650
62.868400
62.904125
63.160350
63.236875
63.239550
63.398325
63.434075
63.503350
63.717200
63.778925
63.785275
63.905250
64.062175
64.125625
64.164500
64.543925
64.612825
65.059675
65.145400
66.315175
67.341175
68.838100
68.854175
68.917425
69.936100
99.184125
100.230925
100.802700
100.916525
101.744525
101.806800
103.954425
104.302800
104.867100
104.902675
105.259875
105.365675
106.104725
106.808550
106.981875
107.148250
107.191850
107.414975
107.842725
108.069725
108.197950
109.071750
109.323650
109.342100
109.370100
109.514675
109.584575
109.616650
109.684600
109.849525
109.900575
110.172975
110.547225
110.623900
110.693475
110.731075
111.571775
112.265275
112.341000
112.585225
113.014300
113.153825
113.251450
113.376600
113.691525
113.931925
113.963700
114.138600
114.482550
115.667450
115.713325
115.774150
116.251300
116.385875
116.875250
116.947850
116.978875
117.406250
117.710575
117.764400
118.193325
118.488075
118.555675
118.602350
118.717100
118.873425
118.975400
119.563775
120.099425
120.165900
120.302425
120.738475
120.921725
121.048500
121.195200
121.470625
121.511050
121.765250
121.814400
122.037975
122.708800
122.785100
123.305625
123.405600
123.842750
123.937275
124.306150
124.659425
124.904525
125.499325
125.583275
125.968475
126.003650
126.137550
126.380025
126.450850
126.780050
127.267725
127.418025
127.480950
127.711000
128.331400
128.545250
128.632950
128.877400
129.101950
129.209800
129.256650
129.430075
130.026825
131.031550
131.518550
131.575500
131.826425
132.272900
132.577000
133.024525
133.119575
133.293225
133.409525
133.509700
133.614975
133.928575
134.277925
134.467275
134.599550
134.699125
134.799525
135.085100
135.554700
135.636925
135.820450
135.893025
135.968200
136.218200
136.447000
136.513525
137.406575
137.463450
137.624125
137.867225
138.298450
139.080600
139.309425
139.404825
139.832150
140.205175
141.399650
141.442850
141.884125
142.113275
142.722025
143.285650
143.611700
144.061575
144.093100
144.638900
145.598250
146.653550
146.851875
146.893500
147.018400
147.522600
147.705825
148.480525
149.058375
150.896725
151.001225
151.033900
151.693875
151.805300
151.950475
152.276750
152.860125
153.147500
153.414575
153.451100
153.773050
154.156150
154.391125
154.577050
155.252275
156.167525
156.700175
156.727575
157.116225
158.414500
158.578950
161.208825
161.407550
161.442375
161.518225
161.808875
161.888150
163.399500
163.679225
163.894250
163.999850
164.469750
165.350950
165.663125
165.712850
166.606525
167.127375
168.053850
168.080600
168.802175
168.883850
169.131000
169.854875
171.125900
171.905975
171.921300
172.762600
173.076475
173.111800
173.156600
173.607600
173.944025
174.715100
174.789625
174.838450
175.165475
175.252225
175.558500
175.674450
175.968900
176.667275
177.012775
177.204200
177.234475
177.278125
177.531325
177.768850
178.414975
178.583575
179.128100
179.529075
179.564250
180.093625
180.120425
180.206300
180.286100
180.409075
181.144625
181.186500
181.528975
181.543825
182.391075
183.020800
183.212875
183.336850
183.372400
183.442350
183.827775
184.007600
184.065700
185.067975
186.477875
189.275300
189.500900
189.571650
190.918675
190.921650
191.344925
194.143200
197.056850
197.249975
197.555925
197.800375
197.868675
199.635325
199.762600
200.059475
202.125775
203.229950
203.301250
203.343050
203.416775
204.043075
204.056450
204.229250
204.336350
204.364375
204.663550
204.697150
204.974625
205.066625
205.604925
206.027750
206.600025
206.733250
209.751475
210.093000
211.052675
212.093475
213.988025
214.073150
214.296275
215.257675
215.457675
215.819125
215.862000
215.967425
216.153900
217.188875
217.948175
218.027100
218.940450
219.148925
219.217350
219.780650
220.634200
220.994175
221.830500
222.972625
224.917450
225.535850
225.645875
226.097100
227.843200
229.415375
230.427500
230.524650
230.779000
231.635775
232.169900
233.521750
233.924900
234.269925
236.115025
237.079675
237.131675
237.424225
237.450375
240.714300
241.779025
242.591300
242.603850
242.671250
243.333625
243.687450
246.123900
246.184325
247.389750
247.971750
249.969150
250.230575
250.348625
250.830775
251.385700
253.265950
253.587675
253.950725
254.687100
255.305625
256.790825
257.373675
258.083000
258.330275
260.871800
261.027075
261.314975
261.448075
261.673950
261.708750
263.079100
263.295050
263.577525
264.068350
264.084750
264.331325
264.532850
265.086400
265.419875
265.564700
265.897050
270.234050
270.922075
272.907075
274.584000
276.719875
277.937550
278.159600
279.925775
283.484550
285.076875
285.319875
285.652150
288.090675
288.176500
288.810525
290.062225
290.361750
290.867050
291.404475
291.718050
291.901100
292.544525
293.226375
293.764800
294.077825
295.247625
295.373550
296.002350
296.026950
297.599775
297.797225
297.922225
299.192375
300.664150
301.131050
301.816550
301.819100
301.879225
302.655875
303.916300
304.355475
306.960150
308.434100
308.927175
309.078200
309.313350
309.717675
311.032225
311.406300
311.624750
312.648050
313.520950
313.790400
314.988350
315.047325
315.052875
315.493450
316.832400
316.866825
316.937375
317.491225
321.010600
321.285400
321.978375
322.466550
323.149150
323.522125
323.930975
324.900900
325.002325
326.093325
327.123375
327.411500
327.434275
328.089850
