# # All spikes for Neuron
0.224100
0.317250
0.414150
0.698575
0.762725
1.251250
1.310800
1.581275
1.743700
1.804300
1.889500
2.074400
2.279800
2.331600
2.395875
2.437900
2.462950
2.493300
2.597900
2.919550
2.995900
3.153775
3.221100
3.458925
3.505250
3.519200
3.861650
3.942350
3.986150
4.248750
4.294025
4.362475
5.024975
5.099175
5.291925
5.308975
5.332175
5.519725
5.669900
5.771250
5.872375
6.005925
6.158650
6.275575
6.413375
6.633675
6.660075
6.863075
6.909575
7.002000
7.087125
7.188475
7.406325
7.648950
7.838825
7.925225
8.039350
8.102700
8.139350
8.314925
8.497100
8.532075
8.737900
8.831450
9.193750
9.196050
9.226300
9.304225
9.349825
9.465825
9.525850
9.718250
9.866100
9.997825
10.016550
10.250625
10.359875
10.477600
10.601300
10.710550
10.784350
10.858600
10.928425
11.037025
11.099300
11.203875
11.254675
11.318575
11.433750
11.472825
11.686900
11.763300
11.778400
11.992900
12.038425
12.418700
12.852650
12.925850
13.063125
13.257450
13.296100
13.759750
13.879400
14.112150
14.180575
14.324600
14.367250
14.418875
14.504100
14.564325
14.616775
14.707925
14.765725
14.935075
15.017150
15.103550
15.165600
15.451275
15.752750
15.823325
15.847250
15.918750
16.356125
16.428825
16.529200
16.596800
16.815950
16.997950
17.142625
17.304175
17.745850
17.976425
18.051875
18.338150
18.681425
19.217075
19.419500
20.002175
20.272450
20.484325
20.626025
20.890750
20.972025
21.370150
21.441675
22.026450
22.329300
22.501600
22.757075
23.244175
23.245775
23.337825
23.464225
23.493000
23.509475
23.629000
23.660150
23.719250
23.999075
24.020925
24.072275
24.240000
24.337925
24.361800
24.642475
24.713075
24.752525
24.815600
25.059250
25.075725
25.420600
25.700675
25.838675
26.265325
26.399100
26.576200
26.614050
26.664000
26.673200
26.782950
26.918150
26.932250
27.148150
27.273850
27.282200
27.348650
27.443275
27.810600
27.962725
28.024450
28.133875
28.181275
28.369750
28.781275
29.020800
29.052175
29.117450
29.338475
29.432925
29.528375
29.611825
29.852175
29.917300
30.023900
30.257975
30.453500
30.473775
30.584050
30.911950
30.941000
30.987050
31.479075
31.623725
31.671525
31.753950
31.958250
32.112900
32.212900
32.270325
32.323050
32.345775
32.374100
32.397400
32.437325
32.563850
32.667450
32.793100
32.859925
32.933100
32.951750
33.042300
33.077350
33.165050
33.367250
33.475975
33.542875
33.938025
34.700975
34.916000
35.019550
35.238050
35.248625
35.285225
35.408175
35.498475
35.577575
35.717750
36.016225
36.053400
36.095775
36.126750
36.274675
36.377300
36.458825
36.624425
36.714450
36.843225
37.101425
37.223700
37.245475
37.508275
37.885275
37.992100
38.076175
38.413725
38.805900
38.844175
38.855925
38.883000
38.921900
38.956275
39.016700
39.249275
39.654425
39.698575
39.956750
40.091925
40.133275
40.223100
40.308725
40.378350
40.437225
40.714150
40.876275
40.978500
41.149325
41.372425
41.435000
41.515500
41.611300
41.739475
41.998800
42.109825
42.158150
42.184225
42.235300
42.263975
42.308900
42.424175
42.475675
42.583300
42.610025
42.658325
42.665025
42.700050
42.776825
42.887775
43.053600
43.081250
43.158275
43.204125
43.596125
43.916350
43.993800
44.110000
44.125850
44.173800
44.216300
44.236500
44.357725
44.364875
44.451700
44.801150
45.142375
45.192925
45.212675
45.267750
45.292350
45.447575
45.450400
45.609075
45.658275
46.095150
46.254275
46.408175
46.678175
46.847625
46.995200
47.165900
48.111700
48.149825
48.836400
49.291425
49.774375
50.001100
50.066575
50.145475
50.651575
50.916675
51.113975
51.218900
51.310800
51.669175
51.724400
52.117300
52.377025
52.487925
52.543400
52.682100
52.821925
52.873700
53.071925
53.543100
53.735325
53.770275
54.105400
54.141150
54.258225
54.378800
54.667950
54.719625
55.549725
55.828700
55.976625
56.252750
56.405000
56.490200
56.750300
57.038975
57.395650
57.547975
57.594525
57.622400
58.095925
58.133000
58.205925
58.252600
58.402700
58.437825
58.467875
58.881250
59.012225
59.332800
59.488850
59.555400
59.879750
59.961375
60.132825
60.177400
60.250775
60.539375
60.693275
60.793725
60.940275
61.120825
61.347750
61.390900
61.404600
61.743100
61.825175
61.987875
62.307425
62.463300
62.656950
62.718950
62.961475
63.185550
63.708050
63.734700
64.111475
64.187600
64.414675
64.609125
64.691500
65.187750
65.336925
65.522550
65.603625
65.744850
65.944050
66.012225
66.154400
66.275900
66.331700
66.623075
66.860875
67.125850
67.195525
67.256400
67.304625
67.441725
67.478925
67.618000
67.992125
68.063500
68.115500
68.159900
68.200450
68.239275
68.389850
68.526150
68.848750
68.944300
69.006775
69.018100
69.130275
69.207800
69.424650
69.540750
69.729850
69.875250
69.939825
69.987250
70.246575
70.292250
70.723325
70.905375
70.909150
70.990850
71.055900
71.163650
71.205550
71.410025
71.621250
71.643050
71.803325
71.848825
71.912725
71.963000
71.978750
72.016150
72.063375
72.152850
72.305600
72.332600
72.403025
72.426800
72.513450
72.620325
72.792275
72.869450
72.913325
72.948450
72.981575
73.019350
73.087225
73.138900
73.214625
73.328225
73.439225
73.533300
73.552950
73.598700
73.717550
73.907475
74.146550
74.200225
74.464650
74.559050
74.775150
74.952300
75.014125
75.222675
75.271125
75.398600
75.540075
75.593675
75.822725
75.847175
76.131875
76.174975
76.211850
76.256375
76.603600
76.885150
77.123700
77.257150
77.441875
77.512200
77.602825
77.715525
77.822700
78.074625
78.170600
78.661600
78.764000
78.840575
78.883950
78.948225
78.970575
79.117125
79.172675
79.673275
79.738450
79.782400
80.387950
80.811200
80.872075
80.963100
81.120750
81.173325
81.512625
81.616875
81.637675
81.740250
81.983400
82.483575
82.671450
83.110775
83.171025
83.259250
83.440400
83.804475
83.893925
83.964575
84.098775
84.223650
84.323425
84.391350
84.451950
84.583375
84.647975
84.713825
84.850550
84.974625
85.230050
85.242400
85.472925
85.798175
85.887175
85.957725
86.059500
86.195350
86.242825
86.313875
86.558875
86.652725
86.750125
86.844600
86.931775
86.980800
87.511725
87.595975
87.885425
88.036175
88.304100
88.382000
88.552900
88.690175
88.757900
88.935475
89.100325
89.504350
89.558475
89.726825
89.862200
89.928650
89.982950
90.023275
90.274675
90.291275
90.345650
90.348350
90.413600
90.532550
90.657800
90.879575
91.080975
91.294025
91.437700
91.705100
92.012325
92.402550
92.994800
93.225000
93.326925
93.585775
93.831325
96.061500
96.596300
96.786925
97.005375
97.224975
97.235100
97.292725
97.544175
97.589425
97.656925
97.857575
97.973275
98.117600
98.285450
98.395850
98.426425
98.526775
98.665325
98.717800
98.823250
98.988025
99.021575
99.046425
99.096550
99.223700
99.281725
99.330725
99.520375
99.604725
99.628575
99.680675
99.736500
99.919050
99.966950
100.098000
100.129825
100.158725
100.250100
100.350575
100.821950
100.923000
101.202050
101.249300
101.342475
101.409550
101.471725
101.607400
101.847925
101.932950
102.205025
102.326700
102.355450
102.421200
102.472950
102.499450
102.589600
102.830325
102.865475
103.170775
103.251000
103.274925
103.570100
103.634125
103.714375
103.847350
103.929125
103.991450
104.151250
104.273625
104.462050
104.661900
104.676250
104.746425
104.847850
104.928525
104.994975
105.326175
105.592575
105.937025
106.186600
106.274250
106.414825
106.797650
106.930200
107.419575
107.479550
107.577900
107.647625
107.843525
108.011925
108.226400
108.297150
108.414725
108.719125
108.778150
109.093300
109.174750
109.246100
109.423550
109.616275
109.820475
110.038500
110.285825
110.638975
110.826175
111.102600
111.156125
111.279350
111.303975
111.802750
112.186600
112.254175
112.436675
112.774550
113.327050
113.751450
113.792575
114.430650
114.810325
114.842300
115.036650
115.195725
115.343525
115.485850
115.604825
115.760425
115.885375
115.981350
116.203850
116.469700
116.637250
116.709400
116.736700
117.003275
117.420125
117.659725
117.718475
117.844075
117.892800
117.943175
118.341150
118.393675
118.656825
118.752625
118.791475
119.025550
119.102575
119.207275
119.249200
119.372025
119.647075
119.772625
119.883125
119.939225
119.974825
120.072625
120.128625
120.179675
120.347875
120.399800
120.550750
120.611200
120.705375
120.981250
121.075650
121.129625
121.167550
121.313900
121.504400
121.555050
121.666200
121.804000
121.968725
122.025350
122.219000
122.274425
122.602025
122.792975
122.943100
122.995775
123.028225
123.096775
123.235150
123.674550
124.076725
124.132950
124.220750
124.227950
124.385425
124.536500
124.629850
124.866250
125.070850
125.191050
125.320600
125.330325
125.419150
125.658675
125.758425
125.831125
125.922150
126.004475
126.220375
126.490625
126.700350
126.768075
126.957425
127.212825
127.407950
127.513100
127.743600
127.851650
127.909950
128.243450
128.307650
128.542100
128.657600
128.693900
128.758375
128.883775
129.094775
129.273675
129.905475
129.960025
130.895300
130.978425
131.456825
132.221900
132.275950
132.380475
132.470150
132.608025
132.653375
132.678125
132.722725
133.085900
133.243450
133.803500
134.042250
134.088325
134.194900
134.375200
134.493175
134.703300
134.739150
134.994525
135.147775
135.367075
135.865075
136.209975
136.352775
136.454125
136.766825
136.984375
137.242225
137.396900
137.501375
137.565100
137.606750
137.693000
137.832000
137.981425
138.138900
138.298050
138.390025
138.484900
138.946800
139.001325
139.053375
139.193450
139.263925
139.485250
139.523175
139.845025
139.886450
139.957300
140.029800
140.089400
140.129075
140.175400
140.517825
140.574425
140.707750
140.845925
140.939400
141.256725
141.325050
141.589425
141.823175
142.455775
142.771400
142.934700
143.014050
143.285600
143.567075
144.400950
144.467925
144.699150
144.762050
144.876450
144.943275
145.170350
145.252150
145.355400
145.553400
145.710450
145.884900
146.180475
146.594925
146.716825
146.991975
146.993050
147.378950
147.523775
147.602125
147.786075
148.057325
148.131575
148.411700
148.492425
148.655100
148.867925
148.918775
148.966200
149.134275
149.247550
149.313025
149.365400
149.429425
149.665225
149.682275
149.859100
149.883250
150.101325
150.201350
150.252725
150.277875
150.314650
150.628725
150.659925
150.680525
150.707350
150.763875
150.798200
150.834400
150.926300
150.949550
151.022775
151.156100
151.190400
151.260400
151.324125
151.699175
151.883600
151.924725
152.180525
152.247725
152.294950
152.361800
152.473750
152.634375
152.839100
152.920275
152.946250
152.997800
153.115250
153.305750
153.353050
153.550075
153.672800
153.953375
154.314425
154.342525
154.605350
154.664500
155.000700
155.106250
155.229000
155.425825
155.508200
155.576125
155.707000
155.756200
155.845250
156.127700
156.326575
156.384800
156.434800
156.500425
156.601950
156.655475
156.763200
156.816125
156.850900
156.913950
157.010000
157.243450
157.425175
157.562050
157.602900
157.740175
158.308600
158.775200
158.825450
159.173350
159.175725
159.371925
159.451350
159.483450
159.603875
159.675575
159.711300
159.790150
160.193900
160.483375
160.574450
160.753125
161.045000
161.218450
161.367675
161.710575
161.867525
161.870050
162.129650
162.450500
162.704550
162.994550
163.088075
163.224000
163.362250
163.499000
163.720625
163.767900
164.055175
164.105900
164.157975
164.282975
164.460200
164.503350
164.557775
164.728450
164.795950
164.856425
164.903325
164.953600
165.035725
165.184750
165.263350
165.659625
165.701650
165.724925
165.751325
165.776150
165.926025
165.969875
165.985275
166.390100
166.516125
166.680250
166.775025
167.038075
167.171050
167.191450
167.265125
167.633175
167.707300
167.735375
167.763250
167.792375
167.817425
167.874775
167.891300
167.923425
167.957700
167.964750
167.985325
168.010550
168.062550
168.113625
168.304000
168.372325
168.461150
168.481475
168.668525
168.764000
169.007875
169.107800
169.148375
169.190000
169.217725
169.251925
169.308200
169.423925
169.540800
169.749175
169.800725
169.858725
170.057050
170.120625
170.166350
170.499950
170.548175
170.616600
170.664250
170.828025
171.023100
171.130825
171.147300
171.385175
171.528425
171.582075
171.648700
171.714350
171.867550
172.133450
172.214850
172.244550
172.391725
172.482625
172.579075
172.675300
172.700625
172.712850
172.792125
172.825525
172.899700
172.909025
172.985775
173.050400
173.249900
173.269775
173.294150
173.334900
173.494150
173.577500
173.655800
173.685825
173.721150
173.908375
174.070825
174.078950
174.199225
174.325300
174.350125
174.504350
174.625875
174.705825
174.786025
174.835250
174.868475
174.899075
174.985800
175.204475
175.232100
175.284125
175.339750
175.635250
175.775250
175.949100
176.021350
176.146525
176.290400
176.346025
176.413250
176.477025
176.638500
176.850650
176.910750
177.051275
177.077325
177.120900
177.194650
177.344700
177.454200
177.536150
177.694450
177.938450
178.047100
178.171000
178.286725
178.360750
178.402675
178.452325
178.611000
178.753700
178.861675
178.919500
179.061075
179.280275
179.301075
179.783850
179.821725
179.961575
180.065450
180.341775
180.551925
180.591050
180.614950
181.777200
182.116275
182.191600
182.388000
182.643900
183.059550
183.164675
183.333575
183.344450
183.407725
183.521650
183.726600
183.826550
184.050675
184.177700
184.419125
184.720150
185.086675
185.269200
185.389700
185.767375
186.335575
186.458575
186.502950
186.535825
186.617700
186.731850
186.796675
186.881675
186.944100
187.115475
187.152050
187.541925
187.664875
187.735125
187.769250
187.811075
188.175550
188.225025
188.392550
188.460475
188.849675
188.971125
189.190050
189.256000
189.287825
189.434250
189.664925
189.770425
189.926175
190.731475
190.779600
190.858050
191.012375
191.162350
191.225325
191.279450
191.465000
191.569525
191.661775
191.706400
191.738150
191.789750
192.165000
192.219650
192.782800
192.863275
192.902625
192.974650
193.035150
193.086100
193.163525
193.227775
193.364375
193.407475
193.447200
193.482425
193.538925
193.647600
194.061150
194.143450
194.242425
194.626150
194.745225
194.992525
195.069350
195.256150
195.428475
195.507875
195.562850
195.885375
196.192850
196.227525
196.452250
196.534175
196.587250
196.870700
197.275025
197.330700
197.379475
197.490500
197.658200
197.823075
197.934275
198.019300
198.112725
198.157600
198.314800
198.524525
198.713100
198.851850
198.961650
199.116900
199.212150
199.260350
199.298725
199.403225
199.489650
199.516700
199.558975
199.964625
200.077550
200.151050
200.214025
200.288150
200.395550
200.509550
200.692525
200.901650
200.993625
201.390925
201.484150
201.531500
201.565050
201.587550
201.959975
202.011725
202.058525
202.274225
202.379225
202.440975
202.484775
202.649350
202.817800
202.854775
203.043925
203.549550
203.950250
204.209150
204.313200
204.457875
204.609800
204.718050
204.859975
204.938425
205.031450
205.107900
205.235425
205.331725
205.365350
205.481800
205.672025
205.847525
205.950725
206.105725
206.143500
206.212250
206.251725
206.321850
206.357150
206.583200
206.714025
206.831925
206.937775
207.162175
207.189600
207.209600
207.537300
208.760900
208.857900
209.028950
209.118375
209.355775
209.496725
209.865175
210.052925
210.130500
210.207275
210.225875
210.258775
210.365800
210.470750
210.567050
210.584825
210.702425
210.750150
210.907300
211.013200
211.105075
211.113000
211.271275
211.333700
211.394375
211.494575
211.697100
212.016175
212.062650
212.230575
212.463850
212.591850
212.917175
213.034050
213.219225
213.241575
213.593300
213.790100
214.075875
214.122575
214.228425
214.567775
214.664500
214.712950
214.920650
215.016400
215.309625
215.334925
215.342850
215.459225
215.480550
215.630125
215.836975
216.212275
216.217625
216.250125
216.348975
216.464325
216.583675
216.673650
216.712850
216.886950
216.926900
217.170425
217.238575
217.481675
217.553875
217.710425
217.829225
218.177725
218.486575
218.558200
218.571950
218.638900
218.713375
218.907200
219.152075
219.327625
219.505150
219.604600
219.873300
219.964850
220.266100
220.313525
220.860250
221.121175
221.288525
221.719775
221.779875
221.820475
222.217175
222.245075
222.335725
222.455475
222.688900
222.713000
222.731825
222.743625
222.825575
222.857925
223.081650
223.124175
223.149725
223.222925
223.311725
223.499350
223.636125
223.776100
223.849250
224.034925
224.149075
224.183200
224.220325
224.250375
224.401875
224.423425
224.442025
224.490675
224.720200
224.877100
224.904875
224.928300
225.170175
225.346000
225.418800
225.589625
225.749200
225.769000
225.878700
225.918750
225.942225
226.004025
226.076200
226.109775
226.299675
226.478350
226.570150
226.704450
226.738400
226.827050
226.891775
226.945525
227.031625
227.057850
227.201800
227.394950
227.447375
227.757750
227.835800
227.845575
227.919575
228.110100
228.270025
228.534350
228.707000
229.042775
229.193575
229.373250
229.615800
229.659925
229.806300
229.978250
230.110575
230.120825
230.149575
230.336125
231.080500
231.162750
231.409250
231.715500
231.828250
232.118900
232.200900
232.288050
232.924375
233.202775
233.451025
233.498975
233.541225
233.990500
234.011300
234.164075
234.204625
234.228925
234.244975
234.284525
234.421200
234.599475
234.756425
234.851275
234.928575
235.174625
235.249025
235.318975
235.408275
235.592700
235.732900
235.773500
235.938875
236.043775
236.224000
236.646675
236.730000
236.751550
236.793825
236.888725
236.899975
236.939275
237.212975
237.264300
237.306975
237.859575
238.102725
238.112850
238.476925
238.564875
238.627125
238.769750
238.828975
238.895675
238.933700
238.974750
239.465175
239.614125
239.708025
239.812400
239.941125
240.156250
240.296550
240.339150
240.686325
240.798950
240.879050
241.056075
241.412075
241.468275
241.665725
241.695475
241.731550
241.800400
241.936350
242.183550
242.319275
242.486950
243.149575
243.282125
243.613025
243.826375
243.910075
244.105950
244.265925
245.018375
245.231575
245.302700
245.325450
245.376875
245.512925
245.539675
245.591400
245.607225
245.620950
245.877050
245.929400
246.325475
246.709525
246.873000
246.985775
247.083400
247.150500
247.265100
247.336450
247.426875
247.733775
247.794125
247.988425
248.137150
248.179025
248.345800
248.486750
248.793925
248.977750
249.019600
249.033425
249.804050
249.883975
250.083950
250.138650
250.225250
250.394575
250.451300
250.631475
250.709325
251.110800
251.353675
251.911725
252.872725
253.193875
254.162950
254.286325
254.372425
254.455425
254.550050
254.769700
254.852300
255.006900
255.104100
255.280150
255.562200
256.046700
256.201525
256.306200
256.603800
256.686850
256.842625
256.912125
257.165800
257.282750
257.339675
257.469325
257.621025
257.836225
257.925850
258.050350
258.218075
258.523500
258.745225
258.793050
258.947450
259.079500
259.104025
259.484750
259.618675
259.701550
259.850250
259.979700
260.039150
260.077750
260.114050
260.188075
260.201875
260.301100
260.425375
260.542175
260.697525
260.703125
260.758450
260.868950
260.870350
260.934300
261.040750
261.220425
261.259525
261.281500
261.369475
261.486400
261.749775
261.826900
261.884325
261.918300
262.222950
262.881075
263.084600
263.771900
264.342550
264.448300
264.571425
264.619775
265.097600
265.409750
265.537250
265.668975
265.905700
266.194475
266.277250
266.366775
266.469675
266.565775
266.720750
267.270275
267.438350
267.560875
267.708725
267.769775
267.824225
268.001950
268.523850
268.564975
268.889475
269.034550
269.555850
269.634650
269.687600
269.725300
269.897075
269.954025
270.207600
270.286225
270.439150
270.802225
270.988650
271.056150
271.115100
271.442750
271.486100
271.554025
271.598525
271.662175
271.729525
271.834400
271.977150
272.207350
272.400275
272.472925
272.490700
272.780950
272.947250
272.972275
273.048975
273.083825
273.111775
273.150150
273.183375
273.599775
273.632875
273.647350
273.745250
273.749050
273.819750
273.911375
273.949300
274.032400
274.103325
274.452250
274.580675
274.631675
274.668700
274.738375
274.838625
274.937275
275.036200
275.085350
275.237450
275.493100
275.599650
275.932050
275.960975
276.031100
276.069425
276.379725
276.436300
276.727300
276.784200
276.935750
276.999125
277.121975
277.173075
277.253575
277.389500
277.708975
277.908450
277.910250
278.018275
278.149400
278.166450
278.474525
278.547350
278.654800
278.785525
278.966550
279.080350
279.134725
279.187600
279.301750
279.448600
279.535550
280.181500
280.211100
280.277775
280.373575
280.397300
280.473650
280.663250
280.801100
280.852950
281.056300
281.135225
281.170875
281.441600
281.597450
281.817575
281.855650
282.285950
283.037575
283.075450
283.191700
283.466225
283.656225
283.915850
283.988025
284.033475
284.071275
284.184500
284.216100
284.257575
284.584950
284.613425
284.644825
284.730825
284.884800
284.948050
284.955425
285.007150
285.317050
285.391275
285.499650
285.649050
285.801000
285.843450
285.901975
286.105075
286.131775
286.236050
286.298675
286.375800
286.381600
286.474475
286.524125
286.636400
287.014900
287.151700
287.200775
287.347650
287.390525
287.400500
287.529225
287.818750
287.856900
287.970525
288.345225
288.461550
288.472650
288.687600
288.775125
288.854575
288.996400
289.268200
289.541650
289.566925
290.485150
290.677350
290.795900
291.295875
291.489650
291.535575
291.629350
292.087575
292.514625
292.559400
292.597225
292.978550
293.045525
293.087600
293.464925
293.625200
293.724500
293.749600
293.826525
294.002625
294.072600
294.176550
294.203850
294.256725
294.278875
294.311600
294.457375
294.500825
294.676150
294.705875
294.763850
294.846250
294.904000
294.954425
295.073450
295.151450
295.349250
295.389950
295.559400
295.635775
295.697400
295.800975
295.910975
296.033200
296.076600
296.091725
296.358875
296.799650
296.902975
296.915025
297.303175
297.458375
297.527175
297.603925
297.698700
298.050750
298.216675
298.346675
298.597100
298.608350
298.725250
298.787525
298.968050
299.047375
299.299900
299.361450
299.425225
299.474325
299.490950
299.698275
299.791125
299.800425
300.028950
300.088675
300.592150
300.627425
300.696875
300.765825
300.816300
300.881075
300.899075
301.189825
301.224375
301.346750
301.390175
301.450925
301.623425
301.802750
301.850800
302.167375
302.211375
302.339925
302.419750
302.987050
303.021075
303.073450
303.218425
303.495050
303.693100
303.855550
304.153625
304.285275
304.443275
305.413075
305.801575
305.882600
306.286075
306.385250
306.567750
306.712375
306.837725
307.112525
307.331775
307.590725
307.950400
308.047650
308.298150
308.380925
308.411125
308.466550
308.519400
308.572800
308.646675
308.703700
309.292450
309.483350
309.697225
309.731475
309.841325
309.960425
310.101325
310.158350
310.337450
310.397625
310.468425
310.552275
310.656900
310.873475
310.914200
311.004700
311.056575
311.074075
311.199850
311.333200
311.548625
311.789050
311.888350
311.924950
312.135975
312.262375
312.733350
312.834075
312.979025
313.015150
313.049950
313.083075
313.370225
313.547575
313.573225
313.624000
313.656775
313.760175
314.200900
314.406200
314.554200
314.790100
315.015450
315.068175
315.087425
315.265800
315.371650
315.774300
315.874950
316.005175
316.309925
316.407325
316.703475
316.828175
316.977500
317.172175
317.319100
317.772350
318.024750
318.235350
318.396075
318.681025
318.911525
318.989050
319.162150
319.255000
319.438600
320.127875
320.163850
320.219700
320.418650
320.436675
320.518200
320.617900
320.672825
320.921600
321.001775
321.314500
321.583300
321.709625
321.730825
321.919100
322.102575
322.212325
322.241925
322.315750
322.337425
322.512125
322.774625
322.991950
323.152025
323.208850
323.280125
323.329575
323.409900
323.474350
323.695850
323.772825
323.833850
324.149300
324.309800
324.375275
324.537100
324.728525
324.795750
324.832725
324.857800
324.957175
324.959450
325.100175
325.187225
325.227650
325.621500
325.678575
325.991000
325.993500
326.054675
326.116600
326.249025
326.359750
326.440350
326.514575
326.720575
326.896950
327.071325
327.214800
327.331375
327.386475
327.409750
327.551250
327.630800
327.729875
328.080825
328.475225
328.543450
328.729600
328.797875
328.946000
329.302850
329.391025
329.613475
329.645775
329.709425
329.918650
330.060575
330.166825
330.235200
330.362325
330.433575
330.547975
330.612325
330.656350
330.802075
330.887600
330.949925
330.993350
331.043725
331.293000
331.592075
331.701850
331.771175
331.966275
332.184175
332.244150
332.526400
332.656825
332.787300
332.876750
333.170850
333.228750
333.291325
333.623275
333.656350
334.270425
334.361375
334.473975
334.630875
334.739700
334.862475
334.966375
335.041850
335.179400
335.859900
336.191725
336.289600
336.493425
336.636975
336.806050
337.113425
337.478300
338.245625
338.329175
338.425700
338.476000
338.639375
338.725025
338.810700
339.011825
339.084800
339.177400
339.215525
339.573650
339.680525
339.782525
339.958125
340.025100
340.144025
340.177925
340.209775
340.270075
340.335900
340.384850
340.472425
340.590175
340.624050
340.650875
341.175450
341.347350
341.424500
341.525975
341.563825
341.627175
341.660075
341.726775
341.797725
341.978600
342.011525
342.028225
342.138650
342.210100
342.299375
342.384425
342.425700
342.709600
342.799450
342.834950
342.940175
343.042775
343.079675
343.151475
343.348150
343.370550
343.396600
343.638700
343.735075
344.118050
344.280550
344.387100
344.465425
344.496575
344.584650
344.810400
345.006700
345.196525
345.278925
345.346125
345.385575
345.796325
345.836900
345.897425
345.922350
346.081700
346.161650
346.326125
346.444375
346.482200
346.512025
346.584125
346.675725
346.724925
346.839025
346.960925
347.014125
347.266450
347.382600
347.441225
347.479000
347.569900
347.603700
347.745825
348.021950
348.107650
348.234375
348.293925
348.374050
348.855725
349.045600
349.264300
349.683400
350.046900
350.047925
350.329300
350.467975
350.706050
351.027825
351.139575
351.165975
352.411150
352.690650
353.070100
353.363350
353.632325
354.004525
354.568425
354.714100
354.766150
354.815125
354.867900
354.953250
354.990125
355.019700
355.044075
355.136450
355.292775
355.423500
355.539975
355.599350
355.806200
355.836450
355.847700
356.116775
356.297475
356.400625
356.468000
356.507575
356.680725
356.739600
356.765875
356.989450
357.007800
357.153625
357.306125
357.513425
357.552200
357.597600
358.039450
358.080150
358.407150
358.488875
358.846425
358.896950
358.914025
359.167575
359.244950
359.259550
359.273100
359.310750
359.473475
359.758575
360.177900
360.303475
360.433425
360.490050
360.839075
361.111225
361.185900
361.543675
361.722175
361.941700
362.310525
362.508975
362.698575
362.765625
362.818150
363.203175
363.438600
363.505750
363.702275
363.771425
364.026375
364.141650
364.240800
364.334325
364.409725
364.705625
364.751800
364.836750
364.947975
365.102075
365.139025
365.249575
365.451450
365.606250
365.691875
365.735300
365.815425
365.831975
365.840750
366.039875
366.101125
366.202400
366.346025
366.478675
366.550975
366.646375
366.760950
366.826525
366.972325
367.135825
367.220400
367.377900
367.493550
367.528975
367.724750
367.768650
367.905300
367.961725
368.161150
368.311275
368.366825
368.389825
368.418875
368.485475
368.531150
368.563775
368.659550
368.850725
369.330475
369.623800
369.666800
369.808550
369.832600
369.874025
370.035125
370.431575
370.510050
370.551100
370.627625
370.656750
370.714050
371.261050
371.389725
371.442600
371.474175
371.698225
371.808300
371.859525
371.878875
371.894850
372.004425
372.071750
372.156050
372.294875
372.297800
372.383350
372.426600
372.543450
372.555275
372.590050
372.742125
372.766225
372.795500
372.856425
373.025275
373.178825
373.396600
373.472650
373.501675
373.579775
374.045400
374.112100
374.257325
374.361625
374.415575
374.444800
374.547625
374.618875
374.924275
374.980225
375.039150
375.134225
375.170950
375.202575
375.330025
375.363675
375.406625
375.590725
375.621275
375.691775
375.830400
376.106100
376.146175
376.175525
376.476975
376.567450
376.673500
376.712725
376.867550
376.987975
377.040200
377.086050
377.304100
377.540975
377.617975
377.889750
377.928875
377.980075
378.005650
378.063925
378.224025
378.529500
378.572700
378.635925
378.734275
378.795775
378.862225
378.948750
379.042175
379.159150
379.223600
379.340400
379.461050
379.480025
379.532175
379.582200
379.660450
379.691300
380.048200
380.130050
380.577475
380.815900
380.934525
381.331375
381.333725
381.500400
381.818725
381.960550
382.000575
382.085025
382.133150
382.276125
382.449375
382.749150
383.486600
384.093900
384.256775
384.521225
384.974800
385.098800
385.249500
385.404550
385.432050
385.452850
385.586375
385.781075
385.917300
386.016750
386.091550
386.141125
386.192350
386.246175
386.438150
386.512250
386.735400
386.772150
386.835125
386.878625
386.924700
387.011875
387.122575
387.572575
388.092925
388.152900
388.328450
388.743175
389.069225
389.188675
389.482400
389.592900
389.638225
389.687225
389.750975
390.090575
390.172175
390.283600
390.336150
390.462775
390.602950
390.748725
390.784450
390.874300
391.156400
391.191175
391.410875
391.446750
391.548475
391.561475
391.649725
391.750250
392.023825
392.396900
392.616650
392.622950
392.682375
392.706725
392.770575
393.022850
393.119350
393.197900
393.255625
393.339650
393.422600
393.941000
394.049150
394.441850
394.684000
394.761150
394.951000
394.954775
395.204350
395.371650
395.455850
395.812050
395.967875
396.271250
396.565175
396.963850
397.143900
397.354925
397.518175
398.022775
398.232600
398.296200
398.338100
398.621475
398.653400
398.765500
398.923525
399.078275
399.109600
399.641775
399.801475
400.223925
400.332650
400.374200
400.630500
400.781125
400.830125
400.904450
400.936675
401.200600
401.488750
401.546425
401.814125
401.942850
402.411250
402.469375
402.727650
402.785250
402.953500
402.979575
403.005050
403.041625
403.553350
403.617375
404.009650
404.114050
404.240825
404.437325
404.507625
404.806500
404.862475
404.968475
405.014750
405.035800
405.136725
405.191975
405.255900
405.321025
405.612325
405.690975
405.860575
405.928400
406.126700
406.405150
406.423225
406.502575
406.814575
406.930300
407.004850
407.153575
407.161075
407.292700
407.757525
407.845450
407.956175
408.493375
408.699800
409.062225
409.528775
409.883725
410.079375
410.304725
410.622950
410.795675
410.957650
410.967825
411.141325
411.260150
411.376125
411.468125
411.521625
412.070700
412.157150
412.244675
412.349400
412.891775
412.976625
413.237275
413.484400
413.822375
413.896200
414.074100
414.143475
414.261225
414.468025
414.581375
414.712875
414.763050
414.820700
414.835400
414.923525
414.967375
415.003000
415.050150
415.112300
415.322450
415.633200
415.710275
415.831750
415.943200
416.084625
416.159425
416.482375
416.595000
416.831475
417.203275
417.454025
417.952150
418.144700
418.505775
418.623100
418.666125
418.703425
418.736675
419.138500
419.482700
419.750025
419.813925
420.059200
420.195950
420.307075
420.370075
420.456750
420.583675
420.907850
420.951775
421.079025
421.264375
421.521725
421.699650
421.727900
421.822050
421.890100
422.172925
422.307650
422.609725
422.646150
422.678275
422.976275
423.197100
423.232650
423.277050
423.351500
423.401100
423.644750
423.814875
423.833175
423.939450
423.994250
424.033475
424.117700
424.169800
424.179975
424.213825
424.250200
424.367050
424.393175
424.432975
424.589200
424.799250
424.933200
425.038500
425.154050
425.302200
425.460725
425.635675
425.693925
425.893750
426.107725
426.135425
426.182325
426.251475
426.354825
426.356825
426.395500
426.574225
426.586775
426.787600
426.907050
427.090825
427.147800
427.184100
427.301150
427.325025
427.384475
427.523425
427.620100
427.627525
427.733550
427.740025
427.943350
428.048150
428.311800
428.384450
428.502350
428.555125
428.594375
428.890400
428.988800
429.088375
429.140825
429.170850
429.306500
429.420150
429.642725
429.720475
429.732225
429.771100
429.819075
429.854600
429.870350
429.941925
430.027175
430.309150
430.331675
430.551025
430.951375
431.103950
431.309575
431.374650
431.688900
431.793600
431.849250
431.906800
432.092800
432.511000
432.662800
432.788750
433.000675
433.026225
433.120400
433.193750
433.237850
433.365450
433.424675
433.827600
434.344725
434.383550
434.479500
434.688750
434.768850
434.855425
434.906050
434.953275
435.082850
435.144150
435.241500
435.304975
435.378950
435.428525
435.507000
435.631700
435.729425
435.853700
435.884325
436.546800
437.041275
437.269150
437.299425
437.581000
437.683425
437.799825
437.887725
437.905100
437.913650
437.930600
438.029750
438.226275
438.524000
438.647475
438.862375
438.995775
439.152525
439.404525
439.470850
439.561875
439.661300
439.746800
439.882625
439.992475
440.109350
440.510200
440.733975
440.782375
440.902175
441.018075
441.248750
441.273950
441.525225
441.731325
442.062650
442.233925
442.299000
442.356075
442.538875
442.585375
442.726850
442.755625
443.054125
443.215525
443.300175
443.318575
443.482750
443.696300
443.877475
443.970925
444.028375
444.066225
444.172575
444.283225
444.592250
444.679300
444.737225
444.811550
444.992100
445.081800
445.238650
445.450675
445.628425
445.694175
445.789975
445.824725
445.967975
446.084325
446.166725
446.213675
446.239475
446.281825
446.522150
446.642800
446.664225
446.889700
447.158975
447.194825
447.490450
447.557950
447.641675
447.962900
448.037300
448.170425
448.567800
448.701100
448.737850
448.785600
449.127475
449.395800
449.556975
449.606600
449.653100
449.963575
450.002600
450.069275
450.328250
450.450900
450.912700
451.069550
451.115375
451.209375
451.382750
451.466800
451.550400
451.624075
451.704975
451.925025
452.214325
452.297375
452.410475
452.463700
452.567125
452.666925
453.081375
453.223025
453.464850
453.580175
453.608525
453.744250
454.156425
454.292300
454.386125
454.577250
454.747825
455.032725
455.082025
455.097125
455.134925
455.215050
455.250750
455.294125
455.525075
455.593925
455.621950
456.060075
456.088800
456.313725
456.680850
456.936850
457.016900
457.237650
457.342850
457.601000
457.861250
457.968725
458.165425
458.374950
458.437100
458.593575
458.691075
458.748150
458.798975
458.844875
458.961875
458.994650
459.029950
459.473525
459.547225
459.590250
459.661575
459.806625
459.923450
460.081550
460.157250
460.183825
460.305200
460.341075
460.576425
460.591625
460.610750
460.744025
460.858250
460.884350
461.002450
461.160275
461.231750
461.256625
461.439525
461.483575
461.569525
461.666225
461.812575
461.930125
461.999050
462.184100
462.307425
462.413275
462.452825
462.560250
462.749900
462.804100
462.914625
463.118125
463.236525
463.466000
463.661550
463.799725
464.201550
464.293150
464.378850
464.513375
464.663900
464.719550
464.930975
465.567450
465.627775
465.879825
465.958475
466.433750
466.692950
467.124350
467.314275
467.522625
467.645625
467.784925
467.875950
468.087025
468.170400
468.261650
468.488100
468.537300
468.652275
468.793575
468.852225
468.987175
469.102850
469.154450
469.298350
469.585275
469.646025
470.245450
470.321650
470.352300
470.407225
470.437775
470.561025
470.598875
470.621175
470.802225
470.844425
470.939400
471.206400
471.320500
471.351425
471.429575
471.464900
471.538175
471.810550
471.844375
471.935875
472.261800
472.332175
472.454600
472.586350
472.630450
472.647175
472.698775
472.829925
472.879200
473.049950
473.099875
473.241950
473.323000
473.438775
473.515150
473.609150
473.936050
473.990550
474.016750
474.055325
474.093425
474.187950
474.203025
474.241850
474.287450
474.343475
474.356450
474.595100
474.650800
474.789125
474.799625
474.898275
474.980925
475.016725
475.141325
475.574575
475.936300
475.975275
476.026125
476.083000
476.110550
476.250825
476.293850
476.301975
476.483600
476.530725
476.562500
476.668650
476.735800
476.916775
477.044125
477.106450
477.287825
477.301325
477.348025
477.488325
477.760775
477.852975
477.962725
478.011025
478.057925
478.188175
478.328325
478.523600
478.607475
478.652550
478.695475
478.803475
478.867150
478.922825
479.037225
479.070400
479.096225
479.370050
479.434975
479.539900
479.634300
479.722850
479.843175
480.021000
480.065200
480.108475
480.146500
480.184950
480.336200
480.541125
480.602975
480.643400
480.732350
481.219950
481.450800
481.556775
481.697750
481.828000
481.941850
482.014950
482.044050
482.078175
482.289575
482.481825
482.511800
482.589575
482.762575
482.808550
482.936475
483.064700
483.112550
483.283975
483.345775
483.409775
483.540850
483.634900
483.756875
484.286000
484.514250
484.952075
484.978200
485.027250
485.052925
485.254175
485.432500
485.485100
485.826575
485.941875
486.166975
486.397275
486.430075
486.553275
486.650025
486.679625
486.750275
486.886900
487.104800
487.225400
487.482575
487.592750
487.932450
487.969150
488.007650
488.033775
488.065450
488.270775
488.310475
488.348000
488.381275
488.764175
488.885700
488.907575
489.092375
489.145850
489.174200
489.202975
489.426375
489.506550
489.547625
489.928125
490.062750
490.191700
490.325375
490.365175
490.655450
490.757875
490.830675
490.888650
491.053775
491.105025
491.293775
491.461100
491.517825
491.702725
491.844700
492.035550
492.476925
492.646125
492.745825
492.814500
492.930575
493.139775
493.244650
493.326975
493.390125
493.653275
493.705300
493.765375
493.845425
494.128825
494.199100
494.372725
494.443725
494.595600
494.666000
494.753000
494.809050
494.854550
494.988325
495.084025
495.157475
495.241475
495.307475
495.326950
495.394700
495.432200
495.550125
495.731825
495.797400
495.899025
495.948675
495.997850
496.177525
496.217575
496.343950
496.933200
497.598875
497.696950
497.790550
497.991675
498.011000
498.081975
498.186325
498.477150
498.948550
499.277800
499.306025
499.327375
499.471950
499.690950
499.733825
499.908550
500.386600
500.480525
500.611225
500.689150
500.724625
500.745375
500.856025
500.909450
500.939375
501.159475
501.235250
501.399125
501.623300
501.665350
501.729425
501.783375
501.810100
502.102450
502.166175
502.171800
502.222300
502.263650
502.291675
502.323225
502.440200
502.507775
502.585825
502.621600
502.760875
502.802625
503.010500
503.136025
503.163425
503.382675
503.415100
503.615000
503.652525
503.770450
503.805600
503.899500
504.049325
504.098200
504.116575
504.163500
504.216675
504.279500
504.346200
504.535675
504.630450
504.660900
504.696500
504.845425
504.878775
504.964850
505.054525
505.168625
505.415775
505.483275
505.581375
505.631700
505.831425
505.933450
506.127825
506.220625
506.318900
506.606250
506.766575
507.084225
507.106875
507.129200
507.563125
507.698050
507.891350
508.235950
508.247825
508.297525
508.521125
508.554850
508.961450
508.968375
509.010200
509.189650
509.326950
509.445925
509.458700
509.505000
509.755000
509.932300
510.071150
510.142050
510.175500
510.229350
510.462250
510.731200
510.806250
510.886575
510.917025
510.971300
511.121150
511.217525
511.433000
511.904300
512.013175
512.733250
512.920175
513.032925
513.239075
513.860275
513.963800
514.053675
514.190125
514.276975
514.368325
515.149700
515.348300
515.382500
515.491425
515.575625
515.630650
515.700375
515.845050
515.977875
516.111025
516.255200
516.385400
516.556925
516.771400
516.927700
517.029175
517.188725
517.291025
517.389125
517.449450
517.510425
517.537375
517.671800
517.840800
517.936300
518.009125
518.250775
518.389325
518.429600
518.727475
518.776950
518.863500
518.891475
518.942025
519.033725
519.059950
519.129250
519.255775
519.355150
519.401525
519.492475
519.575150
519.713125
519.766700
519.788625
519.813350
519.838175
520.009700
520.070200
520.369325
520.406875
520.443400
520.506850
520.545500
520.778850
520.809675
520.965425
521.101250
521.177225
521.299875
521.457100
521.636625
521.777700
521.977250
522.068050
522.141175
522.228450
522.311850
522.402900
522.438375
522.658050
522.761850
522.843325
522.875150
523.307275
523.681600
523.714450
523.772825
523.848575
523.886100
523.995950
524.280025
524.308900
524.542850
524.597275
524.669000
524.872850
524.913575
525.111950
525.243600
525.607325
525.942175
526.074275
526.151875
526.162425
526.275025
526.364075
526.395625
526.472925
526.504200
526.680250
526.724100
526.752950
526.841250
527.030700
527.078600
527.263600
527.390775
527.539525
527.600750
527.648600
527.782275
527.821550
527.895800
527.907750
527.918150
528.263025
528.353225
528.400850
528.421500
528.658250
528.796275
529.081750
529.105575
529.117875
529.364275
529.749150
529.873950
529.960000
530.040850
530.121625
530.195400
530.556725
530.590950
530.738400
530.843675
531.073825
531.118375
531.172700
531.278950
531.300375
531.380275
531.423200
531.495925
531.507225
531.635575
531.684000
531.754825
531.802125
531.899675
531.952900
532.058400
532.307625
532.397575
532.643675
532.710800
532.749175
532.762050
532.931175
532.994250
533.029475
533.397425
533.463850
533.572200
533.636800
533.645250
533.898450
534.070425
534.220875
534.332325
534.509425
534.990875
535.166450
535.521825
535.770225
535.969050
536.091875
536.137050
536.165225
536.360175
536.551200
536.738175
536.788550
536.874000
536.966250
537.086325
537.214650
537.267500
537.301875
537.344275
537.392325
537.432850
537.492525
537.617950
537.722075
537.728125
537.772725
537.881050
537.893025
537.976600
538.027575
538.110850
538.207750
538.505175
538.570825
538.763550
538.921350
539.042875
539.170675
539.325375
539.619150
539.816175
540.100700
540.487375
540.708050
540.815025
541.073075
541.154325
541.189900
541.286075
541.394950
541.570950
541.652700
541.710450
541.740900
541.874375
541.986825
542.024450
542.100575
542.245525
542.379100
542.409400
542.436625
542.473925
542.721275
542.833075
542.873575
543.039750
543.073175
543.177100
543.287350
543.365400
543.437750
543.757625
543.948275
544.032200
544.112500
544.340650
544.396950
544.430225
544.655675
544.849400
545.154525
545.311075
545.385975
545.415300
545.484925
545.578825
545.627900
545.676775
545.713175
545.844200
545.881400
545.977200
546.061725
546.303650
546.415225
546.447925
546.489225
546.704250
547.052100
547.064125
547.155250
547.870375
547.915950
547.951975
548.046100
548.136150
548.274225
548.581500
548.637475
548.685550
548.737100
548.789300
548.850275
549.006475
549.399550
549.879375
549.948700
550.068250
550.237375
550.276850
550.311175
550.437850
550.513650
550.692700
550.714600
550.835275
550.902100
551.067375
551.157650
551.215275
551.289775
551.394425
551.477575
551.901450
551.996150
552.255625
552.989150
553.284375
553.359500
553.547675
554.366475
554.535575
554.796500
554.957450
555.061775
555.247700
555.349325
555.860750
555.998925
556.043075
556.111175
556.415000
556.728225
556.807775
