# # All spikes for Neuron
0.012950
0.069400
0.140925
0.224550
0.258075
0.326800
0.386075
0.437625
0.485025
0.567400
0.617475
0.650975
0.675450
0.730975
0.776950
0.806325
1.029100
1.036850
1.090500
1.193750
1.329850
1.352975
1.375775
1.386975
1.416900
1.441075
1.464500
1.474450
1.498800
1.535550
1.548125
1.573475
1.596700
1.626475
1.732025
1.759400
1.804300
1.831325
1.841875
1.853400
1.881775
1.893900
1.897325
1.929250
2.039450
2.057825
2.146700
2.157525
2.175175
2.226975
2.262550
2.276000
2.286350
2.300375
2.313325
2.362175
2.408900
2.437250
2.499925
2.511575
2.600300
2.656575
2.683475
2.699200
2.722075
2.766700
2.845875
2.911450
2.928300
3.036625
3.054150
3.216850
3.237875
3.263950
3.279475
3.324525
3.375125
3.432725
3.516200
3.575900
3.603675
3.725300
3.736175
3.746200
3.809775
3.831800
3.860925
3.883700
3.943525
3.995975
4.014875
4.118775
4.155525
4.286000
4.374500
4.380175
4.442300
4.492175
4.558725
4.619875
4.668575
4.702775
4.709425
4.724175
4.769025
4.810800
4.832500
4.834525
4.903775
4.951175
4.984325
5.000325
5.014225
5.016350
5.080375
5.121950
5.143450
5.278325
5.303300
5.358475
5.427475
5.431475
5.454400
5.463500
5.501675
5.546050
5.626475
5.642125
5.657400
5.679625
5.689200
5.739750
5.747025
5.769475
5.773650
5.794375
5.805650
5.815200
5.833150
5.874425
5.902575
5.917425
5.954375
5.966850
6.011650
6.051100
6.080475
6.171825
6.203250
6.272450
6.431575
6.437000
6.480450
6.494475
6.505450
6.590400
6.608400
6.629875
6.649950
6.686475
6.709625
6.717400
6.794075
6.814825
6.855350
6.897650
7.080875
7.122175
7.151125
7.301800
7.389025
7.503700
7.532650
7.622900
7.644925
7.694350
7.714475
7.743925
7.798800
7.834575
7.918250
7.969125
8.020650
8.070625
8.102575
8.119300
8.183750
8.197275
8.222950
8.249575
8.342775
8.418675
8.572150
8.576025
8.622550
8.647825
8.652975
8.678625
8.727275
8.734150
8.847525
8.856700
8.992050
9.063600
9.157025
9.210125
9.228900
9.246850
9.263550
9.273850
9.293825
9.311550
9.325450
9.334125
9.340350
9.352075
9.403050
9.506975
9.685750
9.713425
9.813250
9.841025
9.910975
9.925725
9.949750
9.954850
9.975750
10.007125
10.071825
10.158250
10.184050
10.323075
10.403300
10.432150
10.538425
10.591925
10.642525
10.652075
10.707475
10.721750
10.726950
10.812050
10.845000
10.941825
10.957750
10.960750
11.026150
11.041600
11.062925
11.091575
11.151475
11.182700
11.271500
11.281725
11.453100
11.498675
11.535150
11.588300
11.595700
11.662700
11.671900
11.709525
11.765925
11.791300
11.854200
11.898350
11.921625
11.954000
12.007800
12.109800
12.178425
12.179850
12.314350
12.359150
12.599425
12.636875
12.647125
12.672000
12.767600
12.815150
12.833100
12.951800
13.016325
13.042950
13.111250
13.164625
13.183250
13.268750
13.352875
13.401100
13.426725
13.531725
13.644150
13.653075
13.703975
13.714075
13.802900
13.916450
13.928450
13.932175
13.970275
14.021850
14.072250
14.091475
14.147300
14.302100
14.323450
14.331725
14.339575
14.474350
14.482875
14.511200
14.619500
14.637075
14.648825
14.750525
14.811750
14.888850
14.940900
14.990450
15.043625
15.064675
15.077700
15.105450
15.145225
15.205450
15.222450
15.236125
15.242900
15.253825
15.266775
15.268050
15.273450
15.297250
15.329475
15.334625
15.397250
15.446025
15.448100
15.488250
15.511850
15.529575
15.618900
15.726950
15.776525
15.790025
15.875275
15.917275
15.942425
15.978775
16.117775
16.202850
16.227575
16.238400
16.259175
16.382525
16.419725
16.486775
16.514800
16.619675
16.678550
16.699325
16.705300
16.742150
16.786875
16.881825
16.887675
16.906800
16.911825
16.950100
17.007550
17.019700
17.045000
17.181875
17.325325
17.336500
17.359350
17.381275
17.463200
17.473725
17.495975
17.533825
17.557350
17.676600
17.729450
17.744050
17.766400
17.900750
17.936375
17.958050
17.987225
18.017375
18.021925
18.036275
18.060000
18.103300
18.153375
18.205525
18.236175
18.250825
18.339375
18.377050
18.407900
18.427800
18.440475
18.442450
18.522075
18.572325
18.609650
18.627600
18.742575
18.789475
18.803000
18.870325
18.892375
18.975650
18.991250
19.000575
19.016700
19.146625
19.196925
19.255850
19.275175
19.347125
19.348900
19.404575
19.449950
19.491825
19.560600
19.670400
19.783950
19.809175
19.866400
20.025100
20.069825
20.159650
20.168225
20.181600
20.358275
20.362175
20.370250
20.416225
20.460100
20.536800
20.543425
20.614375
20.644975
20.822625
20.869275
20.912800
20.926300
21.084125
21.094550
21.181450
21.197025
21.317075
21.364000
21.418550
21.465600
21.488125
21.646575
21.666125
21.709575
21.724625
21.847100
21.960875
21.972475
22.061625
22.149575
22.164725
22.199650
22.225050
22.344150
22.380450
22.395150
22.407050
22.421125
22.487950
22.516350
22.605950
22.641775
22.660375
22.805900
22.965975
22.999425
23.073975
23.085675
23.149225
23.174800
23.190875
23.214550
23.230825
23.320250
23.423150
23.637425
23.713275
23.753425
23.782050
23.815400
23.853475
23.871300
23.894975
23.896950
23.932350
23.946200
23.994800
24.027125
24.078600
24.124700
24.136300
24.155300
24.163550
24.191775
24.281675
24.358100
24.416400
24.423225
24.516025
24.605000
24.651000
24.722075
24.752275
24.754750
24.775575
24.874900
24.889750
24.892750
24.935825
24.980400
25.039775
25.105925
25.153025
25.212300
25.227850
25.267600
25.307050
25.321375
25.364000
25.400450
25.438800
25.485350
25.526325
25.575750
25.596550
25.605850
25.717850
25.754675
25.856725
25.947100
25.978300
26.014425
26.084350
26.262675
26.275350
26.311575
26.315675
26.327775
26.395600
26.408750
26.484175
26.557825
26.607950
26.679075
26.707950
26.747200
26.765000
26.842250
26.903950
26.919725
26.957550
26.999675
27.018100
27.083400
27.119000
27.170100
27.174525
27.199450
27.221975
27.347025
27.405075
27.457750
27.469250
27.471550
27.515775
27.601300
27.630125
27.652800
27.701625
27.737675
27.829450
27.940125
28.014575
28.086500
28.290275
28.341675
28.349325
28.404150
28.568875
28.602750
28.622450
28.695900
28.719700
28.762350
28.786650
28.807800
28.867925
28.884825
28.926050
28.955875
29.096500
29.098400
29.107150
29.254225
29.291525
29.385500
29.507875
29.527750
29.551975
29.590225
29.708525
29.725350
29.737950
29.743300
29.752050
29.770800
29.793650
29.832550
29.847975
29.856725
29.896625
30.064450
30.084325
30.218425
30.237825
30.333950
30.397250
30.424450
30.425625
30.502650
30.544650
30.684000
30.821250
30.869475
30.896525
30.962075
31.197700
31.245425
31.284175
31.325625
31.337275
31.409650
31.499125
31.517900
31.572525
31.585050
31.597925
31.602700
31.636525
31.664100
31.764200
31.952250
32.009325
32.028550
32.069675
32.145650
32.159900
32.305550
32.401575
32.458975
32.460950
32.529800
32.544475
32.602975
32.754750
32.808500
32.841675
32.927700
32.947125
32.994800
33.030675
33.049800
33.121625
33.181250
33.213475
33.256475
33.263325
33.309650
33.330400
33.333675
33.345050
33.370125
33.472450
33.493300
33.597525
33.660950
33.704050
33.709300
33.781625
33.915850
33.948450
33.960675
34.012475
34.048225
34.066125
34.069025
34.090200
34.135400
34.257925
34.272525
34.283350
34.385900
34.390600
34.393325
34.453275
34.471125
34.474300
34.502100
34.511325
34.514725
34.562275
34.572725
34.580225
34.648900
34.787850
34.816675
34.820650
34.856000
34.864825
34.925850
34.966600
34.986925
35.070225
35.102175
35.110175
35.115975
35.127400
35.137975
35.146975
35.177525
35.223825
35.268050
35.290450
35.419000
35.445250
35.461200
35.496625
35.520300
35.538050
35.561075
35.590150
35.592250
35.608075
35.673250
35.723975
35.735950
35.786850
35.793475
35.858350
35.880500
35.941650
36.011400
36.159925
36.223550
36.237125
36.259325
36.284325
36.345575
36.416425
36.458900
36.473500
36.699750
36.736650
36.779875
36.807525
36.811350
36.851050
36.860325
36.911525
36.933575
36.948725
36.970175
37.054500
37.070375
37.114150
37.140700
37.234375
37.254700
37.333275
37.416825
37.435650
37.537850
37.674200
37.752275
37.851550
37.859725
37.866700
37.881875
37.975850
37.999325
38.077350
38.101850
38.149500
38.159950
38.182525
38.236775
38.250750
38.266525
38.322075
38.331775
38.409500
38.417225
38.465525
38.468500
38.478525
38.532550
38.546425
38.580025
38.642925
38.692500
38.738425
38.745050
38.754500
38.786950
38.815275
38.839650
38.887000
38.927225
38.994525
39.030425
39.062525
39.209100
39.241350
39.323750
39.463200
40.286800
40.479950
40.484100
40.548100
40.722150
40.757950
40.840125
40.934925
40.989775
41.062550
41.063850
41.224050
41.353175
41.439400
41.464725
41.492200
41.546625
41.594750
41.829525
42.089525
42.099025
42.589275
42.971400
43.213975
43.239875
43.612725
44.183650
44.362825
44.526050
44.530950
44.546950
44.606550
44.764150
44.781150
44.800650
45.250650
45.385000
45.522925
47.066275
47.092150
47.633300
48.520550
49.508325
49.556725
49.569800
49.596375
49.651625
49.655775
49.673825
49.708850
49.735500
49.810375
49.864050
49.868750
49.942125
50.012525
50.019150
50.065800
50.089075
50.094800
50.106150
50.191250
50.213025
50.245625
50.278675
50.290575
50.308700
50.374725
50.516300
50.544975
50.618000
50.659450
50.675350
50.684075
50.687225
50.702400
50.721275
50.823825
50.859500
50.871400
50.873625
50.896950
50.957650
50.977175
51.168025
51.197200
51.216400
51.234300
51.251475
51.285225
51.323925
51.350675
51.355275
51.415625
51.484725
51.489675
51.508075
51.528675
51.579250
51.635225
51.659675
51.843850
51.860550
52.093150
52.208775
52.230550
52.269775
52.272350
52.323100
52.356600
52.374000
52.411825
52.423525
52.447625
52.460025
52.507800
52.537900
52.575425
52.595250
52.653750
52.710400
52.806750
52.866175
52.888550
52.970625
52.978025
53.005700
53.030850
53.051150
53.101450
53.173825
53.205175
53.240475
53.303725
53.325375
53.330625
53.374000
53.433925
53.573750
53.606900
53.647450
53.696400
53.832375
53.859775
53.883025
53.900475
53.995100
54.017525
54.182225
54.196425
54.228700
54.240900
54.267225
54.302875
54.318275
54.359075
54.380900
54.459900
54.471225
54.507650
54.529250
54.544775
54.546150
54.657225
54.658975
54.675350
54.678625
54.697925
54.747425
54.752275
54.851025
54.911075
54.970050
54.989775
55.086650
55.129575
55.149650
55.227400
55.259775
55.284950
55.355100
55.506300
55.556850
55.594575
55.615475
55.648325
55.660775
55.686475
55.780175
55.813375
55.858375
55.860625
56.005975
56.086675
56.097625
56.104825
56.171175
56.179075
56.222100
56.296125
56.315400
56.444800
56.478550
56.510850
56.532675
56.621700
56.843450
56.934900
56.970050
57.098150
57.103625
57.143400
57.172350
57.200250
57.208850
57.237075
57.267100
57.368775
57.374850
57.402625
57.412000
57.436150
57.469200
57.499875
57.518175
57.523575
57.595850
57.616025
57.660625
57.662100
57.794400
57.836325
57.911275
57.950500
57.967575
57.974375
58.063900
58.126925
58.151150
58.178125
58.195500
58.201800
58.222825
58.240425
58.246625
58.264050
58.272800
58.370850
58.390975
58.402200
58.427025
58.438675
58.472675
58.500150
58.579100
58.635600
58.805200
58.835225
58.837450
58.875600
58.917575
58.952475
58.976875
59.012900
59.101050
59.175150
59.300425
59.330525
59.378425
59.401500
59.432725
59.507200
59.601575
59.619600
59.668275
59.670650
59.762900
59.991800
59.997625
60.023325
60.034100
60.057350
60.176450
60.232425
60.263025
60.337600
60.338975
60.367550
60.385925
60.423050
60.476250
60.486525
60.514675
60.684950
60.690850
60.727675
60.745875
60.750175
60.760300
60.835400
60.849825
60.924875
61.023000
61.143325
61.174450
61.181375
61.224525
61.251675
61.321975
61.430275
61.470750
61.475725
61.495500
61.633475
61.707425
61.850650
61.902350
61.906375
62.022550
62.023750
62.161950
62.196150
62.227200
62.240400
62.244950
62.261225
62.276600
62.292725
62.507325
62.567425
62.593450
62.600025
62.624500
62.695550
62.765125
62.788550
62.794500
62.823850
62.849800
62.895400
62.945850
62.991150
62.992350
63.005950
63.017775
63.049825
63.105100
63.197050
63.258100
63.269650
63.402150
63.419125
63.441600
63.446675
63.505675
63.538800
63.795250
63.831325
63.954975
64.067075
64.096050
64.108375
64.138350
64.295675
64.315975
64.477575
64.483000
64.532325
64.599925
64.662575
64.766200
64.806000
64.840550
64.848800
64.854700
64.884475
64.912450
64.931600
64.952950
65.011700
65.116375
65.135525
65.200275
65.245025
65.349000
65.378975
65.392000
65.444250
65.471775
65.482050
65.499475
65.559300
65.592050
65.640225
65.844550
65.893400
65.941525
65.946750
66.000750
66.048325
66.102925
66.199100
66.235750
66.357350
66.435750
66.462100
66.575675
66.648525
66.662700
66.739900
66.748900
66.753625
66.777475
66.801850
66.859650
66.900900
66.940750
67.066375
67.089950
67.187925
67.205050
67.298625
67.337000
67.372975
67.394775
67.409400
67.412800
67.454800
67.456250
67.484625
67.525525
67.609900
67.734325
67.735750
67.803975
67.818500
67.877700
67.966875
67.997775
68.094550
68.121450
68.133675
68.178375
68.198025
68.251050
68.253100
68.306725
68.323725
68.351925
68.429375
68.431475
68.489300
68.532075
68.551325
68.553000
68.714425
68.753650
68.801175
68.818350
68.825425
68.917800
68.937700
68.942475
68.965100
69.013550
69.045900
69.105575
69.140025
69.217975
69.221875
69.258775
69.313525
69.415875
69.422875
69.599900
69.638650
69.751325
69.753350
69.787250
69.799675
69.818425
69.916700
69.959625
70.127550
70.283200
70.325625
70.413175
70.482125
70.518550
70.520275
70.542200
70.628250
70.652850
70.772750
70.799600
70.819925
70.862875
70.871325
70.890800
70.938550
71.098775
71.158200
71.304175
71.400975
71.436300
71.514975
71.584725
71.637900
71.663900
71.741375
71.771525
71.783175
71.847575
71.926100
72.047650
72.065600
72.110150
72.119150
72.157375
72.183000
72.205425
72.215875
72.219450
72.260300
72.305250
72.401025
72.424900
72.471975
72.554350
72.661975
72.708275
72.762875
72.776325
72.828550
72.842725
72.914900
73.039200
73.178925
73.195025
73.208750
73.213825
73.260550
73.279100
73.430750
73.452725
73.473450
73.591175
73.628950
73.727825
73.757950
73.831825
74.007200
74.064250
74.162775
74.167825
74.210675
74.264225
74.439275
74.459150
74.499475
74.514850
74.546550
74.618400
74.709700
74.750625
74.773750
74.791700
74.806850
74.818425
74.825200
74.994625
75.050650
75.127175
75.134475
75.228000
75.239075
75.253050
75.295175
75.318300
75.503650
75.516125
75.525300
75.559450
75.620625
75.629200
75.649450
75.725400
75.950950
75.972425
76.039050
76.249450
76.286325
76.340700
76.361275
76.395150
76.405950
76.536250
76.631625
76.634100
76.685350
76.701375
76.742425
76.776875
76.939275
76.951025
76.974525
77.205750
77.247925
77.262050
77.360600
77.399250
77.406525
77.434675
77.451775
77.462250
77.523825
77.560000
77.652700
77.690550
77.768800
77.780500
77.822800
77.853050
77.856850
77.888875
78.141200
78.180875
78.327875
78.488275
78.492075
78.526375
78.559025
78.619725
78.732550
78.817825
78.889575
78.903550
78.952650
78.974425
79.025350
79.054300
79.083900
79.089775
79.234175
79.240300
79.261050
79.351150
79.400625
79.426350
79.559475
79.586800
79.627825
79.762725
79.800675
80.031875
80.054350
80.078625
80.111550
80.138575
80.171525
80.174575
80.189950
80.225000
80.284675
80.381525
80.420250
80.511350
80.544100
80.571925
80.623875
80.727500
80.763600
80.837500
80.857000
80.982800
81.015400
81.061075
81.250675
81.302225
81.357650
81.410600
81.423450
81.438225
81.496800
81.529525
81.531225
81.547700
81.669925
81.707550
81.713725
81.784525
81.814325
81.820075
81.992675
82.156175
82.249875
82.281475
82.306850
82.467600
82.477850
82.493650
82.657775
82.821475
82.873325
82.892850
83.078500
83.125200
83.152300
83.157450
83.170800
83.296375
83.313500
83.327300
83.358725
83.361075
83.418475
83.570075
83.589500
83.614825
83.642650
83.695575
83.703950
83.772350
83.839350
83.883000
83.916875
83.932875
84.070000
84.096525
84.229350
84.272275
84.325250
84.416200
84.436675
84.444425
84.468650
84.476925
84.523575
84.555675
84.598475
84.616325
84.636975
84.696875
85.017925
85.124175
85.208600
85.219400
85.302675
85.394825
85.430825
85.479550
85.537150
85.568100
85.592800
85.773600
85.810100
85.837425
85.973750
86.030325
86.273275
86.306025
86.315025
86.360525
86.432500
86.433775
86.444175
86.566250
86.591350
86.640125
86.709225
86.753500
86.810450
86.823975
86.828050
86.850150
86.943050
87.271650
87.310150
87.336575
87.371575
87.424450
87.472350
87.618600
87.677725
87.744725
87.806100
87.810675
87.889525
87.996225
88.007875
88.060650
88.079725
88.143050
88.182425
88.206025
88.247250
88.269700
88.429925
88.488775
88.775300
88.844575
88.871475
88.885175
88.902250
88.961825
89.018325
89.134225
89.135900
89.235475
89.236750
89.264050
90.621775
91.017525
91.146600
91.210025
91.275800
91.328175
91.389375
91.551650
91.581775
91.697950
91.761675
91.786625
91.810650
91.909375
91.941125
91.996825
92.075050
92.128100
92.256950
92.617475
92.949175
93.001700
93.092975
93.537200
93.844975
93.908150
94.141700
94.184025
94.208650
94.313775
94.320650
94.618675
94.963200
95.062725
95.551625
95.603925
95.797625
95.860625
95.946675
96.196500
96.472675
96.547950
96.728700
96.790625
96.844325
96.889900
97.007350
97.016800
97.236825
97.404900
97.497300
97.579550
97.832000
98.756950
98.972800
99.013075
99.108550
99.331025
99.418525
99.421000
99.440575
99.448525
99.467375
99.471400
99.481975
99.492600
99.505400
99.547075
99.650950
99.680825
99.705700
99.774125
99.835325
99.906800
99.910075
100.015050
100.167650
100.219250
100.317825
100.342950
100.358625
100.367775
100.386500
100.413125
100.484500
100.487650
100.550300
100.585700
100.752400
100.762025
100.772575
100.802950
100.843200
100.915175
100.975475
101.115150
101.142250
101.179425
101.264175
101.327625
101.537675
101.564525
101.605050
101.643950
101.647300
101.676700
101.680725
101.725075
101.727350
101.733775
101.893025
101.927175
101.948700
101.996600
102.017275
102.094400
102.109025
102.173525
102.204800
102.214000
102.250025
102.284375
102.302175
102.327075
102.446625
102.469600
102.491950
102.545250
102.661775
102.826450
102.836825
102.843850
102.847425
102.878200
102.942350
102.953825
102.998600
103.022350
103.053150
103.057500
103.086575
103.170625
103.213650
103.255850
103.269050
103.461125
103.495700
103.516900
103.540200
103.541950
103.558175
103.571975
103.591450
103.596850
103.659050
103.665375
103.734700
103.751475
103.779450
103.781475
103.805025
103.837425
104.041175
104.187900
104.195150
104.213950
104.243350
104.302750
104.325775
104.375400
104.426725
104.434275
104.478025
104.497725
104.639450
104.641000
104.662700
104.692975
104.734975
104.772675
104.776675
104.782150
104.815400
104.852825
104.964125
104.999375
105.064800
105.080600
105.103325
105.137075
105.191575
105.219525
105.222175
105.241550
105.265975
105.268250
105.273500
105.310800
105.329700
105.438425
105.460400
105.502175
105.503775
105.541350
105.569600
105.584275
105.586350
105.619425
105.670150
105.989300
106.001325
106.003400
106.012650
106.077250
106.091025
106.132225
106.193050
106.334700
106.352975
106.446100
106.489975
106.493250
106.686600
106.718900
106.732725
106.776325
106.780700
106.809225
106.833350
106.848225
106.891550
106.979950
107.074675
107.143775
107.211925
107.257950
107.419825
107.523900
107.584575
107.688225
107.690525
107.767550
107.867275
107.892225
107.977400
108.010075
108.012275
108.071950
108.085350
108.154225
108.216675
108.291525
108.320425
108.337575
108.374575
108.420600
108.464575
108.580675
108.622750
108.677550
108.772650
108.862575
108.898800
108.941825
108.958875
109.001800
109.032975
109.076975
109.114675
109.158075
109.181525
109.208900
109.217675
109.310225
109.447400
109.472325
109.473625
109.549575
109.563875
109.631275
109.676900
109.761700
109.909025
109.969550
110.085725
110.117650
110.133000
110.216625
110.275275
110.337400
110.357725
110.429175
110.510400
110.607425
110.620950
110.640950
110.652925
110.663150
110.687700
110.780675
110.935400
110.970150
111.038250
111.167650
111.188100
111.210925
111.326475
111.352400
111.378325
111.464625
111.687550
111.712700
111.740750
111.970425
111.979350
112.015675
112.031900
112.086875
112.154125
112.217825
112.364825
112.400600
112.581050
112.643875
112.675825
112.713400
112.830850
112.858975
113.034825
113.161400
113.195150
113.250200
113.315175
113.331300
113.356275
113.376000
113.408750
113.421075
113.525175
113.627775
113.682350
113.756200
113.805925
113.865000
113.880100
113.912900
113.969975
114.195000
114.206400
114.269650
114.290625
114.315725
114.435275
114.544675
114.558025
114.679675
114.824775
114.841775
114.904600
114.940150
114.950925
114.955325
115.060625
115.061875
115.126500
115.135625
115.138875
115.217850
115.220975
115.240475
115.241875
115.246950
115.254275
115.394450
115.425850
115.452225
115.528900
115.559650
115.563150
115.588825
115.674525
115.787450
115.797500
115.859150
115.902700
115.908850
115.943025
115.966100
115.995125
116.042200
116.268000
116.279650
116.397600
116.445725
116.480575
116.579925
116.628475
116.650525
116.743325
116.755100
116.891475
116.917650
116.920450
117.011675
117.015975
117.027750
117.063275
117.143325
117.224275
117.257300
117.271250
117.395225
117.409250
117.486450
117.526050
117.552825
117.576600
117.637825
117.648325
117.709925
117.732975
117.807300
117.824975
117.837050
117.880475
117.968650
118.044725
118.236875
118.245700
118.301150
118.342875
118.365575
118.523600
118.534700
118.571325
118.623300
118.890450
118.914950
119.023675
119.113575
119.173850
119.293500
119.369875
119.384875
119.529925
119.596100
119.712550
119.772100
119.829950
119.999550
120.007400
120.214125
120.278800
120.289500
120.336675
120.426250
120.458300
120.498950
120.644025
120.717250
120.787875
120.810950
120.851650
120.855100
120.862575
120.879800
120.904225
120.929375
121.080250
121.128725
121.153325
121.174700
121.341075
121.357550
121.408225
121.422150
121.461525
121.469725
121.503100
121.585575
121.720325
121.922225
121.944650
121.990875
122.066950
122.183250
122.275525
122.381225
122.434400
122.439750
122.597125
122.725525
122.763400
122.819425
122.840600
122.878125
122.891925
122.933250
122.953300
123.031050
123.062850
123.102150
123.239975
123.300150
123.334375
123.365475
123.421950
123.442675
123.532725
123.597250
123.601150
123.617925
123.654825
123.695150
123.720950
123.761100
123.814550
123.866350
123.892725
123.966400
124.024800
124.052250
124.094900
124.151075
124.200575
124.257600
124.316975
124.477625
124.516650
124.558275
124.656100
124.732025
124.748625
125.048600
125.099250
125.115675
125.166875
125.218050
125.244400
125.270975
125.322725
125.326175
125.354850
125.356125
125.400075
125.413675
125.422075
125.442400
125.455950
125.824200
125.861025
126.149000
126.305850
126.347900
126.417025
126.473500
126.489600
126.534325
126.537500
126.570750
126.574575
126.610150
126.633425
126.673950
126.753625
126.778450
126.794175
126.819300
126.848725
126.876950
126.881350
126.966425
127.022125
127.026900
127.151975
127.268500
127.336375
127.339900
127.354750
127.366775
127.413800
127.438300
127.469250
127.617200
127.779975
127.842950
127.864100
127.886600
127.892975
127.899025
127.932500
127.935775
128.050825
128.140775
128.149775
128.238375
128.312750
128.402975
128.468900
128.532850
128.565425
128.568700
128.602775
128.772200
128.788225
128.791200
128.828150
128.905775
128.924325
128.928725
129.017950
129.033350
129.042275
129.105625
129.190125
129.218175
129.266000
129.279400
129.310775
129.371150
129.556025
129.560850
129.574800
129.610250
129.678750
129.692150
129.730550
129.782675
129.997775
130.109625
130.159200
130.189550
130.302975
130.362275
130.451200
130.549250
130.575325
130.621175
130.639250
130.647450
130.786775
130.793700
130.844825
130.868700
130.950825
130.976400
130.999025
131.228500
131.252575
131.412025
131.446650
131.552350
131.586325
131.699600
131.736075
131.769025
131.834075
131.872600
132.043575
132.063925
132.135725
132.440425
132.473150
132.499150
132.659750
132.669925
132.709200
132.765200
132.804275
132.864775
132.876600
132.935350
132.977825
133.078950
133.101575
133.129300
133.360425
133.437000
133.468050
133.480175
133.575050
133.602525
133.657825
133.701525
133.872725
133.934950
133.950200
134.058075
134.093600
134.095625
134.124950
134.199725
134.211150
134.224700
134.427025
134.506400
134.543925
134.628050
134.630875
134.656750
134.868375
134.895125
134.958500
135.020475
135.029700
135.051300
135.118750
135.273575
135.379625
135.401450
135.407200
135.463000
135.581450
135.824450
135.826175
136.066200
136.154000
136.179925
136.183300
136.201475
136.405850
136.444475
136.593000
136.655975
136.730675
136.791875
136.830250
136.853225
136.899000
136.936350
136.960750
136.978075
137.001850
137.077025
137.111025
137.112975
137.147700
137.168150
137.224450
137.284600
137.393650
137.410000
137.411825
137.462725
137.541100
137.557925
137.584725
137.594925
137.607525
137.635850
137.646750
137.686950
137.777275
137.817200
137.857850
137.876825
138.011625
138.041575
138.100750
138.300900
138.311125
138.427375
138.481250
138.663925
138.668725
138.671100
138.749475
138.773425
138.835550
138.965300
138.999250
139.010475
139.032575
139.058175
139.086325
139.111975
139.223850
139.277750
139.816250
140.089425
140.519275
140.677325
141.080650
141.152350
141.225225
141.517150
141.607650
141.694125
141.784425
141.827450
141.913000
142.148175
142.173475
142.513800
143.050850
143.063500
143.066550
143.327275
143.407875
143.418775
143.537925
143.764250
143.807950
144.085375
144.232250
144.323825
144.467150
144.820100
144.877025
145.484975
145.630900
145.788325
145.861175
145.908250
146.752100
146.774775
147.522225
148.201425
148.558025
148.765525
149.416425
149.442750
149.461350
149.514075
149.537700
149.548900
149.589900
149.621375
149.668475
149.702250
149.745525
149.923675
150.007550
150.098650
150.124600
150.140000
150.206600
150.238150
150.268775
150.278050
150.301400
150.401200
150.555550
150.602500
150.614175
150.698950
150.710050
150.716725
150.921475
150.940075
151.040750
151.070850
151.219500
151.248950
151.278250
151.304950
151.322900
151.328225
151.346125
151.364700
151.373000
151.439375
151.470250
151.476150
151.484550
151.498725
151.515625
151.664175
151.766475
151.795800
151.843425
151.875125
151.888025
151.915525
151.944050
151.955350
152.002500
152.030975
152.108650
152.200075
152.221775
152.238275
152.319050
152.358900
152.386375
152.410775
152.540425
152.556500
152.558400
152.585725
152.652450
152.693375
152.717325
152.737050
152.765375
152.786600
152.939450
152.943975
153.070450
153.138975
153.164775
153.209225
153.226350
153.320525
153.372575
153.395450
153.461975
153.521725
153.530575
153.638575
153.707475
153.742575
153.824850
153.866075
153.878500
153.974125
154.009400
154.041525
154.080050
154.276100
154.341125
154.352850
154.435425
154.476250
154.571675
154.606800
154.711775
154.733425
154.760350
154.818725
154.904200
154.923050
154.934800
154.942375
154.955200
154.957400
154.979175
154.980375
155.138750
155.171575
155.178650
155.197975
155.206350
155.217450
155.245000
155.269925
155.344675
155.366400
155.401325
155.460175
155.548125
155.549925
155.581650
155.703300
155.795775
155.808800
155.813600
155.844400
155.873875
155.925650
156.038750
156.132050
156.181825
156.185550
156.258850
156.329975
156.365750
156.456550
156.496500
156.509675
156.540925
156.578725
156.613225
156.635025
156.687050
156.753450
156.784200
156.819175
156.853550
156.860075
156.882675
156.894300
156.936050
156.940100
156.981875
156.994225
157.034900
157.040250
157.138425
157.163225
157.257200
157.267350
157.283625
157.303225
157.314500
157.348425
157.359250
157.370600
157.396050
157.420625
157.492200
157.622625
157.725075
157.839200
157.878375
157.879650
157.989825
158.012425
158.087175
158.117175
158.123750
158.202975
158.249750
158.274575
158.277750
158.354025
158.375150
158.507175
158.625975
158.799525
158.824600
158.914225
158.987875
159.105600
159.226500
159.304225
159.329400
159.414100
159.536225
159.562675
159.705550
159.856975
159.858500
159.876900
159.889125
159.893975
159.936200
160.017600
160.117725
160.159500
160.189650
160.305175
160.317350
160.352725
160.506850
160.589375
160.637975
160.667350
160.718250
160.721675
160.773225
160.789500
160.821825
160.845175
160.899300
160.964350
161.014800
161.031950
161.067100
161.128675
161.162000
161.309625
161.337825
161.411150
161.456600
161.489325
161.495000
161.532325
161.534600
161.544225
161.553350
161.581675
161.684275
161.694525
161.708800
161.756750
161.860075
161.901275
161.934925
161.961675
162.048475
162.057100
162.062625
162.084200
162.115625
162.118150
162.120275
162.140375
162.162350
162.214125
162.277300
162.287850
162.348150
162.357775
162.378275
162.399250
162.494100
162.653300
162.729350
162.876200
162.917525
163.042025
163.043250
163.121725
163.154150
163.182825
163.276650
163.381550
163.549250
163.593725
163.660400
163.687875
163.714675
163.731150
163.791525
163.802875
163.859500
163.907625
163.918625
164.053975
164.106450
164.108300
164.228875
164.337325
164.428150
164.456375
164.470950
164.475925
164.490875
164.637250
164.639950
164.847000
164.877725
164.930100
165.010200
165.081775
165.126500
165.154500
165.157550
165.190775
165.201850
165.231900
165.253100
165.270725
165.337075
165.442675
165.445800
165.464275
165.592850
165.624675
165.641600
165.686700
165.762650
165.848350
166.037825
166.079375
166.096475
166.112600
166.302125
166.392225
166.494800
166.521325
166.542075
166.571175
166.623275
166.632600
166.703850
166.711325
166.847850
166.880275
166.904725
166.939925
166.982700
166.990600
167.006425
167.109925
167.319875
167.375575
167.385850
167.417650
167.418875
167.431675
167.464750
167.494350
167.504475
167.630125
167.801925
167.839100
167.866025
167.880150
167.919000
167.971450
168.059700
168.068975
168.212875
168.238925
168.254225
168.328225
168.339350
168.356625
168.452175
168.543900
168.567925
168.569625
168.771275
168.891675
168.901375
169.013175
169.043925
169.101700
169.238600
169.276375
169.317825
169.374975
169.487600
169.503300
169.574775
169.659925
169.675500
169.697925
169.834725
169.908775
169.978800
169.984300
170.000975
170.173300
170.246575
170.399975
170.458775
170.491750
170.530150
170.576425
170.739950
170.775200
170.784350
170.819900
170.835525
170.852775
170.930225
170.976575
171.003225
171.118725
171.208200
171.230050
171.259550
171.434200
171.577050
171.621300
171.647300
171.727625
171.733000
171.772800
171.862725
171.910125
171.920725
172.005900
172.043050
172.174000
172.227450
172.264500
172.310425
172.374450
172.389400
172.420400
172.463200
172.568125
172.580175
172.611375
172.742575
172.844600
172.892900
172.914575
172.952625
172.994850
173.009800
173.019775
173.031175
173.090325
173.158300
173.189700
173.302825
173.341225
173.353125
173.368625
173.381775
173.671075
173.736975
173.871600
173.918625
173.931500
173.990475
174.009575
174.013450
174.042225
174.045250
174.113550
174.176600
174.291250
174.302950
174.465525
174.659050
174.698725
174.858125
175.048725
175.063075
175.077925
175.120475
175.265725
175.300725
175.373500
175.429400
175.568525
175.574550
175.685975
175.831400
175.857000
175.872725
175.890275
175.926475
175.931450
175.999775
176.137775
176.219150
176.261525
176.300850
176.448650
176.467950
176.514050
176.543775
176.555700
176.593775
176.654975
176.657250
176.691150
176.755725
176.835575
176.843650
176.895525
176.903725
176.968025
177.007225
177.030975
177.250325
177.334125
177.388100
177.408475
177.414300
177.456775
177.509325
177.519700
177.534025
177.588075
177.636950
177.981275
178.153850
178.193450
178.221875
178.242650
178.282650
178.308225
178.362000
178.589825
178.697950
178.755400
178.869250
178.936275
178.976250
179.028475
179.089025
179.107250
179.152725
179.161700
179.163475
179.178900
179.365450
179.427975
179.443000
179.537575
179.550350
179.598775
179.647550
179.732525
179.779000
179.857775
179.891750
179.927075
179.992950
180.048775
180.119625
180.160600
180.196625
180.205575
180.336175
180.352750
180.500900
180.524300
180.550325
180.727525
180.737800
180.828800
180.926675
181.109675
181.142600
181.144925
181.189550
181.270475
181.271925
181.309150
181.397475
181.500025
181.575575
181.589175
181.599000
181.608675
181.689050
181.699350
181.717225
181.750925
181.756075
181.859175
181.913925
181.969175
182.053275
182.072600
182.103300
182.144600
182.149775
182.178700
182.204325
182.278250
182.315800
182.360500
182.387050
182.394750
182.423000
182.551275
182.602900
183.033075
183.046925
183.078750
183.120225
183.146975
183.272725
183.421275
183.454225
183.484675
183.578700
183.637300
183.651300
183.671325
183.801450
183.830325
183.927475
183.958325
183.998225
184.064800
184.069975
184.138250
184.139900
184.200725
184.213225
184.257125
184.276275
184.314850
184.347575
184.354050
184.482875
184.584675
184.693800
184.782275
184.795675
184.889225
185.050600
185.052175
185.075875
185.079850
185.118375
185.131000
185.159800
185.171400
185.243925
185.249375
185.332975
185.610975
185.671025
185.732775
185.754900
185.758050
185.810425
185.997775
186.070625
186.108875
186.137350
186.142925
186.172325
186.195850
186.303775
186.354450
186.368050
186.417550
186.496550
186.499150
186.524125
186.548225
186.577275
186.665100
186.715750
186.884700
186.954075
186.974525
187.018775
187.173475
187.228200
187.258375
187.272100
187.288950
187.298575
187.355500
187.491600
187.611525
187.637500
187.655300
187.667400
187.682725
187.880200
187.941075
187.995575
188.004750
188.117025
188.145100
188.155550
188.347975
188.349375
188.392200
188.397625
188.461750
188.494600
188.501450
188.609650
188.732975
188.802175
188.882800
188.910800
188.982825
189.098375
189.103350
189.127950
189.254550
189.263100
189.290375
189.311975
189.346350
191.302050
191.596425
191.749250
191.840100
191.841775
191.893225
191.933150
191.937925
192.103975
192.156325
192.236625
192.246300
192.283025
192.425575
192.442000
192.475725
192.483500
192.616500
192.618175
192.690275
192.703300
192.845975
193.013750
193.049950
193.051950
193.724075
195.476450
195.874450
196.207400
196.543525
196.605425
196.810125
196.884625
197.160975
198.377000
198.419050
198.488900
198.530275
198.584550
198.783775
198.909325
199.043625
199.253575
199.380825
199.405925
199.409925
199.499500
199.560025
199.576800
199.579000
199.609225
199.625175
199.637775
199.667725
199.676700
199.706000
199.712350
199.792600
199.808575
199.822825
199.853250
199.987950
200.040375
200.047325
200.065425
200.067375
200.122800
200.149400
200.187925
200.304000
200.310175
200.361925
200.429100
200.434700
200.505250
200.636675
200.663400
200.685375
200.701525
200.719875
200.771600
200.789450
200.804200
200.836950
200.851000
200.893775
200.997150
200.998375
201.031325
201.064650
201.070725
201.167275
201.220900
201.253975
201.266900
201.309475
201.324025
201.332250
201.421350
201.442750
201.616300
201.645700
201.651025
201.721850
201.913900
202.105500
202.129300
202.130675
202.135975
202.353850
202.360925
202.413400
202.421000
202.441050
202.507050
202.516475
202.558300
202.579225
202.596525
202.612275
202.730375
202.737150
202.739675
202.822500
202.834600
202.865025
202.981950
202.990975
203.098400
203.103375
203.136925
203.186950
203.207100
203.278400
203.338525
203.351775
203.354975
203.357575
203.426850
203.456175
203.463200
203.478500
203.488650
203.547775
203.627900
203.677200
203.692300
203.786525
203.788300
203.976100
203.993375
204.164425
204.184925
204.201000
204.350825
204.368850
204.403325
204.436375
204.467600
204.469025
204.474525
204.503550
204.522675
204.560150
204.614350
204.656375
204.660025
204.682625
204.724525
204.761750
204.815500
204.842700
204.896700
204.958950
204.996825
205.008050
205.037525
205.046675
205.090375
205.177000
205.197500
205.207825
205.312325
205.419975
205.445875
205.677125
205.684175
205.780500
205.826575
205.845175
205.866425
205.883525
205.996600
206.098975
206.115075
206.161250
206.183175
206.239675
206.246650
206.301875
206.319175
206.480525
206.548850
206.565100
206.617300
206.660950
206.736100
206.874125
206.905125
206.956650
207.209500
207.212050
207.238575
207.263975
207.307175
207.330750
207.382425
207.411050
207.422950
207.452875
207.486850
207.562375
207.641675
207.702150
207.731800
207.737825
207.784300
207.812400
207.834775
207.850175
207.869775
207.878475
207.918500
207.967950
207.983500
208.190925
208.293800
208.412850
208.433225
208.448875
208.491725
208.570100
208.619775
208.682225
208.795075
208.833750
208.846725
208.887250
208.913875
208.944600
208.994950
209.025775
209.171825
209.227500
209.236000
209.253725
209.262550
209.303475
209.341600
209.360650
209.454725
209.491425
209.520125
209.531475
209.557750
209.677200
209.805025
209.828375
209.926050
210.011525
210.053300
210.075000
210.149775
210.205975
210.250525
210.278125
210.287800
210.332875
210.428525
210.477500
210.534200
210.563625
210.604750
210.618125
210.660725
210.672075
210.755150
210.775175
210.779800
210.799300
210.815475
210.824650
210.857150
210.879175
210.928650
211.021425
211.105075
211.183575
211.204350
211.234300
211.299625
211.349775
211.383275
211.384800
211.446650
211.454400
211.513950
211.575650
211.798700
211.833950
211.861125
211.894925
211.906425
211.929050
211.959375
211.991325
212.021300
212.068950
212.097725
212.154600
212.341025
212.365850
212.415825
212.438775
212.500425
212.596700
212.646650
212.667375
212.763450
212.912350
213.000350
213.115075
213.121350
213.133500
213.189375
213.261775
213.401050
213.424575
213.435325
213.444175
213.456775
213.492025
213.524100
213.815675
213.837900
213.840425
213.889950
213.928800
213.973400
214.038825
214.159125
214.294675
214.339975
214.407375
214.557575
214.635650
214.738150
214.878525
214.918325
214.958125
214.986625
215.017750
215.038050
215.052775
215.320100
215.429925
215.453625
215.515575
215.570250
215.584350
215.624025
215.639975
215.710700
215.824100
215.907825
215.980950
216.123800
216.139075
216.176075
216.240700
216.361300
216.529525
216.585500
216.848900
216.876475
216.991575
217.058975
217.100050
217.228325
217.248900
217.257500
217.488975
217.497175
217.541075
217.658450
217.663825
217.743225
217.769700
217.906950
217.945400
217.985600
218.028300
218.119800
218.161900
218.175625
218.186550
218.238625
218.286925
218.290400
218.359875
218.397175
218.464150
218.624725
218.647675
218.718500
218.746825
218.773925
218.791525
218.799050
218.806725
218.811000
218.828200
218.893350
218.897425
219.117500
219.127350
219.220425
219.239750
219.285700
219.320350
219.369875
219.411225
219.462525
219.480175
219.670475
219.698375
219.707725
219.743675
219.758800
219.792925
219.823475
219.837525
220.079325
220.118600
220.145175
220.219450
220.324950
220.335175
220.448450
220.488625
220.506150
220.585600
220.595100
220.622850
220.647450
220.662425
220.715750
220.749375
220.750650
220.773750
220.776375
220.810025
220.837975
220.868950
220.902450
221.043650
221.074125
221.169125
221.272425
221.359100
221.494750
221.552000
221.564125
221.703500
221.707425
221.731850
221.797500
221.898100
221.903500
221.956400
222.052550
222.185025
222.290550
222.318850
222.372275
222.406275
222.449750
222.564775
222.600350
222.609150
222.719075
222.884475
222.935575
222.986400
223.005600
223.039300
223.072975
223.078325
223.120225
223.302750
223.315650
223.375125
223.559400
223.600525
223.632325
223.724875
223.735375
223.753925
223.799825
223.943550
224.034375
224.061350
224.109850
224.206600
224.210575
224.293750
224.388525
224.496900
224.609575
224.777500
224.805250
224.831500
224.836250
224.920025
224.933600
224.947000
225.019350
225.048500
225.087450
225.129700
225.172925
225.188925
225.546050
225.594150
225.622000
225.636175
225.750575
225.785075
225.895525
225.940000
226.317725
226.323150
226.351650
226.363875
226.488450
226.549600
226.591625
226.821725
226.836075
226.855175
226.967700
226.991900
227.014525
227.089850
227.100000
227.133050
227.281700
227.317375
227.374025
227.391500
227.399675
227.423800
227.516375
227.600575
227.634950
227.719400
227.736125
227.750100
227.763675
227.769850
227.802500
227.891200
228.014800
228.121200
228.265125
228.267150
228.536450
228.577650
228.592725
228.699625
228.720825
228.939300
228.954425
228.999000
229.049150
229.060450
229.258250
229.305100
229.379675
229.383075
229.416500
229.433300
229.482650
229.560725
229.590825
229.610525
229.677800
229.825575
229.864550
229.899775
229.904925
230.050775
230.082975
230.158225
230.242800
230.341425
230.350075
230.524200
230.721550
230.806350
230.829350
230.839950
230.867375
230.876400
230.975750
231.016725
231.137175
231.288500
231.324950
231.401475
231.453500
231.514650
231.673750
231.680725
231.702575
231.705725
231.732150
231.853600
231.882800
232.189575
232.232875
232.286850
232.308050
232.403025
232.437775
232.518500
232.535075
232.568275
232.594450
232.680400
232.750050
232.806675
232.822500
232.913125
232.954075
232.975325
233.177750
233.269850
233.312775
233.343475
233.355950
233.372275
233.437075
233.575275
233.615375
233.660800
233.733375
233.824050
233.837275
233.902150
233.911075
233.967825
233.973825
234.000975
234.003000
234.029750
234.047650
234.102450
234.120750
234.190125
234.342000
234.357550
234.368150
234.386525
234.390800
234.552175
234.670475
234.728575
234.804350
234.882950
234.928150
234.973925
235.233350
235.239275
235.254725
235.294725
235.341925
235.437575
235.447300
235.456250
235.537325
235.670650
235.780775
235.802625
235.809050
235.817625
235.833825
235.859350
235.897900
235.919100
235.957325
235.965975
236.006950
236.046525
236.067425
236.082875
236.142425
236.227225
236.249050
236.265150
236.314100
236.359800
236.384900
236.484700
236.670250
236.707200
236.815375
236.850100
236.892925
237.031700
237.143925
237.162425
237.193200
237.263100
237.274350
237.404600
237.535725
237.618075
237.625275
237.634625
237.661675
237.794000
237.809800
237.828375
237.837700
237.853250
237.941275
237.943725
237.982575
238.030350
238.137975
238.144850
238.162425
238.302075
238.319700
238.322450
238.389125
238.512125
238.527650
238.570325
238.690000
238.749750
238.947725
239.005675
239.008000
239.013425
239.070875
239.075900
239.095525
239.291550
240.472075
240.749650
240.836875
240.904100
240.973675
241.030550
241.096025
241.262400
241.303075
241.498550
241.534725
241.543300
241.820150
241.858175
242.027850
242.108975
242.198800
242.223625
242.274275
242.302075
242.387575
242.401075
242.559625
242.680125
242.760575
242.862950
242.876550
242.934450
243.085075
243.273575
243.373150
243.430025
243.481000
243.518050
243.632150
243.801350
243.862450
243.919325
243.962475
243.991350
244.069075
244.099675
244.236350
244.258625
244.302850
244.393550
244.467875
244.479300
244.545000
244.610950
244.818000
244.960975
244.989150
245.015775
245.040250
245.136200
245.181325
245.218250
245.295850
245.305025
245.530625
245.557700
245.579650
245.670950
245.673550
245.736650
245.789300
245.913050
245.988575
246.099775
246.179100
246.305650
246.479050
246.777100
246.783725
246.880900
246.963725
247.002425
247.084400
247.129225
247.134975
247.417075
247.593000
247.711175
248.323825
248.504225
248.529325
249.091875
249.230325
249.398750
249.423450
249.442850
249.462250
249.513475
249.520700
249.522575
249.531875
249.561200
249.594075
249.596125
249.685500
249.687650
249.700275
249.719150
249.751475
249.764400
249.802475
249.813125
249.821450
249.950775
249.981275
250.034350
250.046825
250.115950
250.122500
250.156875
250.224325
250.244050
250.527275
250.674400
250.676300
250.710525
250.720525
250.734300
250.762900
250.795225
250.940325
251.014575
251.052600
251.148150
251.360375
251.381875
251.389775
251.413550
251.422925
251.439425
251.533475
251.670575
251.686250
251.714825
251.718650
251.727050
251.811275
251.872450
251.928475
252.076475
252.130475
252.255050
252.269950
252.336800
252.392950
252.488300
252.514250
252.520125
252.537975
252.562325
252.614675
252.736425
252.741150
252.762925
252.777250
252.895375
253.028275
253.055950
253.109750
253.116025
253.121625
253.160150
253.165050
253.205950
253.221650
253.291400
253.312225
253.337350
253.345025
253.351075
253.395225
253.543525
253.620775
253.684050
253.748025
253.809850
253.838400
253.873950
253.885900
253.901125
254.008150
254.042300
254.090325
254.163900
254.186250
254.207675
254.231450
254.296175
254.315450
254.317050
254.366925
254.382175
254.407125
254.432525
254.508700
254.511225
254.748725
254.818250
254.819725
254.836275
254.926825
254.950150
254.960875
255.014300
255.041025
255.099325
255.121100
255.207250
255.226175
255.281425
255.348125
255.364750
255.448325
255.456750
255.464225
255.466250
255.479925
255.498000
255.505625
255.514525
255.618425
255.714200
255.719850
255.741125
255.817025
255.840625
255.864425
255.902175
255.925350
255.933400
255.947300
256.002800
256.013050
256.015850
256.026200
256.044500
256.047800
256.049100
256.453600
256.460925
256.914825
256.952550
257.015225
257.066500
257.116700
257.325250
257.383925
257.385350
257.403700
257.451150
257.523375
257.583650
257.588650
257.599975
257.615175
257.647300
257.756150
257.758125
257.792525
257.808975
257.842475
257.850525
257.916100
258.001350
258.193700
258.357900
258.385325
258.412375
258.422075
258.438375
258.449675
258.490000
258.546625
258.605375
258.682050
258.765200
258.815625
258.853725
258.869050
258.892325
258.944850
258.976150
258.980850
258.989150
259.036700
259.101775
259.131225
259.197825
259.332125
259.428475
259.618200
259.673175
259.703950
259.707075
259.804100
259.836850
259.840675
259.856475
259.902375
259.935300
259.939800
260.009800
260.104350
260.138025
260.154750
260.159975
260.358575
260.399375
260.405850
260.516625
260.577700
260.603725
260.701550
260.710450
260.734725
260.755900
260.766425
260.830900
260.856125
260.868650
260.907975
260.920675
260.958075
261.000200
261.016525
261.040025
261.063175
261.109000
261.139875
261.250900
261.288625
261.324000
261.721775
261.828300
261.839600
261.852925
261.893300
261.894925
261.981000
262.006675
262.087650
262.258725
262.282625
262.386300
262.441825
262.485450
262.651250
262.674675
262.719625
262.721525
262.752450
262.851025
262.854575
263.096600
263.099225
263.111150
263.202650
263.209700
263.233525
263.278000
263.383925
263.481900
263.525075
263.605800
263.630250
263.806725
263.836700
263.898175
263.945250
264.056875
264.231450
264.303150
264.354000
264.408125
264.425100
264.744525
264.849200
264.990650
265.025675
265.111050
265.127300
265.196625
265.261825
265.273550
265.405725
265.428975
265.458125
265.475375
265.566025
265.609275
265.638875
265.649425
265.707100
265.762250
265.867925
265.882150
265.911900
266.061225
266.088825
266.100525
266.170400
266.189725
266.242525
266.283600
266.300275
266.333650
266.357950
266.449450
266.735875
266.752500
266.769525
266.800475
267.039975
267.104675
267.151850
267.187050
267.212325
267.214775
267.323450
267.374450
267.460850
267.487825
267.777600
267.795075
267.944975
267.955725
267.992050
268.041150
268.072300
268.142250
268.320925
268.337475
268.407950
268.422200
268.441125
268.488625
268.540525
268.562425
268.695500
268.699200
268.717475
268.866500
268.904175
268.939250
268.956975
269.101800
269.117925
269.119925
269.145850
269.178550
269.201775
269.204725
269.278500
269.321575
269.329925
269.367600
269.387775
269.421650
269.549275
269.574600
269.599425
269.619750
269.795800
269.850225
269.936575
269.997200
270.030150
270.061675
270.066775
270.088200
270.095900
270.102175
270.118300
270.145525
270.197850
270.232900
270.234350
270.345000
270.386050
270.536000
270.602675
270.621400
270.677375
270.885125
270.938375
270.940925
270.961500
271.051000
271.134975
271.200750
271.294250
271.300300
271.321750
271.355950
271.596150
271.624175
271.701975
271.742500
271.795300
271.872200
271.947200
271.971300
272.005275
272.051025
272.060975
272.065300
272.081675
272.422200
272.447600
272.481525
272.536900
272.627625
272.633100
272.689050
272.777250
272.842825
272.863925
272.878300
272.895000
272.961325
272.998225
273.022850
273.033725
273.045775
273.074075
273.168225
273.374400
273.380825
273.414000
273.500225
273.798100
273.836550
274.006025
274.017475
274.044325
274.085225
274.103700
274.164550
274.203700
274.228375
274.333650
274.452225
274.541375
274.562500
274.657125
274.708400
274.730925
274.763225
275.040525
275.225900
275.315475
275.374050
275.405175
275.477725
275.492575
275.529425
275.552800
275.634400
275.676900
275.818575
275.873675
275.954900
275.956700
275.982650
276.111200
276.157700
276.222300
276.253625
276.303575
276.475175
276.477600
276.489650
276.496000
276.554900
276.736050
276.794350
276.797125
276.878375
276.922675
277.032900
277.198575
277.252375
277.269550
277.350500
277.359800
277.373050
277.402750
277.487675
277.506450
277.524125
277.529925
277.560175
277.635225
277.657450
277.684175
277.739550
277.968225
278.084475
278.124350
278.207750
278.238150
278.267250
278.340750
278.457425
278.637000
278.672975
278.750525
278.848350
278.906300
278.927025
279.032750
279.068800
279.081600
279.209700
279.287000
279.494650
279.579525
279.601925
279.621025
279.645725
279.700550
279.739650
279.794075
279.940900
279.976575
280.064575
280.120575
280.151700
280.185300
280.207425
280.279700
280.305925
280.466725
280.480325
280.551775
280.564550
280.671250
280.755525
280.866800
280.947100
280.989075
281.133575
281.145250
281.421525
281.433500
281.456400
281.549075
281.573950
281.601150
281.606475
281.625525
281.685175
281.831625
281.874425
281.884925
281.913625
282.030050
282.135775
282.162050
282.262200
282.296800
282.334525
282.349575
282.361075
282.563775
282.589300
282.618050
282.632075
282.635600
282.650950
282.670775
282.706550
282.747325
282.767150
282.803925
282.850175
283.027100
283.091775
283.127375
283.214050
283.273175
283.279225
283.463875
283.642950
283.673825
283.680350
283.708225
283.718225
283.849525
283.871225
284.001450
284.038500
284.042625
284.179675
284.225075
284.281900
284.416150
284.466400
284.472700
284.497500
284.531475
284.604375
284.697650
284.853775
284.895950
284.999300
285.032175
285.165050
285.294325
285.425775
285.502200
285.511375
285.542100
285.543250
285.611700
285.643375
285.725525
285.736000
285.770450
285.821300
285.921125
285.935775
285.957375
286.007800
286.071825
286.087900
286.140150
286.144700
286.183000
286.191775
286.256375
286.329000
286.369750
286.507925
286.532000
286.558575
286.799025
286.839900
286.922750
286.960725
286.975500
287.000300
287.016750
287.051975
287.129925
287.202650
287.242700
287.243875
287.267525
287.319175
287.384525
287.414450
287.512175
287.636050
287.669500
287.724650
287.783525
287.877100
287.884800
288.062950
288.079925
288.129350
288.174400
288.235325
288.286650
288.358525
288.396400
288.448350
288.459925
288.587600
288.645675
288.686950
288.757625
288.768525
288.801975
288.813125
288.878175
288.922500
288.954125
288.978000
289.188100
289.233625
289.315800
289.329300
290.556900
290.932200
291.030050
291.036325
291.099325
291.108250
291.164925
291.216900
291.250400
291.605150
291.820600
291.894325
291.954425
292.052575
292.285075
292.406875
292.615475
292.845725
293.277675
293.281975
293.473350
293.510825
293.552000
293.597700
293.614150
293.638850
293.645300
294.209350
294.230675
294.283100
294.417450
294.606200
294.633875
294.869225
295.112300
295.237600
295.316550
295.347075
295.352550
295.372950
295.432850
295.475775
295.482325
295.598275
295.633350
295.678600
295.728400
295.729775
295.848750
295.954350
296.074400
296.099275
296.120000
296.121775
296.202425
296.234800
296.397500
296.586050
296.631400
296.884075
296.902625
296.962650
297.018425
297.083300
297.196350
297.197775
297.386850
297.683050
297.760075
297.777250
297.835800
297.870100
297.896925
298.341650
298.393175
298.423600
298.437950
298.516950
298.537900
298.604600
299.075800
299.334750
299.376525
299.460775
299.486300
299.561500
299.594725
299.609600
299.615875
299.637675
300.029100
300.094775
300.200275
300.295525
300.302775
300.468600
300.542025
300.568250
300.608750
300.615525
300.729100
300.786000
300.800225
300.815725
300.841400
300.870475
300.881100
301.047400
301.122950
301.147800
301.185800
301.187600
301.209150
301.285075
301.294325
301.317050
301.395900
301.477925
301.636625
301.639150
301.660900
301.863500
301.895600
301.902225
302.014050
302.130600
302.176300
302.232925
302.322650
302.368150
302.378900
302.432950
302.553075
302.591225
302.714625
302.722000
302.759425
302.771550
302.994200
302.999875
303.005900
303.051650
303.064950
303.099225
303.262450
303.326550
303.591625
303.657125
303.678000
303.722500
303.776025
303.870100
303.935975
304.159800
304.175225
304.227575
304.249150
304.262250
304.341225
304.381400
304.400050
304.404275
304.496600
304.525350
304.565500
304.640500
304.694100
304.756675
304.805100
304.832850
304.849025
305.010525
305.016325
305.031800
305.068350
305.092950
305.136625
305.148750
305.402175
305.420425
305.487800
305.680425
305.691200
305.711475
305.721875
305.884000
305.920775
305.943300
305.961875
305.982750
306.040675
306.072375
306.124000
306.199875
306.394875
306.402750
306.438250
306.543200
306.634725
306.820625
306.839600
306.860125
307.017700
307.040150
307.130150
307.162575
307.172550
307.206075
307.235100
307.309550
307.313400
307.379825
307.421275
307.467250
307.490850
307.528350
307.545050
307.564600
307.639700
307.711600
307.837750
307.852900
307.906175
308.078900
308.161450
308.189875
308.195250
308.202150
308.205075
308.231575
308.256150
308.361725
308.408975
308.537375
308.565075
308.583675
308.704025
308.723450
308.734400
308.959250
309.002525
309.112925
309.134575
309.160625
309.192950
309.262975
309.334400
309.379800
309.530700
309.535400
309.560225
309.587600
309.620425
309.754550
309.940150
310.027000
310.033625
310.075300
310.102700
310.296575
310.328425
310.374600
310.409975
310.574300
310.609550
310.629025
310.736775
310.956800
310.967275
311.063275
311.072750
311.149400
311.217375
311.275400
311.291875
311.295275
311.324525
311.384925
311.421850
311.428550
311.463100
311.533025
311.548975
311.664725
311.673925
311.873525
311.899650
311.901200
311.933225
311.952750
311.978075
312.091975
312.221025
312.271000
312.292550
312.426225
312.652875
312.665025
313.240175
313.298725
313.302925
313.543350
313.589900
313.624375
313.687575
313.714075
313.789850
313.792225
313.995400
314.016450
314.042350
314.067550
314.098425
314.195125
314.287875
314.363100
314.411175
314.466250
314.487725
314.490525
314.511225
314.623700
314.662475
314.674925
314.687575
314.718650
314.723300
314.745475
314.802875
314.848625
314.923925
314.950025
314.988600
315.115125
315.143900
315.164600
315.175800
315.280000
315.344075
315.460950
315.474300
315.482275
315.564000
315.567925
315.590400
315.615550
315.650275
315.855600
315.888425
315.942925
315.958275
316.004025
316.034800
316.147275
316.189750
316.253450
316.282925
316.399900
316.417025
316.473150
316.583500
316.659075
316.665575
316.702275
316.722600
316.827925
316.873600
316.892800
316.906825
317.089400
317.160000
317.213000
317.228075
317.307050
317.319650
317.473525
317.488750
317.545650
317.565625
317.595050
317.620800
317.714075
317.734600
317.749800
317.784800
317.898125
317.910175
317.932125
318.026025
318.121200
318.187275
318.201075
318.208300
318.220500
318.241325
318.252200
318.293900
318.340600
318.368000
318.421300
318.511200
318.591800
318.594925
318.654825
318.750850
318.770875
318.787625
318.907450
319.223100
319.384400
319.400575
319.427300
319.543100
319.584625
319.728925
319.882700
320.147600
320.316675
320.399075
320.675875
320.694950
320.726500
320.771450
320.813925
320.829950
320.868200
320.886100
321.067000
321.077000
321.087050
321.144500
321.453825
321.559975
321.789525
321.791350
321.827225
321.864700
321.947275
321.967425
321.974650
322.123475
322.147350
322.310125
322.318175
322.484850
322.500350
322.540675
322.560450
322.709700
322.721950
322.821725
322.915225
322.934000
322.949125
322.964800
323.044075
323.058750
323.089650
323.099925
323.181475
323.212875
323.237525
323.289350
323.375325
323.408525
323.464150
323.473600
323.555425
323.632975
323.662275
323.703075
323.717450
323.845275
324.014375
324.028025
324.068750
324.219575
324.229425
324.284725
324.374325
324.499700
324.551200
324.560675
324.572800
324.709275
324.746150
324.780900
324.801725
324.909625
324.939175
325.113200
325.125850
325.254075
325.263900
325.369775
325.380600
325.414650
325.444850
325.503175
325.518250
325.606300
325.614275
325.669900
325.676675
325.719025
325.830100
325.925250
325.937550
326.085750
326.124050
326.173625
326.208400
326.299175
326.352400
326.548800
326.631250
326.635050
326.791225
326.826775
326.844175
326.932300
326.957825
326.996300
327.004075
327.050725
327.150525
327.192475
327.332000
327.377925
327.439025
327.446850
327.501575
327.633350
327.653700
327.784850
327.878275
328.003200
328.026150
328.060350
328.105450
328.231700
328.292675
328.329650
328.516425
328.569325
328.614050
328.644575
328.651100
328.679950
328.690575
328.731675
328.745125
328.751800
328.834450
328.877800
328.890075
328.920500
328.944825
328.967100
329.039725
329.062600
329.117450
329.124175
329.141825
329.164000
329.183325
329.204500
329.225125
329.227600
329.267575
329.277450
329.294200
329.427600
329.520500
329.657000
329.665675
329.669275
329.691525
329.718750
329.831950
329.896850
330.022450
330.177100
330.229650
330.332375
330.381650
330.387100
330.408300
330.410125
330.434225
330.461000
330.511275
330.529500
330.553600
330.566275
330.622650
330.664075
330.678800
330.717825
330.744950
330.842275
330.943700
330.970850
331.280825
331.297675
331.306300
331.327625
331.372850
331.383975
331.441950
331.501700
331.559975
331.602225
331.613775
331.621125
331.756025
331.801950
331.863250
331.869900
331.973550
331.990050
332.082825
332.087500
332.292500
332.333700
332.364475
332.368925
332.444800
332.469900
332.501825
332.759125
332.801000
332.920475
332.922700
332.997650
333.067475
333.071250
333.103950
333.178600
333.194050
333.234600
333.378750
333.436600
333.462925
333.485600
333.523250
333.561075
333.584000
333.622000
333.693300
333.820575
333.935800
333.975425
334.006825
334.014300
334.023450
334.256100
334.285975
334.459550
334.487225
334.634475
334.651100
334.842525
334.855575
334.989850
335.053300
335.059300
335.072125
335.126525
335.327250
335.442200
335.500525
335.781700
335.916300
335.959000
336.017275
336.030025
336.054325
336.072225
336.098900
336.101875
336.225150
336.238525
336.247125
336.265325
336.375600
336.463075
336.593675
336.670200
336.745425
336.778325
336.873325
336.879900
336.971525
336.979375
337.127525
337.190675
337.202550
337.273400
337.283575
337.352025
337.366250
337.447125
337.453425
337.523925
337.578525
337.677800
337.679350
337.722500
337.725900
337.830200
337.869400
337.907725
338.012025
338.118225
338.172750
338.239600
338.281225
338.317700
338.358025
338.388500
338.623200
338.664925
338.713350
339.049500
339.078250
339.107500
339.207425
339.222775
339.333575
340.578275
341.445450
341.447400
341.485275
341.553725
341.682400
341.795750
341.978125
342.021700
342.075100
342.095625
342.131900
342.147050
342.246550
342.453900
342.555225
342.674275
342.720700
342.751775
342.766925
342.899775
342.931350
342.964800
343.035075
343.262100
343.383350
343.671850
343.932225
343.978850
344.045875
344.157050
344.215900
344.549100
344.600450
344.759525
344.795525
344.839625
344.858025
345.246800
345.339300
345.435850
345.865650
346.070350
346.108700
346.165900
346.218675
346.235225
346.347800
346.368700
346.601500
347.074725
347.330225
347.579050
347.657150
347.713750
347.873175
347.899225
348.079425
348.285475
348.518250
348.606975
348.836775
348.969000
348.989275
349.276950
349.342975
349.486050
349.496375
349.503050
349.528650
349.564825
349.585775
349.670525
349.714450
349.730025
349.733950
349.793825
349.859000
349.968975
350.059200
350.073925
350.083525
350.128700
350.177100
350.197800
350.218475
350.259525
350.522550
350.556600
350.574450
350.610200
350.749425
350.831750
350.972850
351.011175
351.031075
351.068425
351.092800
351.197600
351.229975
351.285875
351.427200
351.431925
351.458650
351.502400
351.584150
351.633100
351.639475
351.662625
351.686175
351.737025
351.783300
351.814800
351.837825
352.078275
352.127150
352.159500
352.295550
352.345750
352.460575
352.480400
352.493475
352.512000
352.534950
352.547300
352.574600
352.671525
352.870450
352.883800
352.915275
352.976450
352.990475
353.014425
353.016075
353.054850
353.071700
353.216100
353.281650
353.327550
353.420025
353.457625
353.460300
353.480675
353.519000
353.521550
353.604925
353.728100
353.756525
353.761175
353.782700
353.835500
353.859250
353.886450
353.894075
353.912650
353.931150
353.943050
353.994525
354.037875
354.075525
354.094075
354.106625
354.174125
354.375975
354.411625
354.452650
354.481325
354.502275
354.609300
354.620750
354.774825
354.776850
354.827425
354.893125
354.913050
355.003825
355.006775
355.217125
355.307100
355.339575
355.359600
355.383975
355.708250
355.736950
355.773850
355.821375
355.843325
355.962875
355.977825
355.995100
356.014625
356.023600
356.044775
356.065050
356.090500
356.115075
356.156700
356.217000
356.235725
356.347075
356.351800
356.420675
356.482350
356.534925
356.555475
356.593875
356.596325
356.614500
356.622650
356.741775
356.780200
356.880150
356.945275
356.989550
357.009700
357.135900
357.140300
357.230000
357.249250
357.272800
357.284575
357.291050
357.371425
357.402300
357.468725
357.656250
357.667225
357.706550
357.834800
357.855450
357.956925
357.980725
357.996875
358.297825
358.324850
358.354475
358.359975
358.390200
358.428825
358.502100
358.545325
358.554100
358.583975
358.785750
358.895675
358.958350
358.974275
359.004225
359.035625
359.042900
359.067225
359.093500
359.219600
359.390575
359.420925
359.485150
359.523625
359.627050
359.648225
359.715775
359.727200
359.802850
359.831600
359.841725
359.851850
359.885475
359.930475
359.951050
359.958700
359.977825
360.039850
360.270350
360.314400
360.434750
360.462150
360.540125
360.568300
360.600350
361.089125
361.105525
361.139675
361.151675
361.202400
361.307050
361.377425
361.428250
361.442600
361.574575
361.656825
361.716925
361.764925
361.777675
361.816975
361.888775
361.907800
362.056700
362.187300
362.270900
362.290925
362.320200
362.498450
362.520750
362.600050
362.621175
362.701525
362.732750
362.758100
362.846450
362.872775
363.057525
363.095975
363.116950
363.130875
363.210450
363.248050
363.317700
363.330450
363.394150
363.407725
363.499150
363.529075
363.720100
363.752750
363.811175
363.871325
363.956650
364.005325
364.070925
364.133750
364.293225
364.313150
364.340875
364.352925
364.376125
364.406625
364.482375
364.563775
364.611350
364.635775
364.647000
364.654850
364.656700
364.687450
364.779425
364.784875
364.885925
364.929825
364.978550
364.998825
365.094975
365.111575
365.128525
365.179675
365.195675
365.215725
365.323700
365.341150
365.377000
365.425525
365.494200
365.516225
365.639700
365.710175
365.729500
365.757375
365.773050
365.804825
365.890175
365.951000
365.962750
365.980500
366.165075
366.236875
366.311900
366.334250
366.477000
366.495825
366.544725
366.569800
366.610725
366.643325
366.820875
366.836750
366.875475
366.910225
366.933475
366.946950
366.961350
366.985650
367.014100
367.054625
367.092200
367.137550
367.185050
367.250775
367.255125
367.337000
367.379500
367.477725
367.486500
367.512450
367.595800
367.611500
367.714775
367.773750
367.815550
367.829850
368.056600
368.116525
368.231600
368.237625
368.357375
368.555450
368.581975
368.610475
368.623825
368.653675
368.678400
368.695575
368.738125
368.886025
368.908250
369.009625
369.023925
369.214525
369.353150
369.367200
369.452225
369.511850
369.611225
369.647075
369.679950
369.811300
369.832925
369.839675
369.905775
369.916300
369.977650
370.048100
370.093000
370.119500
370.149650
370.300025
370.331525
370.338175
370.379425
370.423075
370.478425
370.504275
370.549525
370.578825
370.598825
370.787850
370.808775
371.072350
371.128050
371.208075
371.261375
371.303950
371.321750
371.413625
371.539775
371.672725
371.723175
371.804175
371.826225
371.849100
371.879300
371.948400
371.992175
371.995275
372.026750
372.080650
372.189850
372.237475
372.385300
372.549475
372.667350
372.689300
372.735925
372.743200
372.767400
372.867700
372.884500
372.928225
373.000050
373.123375
373.153650
373.199850
373.243975
373.317575
373.429450
373.467275
373.510425
373.546525
373.578050
373.585925
373.649050
373.736650
373.912175
374.017900
374.046475
374.192875
374.341900
374.408575
374.508450
374.703025
374.720850
374.734625
374.859000
374.989050
375.002425
375.042550
375.062800
375.339000
375.341325
375.403825
375.436925
375.504975
375.626475
375.635150
375.667850
375.721200
375.783975
375.902650
375.917150
375.933850
375.955825
375.959525
375.968875
375.986050
376.014000
376.133075
376.144625
376.199300
376.280250
376.482950
376.518325
376.682400
376.721200
376.881425
377.065400
377.243575
377.249750
377.320325
377.689075
377.691750
377.727200
377.769725
378.113825
378.216950
378.253175
378.256975
378.295525
378.337525
378.359975
378.364850
378.388200
378.427225
378.505800
378.518975
378.535775
378.615725
378.632750
378.713225
378.842350
378.851275
378.871350
378.883550
378.951275
379.017775
379.087075
379.118225
379.194275
379.327075
379.357750
379.449975
379.573775
379.596825
379.620000
379.650825
379.674800
379.704950
379.856575
379.886200
380.059650
380.108275
380.119275
380.326975
380.376900
380.400250
380.569525
380.586450
380.722700
380.751725
380.786500
380.883750
380.915725
380.950775
381.067600
381.072250
381.267275
381.375100
381.388625
381.407425
381.433775
381.463100
381.579475
381.651650
381.672850
381.782450
381.858075
382.093850
382.236150
382.288600
382.301825
382.564125
382.766475
382.857200
382.908775
382.927250
382.963025
382.971475
383.005975
383.013775
383.181775
383.199350
383.281225
383.334175
383.359750
383.404125
383.468725
383.545450
383.598000
383.824300
383.828450
383.846300
383.928300
384.012950
384.021675
384.118750
384.125100
384.195400
384.413775
384.525925
384.613925
384.627400
384.652700
384.661100
384.728000
384.914375
385.073300
385.087425
385.314725
385.348400
385.361425
385.376525
385.434400
385.470175
385.482425
385.645450
385.806950
385.915225
386.005125
386.043500
386.058300
386.066900
386.095100
386.101125
386.185250
386.230300
386.234925
386.270375
386.384875
386.435350
386.467050
386.501675
386.597250
386.738050
386.766225
386.770650
386.899700
386.953675
387.045950
387.255975
387.277575
387.555675
387.626225
387.682675
387.851675
387.949750
387.990050
388.014475
388.154925
388.186950
388.217900
388.256650
388.330700
388.508850
388.544050
388.594225
388.606025
388.643275
388.710525
388.716150
388.788425
388.868325
388.883025
389.000125
389.021850
389.052550
389.223375
389.259600
389.319700
389.347225
391.332225
391.384175
391.527075
391.544150
391.817925
391.920075
391.975950
391.996975
392.001850
392.015775
392.068400
392.162500
392.237650
392.398250
392.415150
392.608750
392.642700
392.705925
392.796450
392.872075
393.286550
393.350050
393.395375
393.508025
393.521950
393.610975
393.679125
393.695725
393.821025
393.831375
393.833050
394.063600
394.331775
394.384750
394.586775
394.829600
395.512125
395.583300
395.613175
396.366925
397.494025
397.529175
397.555350
397.589575
397.632750
397.692150
397.776200
397.816975
397.842100
397.870150
397.938575
398.003450
398.006075
398.171250
398.197375
398.570775
398.581700
398.674700
398.933425
399.421075
399.452800
399.561400
399.632900
399.653525
399.668425
399.680825
399.707100
399.728275
399.813925
399.961550
400.027650
400.044900
400.095700
400.102425
400.299675
400.382600
400.460900
400.569400
400.642875
400.649925
400.913475
400.937100
401.007750
401.028650
401.178350
401.266750
401.325975
401.339975
401.382025
401.505675
401.690550
401.737650
401.839550
401.945925
401.956050
401.975250
401.998275
402.069150
402.104275
402.216200
402.290200
402.344625
402.350125
402.439275
402.493900
402.525775
402.547225
402.583125
402.592925
402.632225
402.679175
402.710550
402.903050
402.926875
402.989825
403.042200
403.079525
403.093875
403.114675
403.136050
403.212650
403.232900
403.407550
403.438800
403.495525
403.650200
403.682050
403.711725
403.727125
403.798300
403.815825
403.845650
403.859800
403.864125
403.960250
404.000050
404.118800
404.121975
404.159675
404.174875
404.188075
404.224950
404.313175
404.345575
404.766300
404.836875
404.931675
405.029725
405.064625
405.093650
405.111275
405.137175
405.191150
405.268950
405.323200
405.349325
405.454525
405.540375
405.548650
405.731975
405.746625
405.763500
405.923325
405.985050
406.137950
406.192650
406.261500
406.335350
406.401300
406.457750
406.521625
406.714175
406.736675
406.746375
406.981725
407.060850
407.103950
407.273000
407.285700
407.436700
407.465550
407.481550
407.510525
407.536275
407.566425
407.595225
407.629400
407.663475
407.698875
407.773125
407.829575
408.096300
408.159050
408.181400
408.225000
408.248825
408.301275
408.321600
408.418075
408.474375
408.533425
408.535150
408.712100
408.795200
408.975875
409.020000
409.106975
409.131275
409.160225
409.213000
409.280850
409.321675
409.355775
409.486050
409.527375
409.532375
409.607650
409.629000
409.633525
409.683425
409.790650
409.886400
409.966425
410.016350
410.031575
410.114975
410.135650
410.152800
410.281525
410.327500
410.348500
410.412100
410.467750
410.559800
410.588325
410.716125
410.937725
411.105025
411.163125
411.189950
411.247675
411.441750
411.512675
411.583750
411.727825
411.777825
411.919750
411.924925
412.006075
412.067875
412.189725
412.221950
412.224725
412.257650
412.294250
412.302475
412.314250
412.550600
412.577500
412.579925
412.614250
412.647175
413.191150
413.296775
413.351225
413.456525
413.480075
413.523850
413.534275
413.614375
413.619375
413.742000
413.817325
413.830025
413.840375
413.862550
413.896575
414.060750
414.122825
414.224400
414.282200
414.566550
414.721400
414.726875
414.821950
415.106925
415.130500
415.150425
415.241825
415.365850
415.442725
415.495600
415.509025
415.566925
415.605125
415.721175
415.739750
415.807375
415.820675
415.831525
415.928375
415.944725
415.952150
415.996225
416.030550
416.125550
416.136325
416.272700
416.411125
416.456575
416.503375
416.606750
416.686800
416.847950
416.859300
416.884100
416.975000
417.009350
417.035425
417.270350
417.315775
417.335375
417.343100
417.440750
417.449375
417.513900
417.532700
417.551475
417.604725
417.665650
417.727600
417.964700
417.987725
418.063100
418.139175
418.159200
418.172425
418.191175
418.302175
418.373975
418.388350
418.412800
418.491500
418.557500
418.573875
418.699150
418.766750
418.818475
418.848625
418.852525
418.956500
418.979525
419.020025
419.099075
419.157725
419.185000
419.191000
419.289675
419.438375
419.458650
419.530500
419.554600
419.591400
419.653500
420.058400
420.071525
420.280250
420.675500
420.755175
421.147975
421.230950
421.283400
421.486175
421.523625
421.548475
421.596625
421.623850
421.698250
421.736500
421.848750
421.852050
422.004075
422.035900
422.073950
422.079575
422.189400
422.211675
422.329675
422.400900
422.427575
422.434800
422.466300
422.524625
422.550875
422.569850
422.588075
422.746500
422.783575
422.959875
423.065625
423.203250
423.299200
423.306550
423.311125
423.373400
423.524525
423.624300
423.654875
423.770000
423.937450
424.003550
424.026750
424.107575
424.115000
424.136300
424.233975
424.379425
424.398925
424.432425
424.461900
424.468750
424.490075
424.512275
424.778025
424.800900
424.826025
424.888850
424.982950
425.073000
425.125875
425.151400
425.182400
425.215175
425.275300
425.285350
425.369475
425.381450
425.391175
425.422500
425.432350
425.453600
425.484250
425.545700
425.556675
425.586300
425.606100
425.617700
425.777375
425.929950
425.980350
425.996400
426.067475
426.129225
426.224525
426.270375
426.433450
426.474300
426.572425
426.604775
426.611150
426.635900
426.661800
426.668950
426.697250
426.706200
426.800125
426.813750
426.844725
426.847400
427.003225
427.041575
427.094825
427.195075
427.433525
427.497550
427.527525
427.563200
427.709600
427.725800
427.809900
427.814925
427.866375
427.877450
427.900475
427.924800
427.980375
427.986300
427.999225
428.031250
428.036425
428.427975
428.440975
428.590050
428.778625
428.871350
428.909200
428.985550
429.012575
429.042275
429.100900
429.136150
429.198650
429.241875
429.383750
429.439600
429.645225
429.713050
429.857800
429.911325
429.947650
429.986575
430.104675
430.116500
430.139700
430.168650
430.176775
430.289775
430.453150
430.539750
430.556575
430.657075
430.707450
430.792675
430.848800
430.903375
431.024050
431.053175
431.159600
431.166800
431.464650
431.743225
431.774025
431.781825
431.791775
431.811300
431.881525
431.900150
431.957300
432.032450
432.075925
432.100175
432.181500
432.200675
432.228150
432.263175
432.304425
432.335650
432.454150
432.512025
432.517375
432.554275
432.658175
432.806775
432.845975
432.854975
432.907975
433.063975
433.075375
433.424300
433.555250
433.565700
433.594975
433.640200
433.748125
433.815700
433.844025
433.866750
433.876675
434.229000
434.262675
434.322625
434.387325
434.584775
434.624675
434.665600
434.685675
434.724800
434.791550
435.019325
435.032350
435.043450
435.082650
435.120400
435.132600
435.163175
435.188550
435.239700
435.260300
435.267850
435.444775
435.548050
435.560775
435.608750
435.645100
435.656775
435.728200
435.922025
435.959125
435.994825
435.999350
436.016975
436.209975
436.362875
436.475750
436.493975
436.557650
436.659100
436.712675
436.834775
436.848800
436.882775
436.923775
436.939525
437.018675
437.050450
437.065975
437.096050
437.235775
437.244400
437.370275
437.415400
437.446775
437.454950
437.481025
437.506025
437.746675
437.766125
437.788775
437.981275
438.004825
438.053825
438.088900
438.138350
438.411650
438.492950
438.534925
438.653275
438.661000
438.676975
438.756400
438.830200
438.840125
438.862900
438.881800
438.884750
439.142475
439.210000
439.263975
439.495050
440.115125
440.265125
440.352550
440.361400
440.387150
440.572600
440.697550
440.706150
440.726850
440.758025
440.779775
440.819000
440.958675
440.963025
441.121575
441.145550
441.204050
441.550625
441.566850
441.606725
441.701975
441.907800
441.991925
442.117925
442.162975
442.186975
442.305800
442.549000
442.735525
442.763700
442.982675
443.017625
443.211575
443.301775
443.510825
443.541025
443.601675
443.628475
443.648775
443.743725
443.825625
443.982300
444.059075
444.336825
444.656250
444.670900
444.705775
444.857225
444.893500
444.942775
445.221575
445.315125
445.584275
445.603650
445.644125
445.836650
445.972500
446.038475
446.060900
446.076000
446.174525
446.201500
446.232200
446.285200
446.291800
446.428075
446.500950
446.511450
446.575000
446.721950
446.734400
446.874650
446.911400
446.979300
447.030400
447.416875
447.451150
447.504950
447.596400
447.723125
447.809125
447.819175
448.228975
448.280225
448.387875
448.426350
448.475875
448.493600
448.601375
448.650775
448.658300
448.675600
448.679550
448.694025
448.767975
448.778150
448.788675
448.794750
448.798775
448.860725
448.900850
448.928500
448.961225
448.991550
449.050075
449.099900
449.218425
449.256625
449.387150
449.403950
449.421350
449.434475
449.439100
449.447050
449.470625
449.486450
449.500600
449.508925
449.542225
449.601800
449.630525
449.659300
449.704575
449.755025
449.832425
449.860875
449.870950
450.014775
450.029200
450.035950
450.112025
450.113700
450.135950
450.140525
450.413400
450.439675
450.447250
450.517100
450.539275
450.592575
450.646825
450.694825
450.702300
450.709750
450.769950
450.787625
450.861475
450.866400
450.921150
451.086325
451.126575
451.134450
451.155250
451.285275
451.302250
451.487625
451.558025
451.564950
451.599300
451.678675
451.698900
451.723250
451.805200
451.908300
451.927375
451.938350
451.983375
452.004900
452.073575
452.177850
452.205500
452.295450
452.316700
452.318300
452.341100
452.367075
452.529550
452.721600
452.741850
452.750425
452.886350
452.918000
452.953100
452.976900
453.020075
453.114650
453.151575
453.162175
453.186600
453.240550
453.330225
453.444275
453.462875
453.549025
453.586800
453.649050
453.674925
454.024450
454.038950
454.045200
454.061975
454.277800
454.281575
454.314250
454.360025
454.373575
454.559025
454.799925
454.804900
454.923300
454.951875
454.981600
455.027825
455.074925
455.127600
455.128900
455.133000
455.184525
455.236825
455.256500
455.409050
455.423450
455.445200
455.459675
455.774300
455.804700
455.920375
456.057050
456.096950
456.131725
456.144350
456.222275
456.225975
456.494425
456.548375
456.580950
456.602225
456.606200
456.661825
456.685725
456.907000
456.956775
456.969775
456.976150
456.990075
456.994725
457.115800
457.142650
457.162100
457.251875
457.336650
457.518975
457.541250
457.548875
457.560750
457.679225
457.739500
457.827725
457.832625
457.857675
457.882575
457.898000
457.958250
458.174250
458.249550
458.280225
458.305750
458.332500
458.354500
458.377325
458.425525
458.508275
458.641350
458.748250
458.866925
458.882675
458.893675
458.907975
458.918825
458.950775
459.046275
459.131225
459.228675
459.254625
459.345775
459.369775
459.371600
459.609725
459.669425
459.671375
459.844100
459.870550
459.941650
459.975900
459.994275
460.032925
460.108800
460.148250
460.167925
460.226525
460.237775
460.260725
460.355775
460.366175
460.429725
460.686250
460.697825
460.773450
460.785075
460.861625
460.886925
461.069450
461.097100
461.139075
461.205300
461.501050
461.521550
461.568825
461.627950
461.668475
461.756050
461.851400
461.914225
461.930800
461.942325
461.968275
462.181825
462.232975
462.264750
462.291450
462.410625
462.428200
462.617375
462.623175
462.671975
462.746825
462.895950
463.043075
463.071025
463.104075
463.272775
463.308275
463.358625
463.369200
463.472325
463.529825
463.560850
463.612500
463.623500
463.657525
463.705900
463.883575
463.955600
463.975275
464.065650
464.124925
464.149950
464.347650
464.386725
464.534350
464.608375
464.773375
464.804650
464.811575
464.868300
465.003225
465.131750
465.212750
465.294700
465.334825
465.367775
465.417350
465.459675
465.471450
465.486500
465.732875
465.787375
465.824925
466.003725
466.066600
466.103725
466.678150
466.771250
466.823575
466.905825
466.934350
466.966150
467.006175
467.065675
467.093500
467.219150
467.301850
467.308700
467.384775
467.470600
467.483700
467.541175
467.574500
467.597250
467.663450
467.774275
467.811800
467.879075
467.970550
467.980550
468.001025
468.010275
468.110750
468.147000
468.228125
468.288300
468.315075
468.334400
468.432575
468.519825
468.533100
468.563600
468.680625
468.772125
468.941150
469.003200
469.010125
469.021425
469.056775
469.102925
469.345125
469.372600
469.421425
469.498700
469.511175
469.700875
469.705225
469.903200
469.911500
470.147775
470.160150
470.170900
470.270275
470.280825
470.456600
470.506925
470.592600
470.598525
470.736875
470.765650
470.782525
470.833425
470.850475
470.964175
471.038750
471.042900
471.053950
471.144550
471.227575
471.258825
471.297175
471.365950
471.519475
471.539925
471.573675
471.591475
471.618450
471.661475
471.700800
471.773100
471.942725
472.102775
472.105125
472.150875
472.170675
472.179850
472.186475
472.427800
472.488050
472.528575
472.597275
472.603975
472.647500
472.652375
472.674650
472.681625
472.798400
472.897850
472.939225
473.145200
473.174125
473.177600
473.296925
473.306925
473.347050
473.382475
473.589175
473.642600
473.671700
473.773125
473.885450
473.892850
473.908675
473.910275
473.922175
473.971925
474.018650
474.078475
474.081250
474.090850
474.117950
474.205625
474.227400
474.285675
474.322175
474.352200
474.364650
474.392825
474.419075
474.431925
474.454150
474.503375
474.521750
474.546775
474.580550
474.618200
474.621375
474.684100
474.685450
474.711250
474.768950
474.832475
474.892600
474.903475
475.006375
475.213950
475.315275
475.482150
475.561250
475.684300
475.708100
475.741825
475.744575
475.755275
475.768050
475.789675
475.809575
475.856075
476.053250
476.086550
476.126675
476.176675
476.224175
476.251650
476.397975
476.567225
476.598550
476.643000
476.762000
476.908700
476.985325
477.155200
477.176975
477.282550
477.336400
477.359950
477.521375
477.667600
477.739500
477.771600
477.977875
478.085550
478.106650
478.126925
478.140700
478.267700
478.319850
478.334650
478.348225
478.391825
478.408075
478.550050
478.558000
478.575750
478.593525
478.602000
478.636100
478.689200
478.721025
478.769600
478.783475
478.896775
478.982400
479.012400
479.079675
479.134300
479.140675
479.170425
479.182450
479.185650
479.211875
479.386250
479.393125
479.414450
479.426150
479.546200
479.871575
479.939100
480.228500
480.242325
480.273775
480.276150
480.322925
480.385425
480.398550
480.671900
480.783025
480.792300
480.812325
481.002475
481.006400
481.019675
481.092900
481.104675
481.121075
481.140825
481.384375
481.387400
481.432000
481.555100
481.598675
481.618375
481.652625
481.712475
481.721500
481.749850
481.777850
481.793775
481.844475
481.877675
481.951250
481.960475
481.997250
482.139675
482.149125
482.225225
482.332675
482.396975
482.541025
482.656300
482.953000
482.964625
482.997100
483.056725
483.203925
483.224925
483.407950
483.472250
483.478925
483.539100
483.554575
483.627775
483.666725
483.698975
483.727350
483.933275
483.981300
484.011925
484.087975
484.098650
484.141825
484.158625
484.160500
484.163700
484.181600
484.362625
484.482200
484.603750
484.718075
484.760025
484.804550
484.875475
484.883825
484.888075
484.970850
485.106725
485.253500
485.291775
485.382275
485.443150
485.489550
485.633425
485.967450
486.207825
486.211550
486.530850
486.557550
486.626975
486.782125
486.784100
486.799925
486.973475
487.010500
487.064175
487.176250
487.233600
487.294425
487.341750
487.368750
487.519375
487.573075
487.729700
487.822250
487.838150
487.861450
487.871575
488.026750
488.069125
488.114300
488.121850
488.131175
488.303825
488.398775
488.423500
488.438850
488.463425
488.506925
488.612075
488.681425
488.803025
488.872100
488.967150
489.019950
489.062400
489.100600
489.162675
489.214525
489.254525
489.272450
489.282075
490.975075
491.015175
491.503375
491.611550
491.628075
491.763350
491.816650
491.858825
491.863600
491.883125
491.924400
492.501225
492.586350
492.605200
492.611825
492.856175
492.909850
492.954150
493.251475
493.260900
493.312375
493.551600
493.581300
493.651700
493.654850
493.771175
493.943375
494.008275
494.100175
494.203825
494.490000
494.532525
494.697850
495.043675
495.138425
495.193075
495.332175
495.355700
495.480975
496.016400
496.419100
496.809275
496.865000
496.931650
497.072575
497.128400
497.160525
497.334650
497.357250
497.374025
497.417950
497.560975
497.635500
497.841000
498.076875
498.100000
498.249900
498.258900
498.276400
498.303350
498.400350
498.471825
499.168050
499.211075
499.233500
499.299400
499.399300
499.571275
499.601475
499.614250
499.685125
499.759200
499.809925
499.811150
499.920250
499.948375
499.998325
500.010825
500.019800
500.047150
500.063375
500.115800
500.154200
500.168300
500.210150
500.233850
500.291950
500.369600
500.501975
500.529425
500.619975
500.733650
500.808475
500.854375
500.856075
501.018425
501.074350
501.089325
501.116675
501.122475
501.134400
501.178425
501.374475
501.413175
501.531050
501.535425
501.569950
501.689375
501.846400
501.887000
502.014800
502.183175
502.206625
502.243600
502.360250
502.508650
502.643450
502.871175
503.029300
503.098275
503.104800
503.111150
503.431575
503.455025
503.527825
503.563750
503.708450
503.755825
503.780125
503.894175
503.939175
503.945775
504.024600
504.073375
504.179600
504.213825
504.267975
504.296575
504.312825
504.346925
504.426475
504.457200
504.509425
504.648375
504.661800
504.729850
504.741100
504.820325
504.845450
505.012475
505.021800
505.024350
505.109600
505.256100
505.315075
505.386750
505.422300
505.443700
505.480475
505.520950
505.660250
505.726775
505.735525
505.779550
505.798225
505.816625
505.892475
505.895875
506.085100
506.092175
506.218675
506.279875
506.411625
506.437600
506.568225
506.698100
506.699475
506.785875
507.000900
507.093575
507.125050
507.233300
507.379125
507.537100
507.562375
507.756500
507.811825
508.048725
508.156400
508.204200
508.209800
508.324950
508.344550
508.428350
508.535875
508.587450
508.831225
509.440400
509.505200
509.517150
509.535275
509.590350
509.673925
509.758650
509.822075
509.832550
509.838675
509.863850
509.914100
509.961850
509.999025
510.225825
510.325400
510.379400
510.434525
510.631950
510.652725
510.663875
510.817150
510.913775
511.089550
511.149975
511.156375
511.288475
511.353825
511.441700
511.489325
511.556375
511.570975
511.590300
511.653550
511.712850
511.743275
511.937125
511.968600
512.055975
512.504700
512.582625
513.021375
513.030150
513.124600
513.133075
513.155550
513.160050
513.304400
513.319650
513.571025
513.623750
513.772900
513.964400
514.006300
514.034725
514.228000
514.305375
514.610325
514.773125
514.933400
515.156500
515.157900
515.219200
515.248025
515.284000
515.420375
515.437275
515.452025
515.730075
515.874925
515.880350
516.005200
516.176000
516.520100
516.536400
516.568800
517.031350
517.059950
517.146925
517.162125
517.227375
517.281825
517.388975
517.436675
517.441125
517.737575
517.792800
517.945000
517.962200
518.347750
518.577350
518.702700
518.902050
519.006575
519.152525
519.354950
519.540025
519.724275
520.002800
520.034550
520.074075
520.138450
520.157775
520.248500
520.249925
520.280875
520.444375
520.467325
520.530700
520.606775
520.660700
520.708075
520.887475
521.040475
521.268200
521.318625
521.331250
521.364125
521.459175
521.520500
521.735550
521.844625
521.929800
521.931450
521.945475
522.292675
522.474925
522.504100
522.540400
523.133225
523.297350
523.342775
523.377325
523.481050
523.555900
523.603775
523.755675
523.869800
523.896575
524.093825
524.126525
524.206200
524.278300
524.302850
524.321750
524.377625
524.436600
524.456375
524.468175
524.644750
524.690075
524.749575
524.751750
524.768075
524.804600
524.996575
525.123225
525.183675
525.194150
525.229325
525.276625
525.456675
525.559700
525.585225
525.622700
525.704225
525.821025
526.019725
526.101500
526.133600
526.280950
526.300550
526.565000
526.707675
526.766775
526.787025
526.860025
526.867600
526.901425
527.007200
527.120150
527.184025
527.185925
527.224775
527.344450
527.370325
527.395425
527.426875
527.480225
527.483625
527.611375
527.842850
527.863675
528.036900
528.039475
528.117750
528.399375
528.444950
528.501500
528.762350
528.783550
528.831925
528.837625
528.896250
529.020650
529.071525
529.251875
529.597625
529.666025
529.766275
529.903325
530.069375
530.087200
530.097575
530.125450
530.138075
530.156275
530.229300
530.312800
530.565200
530.600175
530.709375
530.724350
530.797350
530.812775
530.819125
530.839750
530.896400
531.009200
531.217425
531.286275
531.323300
531.467075
531.518400
531.720325
531.833600
531.862025
531.897800
531.930375
531.952625
532.203000
532.235150
532.277150
532.319100
532.325750
532.577850
532.610775
532.727175
532.744750
532.922950
533.068400
533.087750
533.093925
533.159575
533.307350
533.383925
533.515750
533.526700
533.691375
533.839150
533.881825
533.943550
534.106675
534.425650
534.517425
534.519450
534.547325
534.678825
534.681450
534.719200
534.848600
534.883175
535.122650
535.176175
535.183025
535.242050
535.316875
535.339050
535.371650
535.456225
535.546400
535.596950
535.660925
535.713500
535.758125
535.884850
536.097325
536.133175
536.188900
536.319675
536.540400
536.566600
536.807575
536.816975
537.173450
537.234400
537.278650
537.424425
537.455800
537.511675
537.643025
537.707650
537.745650
537.754875
537.792850
537.967400
538.083150
538.134750
538.221725
538.227550
538.242200
538.257025
538.375225
538.395825
538.407725
538.462050
538.509775
538.698825
538.773350
538.857325
538.924475
539.089550
539.243450
539.263475
539.372375
540.148175
540.252875
540.363125
540.425975
540.523300
540.526750
540.551100
540.628550
540.637375
540.780175
540.920775
