0.192100
0.337075
0.901225
1.495575
1.868200
2.244950
2.323950
2.794550
3.122125
3.873450
4.072175
4.515475
4.610050
4.669275
5.145400
5.783550
5.818075
5.843675
5.853800
6.186225
6.254600
6.718625
6.994300
7.137775
7.147525
7.574675
7.745300
8.005225
8.367125
8.465425
8.564225
8.691025
9.031825
9.665550
10.332075
10.560750
10.572675
10.598200
10.610400
10.751250
10.811675
10.816700
10.838200
11.092325
11.162000
11.168050
11.179200
11.450425
11.452625
11.745325
11.759650
12.073925
12.347575
12.470800
12.933775
13.621050
13.704700
14.368600
15.787825
15.941550
16.161075
16.198975
16.249950
16.287475
16.646425
16.682750
16.750600
16.817825
16.881325
16.949700
16.999700
17.988650
18.528625
18.704625
18.807475
19.158150
20.359025
20.671475
20.915275
21.179375
21.530875
21.701900
21.753350
22.162550
22.239825
22.246125
22.315450
22.522025
23.279850
23.281975
23.352275
23.685575
24.639100
25.229975
25.465700
25.497975
25.704700
25.755100
25.908125
26.303025
26.535600
27.008800
27.026925
27.127300
27.150525
27.586700
27.864775
27.913325
28.553925
29.496875
29.727175
29.972175
30.970525
31.094725
31.336400
31.638850
32.991975
33.550000
33.710925
33.906075
34.040000
34.079550
34.192450
34.235175
34.595925
34.660550
34.816350
36.057925
36.143425
36.266400
36.879575
36.981350
38.065075
38.288600
38.378600
38.532350
39.305050
39.457925
39.871775
40.098125
40.298200
40.469550
40.518575
40.621200
40.676525
40.708650
40.858600
40.972625
41.184100
41.258075
41.396625
42.367350
42.595100
42.702375
43.271575
43.353325
43.731475
43.863225
43.918250
44.338800
44.698675
44.723475
44.753850
44.968575
45.067025
45.127750
45.190000
45.247700
45.434925
45.650500
46.184975
46.658825
47.071200
47.756900
47.783700
48.756975
48.871450
49.068050
49.127275
49.210275
49.309450
49.428425
49.561250
49.616350
50.034475
51.196700
51.840575
51.936900
52.144475
52.280000
52.444000
52.489050
52.554450
52.803600
53.509350
53.622750
53.764850
53.845175
54.737250
54.785200
55.030700
55.296875
55.903700
55.955100
56.034150
56.325200
56.553400
56.877500
57.107600
57.148975
57.220500
57.423500
57.475750
58.002750
58.053700
58.368025
58.493175
58.682850
58.806150
58.892600
59.496450
59.901175
60.088950
60.298400
60.385300
60.611550
60.619850
60.667300
60.737875
61.096750
61.552950
62.144225
62.796700
63.082300
63.351550
63.416100
63.636425
63.895250
64.019625
64.054700
64.162900
64.204450
64.594700
64.684875
64.860325
65.167675
65.392325
65.603125
65.648350
67.406300
67.850950
68.090900
68.722425
69.298700
69.615425
69.698125
69.812875
69.913225
70.234175
70.310225
70.996650
71.165325
71.597450
72.046150
72.131050
72.362700
72.489300
72.628175
72.664425
72.722925
72.804900
72.919025
72.988725
73.154300
73.225725
73.374950
73.497525
73.637800
73.682150
73.747375
74.100675
74.373400
74.476275
74.666275
74.908300
74.950950
75.113800
75.155975
75.218400
75.293975
75.460800
75.519550
75.607625
76.067450
76.219450
76.315250
76.394025
76.503400
76.642000
76.758625
76.846325
77.063650
77.180075
77.283875
77.320600
77.408075
77.638950
77.804850
77.842625
78.101875
78.254825
78.316625
78.492650
78.525375
78.641500
78.696125
78.773900
78.847800
78.880600
78.886325
78.939000
78.965425
78.981725
79.096100
79.309325
79.365200
79.445775
79.489650
79.772800
79.899000
80.069025
80.322300
80.360325
80.624925
80.905950
80.992625
81.130900
81.300000
81.439550
81.567050
81.586175
81.611125
81.651925
81.686800
81.742125
81.834100
82.123275
82.308350
82.373325
82.903900
82.952775
83.135600
83.197625
83.248125
83.282725
83.334950
83.455125
83.468525
83.623900
83.680800
83.805475
83.852475
83.998625
84.231825
84.342050
84.399975
84.462175
84.520925
84.639325
84.834650
84.940125
85.252025
85.386750
85.424525
85.482050
85.512175
85.550850
85.607950
85.676225
85.744025
85.745550
85.794725
85.870925
85.892125
85.932675
86.172425
86.386575
86.456400
86.622650
86.844625
86.897625
87.002075
87.072025
87.233575
87.342975
87.438075
87.528600
87.576625
87.611900
87.645975
87.678850
87.793325
88.036325
88.215975
88.350600
88.497250
88.646875
88.846950
89.082250
89.187900
89.256950
89.370700
89.434925
89.505850
89.566525
89.693025
89.695625
89.746300
89.817300
89.902975
89.973475
90.074975
90.135125
90.203325
90.288375
90.583575
90.640575
90.708000
90.806100
90.951250
91.094225
91.199350
91.408900
91.451875
91.512725
91.713050
91.783400
91.946400
92.026725
92.146275
92.213900
92.283875
92.399875
92.550525
92.681275
92.721175
93.008750
93.144150
93.708500
93.758875
93.921025
94.015500
94.071075
94.104325
94.119725
94.169100
94.295300
94.366500
94.432675
94.530900
94.682525
94.722100
95.127600
95.171875
95.238075
95.334550
95.455325
95.533600
95.592500
95.634275
95.690325
95.998000
96.208275
96.262450
96.307375
96.466025
96.701975
96.915275
96.984750
97.043975
97.267600
97.558325
97.580025
97.697300
97.751575
97.785450
97.826975
97.848050
97.864575
97.917825
97.972975
98.009050
98.049400
98.146700
98.796050
98.938875
99.121800
99.228950
99.294100
99.364500
99.466925
99.481475
99.539050
99.610800
99.875950
99.991325
100.026300
100.114475
100.240600
100.395400
100.611000
100.713550
100.750425
100.904025
101.042925
101.348275
101.446250
101.454350
101.521850
101.576600
101.707275
102.216125
102.310950
102.790550
102.847000
103.242250
103.402875
103.577575
103.771275
103.786050
103.824875
103.908925
104.028350
104.066175
104.120000
104.255175
104.304875
104.485400
104.839625
105.257175
105.340675
106.554350
106.678975
106.707375
106.818400
106.850550
106.996400
107.084550
107.135825
107.151050
107.179975
107.233650
107.337225
107.378400
107.476850
107.529400
107.610550
107.725375
107.901475
108.483925
108.568825
109.431800
109.465200
109.527775
109.676900
110.012825
110.048725
110.072275
110.095825
110.121025
110.146325
110.190275
110.298925
110.345225
110.375700
110.607325
110.740175
110.976825
111.199800
111.333150
112.058350
112.139250
113.149900
113.327675
113.421575
113.468200
113.494400
113.542450
113.565725
113.645200
113.669025
113.725400
113.865800
113.903450
114.086400
114.233625
114.386175
114.426550
114.442800
114.488350
114.644300
114.872725
115.249950
115.290700
115.461250
115.729500
115.920200
115.942725
115.973775
116.128150
116.274450
116.307575
116.842125
116.885000
116.949075
117.284000
117.340875
117.419375
117.471425
117.555925
117.651450
117.698900
117.724150
117.833750
117.964875
118.000750
118.746900
118.905375
119.418275
119.541600
119.672200
119.787400
119.880750
119.906675
119.960950
120.015325
120.035300
120.101675
120.144625
120.181950
120.240450
120.256175
120.356450
120.447875
120.495725
120.668175
120.919775
121.041925
121.227250
121.263875
121.733450
122.151300
122.261650
122.469525
122.678450
122.883475
123.103550
123.203950
123.497225
123.551450
123.581725
123.588875
123.677425
123.763850
123.887975
123.926725
123.971475
124.049675
124.208450
124.312975
124.343100
124.522550
124.597050
124.744775
124.884475
124.965925
125.126675
125.317100
125.671850
125.818200
126.014750
126.064300
126.377950
126.587025
126.611300
126.629625
126.651075
126.681450
126.965175
127.108000
128.621250
129.258875
129.428100
129.630700
129.736300
129.774775
129.843800
129.942775
130.028400
130.558075
130.659575
130.696275
130.776450
130.851500
130.897075
131.295150
131.490900
131.752575
131.813900
131.854275
132.065050
132.097675
132.138850
132.206050
132.208700
132.246975
132.460450
132.540825
132.820500
132.986950
133.178800
133.335975
133.576550
133.614225
133.707100
133.832900
133.975725
134.064750
134.239900
134.415475
134.879925
134.967800
135.140725
135.431000
135.467800
135.497000
135.540300
135.585525
136.390675
136.696100
136.955050
137.087675
137.247800
137.301350
137.456750
137.523100
137.550800
137.610125
137.819275
137.873650
138.018500
138.223275
138.702425
138.786725
139.025875
139.064450
139.104225
139.172975
139.248525
139.628325
139.723950
139.800575
139.958800
140.302125
140.373450
140.509800
140.596950
140.670000
140.784725
140.818700
141.213250
141.597750
141.764950
141.773575
141.791150
141.793800
141.830900
141.847550
141.883675
141.980125
142.026650
142.082025
142.254675
142.333300
142.420450
142.477575
142.647400
142.665400
142.708825
142.898375
143.198525
143.410875
143.698850
143.802375
143.818150
144.039675
144.227025
144.343725
144.389200
144.468200
144.557875
144.662400
144.711550
144.735900
144.786725
145.029050
145.214700
145.279275
145.368775
145.518450
145.574375
145.720875
145.904675
146.165050
146.224125
146.410675
146.631000
147.088700
147.107500
147.137800
147.292425
147.313825
147.349225
147.489500
147.621300
147.701900
147.791100
147.832575
147.871800
148.413900
148.533550
148.771225
148.861750
148.920100
149.092600
149.277325
149.592050
149.766550
149.774275
149.800200
150.016125
150.154750
150.300550
150.341750
151.125400
151.542775
151.691925
151.744250
151.816250
151.939400
151.984975
152.055425
152.155675
152.283350
152.321400
152.482925
152.570875
152.647925
152.945075
153.001025
153.142250
153.230325
153.290200
153.331650
153.494650
153.598225
153.834050
153.949425
154.221750
154.264675
154.816300
154.881300
154.905100
154.939600
155.019075
155.069225
155.087400
155.126025
155.173025
155.211025
155.267700
155.500025
155.623500
155.825250
156.085375
156.233375
156.310175
156.355600
156.460475
156.522475
156.584600
156.842400
156.873525
157.081850
157.155100
157.286750
157.508200
157.795425
157.967675
158.063025
158.280575
158.427650
158.540825
158.621650
158.745100
159.020300
159.104850
159.211550
159.253000
159.296725
159.339525
159.507575
159.656175
159.777375
159.901650
160.231750
160.290325
160.898150
161.065925
161.117525
161.306800
161.413450
161.452275
161.556075
161.659700
161.724775
161.756425
161.903800
162.084700
162.414800
162.768800
163.008775
163.026025
163.146350
163.254325
163.401375
163.863225
163.917825
163.971975
164.064575
164.223925
164.323150
164.366675
164.423750
164.499025
164.577800
164.824675
164.892850
165.026775
165.064750
165.161725
165.293750
165.424400
165.442375
165.539275
166.247850
166.370775
166.552925
166.895375
167.077300
167.422900
167.551725
167.758500
167.893750
167.953225
168.010950
168.123675
168.248300
168.456200
168.668800
168.683625
168.957575
169.322350
169.437075
169.647975
169.749575
169.802375
169.860325
169.909225
169.977975
170.006425
170.023300
170.105000
170.264425
170.445825
170.650600
170.691850
170.708950
170.800575
170.874600
170.966175
171.137600
171.218500
171.302325
171.341375
171.459800
172.271475
172.591900
172.687175
172.692350
172.811875
173.039950
173.094000
173.148275
173.216625
173.267100
173.322975
173.589425
173.622275
173.788550
173.824925
173.886825
173.986475
174.110650
174.221125
174.299625
174.443675
174.596250
174.818800
174.927450
175.028050
175.105050
175.216725
175.325225
175.581925
175.968350
176.248600
176.639325
176.677225
176.718625
176.744075
176.786375
176.889625
176.932375
176.950600
177.237150
177.503475
177.627400
177.752475
177.885750
177.978100
178.184050
178.272525
178.398550
178.580250
178.709925
178.782925
178.995375
179.055975
179.223725
179.449650
179.489450
179.660450
179.809575
180.074050
180.184500
180.594575
180.744100
181.222350
181.790350
181.819100
181.854625
181.935425
182.000600
182.269325
182.353700
182.377200
182.386250
182.510975
182.612300
182.661275
182.892950
182.981625
183.119050
183.226775
183.590600
183.743975
183.821025
183.898975
183.917800
184.196625
184.531250
184.600950
184.726325
184.839675
185.172450
185.347450
185.498050
185.521925
185.579825
185.683350
186.124125
186.167050
186.398550
186.557400
186.654575
186.711550
186.807550
187.300400
187.343825
187.428550
187.540625
187.610450
188.101875
188.305125
188.439225
188.514400
188.599075
189.151275
189.214800
189.297900
189.404825
189.425425
189.509200
189.572650
189.759550
190.208550
190.493550
191.148775
191.445075
191.498825
191.798650
191.839175
191.929800
192.005150
192.172750
192.494150
192.554675
192.647375
192.738500
192.925850
192.985750
193.081325
193.495125
193.610375
193.821925
194.046875
194.054200
194.121700
194.223400
194.591075
194.630825
194.659100
194.685525
194.727200
194.764825
194.777775
194.804975
194.870850
195.708425
196.312150
196.376375
196.571000
196.683225
196.815800
196.825300
196.953300
197.402825
197.502225
197.553275
197.722950
197.887575
198.000075
198.115275
198.190975
198.396325
198.456200
198.532150
198.534200
198.811850
199.040050
199.121125
199.174925
199.253350
199.323650
199.356800
199.472825
199.506150
199.677325
199.710525
199.899900
199.979525
200.088300
200.564150
200.605950
200.641375
200.669125
200.904950
200.976800
201.109925
201.188750
201.244175
201.254275
201.421800
201.577500
202.004975
202.045500
202.282050
202.345925
203.083475
203.356075
203.511050
203.949300
204.129125
204.162950
204.447500
204.688750
204.987200
205.127550
205.172775
205.320775
205.352975
205.407900
206.136450
206.157250
206.369000
206.504025
206.532325
206.783275
207.463725
207.522000
207.646650
207.811800
207.959000
208.020700
208.081275
208.146375
208.243575
208.475425
208.578325
208.606875
208.656075
208.791100
208.913500
208.962050
209.242875
209.329625
209.586150
210.190125
210.484725
210.519250
210.581425
210.632425
210.738925
210.755250
210.798575
210.866400
210.920325
211.035775
211.077425
211.132550
211.552950
211.728225
211.739825
211.811750
212.029675
212.358100
212.543325
212.916050
213.551325
213.556250
213.630650
213.680600
213.755425
213.893975
213.949225
214.076075
214.244250
214.321025
214.416300
214.473600
214.693425
215.840600
216.430200
216.504300
216.532775
216.585300
216.658050
216.739800
216.871300
216.937475
216.969075
217.160000
217.292150
217.348800
217.496575
217.603075
217.748250
217.794550
217.822525
217.838925
217.894475
217.956375
218.002200
218.405350
218.452775
218.636125
218.741200
218.788100
218.877775
218.937650
219.026700
219.074250
219.146100
219.185675
219.244450
219.439575
219.673475
219.710875
219.872725
219.990525
220.616850
220.702250
221.414250
221.994950
221.999125
222.023225
222.064150
222.074675
222.086775
222.108975
223.000325
223.360875
223.795925
223.936800
224.055875
224.264775
224.368875
224.443375
225.266725
225.699175
225.724475
225.752575
225.883775
225.989850
226.203275
226.346325
226.416625
226.458600
226.735200
226.794950
226.882700
226.915150
226.957750
227.028800
227.116900
227.268250
227.321900
227.327850
227.415100
227.444275
227.580025
227.801275
227.825500
227.880400
227.948750
227.991200
228.090975
228.272800
228.314225
228.441525
228.468925
228.539475
228.569200
228.605975
228.674775
228.726150
228.844700
228.879250
228.900600
229.038825
229.094300
229.143875
229.192125
229.356575
229.415750
229.471175
229.593450
229.615475
229.794575
229.890825
229.892750
229.952275
230.053025
230.117275
230.287025
230.363950
230.444650
230.524900
230.541050
230.989800
231.217075
231.658475
231.706200
231.739625
231.843200
231.920225
231.950125
232.104650
232.275500
232.386525
232.540850
232.615075
232.966425
233.103425
233.225675
233.652375
233.895425
233.920825
233.935975
233.971825
234.007225
234.014900
234.065425
234.109850
234.212175
234.255500
234.303175
234.331100
234.333600
234.509300
234.691225
234.720175
234.755800
234.844450
234.923175
235.001900
235.112550
235.146600
235.171325
235.236275
235.752550
235.965225
236.024175
236.217550
236.412275
236.497850
237.028775
237.031925
237.107175
237.134025
237.176000
237.232425
237.291425
237.386600
237.404325
237.461850
237.492825
237.504400
237.540325
237.617725
237.736900
237.796475
237.827150
237.867850
237.938500
237.965425
238.109500
238.402225
238.470025
238.567700
238.906325
238.964625
239.070900
239.457225
239.563075
239.888150
240.160950
240.223375
240.239300
240.267725
240.493000
240.676925
240.865425
240.873025
241.140850
241.299425
241.421175
241.567175
241.635600
241.747000
241.795425
241.827600
242.089900
242.115000
242.151575
242.441675
242.848950
243.390650
243.432600
243.490075
243.505375
243.665625
243.681825
243.702225
243.740150
243.857150
244.073325
244.175225
244.191675
244.579850
244.594750
244.654925
244.717875
244.767950
244.878100
244.910050
244.927050
245.123525
245.433700
245.483350
245.513150
245.621425
245.659450
245.707250
245.883675
245.936625
246.001800
246.034075
246.074025
246.117325
246.357525
246.486900
246.488700
246.554725
246.628575
246.808050
246.860425
247.151325
247.218650
247.328400
247.510350
247.734950
247.782525
247.862350
247.916950
247.938600
248.322525
248.378525
248.444750
248.714450
249.093025
249.253575
249.339600
249.518725
249.674250
249.713150
249.763650
249.815625
249.847950
249.888500
249.970425
250.097575
250.183975
250.212350
250.218025
250.313325
250.414050
250.590000
250.672600
250.717075
250.776375
251.126975
251.304225
251.432950
251.455000
252.027175
252.107175
252.344750
252.652900
252.703200
252.988525
253.205050
253.308850
253.344350
253.378225
253.420825
253.429150
253.447575
253.512675
253.527000
253.651625
253.832000
253.908300
253.967425
254.289150
254.422500
254.440775
254.540575
254.664825
254.670525
254.690875
255.100000
255.141575
255.259250
255.287750
255.326500
255.652575
255.759550
255.874275
255.949475
256.001225
256.162700
256.691575
256.708375
256.745250
256.749450
256.766650
256.782075
256.785275
256.825775
256.856200
256.882000
256.904125
257.128875
257.508650
257.538375
257.565100
257.618175
257.676900
257.774175
257.923725
258.176575
258.410450
258.495725
258.677275
258.843800
258.956150
258.985425
259.357825
259.526075
259.582025
259.592350
259.972025
259.987850
260.270725
260.351625
260.476900
260.701950
260.863200
260.944375
261.198750
261.281375
261.321875
261.401075
261.473950
261.501575
261.622650
261.668750
261.768225
261.855625
261.896850
261.983175
262.092550
262.178625
262.283750
262.338750
262.444475
262.585200
262.836600
262.941775
263.007350
263.047800
263.136425
263.204150
263.266925
263.428500
263.511600
263.726675
263.983375
264.265225
264.323325
264.364600
264.523775
264.602650
264.768525
264.857875
265.101200
265.150900
265.395775
265.775000
265.942800
266.076400
266.186200
266.218400
266.313875
266.379175
266.468125
266.558000
266.719925
266.906925
266.958750
267.072000
267.153000
267.422875
267.896750
267.993425
268.483550
268.681125
268.855575
268.921575
269.020175
269.125625
269.227525
269.293150
269.319675
269.424000
269.589125
269.659900
269.796125
269.846225
269.921350
269.968725
270.297300
270.411375
270.522375
270.640200
270.741975
270.831775
270.920550
270.980325
271.227975
271.333650
271.498525
271.553975
271.590075
271.911300
272.033500
272.305125
272.373475
272.544650
272.581900
272.635475
273.279325
273.408275
273.451725
273.475650
273.488675
273.547650
273.572700
273.638750
273.669350
274.148600
274.232300
274.350125
274.387975
274.470225
274.524350
275.006325
275.077875
275.130225
275.158350
275.359650
275.551375
275.921475
276.035575
276.387125
276.661975
276.815875
276.965100
277.042750
277.153450
277.369350
277.461000
277.465400
277.502150
277.592375
277.803425
277.917225
277.935125
278.116525
278.164000
278.217775
278.231550
278.252500
278.281450
278.357375
278.385025
278.575600
278.599175
278.752025
279.145000
279.207250
279.439850
279.590775
279.652550
279.658550
279.697625
279.831200
279.993525
280.349125
280.490075
280.641700
280.768200
280.887150
280.965900
282.192875
282.303100
282.321525
282.357500
282.389075
282.438100
282.464325
282.502000
282.526100
282.695375
282.773475
282.806525
282.856375
282.943350
282.998525
283.025025
283.139975
283.170000
283.262750
283.430525
283.507500
283.509425
283.634800
283.701650
283.708900
283.812150
283.972875
284.081175
284.185025
284.217775
284.456525
284.739125
284.875975
285.250700
285.268575
285.324050
285.359125
285.389125
285.452750
285.535200
285.588425
285.646200
285.798375
285.956150
285.975825
286.139125
286.251325
286.293200
286.476850
286.585325
286.642775
286.763125
286.929175
287.018775
287.155750
287.362450
287.387675
287.685175
288.286300
288.326475
288.361200
288.414675
288.440400
288.518775
288.708775
288.812400
288.846325
288.978725
289.097675
289.125000
289.303700
289.484175
289.607075
289.694475
289.760400
290.003100
290.033475
290.144775
290.197375
290.376475
290.914725
290.998125
291.123150
291.145575
291.229900
291.316575
291.418075
291.447575
291.485225
291.506950
291.557175
291.570725
291.607550
291.686750
291.715400
291.788775
291.956925
292.173325
292.267075
292.304825
292.509650
292.627675
292.671175
292.827075
293.153975
293.191575
293.351900
293.573175
293.597250
293.765925
293.808125
293.909450
293.976125
294.109050
294.299050
294.446650
295.266825
295.298800
295.309675
295.342425
295.368525
295.397725
295.452750
295.477225
295.558675
295.610825
295.692200
295.860275
295.918950
296.106125
296.285150
296.338075
296.434475
296.608325
296.674525
296.879550
297.000675
297.135600
297.315450
297.413775
297.483675
297.638075
297.708950
297.787375
297.884475
298.009400
298.083475
298.133075
298.251125
298.349325
298.929550
299.015200
299.219400
299.382975
299.492600
299.594000
299.701100
299.735850
