# # All spikes for Neuron
0.018200
0.031025
0.126575
0.229500
0.300700
0.373700
0.419225
0.436400
0.467575
0.496825
0.540975
0.615275
0.676125
0.766175
0.907900
1.072625
1.351250
1.396775
1.588225
1.660425
1.791475
1.871075
1.896475
2.027500
2.097975
2.193025
2.215125
2.285425
2.434875
2.549350
2.716900
2.762450
2.781025
2.803325
2.900350
2.953625
3.023125
3.127275
3.197000
3.507650
3.552725
3.620300
3.777775
3.812275
3.819075
3.852375
3.872000
3.991925
4.037800
4.068300
4.079125
4.181100
4.292850
4.327075
4.356950
4.394850
4.411850
4.460850
4.513025
4.589400
4.626050
4.680775
4.760600
4.867200
4.958325
5.155175
5.235325
5.308425
5.362950
5.511200
5.563225
5.618375
5.624300
5.671000
5.755200
5.791600
5.860900
5.918350
6.196700
6.297675
6.607175
6.644100
6.698100
6.740225
6.863075
6.929400
7.004475
7.127625
7.201275
7.247150
7.279200
7.359050
7.444650
7.499575
7.541575
7.691600
7.722525
7.738000
7.763200
7.789100
7.907125
7.967075
8.000100
8.015875
8.060825
8.109875
8.147050
8.233225
8.315200
8.352400
8.385000
8.633150
8.656250
8.689925
8.746350
8.814575
8.867500
8.953350
9.009225
9.223325
9.287675
9.318700
9.361175
9.386175
9.473750
9.533550
9.559775
9.597350
9.640600
9.679350
9.805525
9.846500
9.882475
9.883775
9.940300
9.970850
10.067375
10.103675
10.166375
10.211850
10.231550
10.306225
10.390075
10.429325
10.508325
10.690100
10.742525
11.002225
11.049350
11.187375
11.251800
11.417325
11.537900
11.633800
11.656200
11.692875
11.803150
11.864000
11.888225
11.911500
11.929425
11.962025
12.046275
12.099975
12.151975
12.169075
12.204600
12.230300
12.329925
12.336425
12.373125
12.416825
12.430625
12.440750
12.467550
12.492950
12.511325
12.565700
12.618550
12.704825
12.760800
12.845800
12.877750
12.945850
12.975050
13.110400
13.162125
13.203750
13.325250
13.333500
13.365950
13.382675
13.457400
13.488775
13.537250
13.562750
13.600700
13.678025
13.708900
13.811800
13.849375
13.890775
13.929050
13.939400
13.947675
13.957325
13.983625
13.998200
14.043525
14.121875
14.165175
14.210175
14.223275
14.235050
14.263700
14.353825
14.400525
14.435550
14.467825
14.497400
14.534100
14.568525
14.597400
14.642275
14.697200
14.709150
14.773875
14.867150
14.905125
14.948550
15.005025
15.068150
15.100725
15.193725
15.219250
15.338075
15.439150
15.472400
15.486700
15.506225
15.567475
15.617325
15.655200
15.739975
15.830075
15.944925
15.966525
15.988600
16.148000
16.166650
16.299475
16.342375
16.399825
16.662475
16.679750
16.763025
16.811100
16.864075
17.013025
17.065175
17.104550
17.150275
17.268125
17.339875
17.435100
17.498250
17.539375
17.582400
17.609825
17.660250
17.714725
17.770650
17.830225
17.868975
17.941400
18.042925
18.223900
18.245500
18.284575
18.498675
18.542100
18.601175
18.679575
18.724200
18.805225
18.843150
18.889425
18.959725
19.002450
19.030175
19.077875
19.125950
19.157650
19.231900
19.343500
19.375150
19.396400
19.568625
19.659000
19.693650
19.783125
19.946900
20.074875
20.125175
20.300375
20.309700
20.352325
20.398050
20.462025
20.585200
20.715025
20.808875
21.069300
21.144625
21.196350
21.288625
21.325925
21.390925
21.446500
21.496325
21.586500
21.721900
21.877350
21.921300
22.138450
22.166325
22.254250
22.515750
22.586500
22.877600
22.931450
22.995025
23.131900
23.186950
23.220325
23.258850
23.317800
23.329100
23.406825
23.452125
23.488275
23.514350
23.676875
23.741775
23.771625
23.778275
23.797700
23.811950
23.832625
23.857650
23.895525
23.925900
23.941425
23.967400
23.983225
24.096925
24.256850
24.288400
24.306925
24.345525
24.379450
24.413900
24.472300
24.584850
24.596825
24.634325
24.738250
24.773550
24.823000
24.877350
24.953975
24.963350
25.059625
25.137500
25.435950
25.601325
25.607575
25.885150
25.969200
25.997250
26.016450
26.045500
26.086500
26.285775
26.384750
26.475575
26.520025
26.591825
26.639725
26.873475
26.972050
27.050375
27.070050
27.098575
27.123150
27.148925
27.180825
27.205025
27.213725
27.305250
27.370275
27.422925
27.464525
27.550525
27.584100
27.629575
27.684375
27.722425
27.842925
27.872375
27.910625
27.974775
28.066950
28.104050
28.122525
28.161900
28.224825
28.242350
28.312250
28.364950
28.436900
28.518000
28.592125
28.723225
28.790075
28.845775
28.885000
28.989500
29.039825
29.146875
29.199075
29.303725
29.456550
29.568500
29.619625
29.662975
29.800050
30.186300
30.259900
30.342375
30.417650
30.462325
30.515775
30.555575
30.635200
30.650375
30.684900
30.739875
30.803300
30.837950
30.908025
30.953300
30.971075
31.052075
31.075125
31.122425
31.160925
31.275575
31.285850
31.455125
31.563025
31.587625
31.596650
31.620525
31.666675
31.677850
31.699325
31.733200
31.742475
31.779525
31.799200
31.895475
31.951000
31.977000
32.000750
32.043650
32.163325
32.247950
32.291025
32.343300
32.420100
32.437725
32.479575
32.516275
32.593600
32.653775
32.867375
33.055500
33.103425
33.118875
33.291475
33.327575
33.330800
33.368475
33.383925
33.404150
33.425425
33.438000
33.464900
33.482350
33.578750
33.678675
33.732225
33.780775
33.816825
33.843975
33.863575
33.915575
33.940475
33.994475
34.173825
34.353475
34.445850
34.482825
34.512725
34.547500
34.811475
34.814175
34.833725
34.861825
35.033875
35.100950
35.116925
35.148975
35.191475
35.204025
35.224575
35.242375
35.255900
35.305925
35.318225
35.359325
35.416625
35.475625
35.509200
35.540150
35.568650
35.614225
35.721650
35.842900
36.074550
36.108425
36.120975
36.132600
36.163575
36.189625
36.312225
36.336650
36.410000
36.453375
36.554400
36.588650
36.639100
36.730925
36.790575
36.881500
36.962100
37.072475
37.122475
37.307225
37.330350
37.396650
37.517225
37.580725
37.660900
37.810050
37.848175
37.927350
38.134225
38.177375
38.216450
38.240875
38.290175
38.316550
38.338275
38.344825
38.446450
38.482525
38.569825
38.643525
38.692175
38.718600
38.743850
38.768450
38.800675
38.871225
38.888625
38.969475
39.014725
39.039525
39.070775
39.165175
39.260850
39.309275
39.312825
39.349850
40.375800
40.719375
41.211075
41.270350
41.358200
41.757350
41.973825
42.852650
43.918650
44.523875
48.313350
49.284900
49.368275
49.520700
49.596525
49.745400
50.046525
50.207925
50.230700
50.312625
50.434325
50.746725
50.862775
50.924375
51.013700
51.228100
51.285000
51.522400
51.608650
51.688100
51.798275
51.828850
51.867900
51.951775
52.064550
52.229700
52.332225
52.464100
52.584025
52.764525
52.798025
53.136450
53.223975
53.261950
53.616475
53.710650
53.767725
53.795350
53.898025
53.982500
54.111025
54.205450
54.318750
54.398375
54.573750
54.599900
54.642250
54.673625
54.871400
54.923325
54.996775
55.097400
55.240450
55.286400
55.418175
55.504350
55.598625
55.651200
55.669650
55.730600
55.803100
55.833250
55.877800
55.935575
56.110350
56.163475
56.310575
56.448975
56.488400
56.558500
56.663225
56.861250
56.886775
57.088125
57.165475
57.199625
57.243300
57.282175
57.362825
57.434125
57.481400
57.515700
57.650025
57.780625
57.788275
57.871825
57.969475
58.159625
58.216375
58.236950
58.280900
58.343875
58.365100
58.477050
58.551850
58.577100
58.741250
58.815275
58.878000
58.965525
59.242950
59.286275
59.317700
59.475175
59.556025
60.066350
60.095350
60.448825
60.468900
60.494475
60.528725
60.583600
60.605450
60.636675
60.656700
60.678200
60.724875
60.950300
60.964525
61.013900
61.165650
61.189600
61.205700
61.240175
61.261575
61.372475
61.446325
61.559650
61.585875
61.599500
61.608175
61.629775
61.673350
61.715200
61.782800
61.820750
61.857025
61.917575
61.936900
61.970850
62.024000
62.058925
62.135100
62.201950
62.267275
62.279725
62.290525
62.315775
62.332750
62.357325
62.436325
62.464225
62.514450
62.546250
62.673700
62.714125
62.740875
62.802600
62.830025
62.941250
62.998000
63.064150
63.090900
63.156900
63.465550
63.500500
63.560975
63.596775
63.652475
63.734200
63.814450
63.843750
63.882775
64.007125
64.103350
64.123725
64.150650
64.205975
64.243325
64.291125
64.354300
64.439650
64.496100
64.597025
64.622150
64.940000
64.985600
65.056875
65.111125
65.260075
65.407250
65.439925
65.472050
65.531225
65.644925
65.674950
65.835100
65.972225
66.035400
66.239200
66.435250
66.549000
66.710150
66.763625
66.792675
66.832775
66.936575
66.956200
67.083825
67.185000
67.207500
67.225200
67.250325
67.285975
67.346400
67.385425
67.441200
67.468825
67.493025
67.509450
67.644400
67.708650
67.732500
67.805600
67.855625
68.104150
68.205650
68.428875
68.444600
68.509250
68.540125
68.642725
68.683175
68.704525
68.790300
68.868225
68.946475
69.035325
69.177375
69.243000
69.275800
69.334050
69.497575
69.688200
69.726500
69.788175
69.821475
69.872975
69.919575
69.980900
70.150325
70.171300
70.189700
70.205075
70.343700
70.368200
70.447225
70.471200
70.494075
70.575800
70.685525
70.743700
70.764025
70.793925
70.950500
70.992350
71.015975
71.058725
71.116700
71.179800
71.193175
71.297450
71.300300
71.366775
71.427475
71.455325
71.499000
71.528525
71.553050
71.619150
71.687025
71.731400
71.834700
71.874900
71.952775
71.997200
72.030700
72.133925
72.290375
72.318275
72.336575
72.370950
72.423550
72.482200
72.522750
72.558950
72.600000
72.659275
72.714650
72.776625
72.818625
72.864725
72.910500
72.937475
72.975025
73.019725
73.173325
73.201100
73.316275
73.361900
73.420725
73.488225
73.516550
73.568975
73.580700
73.731125
73.808575
73.861075
73.989275
74.063250
74.145425
74.193325
74.300200
74.483425
74.549650
74.653850
74.687125
74.765925
74.808500
74.849550
74.864700
74.880925
74.900475
74.913200
74.929000
74.969425
75.077625
75.137075
75.190600
75.216125
75.331375
75.355725
75.365650
75.385850
75.399875
75.428600
75.460075
75.509125
75.579650
75.592875
75.593975
75.604225
75.609750
75.616900
75.664150
75.751225
75.806375
75.840100
75.861200
75.888600
75.988775
76.076225
76.108100
76.147675
76.166875
76.258325
76.289375
76.327575
76.461775
76.488075
76.621950
76.660525
76.792375
76.870300
76.958825
77.113600
77.167825
77.353675
77.617350
77.725400
77.933550
78.036825
78.105750
78.223575
78.313850
78.481400
78.527950
78.617875
78.649775
78.690675
78.732025
78.768975
78.817400
78.990250
79.038525
79.077700
79.157875
79.204300
79.237975
79.257775
79.303750
79.383400
79.527125
79.595725
79.657925
79.679600
79.703075
79.746375
79.781075
79.995625
80.053500
80.070750
80.102675
80.320200
80.342625
80.387975
80.495425
80.539325
80.573175
80.726725
80.820250
80.859425
80.872200
80.890625
80.908275
80.982525
81.109300
81.122475
81.208950
81.280625
81.329000
81.400625
81.437775
81.669400
81.739825
81.881875
81.987950
82.026500
82.107275
82.200375
82.255625
82.284675
82.327100
82.361150
82.411100
82.499225
82.578575
82.589950
82.608050
82.630600
82.649400
82.720275
82.840725
82.996725
83.126075
83.222425
83.453300
83.568500
83.679700
83.786950
83.818850
83.866350
83.945950
84.130725
84.162950
84.225650
84.262375
84.310400
84.352650
84.388850
84.417600
84.454125
84.591700
84.682125
84.779900
84.885125
85.035500
85.063200
85.105325
85.142925
85.335325
85.390775
85.425925
85.460625
85.500100
85.540125
85.598100
85.708025
85.735600
85.779700
85.828975
85.844350
85.864300
85.877300
85.961100
85.999100
86.092350
86.111850
86.137400
86.159400
86.422275
86.432475
86.488425
86.645400
86.675625
86.706600
86.733800
86.756050
86.896675
87.012025
87.032150
87.054500
87.080975
87.137225
87.184650
87.240050
87.301750
87.337850
87.423475
87.532825
87.669000
87.709750
87.878175
87.934075
87.978775
88.034250
88.092375
88.173075
88.329825
88.424100
88.468775
88.500600
88.538850
88.565100
88.571050
88.602300
88.628875
88.685525
88.702425
88.752300
88.785700
88.833675
88.836525
88.922900
89.697725
90.114850
93.005500
99.394075
99.472775
99.593600
99.739600
99.977550
100.128225
100.188850
100.373525
100.470025
100.617350
100.705525
100.850675
101.094100
101.131875
101.511000
101.789725
101.891600
101.933250
102.042875
102.169725
102.350525
102.386925
102.624775
102.725850
102.762150
102.796275
102.974825
103.027050
103.307325
103.353825
103.583425
103.753200
103.867150
103.921075
104.070825
104.158875
104.367250
104.407150
104.468150
104.765875
104.834950
105.012150
105.088650
105.126950
105.187175
105.335075
105.431000
105.499575
105.589800
105.619825
105.778250
105.833425
105.873625
105.914925
105.986275
106.095750
106.277350
106.378350
106.431700
106.524825
106.589100
106.670875
106.735675
106.761650
106.775875
106.818925
107.126775
107.305525
107.371250
107.639275
107.742575
107.789275
107.838275
107.865800
108.054350
108.092700
108.120775
108.212475
108.249275
108.328500
108.360725
108.441975
108.700725
108.771000
108.809150
108.879825
108.961300
109.048900
109.224150
109.320000
109.373825
109.388125
109.406000
109.425650
109.431800
109.470025
109.593600
109.655150
109.703950
109.741925
109.826925
109.860050
109.908625
109.931900
109.932650
109.973725
110.002250
110.078550
110.222025
110.254675
110.328575
110.382825
110.400375
110.463225
110.535125
110.633575
110.706925
110.746425
110.830575
110.904750
110.927525
111.013575
111.047550
111.402575
111.823600
112.009350
112.167425
112.213050
112.240750
112.366475
112.446500
112.467425
112.489275
112.741425
112.889000
113.044475
113.093550
113.281575
113.489675
113.549700
113.683775
113.913675
114.098950
114.227900
114.325575
114.439675
114.572725
114.780950
114.833225
114.985425
115.238875
115.334700
115.475625
115.548325
115.687875
115.822700
115.918400
115.961725
115.981900
116.003400
116.063675
116.260450
116.304825
116.361550
116.555400
116.595850
116.689450
116.729125
116.823775
116.924600
117.015075
117.148900
117.412900
117.615075
117.870600
117.911075
118.075450
118.169625
118.215825
118.256925
118.273675
118.335950
118.343050
118.361100
118.378150
118.419950
118.422125
118.448125
118.490000
118.538375
118.575650
118.605150
118.682200
118.748100
118.775950
118.793950
118.862275
119.039950
119.095025
119.190375
119.235525
119.347975
119.391250
119.442400
119.501750
119.623350
119.681525
119.726750
119.762050
119.799125
119.823775
119.853325
119.913750
119.915000
120.208700
120.278100
120.410075
120.435600
120.486450
120.621600
120.708600
120.730950
120.752675
120.780975
120.855700
120.885600
120.997700
121.012100
121.028475
121.048200
121.057975
121.106725
121.137000
121.180125
121.211400
121.251825
121.265575
121.311375
121.360375
121.406775
121.477125
121.534000
121.651850
121.741200
121.891075
121.940225
122.077975
122.134800
122.282450
122.366500
122.423025
122.479100
122.540750
122.556625
122.602000
122.625600
122.645000
122.677875
122.762650
122.776675
122.823550
122.875450
122.951450
123.012900
123.049975
123.050825
123.069150
123.152600
123.169175
123.197700
123.277825
123.373275
123.403275
123.600525
123.648350
123.705775
123.724825
123.739475
123.838150
123.924675
124.017325
124.241450
124.266175
124.365175
124.427225
124.495900
124.504675
124.543650
124.555100
124.649800
124.752800
124.801250
124.821275
124.859100
124.954000
125.004500
125.075825
125.103375
125.129250
125.179825
125.216125
125.253625
125.324025
125.446275
125.488500
125.524925
125.627950
125.664600
125.706000
125.723150
125.743925
125.763575
125.904175
125.984000
126.092925
126.265250
126.338425
126.614275
126.648725
126.672300
126.819550
126.862100
126.884200
126.936650
127.059675
127.061975
127.115825
127.153450
127.184175
127.334400
127.354575
127.380275
127.407175
127.772350
127.912150
127.947300
128.045400
128.132850
128.180525
128.266800
128.408125
128.466000
128.605800
128.678250
128.745125
128.761300
128.811850
128.890150
128.938500
129.006650
129.056775
129.186575
129.469075
129.625300
129.681100
129.732175
129.777675
129.844950
129.862225
129.913125
130.016425
130.034525
130.068900
130.151500
130.213150
130.271775
130.298975
130.325225
130.336350
130.435400
130.452400
130.518825
130.567100
130.615375
130.638825
130.681675
130.807775
130.836850
130.852475
130.934350
131.096975
131.164800
131.191075
131.244825
131.268875
131.319500
131.361925
131.371350
131.416975
131.452825
131.813325
131.911575
132.049200
132.117775
132.125800
132.159050
132.206575
132.442175
132.481050
132.494925
132.512775
132.533075
132.574600
132.621450
132.645425
132.768250
132.801925
132.837675
132.878800
132.991900
133.034075
133.058375
133.129425
133.163775
133.191175
133.289500
133.319175
133.376725
133.493075
133.553200
133.583475
133.608975
133.648475
133.695200
133.754475
133.775025
133.835300
133.884300
133.937550
133.980475
134.232575
134.281925
134.316400
134.345925
134.387025
134.458650
134.485650
134.544975
134.670200
134.677850
134.709525
134.763800
134.820625
134.883400
134.948975
135.072475
135.121825
135.144650
135.176675
135.200650
135.245200
135.292575
135.349675
135.364650
135.414025
135.483400
135.558200
135.565325
135.571350
135.584375
135.590600
135.614825
135.646575
135.661950
135.682000
135.696100
135.724125
135.748125
135.782050
135.803400
135.835825
135.886600
135.905025
135.940975
135.976450
136.007600
136.031575
136.135775
136.173900
136.195875
136.213300
136.271425
136.306450
136.332350
136.356775
136.385075
136.470725
136.522425
136.561700
136.656200
136.707050
136.714425
136.737950
136.789075
136.800050
136.849775
136.890000
136.924075
136.997150
137.000600
137.035400
137.060000
137.078950
137.111450
137.206950
137.345150
137.402825
137.426475
137.444800
137.464900
137.496150
137.550975
137.601825
137.608200
137.736500
137.757250
137.831175
137.968325
138.077325
138.149700
138.187000
138.291150
138.344850
138.495325
138.529975
138.564700
138.743975
138.795100
138.861575
138.872925
138.900075
139.012825
139.016800
139.046850
139.231050
139.305250
139.559900
139.600625
140.149475
141.414725
149.158250
149.317075
150.114400
150.698300
151.022975
151.117325
151.282075
151.330525
151.547450
151.607725
151.714950
152.030325
152.109475
152.232325
152.296625
152.525125
152.583300
152.761150
152.850250
153.032750
153.083750
153.172075
153.249025
153.281925
153.304350
153.622850
153.674250
153.813600
154.026225
154.096425
154.138250
154.636125
154.981250
155.389400
155.738575
155.846300
156.153375
156.324725
156.427175
156.528100
156.693575
156.874725
156.941025
156.965750
157.292325
157.326550
157.392475
157.676375
157.729100
157.839100
158.159625
158.201800
158.368525
158.389975
158.431575
158.597600
158.711625
158.742650
158.871450
159.193225
159.463750
159.676450
159.868275
159.921500
159.955700
160.185300
160.235675
160.310175
160.545775
160.646150
160.753950
160.822525
160.944250
161.085650
161.230325
161.362700
161.738900
161.923300
162.124275
162.156675
162.192100
162.270825
162.428550
162.463750
162.518300
162.708475
162.767150
162.789200
162.816700
162.940600
162.981300
163.289225
163.339525
163.386950
163.525000
163.591025
163.605700
163.680850
163.966800
164.061975
164.147450
164.475400
164.642025
165.199875
165.241450
165.291950
165.531250
165.743175
165.804500
166.290550
166.310425
166.346900
166.377300
166.509125
166.599650
166.703625
166.751275
167.018675
167.100300
167.203175
167.248975
167.304025
167.401975
167.423950
167.517750
167.575925
167.690050
167.755800
167.826875
167.909150
168.150475
168.192325
168.215625
168.270075
168.384150
168.467475
168.520425
168.578700
168.661325
168.697325
168.716450
168.821425
169.033850
169.068750
169.101425
169.216350
169.296725
169.317675
169.493275
169.527000
169.966025
170.052075
170.068500
170.139325
170.172875
170.224600
170.275125
170.334475
170.458075
170.472025
170.552625
170.582800
170.599500
170.613350
170.795025
170.832425
170.845325
170.966650
170.986575
171.031050
171.051650
171.099225
171.222550
171.252950
171.423625
171.463625
171.495275
171.524400
171.688275
171.722500
171.775625
172.257075
172.317300
172.457225
172.470825
172.519450
172.609450
172.680100
172.821225
172.856775
172.914950
172.960750
172.976075
173.046675
173.109675
173.322150
173.400475
173.415575
173.636700
173.770850
173.857225
174.054150
174.245850
174.388250
174.638200
174.712000
174.751850
174.783825
174.873850
174.987825
175.039225
175.092650
175.130175
175.150300
175.238150
175.273525
175.330575
175.582500
175.600525
175.710475
175.786275
175.854450
175.880225
175.907125
175.939200
176.009450
176.040775
176.180400
176.272900
176.361175
176.494675
176.586300
176.711300
176.761475
176.800900
176.928750
176.955450
176.973425
176.985975
177.020925
177.163750
177.445000
177.498025
177.626750
177.889000
178.046250
178.133900
178.247025
178.649575
178.718525
178.847950
178.890475
179.206600
179.263575
179.351625
179.398725
179.448775
179.505550
179.543250
179.646175
179.722450
179.801000
179.997175
180.195675
180.390775
180.713275
180.809900
180.865875
180.978275
181.038775
181.140975
181.250050
181.395425
181.531750
181.601725
181.649125
181.726150
181.875650
182.112350
182.284175
182.312925
182.368600
182.385025
182.427325
182.477750
182.614350
182.699075
182.722125
182.767575
182.929325
182.961650
182.974875
183.068775
183.329325
183.403400
183.417900
183.476600
183.583125
183.635275
183.673625
183.728600
183.785200
183.877900
183.907225
183.974650
184.020300
184.228100
184.458350
184.474575
184.654725
184.844775
184.879700
184.924075
184.956125
185.030525
185.114425
185.152700
185.189700
185.374200
185.525925
185.626375
185.773275
185.968225
186.036825
186.100625
186.186100
186.310625
186.487425
186.526000
186.612050
186.691025
186.789950
186.930000
186.993350
187.014475
187.055575
187.232975
187.259775
187.361750
187.395125
187.586950
187.628775
187.828375
187.940075
188.040525
188.088700
188.193750
188.251025
188.399825
188.453150
188.642600
188.699800
188.721075
188.768625
188.847725
188.948950
189.184500
189.404100
189.560700
189.758575
189.800000
190.342500
191.349275
191.410275
199.265500
199.673350
199.792825
199.941175
200.145625
200.321050
200.473850
200.541400
200.664650
200.754775
200.946200
200.980675
201.080275
201.187750
201.217350
201.314750
201.322575
201.421175
201.440800
201.560175
201.635650
201.659575
201.688125
201.874875
201.933675
202.174975
202.320775
202.387000
202.458975
202.564725
202.758500
202.820075
202.961000
203.027225
203.053875
203.233175
203.259250
203.334000
203.353175
203.381100
203.392600
203.410325
203.516400
203.581575
203.641025
203.801450
203.863700
203.919225
203.929475
203.973700
204.254800
204.270050
204.301450
204.329300
204.417150
204.485875
204.518150
204.607175
204.669975
204.733400
204.767025
204.802700
204.867525
204.920800
204.955000
204.992050
205.044600
205.083375
205.246300
205.314800
205.340675
205.385650
205.409675
205.460725
205.524750
205.581350
205.622400
205.910700
206.018925
206.064225
206.118850
206.140200
206.174125
206.238525
206.324500
206.373000
206.416650
206.467875
206.535325
206.585950
206.702450
206.776450
206.895850
206.931900
207.003350
207.066025
207.141900
207.259875
207.305150
207.451125
207.555575
207.668550
207.705175
207.728925
207.937375
207.961500
208.117600
208.165950
208.268050
208.391300
208.490600
208.511325
208.575425
208.670125
208.702075
208.726775
208.989625
209.038050
209.251350
209.439125
209.609875
209.744875
209.773850
209.806625
209.831150
209.883275
209.941075
209.971050
210.013500
210.065950
210.083675
210.128975
210.157825
210.205425
210.298750
210.378125
210.414475
210.649325
210.778100
210.905950
211.012000
211.131425
211.198950
211.287025
211.391800
211.446125
211.625675
211.784700
211.897725
212.101125
212.138725
212.176325
212.260525
212.474200
212.493450
212.508875
212.542300
212.653525
212.755550
212.787125
212.884975
213.013750
213.044525
213.101725
213.165950
213.224200
213.279875
213.417025
213.465800
213.476200
213.506250
213.532425
213.608100
213.639525
213.700350
213.728475
214.007150
214.033300
214.111350
214.160950
214.186250
214.204875
214.245975
214.396250
214.647100
214.674400
214.701150
214.741750
214.774875
215.003775
215.066950
215.087450
215.110725
215.284075
215.292525
215.380225
215.429950
215.443550
215.463925
215.491675
215.519350
215.556875
215.623700
215.637350
215.685125
215.794050
215.911075
216.086325
216.132125
216.182050
216.302825
216.359850
216.401100
216.423925
216.464475
216.537950
216.632725
216.663600
216.791075
216.855275
216.899950
216.924700
216.940125
217.058500
217.111125
217.198625
217.349125
217.378600
217.426250
217.463800
217.579525
217.794625
218.159350
218.208950
218.271950
218.367975
218.442750
218.511725
218.658100
218.703675
218.731900
218.774625
218.810450
218.920350
219.019425
219.252075
219.277175
219.313350
219.379300
219.432725
219.498600
219.543750
219.618600
219.673950
219.770575
219.864875
219.951050
219.986300
220.165725
220.285825
220.405800
220.602200
220.806200
220.900725
220.972175
220.996175
221.017525
221.201525
221.281025
221.316475
221.351050
221.440625
221.462475
221.486650
221.558125
221.671850
221.803125
222.028525
222.100075
222.286500
222.473300
222.501775
222.514450
222.565900
222.568325
222.586550
222.621975
222.980650
223.084300
223.114275
223.196350
223.288050
223.624250
223.656225
223.690175
223.726425
223.842850
223.880500
223.964275
224.196375
224.215575
224.256925
224.270800
224.285925
224.366225
224.441225
224.442525
224.476950
224.679700
224.739300
224.754225
224.825475
224.907850
224.999725
225.060825
225.266100
225.330225
225.439975
225.449550
225.471950
225.508200
225.695025
225.760875
225.832850
225.884100
225.914850
225.951025
225.989750
226.030375
226.043925
226.111450
226.286150
226.312950
226.326400
226.462525
226.647775
226.790075
226.831200
226.873200
226.946000
226.964875
226.989875
227.079700
227.183975
227.234775
227.254275
227.306350
227.320650
227.350800
227.356475
227.388225
227.431375
227.450600
227.490150
227.548950
227.577425
227.628650
227.679650
227.758850
227.799800
227.838825
227.898925
227.991900
228.057350
228.095650
228.137325
228.207675
228.268125
228.314200
228.367525
228.399550
228.487650
228.621450
228.659675
228.735500
228.773475
228.798175
228.827275
229.030050
229.247750
229.306575
229.350950
229.368875
229.403725
229.527950
229.555400
229.628875
229.759025
229.802325
229.808625
229.851125
229.872800
229.928625
230.009300
230.089025
230.328350
230.350650
230.414575
230.477650
230.576325
230.609325
230.684350
230.948650
230.974675
231.176200
231.240750
231.269375
231.294600
231.346850
231.367025
231.394275
231.524975
231.695750
231.771575
231.968000
232.037525
232.045700
232.090600
232.280750
232.317025
232.334750
232.534175
232.564625
232.598325
232.631000
232.636600
232.690800
232.796450
232.828350
232.889700
233.006075
233.095550
233.137825
233.261900
233.417825
233.464225
233.491250
233.549950
233.676275
233.700525
233.723425
233.776375
233.780800
233.839050
233.878175
233.987825
234.016400
234.171050
234.229550
234.250500
234.288650
234.384550
234.460175
234.509275
234.562375
234.593275
234.628950
234.669475
234.700500
234.823350
234.906800
234.935125
234.981625
234.999300
235.034800
235.061825
235.107075
235.135900
235.221650
235.248475
235.286725
235.381100
235.480775
235.522625
235.546475
235.570000
235.592050
235.613225
235.741350
235.763800
235.797625
236.014525
236.039475
236.060575
236.078000
236.097875
236.133300
236.284500
236.301975
236.319950
236.337800
236.404625
236.486550
236.506700
236.552100
236.581250
236.715800
236.927075
236.947650
236.992575
237.108725
237.153550
237.177425
237.192800
237.230550
237.254900
237.563775
237.627550
237.667525
237.719250
237.921525
237.979075
237.995375
238.120825
238.190400
238.229425
238.465200
238.484775
238.502475
238.534800
238.630875
238.730875
238.779875
238.789625
238.812075
238.845175
238.951375
239.030825
239.042825
239.080725
239.139300
239.179950
239.203675
239.227475
239.237275
239.295100
239.650900
239.836950
239.893150
240.001725
240.046175
240.296700
241.453700
243.693875
249.909100
249.936925
250.369025
250.432625
250.577725
250.925100
251.090225
251.165275
251.352675
251.620400
251.771500
252.122075
252.238850
252.274650
252.291125
252.334575
252.466400
252.564800
252.619525
252.652875
252.737375
252.797550
252.839950
252.897775
252.997175
253.025500
253.128750
253.208475
253.258525
253.292625
253.459875
253.535875
253.570775
253.650300
253.804775
253.879450
253.910525
254.013175
254.205950
254.293400
254.381825
254.556175
254.618200
254.734900
254.810325
254.878650
254.907050
254.971200
255.022300
255.076125
255.144350
255.207175
255.268925
255.295950
255.410925
255.503950
255.549875
255.588300
255.704225
255.759275
255.822225
255.883300
255.915625
255.978900
256.087375
256.120825
256.177350
256.363450
256.445625
256.469325
256.537775
256.580075
256.676825
256.731225
256.816625
256.907700
256.957725
257.052350
257.099150
257.166200
257.217700
257.236075
257.270375
257.318675
257.348950
257.374425
257.526900
257.563975
257.738650
257.790725
257.818000
257.847425
257.952825
258.025675
258.063725
258.090925
258.259475
258.300025
258.358300
258.492350
258.524050
258.553150
258.642975
258.709225
258.877275
258.938475
258.972300
259.097100
259.174275
259.233150
259.268300
259.440975
259.613575
259.758025
259.784825
259.828750
259.891425
260.060350
260.087700
260.267975
260.480400
260.568775
260.621500
260.774275
260.832425
261.009425
261.105850
261.125575
261.258800
261.262425
261.297550
261.318200
261.342975
261.390900
261.415000
261.433550
261.498975
261.581800
261.609300
261.648825
261.721825
261.801725
261.871200
261.937725
262.036950
262.085050
262.378575
262.475100
262.764625
263.238475
263.287075
263.313650
263.615725
263.662375
263.822475
264.093700
264.238400
264.309525
264.346550
264.526975
264.624950
264.660675
264.703200
264.948775
264.998825
265.221800
265.223600
265.443875
265.571525
265.604725
265.687250
265.868150
265.937700
266.039625
266.138250
266.276175
266.396375
266.722825
266.815075
267.013925
267.077700
267.132000
267.224175
267.335925
267.367400
267.427750
267.485025
267.652000
267.691225
267.980825
268.002625
268.031925
268.068950
268.124425
268.155175
268.190225
268.449400
268.684075
268.823850
268.980900
269.082200
269.150175
269.188550
269.213800
269.230575
269.365600
269.397075
269.478025
269.576500
269.726675
269.848300
270.053675
270.185700
270.326525
270.377825
270.508525
270.749925
270.800000
270.839200
270.873325
270.952575
271.006275
271.040900
271.111450
271.308925
271.409550
271.438075
271.468175
271.486775
271.512050
271.602550
271.904600
271.985575
272.033025
272.060200
272.102100
272.127525
272.151375
272.355975
272.368150
272.388650
272.456425
272.587575
272.885725
273.009775
273.060325
273.150200
273.242250
273.266525
273.288350
273.406025
273.476200
273.582950
273.606175
273.631175
273.665175
273.705200
273.781800
273.820075
273.846850
274.053925
274.137175
274.200350
274.267425
274.329175
274.359100
274.400050
274.497950
274.562375
274.577075
274.605175
274.741900
274.790650
274.930675
275.000000
275.030825
275.061275
275.103225
275.124100
275.222325
275.289075
275.381050
275.606475
275.644575
275.705575
275.841975
276.206575
276.730400
276.754025
277.066925
277.320675
277.354450
277.411900
277.518450
277.607375
277.632550
278.048100
278.095475
278.261800
278.306375
278.390525
278.574950
278.637325
278.682975
278.814275
279.154350
279.174325
279.203775
279.337425
279.425700
279.494525
279.520875
279.528475
279.714475
279.761100
279.826625
279.883500
280.155650
280.346600
280.549775
280.612600
280.651825
280.705350
280.814850
280.839300
280.882025
280.907625
280.930750
280.995900
281.046775
281.142675
281.552875
281.566075
281.591950
281.607125
281.624175
281.669675
281.764025
281.786250
281.800800
281.900850
282.015400
282.084150
282.156975
282.258325
282.299500
282.384625
282.506525
282.558625
282.578000
282.626100
282.720950
282.848550
283.354250
283.434400
283.580925
283.654675
283.816750
283.842575
283.903975
284.043225
284.060200
284.102175
284.384350
284.423950
284.454800
284.556300
284.587000
284.633525
284.702775
284.790950
284.882125
284.912250
284.937800
284.963550
284.988625
285.019250
285.174100
285.423175
285.475550
285.501425
285.581800
285.629325
285.809575
285.828800
285.855700
285.888500
286.050500
286.083300
286.098700
286.130850
286.204250
286.493600
286.512300
286.554275
286.703900
286.802950
286.900675
287.048175
287.105725
287.167575
287.246925
287.282775
287.323625
287.362000
287.436125
287.474250
287.549375
287.749850
287.852350
287.911425
287.936675
288.037925
288.079050
288.113400
288.142650
288.201375
288.286300
288.340000
288.488425
288.791400
289.501450
289.582775
289.739875
289.785825
290.153900
290.303225
299.585800
300.263300
300.309225
300.396925
300.500350
300.573600
300.648750
300.691125
300.740350
300.888400
300.960075
301.048675
301.151850
301.163075
301.198575
301.213525
301.232050
301.274575
301.293450
301.323425
301.382900
301.411675
301.571150
301.614825
301.637075
301.693625
301.727800
301.816850
302.018825
302.064300
302.168975
302.196050
302.271350
302.502700
302.682925
302.788000
302.897775
302.929850
302.994875
303.082900
303.223325
303.272925
303.340950
303.495750
303.525350
303.594775
303.753675
303.809800
303.842625
303.973900
304.104425
304.279775
304.376975
304.473725
304.504150
304.528425
304.696700
304.767925
304.806650
304.822825
304.844625
304.866800
305.045300
305.194450
305.321400
305.467025
305.532200
305.578800
305.617250
305.644850
305.807125
305.856950
305.970900
306.041675
306.058325
306.075250
306.138175
306.220475
306.257450
306.337400
306.382475
306.516850
306.555600
306.568625
306.592575
306.609600
306.658000
306.804250
306.844175
306.866675
306.889775
306.929500
306.995600
307.029600
307.179125
307.223100
307.266800
307.286275
307.394375
307.517950
307.574325
307.634175
307.681825
307.711350
307.746300
307.810600
307.821950
307.829375
307.847800
307.880225
307.900275
307.950500
308.099475
308.151400
308.172675
308.188950
308.205500
308.225775
308.237350
308.361350
308.445400
308.461850
308.505525
308.586275
308.653550
308.697450
308.712775
308.721900
308.765250
308.783100
308.836225
308.872075
308.892200
309.043875
309.092350
309.194125
309.208850
309.254575
309.281300
309.307925
309.330325
309.394250
309.414225
309.438550
309.509450
309.533825
309.671450
309.768475
309.841175
309.870175
309.930100
310.007550
310.026900
310.150175
310.174375
310.193225
310.210225
310.236175
310.261200
310.408600
310.505925
310.534050
310.598925
310.625725
310.700175
310.738150
310.809575
310.844025
310.900250
310.919775
310.977325
311.009225
311.059425
311.074225
311.330475
311.394600
311.426975
311.442925
311.499350
311.537925
311.614800
311.651000
311.701525
311.759750
311.784900
311.810950
311.838325
311.868525
311.931025
311.973350
312.009850
312.066175
312.111150
312.180075
312.246050
312.288975
312.358100
312.413675
312.452225
312.558550
312.600225
312.614175
312.622500
312.680925
312.691725
312.714150
312.724300
312.797775
312.978450
313.038875
313.090300
313.131725
313.246900
313.332050
313.358525
313.386625
313.433625
313.477525
313.509075
313.542125
313.558675
313.612225
313.625525
313.705700
313.747775
313.823100
313.851125
314.074550
314.103375
314.117225
314.129975
314.140250
314.167950
314.301200
314.327625
314.351425
314.376750
314.448125
314.515400
314.574175
314.590300
314.739500
314.827975
314.928375
314.993675
315.115500
315.141500
315.170750
315.199425
315.356450
315.414075
315.451250
315.477625
315.516150
315.623325
315.669550
315.717350
315.885100
315.954700
315.987350
316.067775
316.162500
316.192300
316.203300
316.218975
316.241775
316.315100
316.380075
316.431225
316.456700
316.552200
316.573675
316.608375
316.628225
316.684350
316.786275
316.805825
316.888200
316.890350
316.920050
316.947725
316.977625
317.000750
317.063825
317.215350
317.262775
317.307425
317.310450
317.344575
317.371025
317.387400
317.406075
317.421725
317.442000
317.469375
317.470300
317.611200
317.665225
317.890125
317.963650
317.982750
318.022625
318.179925
318.238575
318.265250
318.312075
318.403425
318.457350
318.502375
318.542625
318.560200
318.652500
318.703275
318.820350
318.886200
318.920775
318.978725
319.037100
319.091150
319.113625
319.224450
319.426325
319.446825
319.536625
319.589450
319.761725
319.792100
319.850925
319.914850
319.969675
320.002925
320.051900
320.084175
320.094375
320.113975
320.163100
320.215950
320.331225
320.361550
320.386450
320.414900
320.743400
320.825900
320.933250
321.004600
321.069100
321.135175
321.200775
321.223925
321.263925
321.332375
321.458450
321.558025
321.607475
321.724625
321.766925
321.817300
321.841000
321.865675
321.901575
321.984500
322.116625
322.132700
322.208625
322.285950
322.337575
322.353925
322.374075
322.397075
322.411475
322.451150
322.491225
322.552900
322.582975
322.605575
322.644175
322.677775
322.719800
322.906475
322.925500
322.957925
322.989175
323.019875
323.043125
323.067175
323.094000
323.166725
323.219125
323.253775
323.276675
323.309500
323.348675
323.391600
323.443900
323.532850
323.594750
323.623125
323.651300
323.702500
323.775425
323.860225
323.891875
323.931950
324.061450
324.131850
324.234850
324.257750
324.289525
324.332400
324.372975
324.434000
324.481900
324.509150
324.609525
324.644175
324.785025
324.825125
324.880600
324.980175
325.011600
325.098950
325.158600
325.207675
325.238500
325.280775
325.316425
325.359375
325.397225
325.444425
325.470350
325.514200
325.553125
325.587625
325.620600
325.688050
325.707475
325.724275
325.822100
325.863350
325.958575
326.021150
326.076800
326.094150
326.141075
326.189775
326.235625
326.250000
326.280625
326.332375
326.386950
326.387825
326.443600
326.479825
326.538775
326.580525
326.614600
326.645850
326.690525
326.767625
326.809700
326.962425
327.002200
327.042500
327.145350
327.185125
327.212450
327.256850
327.295400
327.389200
327.425400
327.456000
327.460800
327.539225
327.555000
327.607850
327.675850
327.719000
327.778625
327.846150
327.885900
327.922900
328.003075
328.064875
328.077300
328.125125
328.256900
328.347000
328.385475
328.471850
328.513525
328.577150
328.642550
328.675300
328.719125
328.811100
328.824550
328.843675
328.870625
328.896500
328.975075
329.019350
329.052450
329.098450
329.142575
329.333800
329.376300
329.515775
329.596550
329.652825
329.683425
329.725525
329.745775
329.778725
329.830550
329.926425
329.956625
330.050050
330.086200
330.091000
330.118925
330.156425
330.187600
330.255050
330.312875
330.395050
330.476400
330.515000
330.550825
330.677275
330.699350
330.737725
330.820050
330.865100
330.904525
330.948250
331.000600
331.043750
331.156200
331.178850
331.220400
331.239225
331.265750
331.403225
331.463700
331.510400
331.545875
331.577150
331.607800
331.664575
331.687375
331.721375
331.758325
331.820175
331.883100
331.950050
331.964525
331.994125
332.157100
332.237650
332.338275
332.392950
332.459025
332.491400
332.522425
332.546175
332.559875
332.592675
332.668550
332.714500
332.769950
332.817675
332.842100
332.864400
332.892525
333.016025
333.034800
333.052275
333.102075
333.153275
333.160425
333.182500
333.263925
333.332975
333.373600
333.475575
333.494225
333.509225
333.533875
333.554725
333.582150
333.611900
333.644675
333.692150
333.733625
333.800550
333.870925
333.890825
333.912775
333.936025
334.003950
334.056750
334.079800
334.107100
334.140850
334.224525
334.321725
334.509625
334.528050
334.545375
334.620750
334.736475
334.791450
334.857100
334.942675
335.010750
335.059075
335.105425
335.137500
335.173875
335.192550
335.268125
335.372025
335.432550
335.451475
335.453675
335.493000
335.509000
335.522575
335.570350
335.632675
335.738650
335.777600
335.917625
335.933925
335.957350
336.003475
336.013500
336.155175
336.198450
336.292225
336.516650
336.729400
336.780100
336.923725
337.055875
337.135250
337.213400
337.256125
337.277425
337.420400
337.510650
337.717350
337.765200
337.810700
337.870950
337.908775
337.963575
338.024675
338.134725
338.294275
338.319800
338.359175
338.476700
338.618700
338.711300
338.789400
339.003350
339.286900
339.524450
339.598400
339.718025
339.984950
340.089525
340.182225
340.192275
340.393450
340.492125
340.591475
340.721350
340.837225
341.638550
342.598750
345.087700
349.287450
349.385125
349.450700
349.655725
349.683100
349.822500
349.847000
349.982150
349.998250
350.051600
350.151575
350.226575
350.261200
350.377000
350.608875
350.874800
351.032875
351.148600
351.180350
351.255550
351.311575
351.381650
351.536350
351.600400
351.672800
351.753225
351.818950
352.006500
352.025875
352.103950
352.268475
352.312325
352.385925
352.443750
352.447375
352.489475
352.637075
352.705200
352.726925
352.779050
352.999200
353.257775
353.478150
353.513500
353.776650
353.817750
354.000600
354.069050
354.127800
354.188200
354.314875
354.379625
354.478825
354.531600
354.627200
354.710800
354.789625
354.875525
354.956325
355.153575
355.301725
355.358600
355.746975
355.815875
355.833575
355.929525
356.000400
356.201575
356.229125
356.246550
356.371375
356.422175
356.497300
356.511050
356.531375
356.643400
356.694000
356.780575
356.815425
356.865525
356.891900
357.149700
357.169225
357.248725
357.382125
357.422600
357.558800
357.765225
357.885950
358.060175
358.822725
358.884975
359.006900
359.111350
359.174950
359.286975
359.617200
359.697450
359.745075
359.790875
359.869650
359.874925
359.998175
360.022575
360.100750
360.197225
360.220475
360.348225
360.532225
360.578725
360.720550
360.795025
360.824750
360.911825
361.103125
361.162050
361.219750
361.220875
361.317250
361.412125
361.443525
361.461200
361.541475
361.743550
361.810525
361.882475
361.994275
362.037025
362.063550
362.239725
362.288225
362.343425
362.344425
362.425650
362.474900
362.623475
362.717525
362.777100
362.926175
362.956800
363.006975
363.366225
363.382075
363.391975
363.403175
363.499950
363.623400
363.667350
363.818650
363.843575
363.917700
363.928950
363.949200
364.102325
364.204650
364.362450
364.413150
364.445100
364.492500
364.520550
364.563200
364.599150
364.675925
364.739550
364.802600
364.878475
364.925625
364.980600
365.070000
365.152825
365.156575
365.216225
365.466975
365.512925
365.550125
365.653775
365.762325
365.805075
365.825625
365.872775
366.041225
366.139650
366.201925
366.435125
366.543550
366.640500
366.694800
366.713625
366.749525
366.776425
366.786350
366.799175
366.943250
366.959500
367.091050
367.134900
367.272975
367.326275
367.370925
367.416425
367.432475
367.478150
367.518475
367.619550
367.708750
367.752275
367.796525
368.004050
368.068275
368.148425
368.170425
368.195725
368.229725
368.267250
368.289025
368.344650
368.363525
368.391275
368.638625
368.661825
368.664625
368.691375
368.732200
368.749300
368.860125
368.898450
368.968725
369.028125
369.067425
369.130275
369.161025
369.200175
369.250175
369.377250
369.397325
369.407700
369.418625
369.431375
369.442225
369.463000
369.493875
369.496100
369.546850
369.591150
369.642000
369.768325
369.843000
369.879750
369.910025
370.269350
370.302200
370.336600
370.356100
370.368050
370.467125
370.576550
370.633625
370.705650
370.802950
370.829100
371.018225
371.073875
371.117375
371.228450
371.281475
371.386575
371.431600
371.454650
371.460100
371.575650
371.646925
371.725775
371.856250
371.866100
371.901450
372.004800
372.049875
372.107875
372.204475
372.299125
372.338675
372.418225
372.461300
372.478300
372.562800
372.602025
372.615275
372.654325
372.712525
372.752475
372.854650
372.915550
372.953250
372.983375
373.068900
373.169875
373.218250
373.269750
373.355800
373.420375
373.460400
373.496925
373.587850
373.633225
373.644225
373.694850
373.728400
373.793450
373.836175
373.895450
373.931200
373.940925
373.964600
373.987575
374.013150
374.102950
374.151100
374.202325
374.219600
374.274375
374.308850
374.366400
374.405500
374.713625
374.773675
374.833300
374.851325
374.918325
374.984975
375.052600
375.154650
375.193425
375.268425
375.430775
375.449550
375.514100
375.551800
375.632550
375.651575
375.727550
375.762300
375.806025
375.858550
375.873125
375.902550
375.929800
376.067600
376.131675
376.176750
376.225675
376.232825
376.269100
376.293575
376.311150
376.434925
376.519075
376.548725
376.567150
376.620450
376.648150
376.704650
376.718775
376.794950
377.044025
377.092250
377.097300
377.147575
377.319475
377.593700
377.653175
377.704150
377.738950
377.780900
377.799275
377.832200
377.956100
377.960625
377.999825
378.063375
378.165100
378.178400
378.247175
378.407175
378.627575
378.643000
378.650650
378.780650
378.893650
378.978725
379.002225
379.023675
379.089000
379.133850
379.159850
379.268000
379.298800
379.312700
379.322200
379.368800
379.370600
379.406125
379.473975
379.498175
379.525225
379.547350
379.565650
379.571175
379.584175
379.611900
379.651725
379.686825
379.785650
379.825150
379.910675
379.928525
379.956000
379.999275
380.062550
380.091650
380.098050
380.138300
380.155575
380.181575
380.203500
380.239500
380.322825
380.417275
380.461650
380.490300
380.529425
380.555650
380.623175
380.750025
380.757350
380.807450
380.899400
380.937975
380.976450
381.018675
381.069650
381.110700
381.130025
381.138550
381.208425
381.221050
381.245900
381.280300
381.323650
381.387000
381.438875
381.472825
381.493150
381.548800
381.554475
381.591275
381.594975
381.655950
381.688625
381.738675
381.768725
381.828300
381.851925
381.906650
381.916050
381.973150
382.055050
382.096175
382.098225
382.148950
382.202125
382.246750
382.278375
382.282650
382.384125
382.451100
382.506025
382.534075
382.564425
382.587300
382.654450
382.662525
382.698925
382.720850
382.791125
382.799925
382.804000
382.825325
382.830825
382.854525
382.951200
382.983150
383.009975
383.042225
383.099775
383.136550
383.160825
383.178950
383.244525
383.274625
383.319725
383.360375
383.442075
383.501100
383.569750
383.661125
383.695800
383.720275
383.773475
383.803550
383.804850
383.830150
383.855200
383.931800
384.003325
384.022300
384.031625
384.067925
384.092275
384.195800
384.223350
384.285450
384.297950
384.318925
384.349000
384.434450
384.514200
384.554025
384.617850
384.656175
384.681850
384.708675
384.720075
384.721150
384.739100
384.761700
384.780150
384.807800
384.836200
384.892000
384.914800
384.932775
385.001900
385.066100
385.106150
385.112600
385.159225
385.187825
385.247175
385.316975
385.447550
385.472900
385.515700
385.533450
385.572425
385.588825
385.623475
385.713225
385.751875
385.810900
385.836275
385.883800
385.930600
385.935875
385.965050
386.025775
386.065475
386.167450
386.200675
386.238400
386.293225
386.359300
386.386875
386.414600
386.565350
386.583725
386.641425
386.742400
386.810000
386.827050
386.851375
386.911550
387.019900
387.088050
387.333275
387.369750
387.422900
387.466050
387.561950
387.597700
387.707625
387.912900
387.932600
388.040900
388.137250
388.208825
388.250600
388.289225
388.346250
388.399550
388.495275
388.537725
388.618925
388.674425
388.779550
388.836675
388.909275
388.967775
388.997500
389.030400
389.053050
389.171200
389.218400
389.379900
389.976675
390.268075
390.314975
390.439975
390.541925
390.732675
391.275300
391.564700
391.728075
399.338775
399.456925
399.765875
399.961400
400.186450
400.219975
400.354150
400.472075
400.673075
400.730175
400.838525
400.899450
400.962750
400.995525
401.028125
401.127875
401.193600
401.295025
401.343350
401.441950
401.512150
401.594625
401.778750
401.898900
402.079100
402.151550
402.189925
402.226325
402.331325
402.473075
402.684350
402.712775
402.790425
402.832250
402.847150
402.878300
402.907050
403.062600
403.097125
403.207900
403.254975
403.356025
403.410675
403.496325
403.598250
403.678325
403.749850
403.790975
403.875600
403.928700
403.988350
404.222700
404.334225
404.486050
404.507925
404.537225
404.646050
404.720500
404.780475
404.798350
404.862050
404.963275
405.046500
405.090375
405.141700
405.196425
405.303200
405.351550
405.454475
405.498900
405.582750
405.632800
405.664025
405.711800
405.828125
405.923175
406.016325
406.056100
406.081400
406.249125
406.354100
406.363200
406.391175
406.435050
406.490400
406.539150
406.581525
406.628725
406.654300
406.731350
406.780100
406.825025
406.893025
406.942025
406.996375
406.997450
407.074700
407.143900
407.245300
407.286775
407.348100
407.407475
407.463175
407.506650
407.546275
407.584075
407.641275
407.710925
407.749875
407.788625
407.858275
407.924800
407.976825
407.996650
408.172325
408.264075
408.313050
408.344875
408.444975
408.480700
408.528150
408.557350
408.584100
408.631175
408.694225
408.742175
408.781550
408.801275
408.823900
408.837025
408.856000
408.978550
408.991675
409.006175
409.045675
409.392400
409.442825
409.468525
409.506075
409.548575
409.598425
409.637600
409.738275
409.799075
409.872875
409.933750
409.968700
410.007925
410.091850
410.144475
410.342200
410.397500
410.445925
410.486775
410.568125
410.652725
410.672975
410.712050
410.823400
410.892300
410.919150
410.963500
411.022250
411.089950
411.150475
411.226725
411.257425
411.281275
411.545800
411.642550
411.759700
411.781900
411.814875
411.901000
412.038450
412.077275
412.109900
412.141525
412.242650
412.268250
412.291575
412.316000
412.351625
412.447900
412.488600
412.580600
412.694600
412.829900
412.901525
412.916150
412.934275
412.986250
413.109125
413.232225
413.289450
413.328950
413.366775
413.391650
413.440200
413.530675
413.569275
413.603000
413.653025
413.721475
413.805000
413.866550
413.904400
413.915075
413.960700
414.007075
414.048050
414.219925
414.322200
414.338400
414.437975
414.457175
414.488900
414.523800
414.633650
414.693425
414.719375
414.771850
414.809800
414.929675
415.007350
415.082000
415.202400
415.252250
415.303225
415.320700
415.482900
415.670500
415.709775
415.757925
416.018225
416.078575
416.198775
416.250450
416.329875
416.355450
416.404325
416.459150
416.489425
416.572275
416.595550
416.661550
416.823175
416.861875
416.883575
416.905925
416.918750
416.936625
416.950125
417.034625
417.079450
417.119025
417.194750
417.222475
417.237025
417.270975
417.293950
417.398875
417.422600
417.446250
417.466700
417.498750
417.639025
417.723075
417.748675
417.765350
417.791825
417.803325
417.835000
417.874400
417.880450
417.910600
417.937625
417.975325
418.016975
418.063450
418.085900
418.111575
418.168200
418.210550
418.282425
418.317725
418.357975
418.386400
418.400525
418.427850
418.447400
418.485300
418.507375
418.578825
418.607800
418.639550
418.666125
418.689200
418.702350
418.718100
418.743525
418.816975
418.874150
418.928225
418.978925
419.005400
419.021500
419.056150
419.127200
419.223000
419.315200
419.360025
419.369725
419.430400
419.538950
419.553300
419.565325
419.595775
419.613475
419.703350
420.344925
420.623950
420.658075
420.784825
420.890275
420.954750
420.975425
420.993300
420.998850
421.010975
421.041500
421.086975
421.169200
421.394025
421.474050
421.496425
421.546475
421.627025
421.662950
421.717250
421.771950
421.834925
421.861250
421.973025
422.026650
422.070900
422.197700
422.341050
422.385650
422.447100
422.490925
422.540850
422.566925
422.586250
422.601325
422.621325
422.669425
422.740000
422.788125
422.892950
422.981375
423.039450
423.072225
423.198175
423.378625
423.458250
423.530075
423.585200
423.601625
423.672000
423.689900
423.734650
423.755600
423.833775
423.901725
424.128150
424.144425
424.227600
424.305075
424.327725
424.432950
424.483700
424.618625
424.669800
424.713175
424.906250
425.235250
425.290350
425.384350
425.444050
425.483775
425.613450
425.644400
425.687425
425.724250
425.870325
425.961025
425.991150
426.064925
426.141125
426.245375
426.291250
426.385300
426.467350
426.662900
426.691950
426.741175
426.832025
426.884350
426.956575
427.153850
427.226950
427.358250
427.423325
427.504150
427.527075
427.565850
427.592600
427.807850
427.921775
428.005100
428.042375
428.144375
428.494475
428.569075
428.615800
428.703000
428.838625
428.861000
428.891550
428.902900
428.916200
428.991375
429.001725
429.127525
429.202450
429.212925
429.252150
429.279550
429.300025
429.322375
429.424025
429.445050
429.473075
429.499100
429.508375
429.518550
429.638700
429.664100
429.745000
429.787400
429.901125
429.951400
430.028700
430.053975
430.086275
430.107000
430.294000
430.546650
430.571075
430.731700
430.766950
430.802225
430.854050
430.975125
431.008825
431.080500
431.168450
431.315250
431.377025
431.406300
431.470025
431.682425
431.812450
431.839400
431.883425
432.044375
432.084000
432.191200
432.207450
432.248875
432.290125
432.345350
432.411850
432.451725
432.600850
432.672275
432.715000
432.744200
432.793575
432.913275
432.966950
433.106450
433.144550
433.180100
433.257400
433.300025
433.511200
433.596400
433.610075
433.642250
433.682350
433.721475
433.928950
433.993100
434.146650
434.233900
434.282775
434.484275
434.536300
434.542450
434.559500
434.776825
434.792550
434.847050
434.866100
434.906600
434.922175
435.021175
435.108800
435.178525
435.284350
435.342325
435.400175
435.429325
435.502175
435.541275
435.666300
435.776500
435.877675
435.919775
435.967100
436.019325
436.034625
436.066700
436.138825
436.162675
436.222950
436.258300
436.332525
436.431375
436.443900
436.474700
436.524875
436.636550
436.656150
436.678875
436.718375
436.735475
436.785125
436.848275
436.887000
436.989050
437.125550
437.157650
437.210050
437.299650
437.374450
437.389875
437.417575
437.467200
437.517575
437.532900
437.572625
437.697100
437.722050
437.770325
437.802475
437.932800
437.962650
438.027525
438.075500
438.097900
438.129600
438.198775
438.244950
438.305850
438.364250
438.410550
438.439300
438.474325
438.496175
438.554475
438.578050
438.589325
438.602325
438.828475
438.850925
438.880350
439.026700
439.184250
439.228150
439.275625
439.669850
439.736275
440.017825
440.119850
445.676850
447.074475
449.288300
449.550650
449.567675
449.589750
449.967975
450.376150
450.423600
450.529450
450.607175
450.663425
450.689500
450.707525
450.757600
450.991675
451.068550
451.167550
451.271225
451.531750
451.613125
451.750400
451.839050
451.895550
452.035450
452.161375
452.398675
452.459700
452.482450
452.521850
452.617825
452.741325
452.782525
453.012375
453.047725
453.106925
453.126675
453.227925
453.350550
453.375125
453.427525
453.523250
453.592425
453.612725
453.778200
453.835850
453.870350
453.892500
453.922900
453.991250
454.148675
454.179175
454.324125
454.436950
454.620675
454.687550
454.720700
454.773525
454.830050
454.878225
455.144900
455.195150
455.224000
455.248450
455.344800
455.385825
455.429525
455.464250
455.620900
455.811700
455.943550
456.076725
456.175275
456.215025
456.290675
456.429375
456.583675
456.624000
456.688900
456.742225
456.812100
457.040475
457.114125
457.181350
457.318325
457.534275
457.660825
457.732000
457.756225
457.821925
457.918475
458.019900
458.116225
458.276100
458.395800
458.466900
458.487525
458.612725
458.785675
458.852625
458.895750
458.932825
459.018550
459.115525
459.207175
459.254025
459.282500
459.360025
459.416925
459.428775
459.630200
459.650525
459.711900
459.779800
459.816375
459.905350
459.929575
460.026900
460.070575
460.093900
460.271525
460.392900
460.413450
460.479400
460.603450
460.651025
460.693500
460.734800
460.892500
460.918025
460.969950
460.980325
460.989350
461.000350
461.023075
461.044625
461.101150
461.205250
461.271150
461.310900
461.314050
461.353850
461.395425
461.413175
461.487400
461.548425
461.572125
461.602250
461.621250
461.636175
461.654700
461.695000
461.738225
461.811450
461.847450
461.880175
461.938325
462.028275
462.074725
462.112675
462.139450
462.233175
462.334850
462.403750
462.428600
462.534275
462.553000
462.561875
462.603425
462.623975
462.684850
462.755975
462.797550
462.856925
462.897525
462.922525
462.961700
462.993875
463.032250
463.069450
463.102625
463.131700
463.156550
463.188275
463.284500
463.380250
463.471850
463.531800
463.573375
463.721600
463.793650
463.831625
463.917975
463.955900
463.989075
464.090750
464.167525
464.239775
464.414575
464.530450
464.610450
464.722575
464.767125
464.787325
464.830150
464.881475
464.968275
465.061325
465.126775
465.153200
465.188050
465.224125
465.248800
465.316625
465.460000
465.516775
465.532950
465.560750
465.612750
465.742450
465.806650
465.830675
465.853125
465.898925
466.026675
466.095450
466.142975
466.158800
466.193650
466.242475
466.280200
466.316750
466.324350
466.377600
466.472350
466.519100
466.554950
466.580875
466.652325
466.692200
466.740675
466.792000
466.865250
466.933250
466.974450
467.040900
467.116600
467.132425
467.227050
467.277250
467.317000
467.340250
467.355425
467.386700
467.402325
467.423200
467.457725
467.496725
467.509675
467.611525
467.728450
467.787375
467.804950
467.808150
467.832725
467.881975
467.911375
467.940800
467.963075
467.994000
468.013225
468.077500
468.169250
468.192350
468.220950
468.258025
468.311675
468.402000
468.439200
468.458575
468.479250
468.514825
468.554275
468.603075
468.645600
468.724700
468.740750
468.759200
468.775250
468.844750
468.846325
468.872400
468.892850
468.912975
468.971725
469.045150
469.050325
469.133975
469.198375
469.248950
469.396475
469.466325
469.495525
469.507700
469.672425
469.842975
469.978975
470.095875
470.131550
470.160950
470.180400
470.192425
470.205600
470.225550
470.245225
470.261325
470.298550
470.319725
470.356550
470.466300
470.534175
470.582175
470.686700
470.702175
470.718725
470.829550
470.888750
470.950125
471.021950
471.183975
471.335875
471.566400
471.622000
471.649625
471.702425
472.012175
472.079975
472.120000
472.210125
472.243850
472.359925
472.458875
472.558100
472.597875
472.705125
472.780025
472.805875
472.922150
472.989125
473.002775
473.089325
473.154350
473.416825
473.559725
473.743125
473.811850
473.834800
474.171275
474.253650
474.394200
474.486350
474.889625
474.959550
475.008775
475.039450
475.165750
475.199050
475.272450
475.335600
475.448525
475.479350
475.624575
475.632350
475.722425
476.061050
476.216975
476.259625
476.314400
476.358750
476.730050
476.749875
476.781000
476.801025
476.815950
476.833400
476.873950
476.879675
476.923750
476.943450
476.976500
477.002700
477.018450
477.039075
477.066375
477.100875
477.133000
477.212725
477.376625
477.412700
477.443275
477.461525
477.482200
477.548150
477.579300
477.607050
477.662750
477.696050
477.736350
477.822200
477.852250
477.889300
477.948400
478.067850
478.177750
478.228150
478.266400
478.287975
478.329675
478.355450
478.415700
478.444700
478.467000
478.479925
478.575975
478.596425
478.613750
478.680525
478.814700
478.868500
478.888075
478.915975
478.936800
478.954175
478.974150
478.996200
479.002550
479.014025
479.034675
479.090600
479.205750
479.242150
479.439500
479.549275
479.568950
479.601775
479.618300
479.639600
479.665100
479.680650
479.696875
479.711250
479.745750
479.767850
479.870825
479.911275
479.939775
480.056000
480.095750
480.177275
480.179125
480.213500
480.256600
480.337675
480.399550
480.446550
480.529925
480.568000
480.585575
480.639825
480.689725
480.778800
480.833525
480.952950
480.991825
481.064300
481.087250
481.155200
481.160600
481.221100
481.271400
481.292050
481.316000
481.338525
481.356450
481.409075
481.498675
481.520775
481.615250
481.642250
481.756675
481.776200
481.789775
481.816775
481.889625
481.922800
481.948050
482.009975
482.038150
482.205800
482.238625
482.268375
482.295575
482.389775
482.450600
482.514325
482.606150
482.741350
482.848950
482.894475
482.924175
482.994600
483.051075
483.101950
483.124750
483.138150
483.160475
483.198225
483.306650
483.374625
483.431600
483.509050
483.544250
483.599225
483.611150
483.663150
483.696350
483.790800
483.809000
483.825825
483.849375
483.865850
483.896700
484.006025
484.054825
484.114225
484.168550
484.187700
484.266825
484.319725
484.345825
484.387675
484.402375
484.597200
484.642525
484.665725
484.703600
484.719175
484.863550
484.908475
484.934525
484.955950
484.969275
484.997100
485.024300
485.186125
485.277600
485.366075
485.389775
485.499400
485.534375
485.613925
485.654175
485.702225
485.792375
485.849700
485.892100
485.916575
485.935675
485.954300
485.968025
486.098325
486.144600
486.255700
486.298975
486.399800
486.475575
486.604400
486.642650
486.684900
486.689825
486.752575
486.820425
486.890325
486.953925
486.985350
487.007575
487.062975
487.112450
487.173400
487.235875
487.286425
487.328450
487.374175
487.410975
487.413925
487.447350
487.490175
487.507975
487.600475
487.620450
487.641050
487.679575
487.713025
487.753100
487.854175
487.895500
488.007625
488.112225
488.131225
488.190375
488.237800
488.254175
488.299425
488.386500
488.461350
488.490950
488.527850
488.606425
488.628450
488.663925
488.728650
488.763300
488.937850
489.002550
489.034525
489.166625
489.617950
489.636400
489.880425
489.962725
490.259850
490.317175
490.383000
490.675925
490.770425
491.422000
500.362725
500.634725
500.996075
501.096675
501.164850
501.285025
501.513625
501.552950
501.594625
501.710075
501.811700
502.104025
502.156375
502.304075
502.380875
502.568125
502.732325
502.908000
502.950675
503.010050
503.058875
503.127825
503.257075
503.282875
503.460500
503.593625
503.737725
503.946450
504.216625
504.365325
504.632100
504.749700
504.883275
504.935625
505.036500
505.205850
505.340925
505.613250
505.783175
505.919875
506.046225
506.128200
506.148175
506.338700
506.363200
506.375275
506.391275
506.452200
506.486050
506.576925
506.612025
506.641900
506.677300
506.714325
506.742900
506.794100
506.837025
506.908650
507.055850
507.120400
507.150950
507.169000
507.195850
507.264075
507.410250
507.490125
507.547900
507.642175
507.860550
507.949075
507.970500
508.009725
508.042675
508.067625
508.183975
508.322625
508.392725
508.466300
508.507825
508.594400
508.652225
508.665500
508.697350
508.734825
508.841000
508.896525
509.058450
509.094725
509.134725
509.147025
509.168950
509.242275
509.269200
509.382325
509.475400
509.556975
509.579875
509.616700
509.662825
509.827475
509.937625
510.039550
510.113700
510.164625
510.254225
510.295375
510.351650
510.413175
510.441175
510.583800
510.698650
510.810050
510.907625
511.033025
511.120200
511.455050
511.595900
511.613500
511.739425
512.037975
512.083850
512.219625
512.434600
512.456300
512.610750
512.648350
512.735675
512.874825
512.976000
513.090500
513.160000
513.201600
513.301625
513.338875
513.405175
513.430325
513.519275
513.551550
513.577675
513.621000
513.650675
513.726325
513.754150
513.845675
513.907025
513.932850
513.961775
513.993175
514.141625
514.172625
514.364675
514.471425
514.492925
514.574775
514.666725
514.724800
514.844550
515.112275
515.379175
515.434900
515.498300
515.561400
515.742375
515.868475
515.909200
515.961300
516.254925
516.368475
516.404225
516.466525
516.516325
516.580700
516.681450
516.765000
516.787275
516.845300
516.869200
516.938725
516.993475
517.069650
517.148150
517.284375
517.314525
517.349850
517.439300
517.495600
517.586750
517.635200
517.663450
517.700850
517.783450
517.828300
517.840125
517.881625
517.987100
518.096000
518.107175
518.120425
518.134325
518.166400
518.181650
518.203050
518.288400
518.324025
518.337125
518.439350
518.488050
518.527000
518.564450
518.707800
518.731725
518.824825
519.115850
519.353175
519.552300
519.642075
519.707350
519.794475
519.806750
519.848500
519.991275
520.057375
520.099600
520.235050
520.250750
520.401500
520.446025
520.511700
520.549575
520.609625
520.696225
520.716925
520.818900
520.970525
521.070600
521.094150
521.245800
521.372000
521.502800
521.613025
521.640225
521.678175
521.713075
521.770575
521.837450
521.899550
521.919975
522.048425
522.079975
522.205625
522.500900
522.526150
522.539675
522.556250
522.588125
522.635000
522.744300
522.774800
522.820050
523.030500
523.085650
523.120250
523.173275
523.253350
523.530300
523.585025
523.622275
523.647225
523.677175
523.752450
524.061650
524.118675
524.343150
524.437775
524.458950
524.494525
524.549600
524.569450
524.607125
524.741975
524.911475
524.927325
525.087025
525.268125
525.334550
525.424575
525.454350
525.504450
525.521800
525.780200
525.803025
525.857975
525.965050
526.002700
526.031775
526.065250
526.150200
526.273650
526.456675
526.473200
526.488500
526.499125
526.518975
526.551825
526.595325
526.791600
526.823600
527.022650
527.063475
527.112125
527.282400
527.508525
527.608075
527.645350
527.674875
527.697675
527.782200
527.900175
528.054975
528.193925
528.234225
528.277725
528.301925
528.331125
528.366450
528.467500
528.518250
528.539750
528.879500
528.886400
528.963075
528.992925
529.050175
529.109575
529.171825
529.197100
529.270775
529.660925
529.737850
530.038250
530.242875
530.312575
530.333825
530.360450
530.372075
530.387125
530.419325
530.566775
530.595925
530.631950
530.672700
530.683500
530.744675
530.819050
530.875625
530.921825
530.946050
530.977275
531.074200
531.116725
531.406650
531.408075
531.427475
531.526900
531.566725
531.625800
531.667175
531.773075
531.844825
531.878100
531.950375
532.114525
532.210350
532.235675
532.293075
532.320925
532.355425
532.594200
532.640775
532.722075
532.746950
532.867950
532.900750
532.956950
532.978100
533.029400
533.084725
533.179175
533.262200
533.337275
533.365850
533.385250
533.813050
533.845450
533.856225
533.886100
533.942450
534.183250
534.301275
534.337650
534.352000
534.511825
534.554800
534.578350
534.609200
534.740450
534.779550
534.959525
534.989675
535.213450
535.349800
535.386700
535.451375
535.481400
535.555975
535.685800
535.791350
535.833575
535.905950
536.029700
536.071300
536.371725
536.403800
536.429850
536.511700
536.661975
536.887450
536.925575
536.966200
537.073475
537.218975
537.306000
537.464025
537.588675
537.642800
537.963150
537.982175
538.030050
538.140700
538.299850
538.453600
538.493375
538.698025
538.774375
538.820225
538.997525
539.131000
539.167725
539.194075
539.299225
539.337075
539.393225
539.546475
539.892375
539.930475
539.971625
540.085825
540.138375
540.251875
540.344525
540.418150
540.473600
540.521925
540.593150
540.758900
540.865975
540.907150
541.015000
541.027875
541.090500
541.166075
541.319175
541.477250
541.512875
541.575350
541.825450
541.954675
542.178200
542.313450
542.347925
542.392125
542.403500
542.432225
542.471375
542.607900
542.781575
542.843500
543.122375
543.266150
543.295500
543.348925
543.373600
543.385375
543.530300
543.575150
543.624850
543.685425
543.688450
543.756675
543.829175
543.852250
543.872075
543.889675
544.015350
544.087225
544.159600
544.302000
544.350325
