0.568100
1.088050
10.895500
14.787125
14.940225
15.379300
15.526800
17.921475
20.663250
22.299200
23.836200
25.682400
29.236200
29.559900
29.658600
30.147050
34.580300
38.697525
44.190825
54.785075
57.395200
62.982750
67.508000
69.000650
74.089425
78.001250
78.510550
83.093450
83.294925
83.500250
83.635975
87.994350
88.606700
90.057450
90.925050
101.345325
102.505100
105.740525
115.479025
117.833475
117.968775
119.327800
121.350700
122.160875
123.971025
124.156575
126.276250
129.400800
131.383425
137.393725
139.332275
142.305775
143.718350
150.185825
150.853925
152.742675
157.206700
158.023275
158.493550
158.608750
159.082800
160.475900
161.059175
161.301850
161.498575
162.420200
164.213275
164.376525
164.427775
164.773675
164.787600
170.534725
170.938525
171.166800
173.993075
175.781825
178.211375
179.573875
187.533425
191.090075
192.482050
193.114150
200.618425
202.824400
203.645000
204.217300
208.171450
209.044000
212.774025
214.261075
214.440975
225.143050
236.610600
240.008575
240.427400
240.893650
244.472850
245.182350
245.346875
245.667975
245.786175
245.931325
252.351600
253.398300
255.106425
256.103850
257.415450
261.469625
273.786950
275.457850
276.523400
295.849325
296.510475
296.612450
297.339225
297.381800
