0.082600
0.089400
0.098225
0.145900
0.223600
0.306525
0.326250
0.498500
0.519075
0.526975
0.627700
0.666225
0.869275
1.012400
1.025100
1.101100
1.144825
1.190350
1.201100
1.312625
1.424250
1.560725
1.642550
1.777575
1.889225
1.903225
1.940700
2.053150
2.113025
2.313875
2.331075
2.355025
2.425825
2.609275
2.782250
2.792575
2.794100
2.817250
2.861850
3.011550
3.104500
3.128250
3.161475
3.190000
3.430425
3.466575
3.602250
3.615450
3.639750
3.679675
3.869400
3.882525
3.899775
3.934475
3.959500
4.095725
4.128300
4.152950
4.418650
4.467500
4.478375
4.517425
4.548825
4.596050
4.621100
4.647400
4.730200
4.793300
4.893850
5.085100
5.105575
5.122900
5.146600
5.195925
5.242475
5.344725
5.466050
5.477200
5.538625
5.635775
5.694675
5.702325
5.786875
5.798325
5.807750
5.875600
5.879025
5.905400
5.939800
5.963850
6.070925
6.186950
6.211650
6.239875
6.241175
6.316500
6.383750
6.480750
6.602125
6.638250
6.642650
6.764950
6.901100
6.911575
7.019800
7.039025
7.062225
7.095450
7.141175
7.472525
7.599150
7.646050
7.693850
7.855500
7.869225
7.911950
8.116225
8.136150
8.148000
8.274575
8.633750
8.667050
8.761850
8.781925
8.851150
9.013550
9.216625
9.304625
9.348075
9.433375
9.542350
9.557175
9.637800
9.823475
9.835100
9.873350
9.918200
9.986575
10.013225
10.114875
10.126425
10.210025
10.227800
10.317750
10.344525
10.426075
10.486600
10.518975
10.792625
10.810600
10.842050
10.894475
10.913650
10.972550
10.997225
11.011575
11.020675
11.225925
11.240675
11.342825
11.392050
11.439175
11.570650
11.595475
11.747700
11.757300
11.774825
11.794850
11.840850
11.982750
12.011825
12.068125
12.262575
12.277800
12.322100
12.373475
12.541075
12.568550
12.585975
12.649900
12.866200
12.886250
12.905675
12.908650
12.997075
13.189875
13.196375
13.239375
13.268350
13.275975
13.302150
13.371200
13.674825
13.698000
13.705475
13.796975
13.817875
13.927475
14.002925
14.035975
14.088350
14.131225
14.161775
14.358400
14.378250
14.387875
14.545525
14.734400
14.954750
14.986475
14.995275
15.001375
15.031725
15.095000
15.282250
15.352175
15.507950
15.564125
15.670600
15.829625
16.010300
16.031850
16.096375
16.122700
16.244525
16.301500
16.365150
16.368650
16.394500
16.457725
16.467300
16.511525
16.709225
16.819100
16.864150
16.899750
16.918150
16.932325
17.015625
17.024100
17.235175
17.390400
17.422850
17.429175
17.473300
17.493000
17.553625
17.578200
17.687625
17.704600
17.712125
17.723825
17.736625
17.742500
17.833350
17.870025
17.909225
18.208175
18.210275
18.216250
18.311025
18.334575
18.475175
18.530800
18.631600
18.733675
18.748525
18.797850
18.811725
18.845850
18.943925
19.116325
19.152100
19.188725
19.224100
19.385425
19.643475
19.695775
19.713875
19.719950
19.722575
19.807725
19.877200
19.930200
20.233175
20.285950
20.363075
20.434950
20.472575
20.493500
20.770400
20.896375
20.898825
20.913525
21.072950
21.154525
21.184175
21.196525
21.312800
21.434025
21.455325
21.505150
21.662600
21.685375
21.784575
21.792875
21.908975
22.075350
22.104175
22.189550
22.235175
22.269000
22.308725
22.450075
22.544950
22.617625
22.673250
22.783400
22.856625
22.879675
22.958750
22.978600
23.025800
23.030075
23.039800
23.060200
23.105600
23.109600
23.495100
23.699550
23.981925
24.000725
24.054150
24.227300
24.237175
24.252825
24.290500
24.318575
24.464500
24.489175
24.507225
24.519200
24.625200
24.798700
24.810800
24.849625
25.067900
25.105875
25.194500
25.259725
25.299150
25.424000
25.458950
25.531200
25.537125
25.591400
25.866525
25.892525
25.903775
25.963050
26.020525
26.091650
26.143550
26.290075
26.306475
26.325650
26.331400
26.350150
26.449575
26.506375
26.508250
26.609475
26.629500
26.842175
26.896550
26.956325
26.986875
27.002075
27.112825
27.255200
27.279100
27.318550
27.322700
27.508775
27.529600
27.581325
27.588325
27.612350
27.835375
27.848450
27.891150
27.996225
28.005275
28.090275
28.099200
28.124575
28.372375
28.381450
28.438625
28.460025
28.519275
28.557000
28.749550
28.785500
28.792550
28.798225
28.916400
29.021600
29.025600
29.085000
29.333350
29.342050
29.397975
29.430875
29.485725
29.826950
29.976200
30.144550
30.194350
30.289600
30.316400
30.333275
30.553925
30.732850
30.772075
31.002275
31.022375
31.156775
31.399050
31.409875
31.452175
31.483625
31.834025
31.993900
31.999750
32.008775
32.014925
32.028275
32.037200
32.041375
32.062150
32.099475
32.158425
32.565825
32.598250
32.667100
32.720225
32.770975
33.006350
33.011525
33.093500
33.132300
33.154875
33.176000
33.249025
33.277900
33.538000
33.622350
33.637650
33.676350
33.701850
33.731575
34.092050
34.126300
34.147075
34.220700
34.237675
34.292050
34.576300
34.727925
34.740625
34.750600
34.943950
35.274325
35.292950
35.315350
35.350175
35.393525
35.623750
35.818975
35.831075
35.845650
35.850975
35.908800
35.920225
36.085850
36.347725
36.466100
36.587150
36.685550
37.014300
37.102300
37.308525
37.319825
37.360325
37.518700
37.584550
37.610650
37.644125
37.720100
37.761025
38.001375
38.077275
38.191350
38.228875
38.290700
38.353725
38.400375
38.408700
38.410925
38.415875
38.453125
38.495050
38.682350
38.699975
38.803400
38.865750
38.908550
38.941525
38.991250
39.001225
39.057900
39.237825
39.244200
39.246600
39.257325
39.346550
39.563075
39.696825
39.891600
39.924875
39.971800
40.191525
40.337050
40.379900
40.549575
40.710425
40.891350
41.023575
41.044775
41.082700
41.153375
41.347300
41.384700
41.472825
41.616375
41.627325
41.648500
41.888050
41.983550
42.003475
42.106100
42.148950
42.381325
42.523200
42.536775
42.686600
42.786225
42.800425
42.859675
42.871325
42.872525
42.898575
43.002725
43.278650
43.360400
43.408900
43.418875
43.471950
43.719650
43.733400
43.768975
43.796875
43.926000
44.008725
44.100500
44.116100
44.145725
44.233050
44.296775
44.692225
44.723975
44.778300
44.895575
45.001825
45.027450
45.116775
45.371425
45.505175
45.526225
45.806125
45.971750
45.987800
46.018425
46.349675
46.391975
46.543075
46.560500
46.569400
46.592575
46.696825
47.050500
47.061125
47.084275
47.098750
47.164750
47.183725
47.370075
47.434275
47.581825
47.594125
47.699750
47.744825
47.753325
47.764675
48.073800
48.076875
48.087025
48.197925
48.331775
48.360200
48.368325
48.396575
48.525475
48.632300
48.732025
48.758125
48.815475
48.992700
49.125475
49.139800
49.189275
49.232100
49.279600
49.399050
49.519775
49.678950
49.693550
49.716975
49.976575
49.992275
50.081125
50.130225
50.160700
50.185575
50.296225
50.384950
50.400425
50.479100
50.484525
50.549550
50.737500
50.751325
50.868100
50.890350
51.262925
51.281575
51.295925
51.388525
51.415700
51.746100
51.799450
51.811600
51.835775
51.861900
51.863050
52.013750
52.176800
52.247800
52.277850
52.355900
52.444650
52.454100
52.468600
52.570775
52.572225
52.595200
52.596850
52.804500
52.821950
52.878600
53.194500
53.342275
53.446125
53.454675
53.497575
53.507775
53.773200
53.844225
54.068350
54.125650
54.149250
54.193350
54.326425
54.458125
54.487625
54.654375
54.924950
54.932250
54.934675
54.938100
54.952575
55.198200
55.225000
55.472275
55.537325
55.564450
55.568825
55.621000
55.734700
55.873000
56.078575
56.112925
56.121800
56.220150
56.247975
56.505125
56.521500
56.640100
56.674175
56.710875
57.070425
57.113900
57.276150
57.327175
57.723575
57.739350
57.852725
58.216600
58.224850
58.253600
58.263050
58.281100
58.629150
58.640250
59.250900
59.273725
59.326725
59.639200
59.651475
59.847000
60.066675
60.492100
60.517025
60.766000
60.857925
61.009100
61.268050
61.271775
61.283275
61.324900
61.637725
61.661650
61.705450
61.849675
61.863200
61.879050
61.902650
62.143775
62.173525
62.179600
62.181750
62.205825
62.284825
62.300225
62.450500
62.469175
62.579500
62.610150
62.866000
62.936400
63.129500
63.257650
63.270475
63.351100
63.578125
63.607675
63.698075
63.914950
64.008500
64.093850
64.333525
64.380025
64.468700
64.661150
64.675475
64.705775
64.808875
64.928225
65.021050
65.213300
65.281850
65.320575
65.321775
65.547025
65.636025
65.897675
65.927925
66.058000
66.112275
66.327425
66.378175
66.418825
66.489400
66.627075
66.651550
66.724075
66.818025
66.950625
67.235650
67.270875
67.434475
67.474375
67.657875
67.671925
67.775550
67.788000
68.180000
68.209325
68.214900
68.260400
68.283700
68.334225
68.369100
68.546500
68.554525
68.556300
68.629575
68.634125
68.674325
68.702500
68.899000
69.007025
69.029350
69.100000
69.181750
69.215975
69.320425
69.534775
69.571675
69.786925
69.797800
69.824550
70.018675
70.037500
70.083575
70.162675
70.285950
70.478050
70.561875
70.612400
70.826900
70.841275
70.879475
71.054150
71.127250
71.302075
71.321225
71.401500
71.594875
71.751650
71.905600
72.100825
72.148250
72.210000
72.231350
72.518575
72.551700
72.600975
72.904200
72.919550
73.003225
73.101600
73.360900
73.524275
73.830625
73.847500
74.096550
74.135600
74.157875
74.301800
74.336475
74.341725
74.375075
74.417850
74.663400
74.723375
74.981175
75.028100
75.066050
75.217625
75.289300
75.316500
75.600125
75.890150
75.967900
76.016675
76.045100
76.079800
76.253350
76.439150
76.465150
77.135625
77.162200
77.367325
77.388525
77.442125
77.705350
77.953125
77.976525
78.022875
78.319275
78.370400
78.539625
78.558575
79.102300
79.513225
79.543050
79.574475
79.610875
79.832750
79.852925
79.878700
79.925675
80.099100
80.110900
80.151025
80.431000
80.795650
80.832275
80.996075
81.035800
81.221900
81.271500
81.303250
81.347875
81.491600
81.544725
81.788325
81.794100
81.807725
81.843475
82.299275
82.338325
82.576800
82.717150
82.742575
82.845250
83.049400
83.361450
83.391425
83.435425
83.529250
83.530375
83.708000
83.719225
83.820500
84.041400
84.103450
84.329950
84.398950
84.492300
84.526825
84.581725
84.664850
84.899050
84.906900
85.095100
85.112525
85.143075
85.175800
85.338525
85.433400
85.539150
85.712700
85.769375
85.883350
85.997400
86.048875
86.090100
86.224350
86.351975
86.446150
86.475300
86.495725
86.808625
86.866825
86.902350
86.905925
87.089700
87.313100
87.345600
87.408275
87.409700
87.450700
87.458650
87.719825
87.763800
87.787200
87.798150
87.840875
88.039900
88.285300
88.327850
88.393375
88.627600
88.640425
88.751475
88.792850
88.956375
89.204200
89.226775
89.366100
89.459675
89.632325
89.711250
89.721000
89.756700
89.901200
90.038625
90.059000
90.095425
90.153450
90.348550
90.363150
90.382575
90.405400
90.411175
90.486100
90.682150
90.702450
90.784400
91.352525
91.384675
91.398250
91.460325
91.473475
91.506025
91.552975
91.951300
91.965050
92.031650
92.069125
92.095100
92.258950
92.298900
92.455925
92.477675
92.493000
92.536075
92.584700
92.752925
92.785775
92.827375
92.988700
93.001650
93.103000
93.124200
93.186150
93.240675
93.283475
93.453225
93.497225
93.574425
93.627175
93.650850
93.675300
93.735300
93.901150
93.915550
94.019025
94.114325
94.232600
94.268925
94.314600
94.433825
94.452925
94.626625
94.766325
94.871800
94.881975
95.006975
95.081000
95.134550
95.195225
95.384675
95.404375
95.450600
95.482775
95.512850
95.724475
95.906850
95.971825
96.089650
96.351125
96.412850
96.609725
96.769300
96.971575
97.009125
97.028625
97.088575
97.105200
97.656775
97.779250
97.798750
98.038300
98.065900
98.095375
98.317025
98.335750
98.571050
98.649250
98.678000
98.917000
98.988225
99.363150
99.413175
99.457100
99.646075
99.749125
99.765625
99.797125
99.814475
99.973825
100.084925
100.159300
100.259950
100.627050
101.446475
101.469150
101.565925
101.634825
101.853100
102.294475
102.376400
102.422500
102.469825
102.701850
102.710900
102.807100
103.149725
103.196375
103.218000
103.261700
103.495625
103.614575
103.628950
103.633850
103.688775
103.706525
103.925575
103.940575
103.970250
104.005475
104.063450
104.269250
104.286125
104.309150
104.374525
104.423050
104.519125
104.590300
104.600500
104.838675
104.847975
104.866275
104.915450
105.151425
105.170375
105.240250
105.242850
105.622800
105.655025
105.696675
105.883400
105.961325
105.991525
106.015125
106.277400
106.292675
106.654125
106.700725
106.746525
106.858075
106.913425
107.028500
107.050175
107.058825
107.108575
107.318200
107.342775
107.422450
107.572100
107.665050
107.960175
108.141425
108.189350
108.302975
108.355475
108.415575
108.651000
108.706950
108.743700
108.776850
108.825450
108.846350
108.864550
108.986000
109.074225
109.087450
109.109600
109.156575
109.379125
109.397850
109.459125
109.471050
109.513950
109.704650
109.738000
109.752975
109.767625
109.855900
109.868675
110.203250
110.275975
110.328725
110.576225
110.598025
110.644425
110.653525
110.807700
110.954575
110.985475
111.077525
111.134875
111.227775
111.247575
111.386775
111.672900
111.704525
111.807150
111.869525
111.895225
111.936700
112.156650
112.185350
112.194900
112.198375
112.529300
112.543325
112.589375
112.614100
112.680675
112.723625
112.905475
112.998375
113.184025
113.372125
113.652375
113.684625
113.743750
113.808975
113.952475
114.259250
114.336200
114.400425
114.609325
114.757375
114.890425
115.118950
115.246350
115.284675
115.303075
115.490950
115.512050
115.771400
115.954125
116.061050
116.197625
116.214100
116.546575
116.593150
116.775025
116.795175
116.819525
117.253925
117.302225
117.331950
117.402050
117.676650
117.706150
118.356125
118.437550
118.788125
118.806750
119.111325
120.079700
120.327750
120.656200
120.687675
120.713100
121.052600
121.073500
121.378550
121.431575
121.711675
121.725025
121.816150
121.817225
122.129475
122.659725
122.691875
122.747050
123.157225
123.201525
123.456150
123.478050
123.576925
123.832750
124.141250
124.233275
124.321625
124.362275
124.843275
124.911900
124.916125
125.177375
125.231125
125.276375
125.445350
125.537075
126.012175
126.138875
126.369350
126.454150
126.604075
126.657225
126.679375
126.796725
126.961925
126.989000
127.196825
127.504400
127.564700
127.690200
127.935625
128.021750
128.074225
128.311350
128.366375
129.007500
129.042475
129.332900
129.391875
129.584725
129.604850
129.683275
130.000300
130.028900
130.054650
130.184825
130.353550
130.458200
130.504400
130.519125
130.749325
130.800200
130.841800
130.991100
131.086650
131.274425
131.291750
131.489775
131.567000
131.587650
131.862700
131.888550
131.904850
132.260250
132.395075
132.519400
132.541050
132.602700
132.648050
132.845125
133.041850
133.123900
133.157275
133.352075
133.355550
133.387100
133.685625
133.700875
133.720400
133.749625
134.053150
134.271625
134.272800
134.315225
134.356025
134.389600
134.647550
134.954550
135.094950
135.107500
135.511225
135.558075
135.698975
135.989925
136.155275
136.800350
136.882975
137.791675
138.443375
138.460100
138.917525
139.147925
139.232500
139.326050
139.419575
139.461525
139.487125
139.540850
139.715250
139.736200
139.810850
139.908975
139.974800
140.017300
140.208925
140.252450
140.272625
140.315075
140.519225
140.534900
140.553125
140.569925
140.606975
140.762000
140.769375
140.976525
141.011100
141.058175
141.118675
141.327050
141.347800
141.357450
141.362325
141.442075
141.472350
141.652525
141.654125
141.693000
141.799275
141.925575
142.164225
142.431625
142.472150
142.654400
143.139725
143.486500
143.518850
143.772925
143.809025
143.847175
143.892100
143.909075
144.110550
144.136925
144.158000
144.208300
144.382425
144.395400
144.417250
144.444625
144.451100
144.516650
144.686950
144.715700
144.794275
144.960975
144.971900
145.213125
145.255875
145.302350
145.506325
145.513675
145.544275
145.574975
145.623925
145.787175
145.814650
145.849550
145.886075
145.943150
146.281375
146.321450
146.340050
146.403750
146.470225
146.645750
146.712800
146.836450
146.973975
146.980675
146.993025
147.117900
147.354875
147.449775
147.904875
147.954725
148.006350
148.076050
148.085050
148.167050
148.424675
148.649000
148.970475
149.004075
149.009850
149.088275
149.160225
149.185175
149.204500
149.379200
149.518100
149.536050
149.650000
149.792350
149.815300
149.884025
150.014775
150.035775
150.171975
150.326300
150.519650
150.699850
150.840500
151.208850
151.499550
151.508250
151.548975
151.560350
151.753425
151.783225
151.804600
151.862750
151.879125
151.959700
151.989850
152.236550
152.248000
152.338550
152.593625
152.672775
152.727125
152.842600
152.892900
153.157300
153.327425
153.434125
153.550775
153.821600
153.939600
153.954000
153.991900
154.015150
154.193500
154.292025
154.301525
154.400025
154.903525
154.937725
155.028525
155.069575
155.132100
155.219225
155.228025
155.394500
155.483925
155.534525
155.567525
155.612050
155.726275
155.815750
155.873275
156.022750
156.168625
156.269825
156.285025
156.435975
156.598325
156.668700
156.812225
156.831950
156.877050
157.245050
157.261250
157.324775
157.370625
157.610650
157.635275
157.810850
158.020500
158.037900
158.107950
158.160650
158.178425
158.322625
158.330725
158.356175
158.773750
158.813325
158.857925
159.020000
159.070500
159.219825
159.308875
159.468925
159.485550
159.571750
159.714900
159.745225
159.797625
159.976200
160.030125
160.209725
160.435125
160.450700
160.538275
160.551500
160.609625
160.822850
160.865850
160.932575
161.024475
161.033400
161.104800
161.179050
161.295225
161.317000
161.644600
161.685725
161.728975
161.928750
161.947350
162.164525
162.212375
162.255200
162.449025
162.625425
162.872325
162.885700
162.908050
162.960325
163.277100
163.345250
163.409725
163.470600
163.503450
163.540000
163.667950
163.819175
163.867850
164.037150
164.063525
164.294400
164.613800
164.646850
164.684550
164.714525
165.158575
165.230225
165.582250
165.666750
165.796050
165.916625
165.978025
165.998725
166.070475
166.101300
166.433575
166.663425
166.713300
166.902275
167.125525
167.225375
167.396725
167.414350
167.565350
167.605275
168.130200
168.314575
168.735950
168.794175
168.815150
169.081200
169.282725
169.294925
169.949100
169.969150
170.253425
170.464850
170.487675
170.564300
171.167350
171.173650
171.196600
171.765200
171.922775
172.095700
172.228850
172.473000
172.873125
173.158475
173.182450
173.287350
173.306075
173.353600
173.366650
173.537650
173.547700
173.644525
173.649700
173.695075
173.742400
173.898275
174.345750
174.442925
174.486575
174.610950
174.645725
174.701800
174.746850
174.777525
175.035725
175.043225
175.136800
175.194925
175.237400
175.394625
175.514425
175.552500
175.737875
175.774275
175.936425
175.947850
176.018225
176.131825
176.190250
176.208975
176.267125
176.458425
176.502725
176.639325
176.656525
176.710900
176.747500
176.772500
177.065925
177.103125
177.119575
177.137950
177.224575
177.232600
177.423900
177.492575
177.548550
177.611375
177.636750
177.790075
177.814350
178.069450
178.103925
178.118525
178.236375
178.323900
178.369250
178.695225
178.760600
179.155425
179.213425
179.344850
179.383150
179.513575
179.543650
179.695400
179.946750
179.976675
180.087950
180.141725
180.206650
180.248175
180.261075
180.280975
180.509475
180.524375
180.568725
180.621150
180.734825
180.774500
180.852775
181.007025
181.144500
181.165425
181.208050
181.374825
181.395825
181.412500
181.460650
181.633650
181.656750
181.668500
181.742775
181.792675
181.814850
181.991250
182.043300
182.100175
182.162075
182.237075
182.315250
182.338475
182.495375
182.512775
182.540050
182.573225
182.788725
182.807475
182.908775
182.928575
183.193575
183.234675
183.236675
183.362250
183.589075
183.680450
183.802025
184.164650
184.173150
184.381550
184.454275
184.468275
184.744850
184.784500
184.923300
185.011775
185.266425
185.364525
185.660750
185.787900
186.136375
186.340825
186.365125
186.601250
186.862050
186.907525
186.913950
186.944625
186.991300
187.193775
187.236500
187.481800
187.547825
187.740325
187.814800
187.827025
187.996425
188.011975
188.169450
188.198000
188.454075
188.519100
188.722525
188.926025
188.957375
189.035275
189.049350
189.247275
189.277275
189.622550
189.634600
189.645875
189.653500
189.678350
189.754000
190.008825
190.040050
190.084225
190.430375
190.449825
190.520950
190.522150
190.629075
190.755550
190.768400
190.796050
190.809850
191.062250
191.108300
191.145425
191.149825
191.879975
192.162150
192.448350
192.452125
193.151000
193.235950
193.366525
193.549225
193.573275
193.591775
193.628025
193.842525
194.027700
194.048525
194.080025
194.155400
194.159025
194.304600
194.336250
194.344750
194.458025
194.492225
194.686475
194.843175
195.063575
195.114600
195.242700
195.694525
195.701600
195.962000
196.138925
196.289100
196.372975
196.395650
196.460175
196.514875
196.608050
196.896550
196.923075
196.963825
197.182525
197.212250
197.290775
197.472725
197.485175
197.514200
197.519575
197.536100
197.757800
197.974850
198.040750
198.125525
198.153525
198.277800
198.325550
198.410750
198.438075
198.604725
198.621725
198.662700
198.749425
198.869300
199.035525
199.206150
199.214300
199.216250
199.278925
199.381075
199.387575
199.388575
199.641925
199.675900
199.691350
199.698450
