# # All spikes for Neuron
0.030800
0.059750
0.076325
0.089950
0.108950
0.135275
0.246500
0.253350
0.318550
0.334025
0.359900
0.370150
0.410975
0.441375
0.453700
0.469325
0.527000
0.547950
0.569150
0.617850
0.661375
0.692150
0.709150
0.728450
0.762750
0.775050
0.836975
0.848050
0.886950
0.899825
0.914950
0.974375
1.068525
1.081450
1.097475
1.114750
1.129975
1.142025
1.204625
1.241850
1.263200
1.273875
1.285250
1.312450
1.327800
1.358975
1.373100
1.388625
1.421300
1.443600
1.487725
1.499275
1.520600
1.531600
1.551300
1.560500
1.619925
1.653725
1.686500
1.739775
1.759300
1.798950
1.816050
1.830775
1.860825
1.874875
1.888900
1.899425
1.938500
1.961225
1.981325
1.990725
1.999575
2.094850
2.112975
2.178575
2.194500
2.206575
2.222425
2.239900
2.252425
2.265700
2.285500
2.332975
2.364025
2.380925
2.398000
2.420050
2.454975
2.500150
2.512400
2.532700
2.555700
2.577875
2.583550
2.589175
2.636400
2.652300
2.669325
2.699900
2.712875
2.747025
2.774950
2.794575
2.799725
2.812175
2.850825
2.865600
2.894575
2.913875
2.948125
2.961400
2.967400
2.978350
2.991950
3.004925
3.015075
3.041175
3.059350
3.067300
3.083475
3.093750
3.110000
3.123925
3.137975
3.171050
3.198750
3.211075
3.227600
3.246750
3.326300
3.352175
3.361075
3.384650
3.411650
3.423700
3.436000
3.462775
3.482750
3.497825
3.517025
3.531550
3.547800
3.586450
3.599300
3.610875
3.632650
3.649050
3.684700
3.721625
3.740875
3.762000
3.780775
3.820550
3.842300
3.856400
3.876900
3.909675
3.913050
3.916350
3.924375
3.996575
4.033875
4.063325
4.103050
4.164650
4.216975
4.233575
4.247675
4.260950
4.312950
4.327175
4.332375
4.338625
4.353325
4.421650
4.551775
4.626650
4.691525
4.707000
4.726850
4.739400
4.838600
4.871900
4.883875
4.896500
4.920825
4.956950
4.989525
5.006400
5.055125
5.143300
5.165950
5.184550
5.219000
5.237925
5.249550
5.292750
5.319025
5.350725
5.378350
5.407075
5.490450
5.538150
5.556650
5.575900
5.592250
5.614100
5.631125
5.652950
5.735600
5.757425
5.798800
5.809975
5.822975
5.835725
5.855775
5.871950
5.897125
5.919750
5.961525
6.003425
6.027775
6.049850
6.078800
6.105600
6.126075
6.141550
6.164225
6.199050
6.237675
6.258850
6.281625
6.320350
6.335675
6.380325
6.404975
6.440300
6.453750
6.462150
6.480525
6.488875
6.515625
6.535200
6.550350
6.556900
6.612650
6.626550
6.641300
6.676750
6.723725
6.736650
6.748050
6.758125
6.785500
6.798800
6.815250
6.848625
6.867825
6.883825
6.908000
6.936500
6.956225
6.966825
6.980025
6.993575
7.020450
7.036425
7.114450
7.137025
7.159475
7.202925
7.224075
7.282175
7.301975
7.315775
7.335275
7.350175
7.398300
7.415425
7.432950
7.444100
7.455350
7.465750
7.475325
7.567900
7.585625
7.601025
7.628825
7.641650
7.716525
7.730400
7.746750
7.763950
7.784175
7.841100
7.851075
7.902375
7.911625
7.919325
7.930075
7.967250
8.018000
8.055325
8.066175
8.102875
8.111400
8.127450
8.164575
8.171700
8.217225
8.242000
8.266825
8.281225
8.351450
8.367375
8.387275
8.404400
8.480800
8.486300
8.516675
8.534975
8.562025
8.570250
8.621375
8.671775
8.685450
8.702175
8.718400
8.750300
8.765800
8.805750
8.822175
8.856025
8.875600
8.888575
8.942475
8.968100
8.977125
8.993025
8.999325
9.048125
9.062100
9.079625
9.101025
9.163275
9.183025
9.204350
9.226375
9.234200
9.268725
9.295675
9.317800
9.331525
9.339700
9.359750
9.367875
9.386400
9.395700
9.417850
9.433150
9.451975
9.468350
9.511500
9.525675
9.542825
9.577625
9.594500
9.677725
9.700200
9.706700
9.716900
9.730950
9.800450
9.844175
9.911925
9.950575
9.964650
9.978850
10.027575
10.059825
10.109200
10.166375
10.240325
10.300950
10.315325
10.333100
10.344550
10.366350
10.383325
10.384400
10.393900
10.422500
10.434500
10.461300
10.466675
10.487700
10.508750
10.514525
10.603800
10.666600
10.696400
10.742075
10.769450
10.838675
10.859025
10.920650
10.930475
10.953975
11.018075
11.029975
11.175250
11.249675
11.256425
11.277400
11.291275
11.307050
11.323950
11.452550
11.471925
11.514225
11.525625
11.541550
11.637675
11.644350
11.682375
11.687725
11.697375
11.746250
11.774575
11.805075
11.816650
11.883300
11.905350
11.929925
11.972325
12.011925
12.029475
12.046000
12.124575
12.177625
12.204550
12.220100
12.241850
12.256125
12.277850
12.301450
12.307750
12.333025
12.355925
12.369600
12.439025
12.453750
12.467775
12.525250
12.543025
12.578425
12.630225
12.689225
12.721625
12.735800
12.805300
12.860175
12.875275
12.901700
12.909425
12.918100
12.926150
12.965250
13.034600
13.165100
13.188150
13.198950
13.204575
13.231550
13.254000
13.291850
13.372450
13.401150
13.447300
13.482850
13.493575
13.504050
13.520100
13.550850
13.582675
13.625375
13.644050
13.664950
13.731550
13.790125
13.825150
13.830100
13.916525
13.922900
13.945600
13.951550
13.970100
13.982825
14.017250
14.036125
14.042925
14.096200
14.170175
14.204825
14.270875
14.286300
14.349475
14.373600
14.409325
14.428075
14.465075
14.478850
14.490100
14.500150
14.511400
14.637775
14.670850
14.699875
14.710425
14.724775
14.738825
14.817500
14.875950
14.888625
14.909200
14.926800
14.989625
14.999725
15.107775
15.171300
15.184400
15.231200
15.245350
15.252575
15.267450
15.296675
15.328050
15.340250
15.350100
15.394950
15.468400
15.485425
15.502275
15.579275
15.628925
15.654450
15.692450
15.706750
15.716200
15.727600
15.751575
15.785350
15.801050
15.871150
15.909125
16.077700
16.102775
16.145400
16.228900
16.256900
16.297300
16.325875
16.346725
16.378425
16.382000
16.400125
16.417675
16.475875
16.531275
16.561875
16.629000
16.653050
16.669150
16.719425
16.734950
16.748250
16.792600
16.817800
16.859550
16.946400
17.009000
17.039425
17.081725
17.092175
17.107275
17.141975
17.180350
17.222400
17.277450
17.291925
17.334150
17.382725
17.404350
17.467075
17.529025
17.614900
17.628275
17.658850
17.683150
17.835200
17.847050
17.873050
17.898550
17.981650
18.022650
18.246500
18.254675
18.301125
18.339825
18.360150
18.379975
18.437850
18.491250
18.494300
18.531875
18.562150
18.575875
18.617025
18.636125
18.710975
18.764575
18.781875
18.799275
18.829550
18.845325
18.871000
19.018950
19.039575
19.042075
19.063950
19.070550
19.090600
19.100525
19.131075
19.348850
19.360975
19.368950
19.378700
19.397675
19.491975
19.508775
19.558450
19.597800
19.611150
19.632000
19.642825
19.654600
19.664900
19.674250
19.739625
19.766250
19.818700
19.920350
19.943025
19.962025
19.972800
19.994150
20.027225
20.036125
20.069975
20.106625
20.117650
20.182950
20.196400
20.241625
20.282450
20.317000
20.332750
20.379725
20.397025
20.409175
20.433925
20.448175
20.518175
20.525000
20.539775
20.546400
20.577975
20.587875
20.595525
20.639675
20.670250
20.726975
20.742175
20.768675
20.831050
20.848050
20.864500
21.000775
21.073800
21.103875
21.164300
21.171025
21.179250
21.194475
21.204175
21.216300
21.321875
21.364850
21.382125
21.416850
21.453450
21.474025
21.503375
21.519875
21.531350
21.572800
21.589550
21.604200
21.640575
21.671950
21.701900
21.731250
21.744250
21.767600
21.786425
21.837375
21.857425
21.903825
21.951400
21.966575
21.978100
22.007025
22.029650
22.036875
22.044250
22.056800
22.065775
22.076475
22.083275
22.108600
22.266425
22.283225
22.356000
22.373125
22.395100
22.405175
22.422975
22.442375
22.450000
22.471150
22.476750
22.531525
22.555275
22.603775
22.629700
22.640575
22.669900
22.714875
22.792400
22.830500
22.851375
22.901650
22.916175
22.965400
22.978700
22.990200
22.998400
23.023550
23.034450
23.091150
23.105950
23.115050
23.146200
23.147925
23.161550
23.219300
23.229000
23.237975
23.257375
23.283625
23.314375
23.336850
23.353825
23.362125
23.370875
23.379000
23.385275
23.415250
23.428125
23.434750
23.476450
23.509125
23.577175
23.611300
23.658500
23.670975
23.685375
23.701525
23.735625
23.750350
23.767325
23.777500
23.786100
23.801300
23.808500
23.821200
23.839750
23.847725
23.855350
23.868300
23.877075
23.894500
23.926975
23.953250
23.995100
24.000800
24.013450
24.029125
24.044475
24.052475
24.060075
24.124225
24.178500
24.184600
24.195850
24.201700
24.218775
24.232850
24.239925
24.246575
24.259700
24.311750
24.348250
24.375575
24.390300
24.433350
24.463450
24.512725
24.521500
24.540050
24.605050
24.644075
24.705725
24.747650
24.779725
24.797600
24.827950
24.890350
24.900750
24.926000
24.938525
24.951725
24.976400
24.999250
25.042475
25.050700
25.065650
25.071600
25.078900
25.094225
25.112225
25.131275
25.158200
25.165925
25.188000
25.214475
25.224325
25.242375
25.254375
25.263600
25.282650
25.291900
25.308650
25.329875
25.341950
25.370275
25.382825
25.417350
25.469100
25.482250
25.526275
25.547225
25.557900
25.565175
25.571775
25.594550
25.610325
25.624900
25.634450
25.668825
25.710250
25.735475
25.768700
25.783575
25.820000
25.839300
25.896950
25.917200
25.925775
25.935575
25.949950
25.976375
26.018750
26.059050
26.081200
26.095150
26.108650
26.143600
26.179900
26.194800
26.212800
26.279675
26.317550
26.326325
26.343150
26.354775
26.377275
26.423975
26.490075
26.535975
26.554300
26.578725
26.610125
26.645325
26.710300
26.759150
26.784750
26.804825
26.816925
26.856250
26.883025
26.893500
27.026025
27.071100
27.079650
27.086650
27.093500
27.134300
27.141125
27.179675
27.194175
27.209250
27.226025
27.258150
27.272900
27.288025
27.361550
27.390450
27.431425
27.438550
27.444550
27.460675
27.472975
27.500650
27.505325
27.539525
27.546500
27.553275
27.594525
27.621175
27.657500
27.666250
27.706500
27.727050
27.749950
27.794600
27.808725
27.845400
27.877350
27.918775
27.933900
27.953825
27.993325
28.002550
28.031700
28.045775
28.060625
28.090975
28.106550
28.114825
28.121825
28.143650
28.184450
28.195000
28.259200
28.272525
28.336750
28.358325
28.397025
28.427650
28.468975
28.486550
28.511925
28.525625
28.531325
28.536875
28.550950
28.567850
28.579600
28.606150
28.683000
28.696125
28.728250
28.745075
28.771400
28.816425
28.862600
28.903250
28.918225
29.017950
29.034800
29.051400
29.059450
29.098575
29.133850
29.160750
29.174475
29.198300
29.242975
29.265200
29.293250
29.372625
29.391650
29.403975
29.426100
29.434025
29.458775
29.474075
29.480975
29.489600
29.498125
29.525875
29.589175
29.625800
29.644950
29.650300
29.673025
29.711525
29.726100
29.740625
29.755175
29.774250
29.809600
29.869550
29.935725
29.959475
29.974150
30.020900
30.025450
30.096325
30.103125
30.110600
30.127925
30.142050
30.194000
30.217550
30.228275
30.245425
30.253875
30.277575
30.298700
30.310250
30.347025
30.361250
30.379625
30.421700
30.482625
30.509225
30.526200
30.576575
30.609525
30.663000
30.707700
30.732100
30.738400
30.745350
30.764550
30.772700
30.801950
30.835300
30.882000
30.891900
30.952525
30.978875
30.990175
31.037850
31.052425
31.114025
31.124175
31.170300
31.184675
31.189275
31.193650
31.199050
31.204650
31.210975
31.302975
31.312925
31.321550
31.340500
31.365225
31.390125
31.399925
31.412650
31.461075
31.475100
31.487925
31.520825
31.553300
31.565000
31.575750
31.599050
31.642350
31.656175
31.663200
31.677525
31.722300
31.736400
31.776975
31.789800
31.803450
31.852350
31.867650
31.877825
31.894200
31.951975
31.958125
31.965825
31.991750
32.004575
32.048925
32.055575
32.063400
32.119650
32.133300
32.178025
32.194550
32.248350
32.262300
32.316400
32.329350
32.362625
32.405350
32.421675
32.429400
32.445075
32.485425
32.497325
32.535625
32.543100
32.556350
32.578550
32.614500
32.621950
32.634275
32.645475
32.685475
32.696350
32.741775
32.752450
32.763050
32.783100
32.934325
32.975375
32.996925
33.026175
33.083050
33.136800
33.181825
33.194525
33.222950
33.297875
33.310950
33.403425
33.433500
33.446525
33.481100
33.504325
33.526550
33.537300
33.560225
33.585575
33.598000
33.610175
33.622625
33.634175
33.657475
33.665400
33.680175
33.731325
33.744875
33.764725
33.810875
33.816950
33.818650
33.839325
33.935450
33.946650
34.016900
34.082325
34.143300
34.159400
34.165000
34.181925
34.188575
34.204325
34.253550
34.260275
34.267325
34.307375
34.328275
34.360400
34.383525
34.396800
34.414350
34.441175
34.515300
34.558600
34.621175
34.688625
34.726975
34.740675
34.772625
34.786325
34.800200
34.861925
34.907050
34.927850
34.949675
34.956050
34.973850
34.978625
35.051650
35.065675
35.095525
35.108900
35.122875
35.141000
35.206275
35.219600
35.247875
35.284300
35.351875
35.357425
35.381575
35.510900
35.665275
35.774500
35.781925
35.788000
35.828950
35.853100
35.875775
35.907900
35.944900
35.952575
35.994000
36.043600
36.072800
36.080725
36.110300
36.115975
36.130925
36.188725
36.219350
36.228200
36.295575
36.315600
36.326750
36.378575
36.397125
36.513225
36.576500
36.588000
36.622550
36.658000
36.661650
36.670300
36.716925
36.798375
36.834375
36.843900
36.859150
36.908175
36.938325
37.076725
37.096650
37.113000
37.191775
37.231400
37.285850
37.396700
37.491950
37.512075
37.625075
37.691800
37.782225
37.807400
37.895925
37.917775
37.949925
37.958675
37.983850
38.083975
38.107075
38.178750
38.185100
38.198175
38.225150
38.270925
38.306200
38.338075
38.423300
38.498125
38.514675
38.682850
38.760525
38.929800
39.171825
39.216800
39.388550
39.431425
39.581875
39.619100
39.686150
39.745000
39.942550
40.006750
40.048175
40.108675
40.242175
40.258725
40.334025
40.359500
40.387325
40.418400
40.430200
40.451425
40.530550
40.602675
40.612925
40.630550
40.705575
40.746275
40.913000
40.952975
41.095850
41.160950
41.249075
41.273675
41.506300
41.557475
41.567650
41.635725
41.692800
41.704250
41.825850
42.104100
42.161925
42.175925
42.189725
42.220975
42.232975
42.247250
42.469600
42.568550
42.574750
42.590700
42.629175
42.659975
42.673650
42.710925
42.739275
42.772650
42.782350
42.814125
42.828000
42.854425
42.882975
42.920375
42.931950
42.973875
42.994950
43.008375
43.022450
43.033525
43.041900
43.064600
43.103700
43.162900
43.196200
43.256625
43.272225
43.286725
43.318800
43.343925
43.359950
43.471475
43.557475
43.586550
43.644825
43.661350
43.692400
43.711575
43.793975
43.823550
43.853650
43.890000
43.934150
43.946050
43.974150
44.046925
44.071450
44.095175
44.145925
44.168225
44.181400
44.240375
44.254100
44.264350
44.275850
44.288875
44.299800
44.326450
44.340075
44.371150
44.413350
44.473100
44.503075
44.508750
44.514450
44.541075
44.578125
44.684550
44.692925
44.752675
44.792350
44.814450
44.833575
44.883100
44.892975
44.940625
44.952625
45.019675
45.042250
45.151675
45.170050
45.191675
45.220700
45.259525
45.268100
45.282250
45.322200
45.329850
45.338325
45.372075
45.382650
45.418250
45.445475
45.463650
45.495050
45.524025
45.569650
45.592075
45.620350
45.658425
45.748600
45.759400
45.773650
45.849050
45.902675
45.953025
45.973050
45.995350
46.006600
46.021925
46.057125
46.104925
46.119900
46.187175
46.227000
46.237875
46.251375
46.257975
46.267350
46.310975
46.331050
46.368750
46.390775
46.407125
46.418575
46.447725
46.456800
46.488875
46.519025
46.611850
46.640050
46.648450
46.702425
46.708300
46.728350
46.748400
46.791725
46.833775
46.912875
46.924975
46.958600
47.025875
47.094225
47.120725
47.143625
47.190275
47.242150
47.250150
47.292900
47.333425
47.335025
47.355750
47.443625
47.482975
47.489625
47.600750
47.630100
47.645125
47.666100
47.694700
47.783825
47.831350
47.854900
47.889225
47.911425
47.941125
48.004975
48.101825
48.120975
48.129525
48.179325
48.200225
48.206775
48.213500
48.241525
48.269775
48.321000
48.326375
48.462900
48.483300
48.503475
48.675450
48.708675
48.763125
48.838075
48.906900
48.942275
48.984700
49.006425
49.193750
49.287975
49.362900
49.488550
49.600875
49.629500
49.683525
49.796400
49.823275
49.854425
49.957350
50.048225
50.079625
50.151850
50.233600
50.313275
50.367275
50.773775
50.806175
50.839100
50.851050
50.886575
50.939950
51.207050
51.221150
51.236250
51.309925
51.314500
51.346750
51.364425
51.548300
51.561375
51.588575
51.658325
51.724925
51.975750
52.156350
52.172425
52.200225
52.225625
52.277875
52.413100
52.501325
52.548925
52.891275
52.907700
53.239600
53.527500
53.590825
53.599275
53.715350
53.742025
53.777875
53.856975
54.388800
54.728850
54.790575
54.869150
54.908475
54.921600
54.935425
54.996250
55.082675
55.084825
55.148675
55.182425
55.261100
55.422425
55.622250
55.731650
55.893675
55.912900
56.036200
56.050350
56.205450
56.238700
56.389250
56.395925
56.661650
56.723250
56.792150
56.927625
56.961125
57.032075
57.045800
57.159150
57.187625
57.246700
57.375875
57.537600
57.581400
57.634400
57.641575
57.679125
57.694225
57.760275
57.848850
57.894925
57.948925
58.022675
58.110025
58.262375
58.284300
58.308125
58.337500
58.355625
58.415400
58.531100
58.573700
58.656800
58.752300
58.796700
58.839650
58.855675
58.877625
58.923750
58.932075
59.025700
59.042775
59.092375
59.101050
59.110575
59.119000
59.216900
59.230200
59.264100
59.330400
59.341575
59.375525
59.425975
59.486550
59.517200
59.546200
59.580150
59.654800
59.706100
59.716025
59.758625
59.782875
59.809875
59.863250
59.916800
59.941250
59.977700
60.021525
60.063725
60.101050
60.117975
60.135200
60.187450
60.226800
60.245600
60.254025
60.285400
60.315825
60.381125
60.396975
60.412900
60.426075
60.462800
60.478625
60.548075
60.554000
60.560200
60.595850
60.640500
60.653625
60.663125
60.680550
60.696400
60.708325
60.745575
60.777225
60.808200
60.840350
60.853675
60.867350
60.880900
60.897200
60.933550
60.991500
61.024250
61.032300
61.048475
61.076475
61.092250
61.142500
61.254375
61.282375
61.317550
61.333400
61.351225
61.399400
61.413800
61.440075
61.468825
61.476075
61.482950
61.506775
61.528500
61.540600
61.567125
61.582125
61.598650
61.618075
61.636675
61.666950
61.684825
61.694775
61.702475
61.725675
61.762900
61.769575
61.778100
61.789200
61.797350
61.857825
61.898050
61.923650
61.951875
61.969975
61.999500
62.016750
62.046700
62.112575
62.152750
62.177650
62.227875
62.270500
62.330950
62.364375
62.420775
62.452900
62.469350
62.482700
62.493450
62.547525
62.578725
62.603575
62.616475
62.631200
62.657700
62.670525
62.682850
62.685475
62.708375
62.733050
62.744675
62.755850
62.767725
62.785725
62.799850
62.821125
62.871050
62.958475
62.971200
62.984000
62.999275
63.010425
63.042700
63.070800
63.092875
63.122400
63.207925
63.235300
63.263275
63.302050
63.311300
63.362175
63.367750
63.431725
63.439800
63.478450
63.543075
63.588550
63.599000
63.682000
63.742300
63.757050
63.770450
63.789400
63.801375
63.810825
63.828400
63.845125
63.852975
63.874175
63.897300
63.905400
63.948950
63.955575
63.963575
63.971300
64.038225
64.045650
64.060475
64.124750
64.147650
64.160075
64.186750
64.206650
64.227100
64.238075
64.249950
64.278725
64.289200
64.300125
64.348025
64.377300
64.435600
64.461450
64.485775
64.503275
64.529750
64.555325
64.580650
64.594025
64.609800
64.640325
64.653900
64.676050
64.681525
64.756900
64.796350
64.817850
64.860075
64.874725
64.884625
64.948450
64.976700
64.986800
64.996100
65.015075
65.024125
65.045050
65.066750
65.104425
65.142500
65.161300
65.174150
65.191575
65.205750
65.222875
65.247200
65.271325
65.280500
65.289150
65.336050
65.366575
65.373375
65.379925
65.388150
65.403675
65.426175
65.435975
65.457975
65.483275
65.519500
65.553525
65.572325
65.601050
65.615275
65.645200
65.659925
65.672525
65.697325
65.741300
65.764875
65.793025
65.809325
65.865825
65.904850
65.922400
65.952750
65.996175
66.008125
66.021300
66.052175
66.078600
66.089100
66.092675
66.097425
66.126025
66.145125
66.152675
66.158525
66.215475
66.244375
66.259975
66.266200
66.273575
66.287625
66.304050
66.318775
66.335325
66.355500
66.376675
66.400950
66.414800
66.465125
66.479475
66.493925
66.525350
66.539500
66.555800
66.572325
66.590950
66.607275
66.639300
66.671650
66.686350
66.703250
66.739775
66.776800
66.792325
66.810450
66.844350
66.877400
66.902325
66.914550
66.924925
66.934300
67.018950
67.048225
67.063225
67.079750
67.096825
67.114225
67.128400
67.139725
67.158050
67.189350
67.201525
67.216125
67.230525
67.259250
67.270775
67.398850
67.409000
67.418000
67.427700
67.456600
67.465975
67.488825
67.521725
67.545725
67.612950
67.647700
67.719875
67.733675
67.746275
67.758150
67.770425
67.787025
67.834375
67.849125
67.858625
67.874500
67.909775
67.925350
67.942050
67.949275
67.990725
68.018475
68.025475
68.061775
68.068875
68.101850
68.110100
68.126850
68.136600
68.153675
68.179125
68.194200
68.224325
68.248425
68.264625
68.277250
68.308925
68.331825
68.346175
68.354425
68.362125
68.375875
68.382450
68.410100
68.423825
68.433450
68.439575
68.448050
68.455000
68.483325
68.495825
68.517425
68.530325
68.541775
68.554600
68.601175
68.615775
68.627550
68.642375
68.659150
68.700350
68.713350
68.731075
68.741600
68.748050
68.759675
68.776150
68.787225
68.801000
68.808750
68.825525
68.833175
68.843850
68.852025
68.878000
68.896350
68.917625
68.942825
68.955600
69.012625
69.028225
69.042100
69.073625
69.093250
69.109700
69.126875
69.143400
69.178675
69.193625
69.221125
69.237625
69.261900
69.289300
69.303975
69.344250
69.352150
69.358750
69.384725
69.396675
69.408600
69.420775
69.427025
69.470475
69.477600
69.514625
69.552675
69.586700
69.595050
69.635075
69.650200
69.688225
69.714100
69.742450
69.751100
69.761725
69.782175
69.804825
69.839925
69.850650
69.874025
69.888100
69.916550
69.951675
69.989250
70.006250
70.019350
70.036375
70.057500
70.063100
70.080800
70.093925
70.112925
70.126500
70.181050
70.196675
70.224450
70.263800
70.272900
70.285600
70.309350
70.321200
70.331725
70.360350
70.376550
70.390350
70.408450
70.422875
70.440325
70.453825
70.496500
70.518200
70.563200
70.570975
70.579150
70.585725
70.592600
70.612200
70.617450
70.641275
70.673950
70.681700
70.719125
70.761750
70.777850
70.874525
70.889650
70.905700
70.922000
70.983750
71.026575
71.035475
71.050275
71.081625
71.114375
71.120750
71.127150
71.135300
71.148925
71.154850
71.170575
71.207525
71.239550
71.267950
71.320800
71.368500
71.375500
71.383800
71.429625
71.474725
71.496750
71.508550
71.531650
71.546925
71.564225
71.583300
71.617125
71.632100
71.651350
71.682325
71.698675
71.712700
71.720500
71.752375
71.758850
71.771625
71.777975
71.797275
71.802650
71.808625
71.822550
71.854050
71.889225
71.938025
71.953200
71.966000
71.981600
72.013550
72.030500
72.044500
72.057450
72.127725
72.134650
72.142475
72.176800
72.209475
72.222775
72.277550
72.311150
72.342375
72.357350
72.385500
72.427800
72.442325
72.451225
72.459100
72.467250
72.501200
72.526525
72.539350
72.546550
72.553550
72.567975
72.575700
72.612225
72.628500
72.656250
72.674950
72.693425
72.709350
72.748225
72.797100
72.814850
72.834650
72.881050
72.932475
72.942900
72.966600
72.976500
73.018850
73.034975
73.051425
73.063500
73.078200
73.148250
73.171975
73.184000
73.197750
73.211400
73.225650
73.239200
73.253525
73.267225
73.284475
73.298475
73.313000
73.347700
73.357600
73.394800
73.402475
73.410875
73.443325
73.451250
73.494975
73.525975
73.560000
73.613800
73.635225
73.649350
73.696425
73.714275
73.728550
73.739375
73.761025
73.777150
73.794600
73.817975
73.825075
73.832225
73.848300
73.864825
73.882475
73.902400
73.979600
73.994725
74.008550
74.023425
74.040825
74.057500
74.074350
74.095250
74.126425
74.141100
74.154850
74.171675
74.205725
74.246875
74.283950
74.304575
74.310975
74.334400
74.355900
74.374525
74.406200
74.425975
74.456075
74.469725
74.499850
74.514900
74.563625
74.575875
74.585775
74.596600
74.603475
74.628850
74.635850
74.641700
74.658425
74.673500
74.688525
74.707150
74.718325
74.731175
74.749225
74.774275
74.781450
74.787500
74.801700
74.809700
74.818525
74.832500
74.839325
74.866775
74.890475
74.899700
74.909100
74.947150
74.984525
74.994450
75.005575
75.015325
75.026800
75.037975
75.071025
75.082675
75.096225
75.161725
75.174650
75.190025
75.207175
75.256400
75.264325
75.269600
75.309350
75.317000
75.336175
75.341900
75.364975
75.373375
75.408600
75.422575
75.444600
75.450275
75.479850
75.502550
75.529150
75.546825
75.567550
75.585275
75.602350
75.618850
75.636925
75.653000
75.670825
75.692125
75.708600
75.724625
75.738950
75.757675
75.791375
75.805350
75.835100
75.846050
75.856225
75.889600
75.902125
75.909525
75.925300
75.944700
75.973750
75.985625
76.005325
76.022300
76.034775
76.050275
76.060950
76.095025
76.141925
76.148225
76.166850
76.172400
76.188875
76.195550
76.200775
76.205825
76.237125
76.250675
76.261350
76.268500
76.282475
76.327700
76.352850
76.365700
76.379425
76.409500
76.427700
76.443550
76.475400
76.488900
76.518125
76.522525
76.536500
76.546900
76.579400
76.593475
76.652475
76.688225
76.706000
76.715350
76.726475
76.735750
76.746400
76.758075
76.780650
76.820550
76.836225
76.852775
76.874975
76.889200
76.918900
76.987525
77.069300
77.095125
77.100275
77.105975
77.124625
77.131775
77.191625
77.213450
77.232275
77.327825
77.332450
77.341225
77.372775
77.425100
77.447825
77.456400
77.509150
77.521800
77.538375
77.565775
77.609825
77.620575
77.633450
77.661325
77.672725
77.719500
77.739225
77.772175
77.792325
77.809975
77.821075
77.837475
77.863950
77.875600
77.888625
77.905650
77.923275
77.937550
77.965450
77.973450
78.009400
78.016200
78.072400
78.088975
78.116400
78.128675
78.137100
78.144075
78.203650
78.213350
78.238825
78.257000
78.270825
78.305675
78.331700
78.337100
78.356475
78.383225
78.397925
78.406775
78.412475
78.500125
78.560975
78.593625
78.686900
78.715675
78.722350
78.754600
78.787050
78.824400
78.850125
78.905350
78.996600
79.015200
79.021550
79.030025
79.082825
79.092200
79.130950
79.153750
79.165800
79.178500
79.212825
79.240500
79.294900
79.404775
79.441700
79.448175
79.495375
79.536525
79.550100
79.576325
79.633475
79.658075
79.684750
79.694125
79.702675
79.761975
79.775325
79.791825
79.913275
79.929475
79.957725
79.970900
79.982925
79.991225
80.075050
80.081475
80.105675
80.126900
80.137175
80.154200
80.167600
80.217575
80.370000
80.380950
80.406275
80.427625
80.439275
80.453350
80.494425
80.512125
80.524975
80.597150
80.636675
80.657350
80.691875
80.758500
80.797325
80.807650
80.826625
80.845450
80.891350
80.902675
80.926400
80.939875
80.953275
80.970975
81.017950
81.053925
81.097400
81.131300
81.148125
81.206575
81.271675
81.320600
81.348325
81.366700
81.374575
81.385675
81.400275
81.476375
81.538075
81.580125
81.592450
81.621900
81.630375
81.693875
81.716200
81.731100
81.745375
81.814375
81.846800
81.865100
81.879075
81.894300
81.923400
81.936600
81.956250
81.969425
82.041150
82.073425
82.086750
82.101300
82.117150
82.160400
82.202575
82.215675
82.276575
82.319900
82.380650
82.400100
82.414900
82.429050
82.445475
82.478875
82.491575
82.502525
82.512650
82.521400
82.537600
82.589450
82.671675
82.686175
82.711475
82.724125
82.740450
82.752750
82.768475
82.806500
82.851725
82.867025
82.907575
82.978500
82.997825
83.025200
83.039250
83.056625
83.077700
83.084625
83.112975
83.120600
83.132425
83.203800
83.216525
83.257525
83.342825
83.362500
83.371400
83.402450
83.413625
83.423525
83.458875
83.474225
83.491000
83.522425
83.572500
83.603350
83.649150
83.677700
83.686725
83.753200
83.803000
83.812400
83.822225
83.834550
83.875325
83.916225
83.934750
83.990350
84.033675
84.041225
84.048225
84.089100
84.173750
84.203125
84.217075
84.232500
84.269175
84.281775
84.357150
84.369100
84.480400
84.487800
84.493875
84.501525
84.510525
84.542525
84.554900
84.634750
84.650425
84.668425
84.693750
84.705300
84.717750
84.781825
84.806350
84.817050
84.897775
84.933775
84.952775
84.965725
85.061125
85.080525
85.125425
85.161125
85.183375
85.204800
85.250650
85.313675
85.325100
85.333500
85.372375
85.424925
85.444050
85.455150
85.474125
85.527700
85.533600
85.548075
85.648750
85.663075
85.701475
85.715875
85.758325
85.774150
85.787175
85.816975
85.884125
85.891200
85.959250
86.009000
86.030025
86.042375
86.067525
86.091050
86.106625
86.120250
86.162625
86.174300
86.188850
86.212400
86.269450
86.335650
86.364825
86.412300
86.426575
86.443825
86.458750
86.491325
86.502475
86.601150
86.645050
86.658075
86.685575
86.744150
86.756075
86.803800
86.827750
86.841250
86.892325
86.954925
86.969475
86.981675
87.029375
87.052950
87.089350
87.100150
87.114575
87.168025
87.195950
87.233950
87.247725
87.276475
87.295500
87.304825
87.323300
87.333725
87.349000
87.357650
87.379000
87.509750
87.557325
87.574625
87.629900
87.659575
87.681225
87.693825
87.739100
87.758625
87.793300
87.807200
87.833125
87.844575
87.917675
87.930850
87.970900
87.997175
88.013475
88.054350
88.064650
88.081975
88.098325
88.181200
88.190825
88.230425
88.256225
88.270750
88.295925
88.328400
88.382975
88.397350
88.434025
88.566775
88.586275
88.594525
88.600975
88.665825
88.690375
88.703725
88.722225
88.737075
88.782225
88.797150
88.843575
88.858175
88.865100
88.878775
88.903525
88.910075
88.924550
88.944300
88.987950
89.056300
89.066200
89.106975
89.118600
89.128725
89.141025
89.156675
89.171200
89.187525
89.223275
89.281800
89.293250
89.305725
89.336400
89.370775
89.380050
89.406275
89.416825
89.438075
89.448175
89.508000
89.524700
89.538175
89.552775
89.572000
89.606325
89.620975
89.637450
89.670625
89.688850
89.702850
89.727075
89.764375
89.876300
89.893125
89.917775
89.959275
89.971450
89.996325
90.046350
90.056300
90.066125
90.074800
90.129475
90.155475
90.167775
90.174025
90.207950
90.221850
90.233950
90.249000
90.283150
90.299500
90.329300
90.358025
90.399925
90.419600
90.441775
90.466150
90.495125
90.533050
90.692200
90.781775
90.818475
90.845475
90.872550
90.905300
90.976600
90.987525
91.030725
91.041450
91.083700
91.093975
91.115875
91.149375
91.171600
91.202450
91.232075
91.258200
91.313400
91.346750
91.405075
91.431450
91.465750
91.544000
91.657400
91.670800
91.705625
91.736925
91.785000
91.816625
91.838575
91.865975
91.950800
91.973075
92.052050
92.103375
92.117225
92.163775
92.201025
92.241750
92.337125
92.367800
92.389625
92.432675
92.505275
92.644475
92.650450
92.696725
92.752950
92.759925
92.807075
92.857200
92.866225
92.874875
93.004925
93.085875
93.128950
93.294650
93.557900
93.582275
93.605900
93.621150
93.629925
93.718100
93.745075
93.764225
93.788575
93.803325
93.815625
93.885700
93.925475
93.955050
93.966775
94.029825
94.051450
94.131425
94.151425
94.193600
94.238600
94.274650
94.349875
94.504350
94.534525
94.564850
94.572250
94.756875
94.801225
94.928150
94.998050
95.028700
95.051100
95.130250
95.141425
95.231400
95.239275
95.247850
95.373025
95.507400
95.873150
95.984925
96.032650
96.170000
96.206275
96.233425
96.267250
96.353875
96.358500
96.571625
96.599525
96.684325
96.875000
97.053950
97.279375
97.330350
97.429900
97.884625
97.956450
97.960725
98.386925
98.992900
99.117275
99.249425
99.479000
99.522250
99.904125
99.984625
100.058675
100.111825
100.372150
100.737925
101.224875
101.347800
101.371500
101.421375
101.427125
101.709825
102.052175
102.215725
102.235825
102.414100
102.453800
102.819975
102.941750
103.499675
103.599575
103.743650
103.775475
103.977875
104.016075
104.141600
104.447175
104.552075
104.603875
105.158350
105.905550
105.938575
106.012575
106.525675
106.741675
106.921925
107.095450
107.306900
107.333475
107.472550
107.691700
108.110100
108.400500
108.542375
108.558100
108.611225
108.656650
108.804450
108.863850
109.190125
109.217800
109.256000
109.415975
109.568750
109.805125
110.076825
110.278675
110.529650
110.545650
110.592725
110.599550
110.608475
110.623100
110.723575
110.793850
110.824500
111.771975
111.793875
112.020425
112.070725
112.090400
112.202900
112.291275
112.418375
112.535825
112.771450
112.967275
113.006525
113.031175
113.037850
113.282125
113.345275
113.809275
114.229350
114.243700
114.251850
114.529125
115.126550
115.799675
115.852875
116.105200
117.416125
117.439050
117.621100
117.988450
118.614600
118.812400
118.953275
119.862350
119.902600
119.966225
120.238625
120.373225
120.609400
121.069175
121.252475
121.680800
121.731525
122.786775
122.874025
123.187800
123.348350
123.388425
123.988825
123.991450
124.007125
124.175425
124.224525
124.242700
124.501275
124.799725
124.921450
125.174850
125.282700
125.303250
125.537050
125.759875
125.789300
126.076200
126.153075
126.366950
126.438650
126.471975
126.776175
127.315425
127.351375
127.401275
127.410275
127.720975
128.163950
128.418425
128.535800
128.575150
128.586150
128.604525
128.676775
128.870775
128.888725
129.127600
129.420650
129.636300
129.873000
130.091350
130.201075
130.330900
130.512475
130.601700
130.870475
130.906650
130.958575
130.988450
131.033250
131.284325
131.374525
131.394575
131.438825
131.469825
131.493075
131.645525
131.915575
132.589525
132.628250
133.210150
133.289950
133.599225
133.614175
134.108650
134.163425
134.198575
134.203425
134.261325
134.574925
135.062175
135.240825
135.592250
136.178850
136.290525
136.410200
136.426400
136.498200
136.568875
136.783125
137.019925
137.340475
137.368250
137.525000
137.858400
138.053350
138.089900
138.126850
138.496600
138.642275
138.759550
139.067650
139.171900
139.764950
140.092875
140.264625
140.322100
140.643550
140.677675
141.514750
141.563375
141.820975
141.834650
142.249375
142.267100
142.798725
143.060725
143.288450
143.839150
143.984325
144.247775
144.452600
144.688275
144.867675
145.094400
145.325925
145.396375
145.535725
145.812200
146.083625
146.294950
146.391200
146.422550
146.853975
147.031600
147.283325
147.302500
148.009650
148.165800
148.184750
148.376775
148.592100
148.627475
148.818050
148.835100
148.911550
148.930525
149.033825
149.097625
149.342375
149.400450
149.517350
149.990275
150.077575
150.214500
150.349000
150.802325
151.087200
151.172200
151.304025
151.335550
151.346950
151.517825
151.557500
151.612675
151.747850
152.043600
152.173575
152.372175
152.447125
152.676750
152.875525
153.305075
153.480075
153.666600
153.733900
154.307650
154.507075
155.266150
155.788100
156.208550
156.393325
156.489850
156.738575
157.081475
157.309875
157.516000
157.725700
157.881250
157.959550
157.988500
158.046400
158.073550
158.557625
158.682775
158.889950
159.038850
159.140950
160.036275
160.194875
160.298825
160.416900
160.864325
161.095500
161.436425
161.825675
162.063600
162.180375
162.828000
163.602700
163.712175
164.098025
164.240475
164.508200
164.913650
164.918150
165.004250
165.153625
165.598450
165.701875
166.047175
167.050625
167.107150
168.035200
168.434200
168.436425
168.878475
169.492400
169.827300
169.833050
170.299225
170.415425
170.541350
170.596975
170.607450
170.626150
170.641125
170.674650
170.751675
170.768350
170.826650
171.150775
171.537475
171.701075
172.053450
172.835275
172.854950
173.015025
173.346700
173.973700
174.133025
174.134750
174.297750
174.311400
174.464850
174.669950
174.772600
174.783650
175.144650
175.389425
175.428375
175.582100
175.615775
175.798800
175.957975
175.967950
176.187775
176.281525
176.416050
176.539225
176.971225
177.325200
177.696300
177.755475
177.810650
178.077800
178.350725
178.934250
178.988775
179.039700
179.154775
179.233550
179.274875
179.324075
179.600275
179.850675
179.923225
180.078650
180.278600
180.958100
181.199375
181.530700
181.643725
181.838200
181.897525
181.966475
182.346750
182.731275
182.967950
183.284025
183.476900
183.590525
183.691450
183.708875
183.741625
183.831700
184.211475
184.352525
184.909800
184.980875
185.081400
185.096825
185.549925
185.568475
185.605325
185.631225
185.861425
186.379725
186.536875
186.542375
186.709550
186.981975
187.681550
187.898500
188.268600
188.363800
188.669325
188.942200
190.100475
190.445800
190.559925
190.592350
190.626550
190.809000
190.991875
191.077200
191.331225
191.444300
191.464350
191.544900
191.560500
191.581300
191.649175
191.684750
191.755050
191.892125
192.048950
192.099075
192.268650
192.478625
192.898975
193.236100
193.246175
193.310525
193.463225
193.687400
193.731200
194.016325
194.566850
194.576575
194.617675
194.757775
194.962300
194.981100
195.090650
195.167900
195.296225
195.334825
195.345350
195.530050
195.608325
195.807650
195.829125
195.899400
195.950500
196.040100
196.406125
196.546050
196.558275
196.684350
196.710750
196.848050
196.898450
197.093675
197.248500
197.459775
197.720675
197.874600
198.174500
198.255225
199.128425
199.175825
199.538000
199.618675
199.714300
199.893500
200.065250
200.151325
200.171325
200.247100
200.282150
200.336875
200.471225
200.551200
200.562500
200.664500
200.773200
200.826325
200.844575
200.866425
201.042425
201.469475
201.616325
201.650200
201.665375
201.917575
201.970925
202.242950
202.394175
202.407625
202.538650
202.721850
202.734975
202.882775
203.308925
203.328475
203.374775
203.479625
204.021275
204.113500
204.150675
204.326825
204.427475
204.657225
205.039400
205.098300
205.192075
205.426325
205.644150
206.004950
206.120600
206.188500
206.598550
206.629950
206.848025
207.049850
207.174375
207.199625
207.438700
207.444125
207.749500
208.818675
208.965325
209.069675
209.112200
209.367600
209.370325
209.458300
209.669500
209.720575
209.755125
209.763675
209.987400
210.097875
210.120600
210.176950
210.296825
210.324575
210.464925
210.658075
210.725475
210.758550
210.931050
211.194100
211.272175
211.307450
211.694525
211.708000
212.114175
212.120675
212.216525
212.232425
212.330275
212.739675
212.801425
212.880950
213.016500
213.053250
213.157225
213.163825
213.359825
213.640325
213.769200
214.021750
214.087050
214.233500
214.322950
214.577850
214.661625
214.874850
214.964925
214.990700
215.073050
215.121575
215.273725
215.288150
215.328750
215.402650
215.533550
215.600675
215.738175
215.855050
215.893375
216.093350
216.241325
216.286000
216.453625
216.599825
216.712550
216.751275
216.793575
217.142825
217.176950
217.252000
217.320800
217.655600
217.695425
217.709025
217.758300
217.862650
218.172625
218.244675
218.417600
218.437525
218.471375
218.595225
218.640575
218.850925
218.879875
219.158425
219.230450
219.243100
219.455225
219.474275
219.690125
219.835850
219.903900
219.944500
219.978700
220.000550
220.146250
220.154650
220.340800
220.556875
220.601300
220.634550
220.721375
220.745525
220.764225
220.798375
220.801575
220.866700
220.894425
220.921275
220.991750
221.208450
221.277875
221.288375
221.438800
221.475950
221.498050
221.512875
221.518900
221.531100
221.806450
221.858750
221.876200
221.885925
221.934950
222.110075
222.158825
222.173350
222.293600
222.414100
222.552200
222.647475
222.757575
222.789350
222.821750
222.873900
222.930500
222.960650
222.975975
223.172675
223.463825
223.593175
223.767350
223.947075
224.015225
224.224575
224.532825
224.591250
224.634750
225.001100
225.149650
225.373050
225.414225
225.562625
225.588000
225.928700
225.963050
225.993575
226.017625
226.169125
226.564225
226.581175
226.616775
226.647600
226.826125
226.885575
226.895800
227.029475
227.075550
227.129900
227.137750
227.174250
227.200425
227.278250
227.325450
227.365125
227.387550
227.589250
227.624625
227.776250
227.784500
227.912875
228.142150
228.159625
228.397875
228.426275
228.699925
228.942675
229.092200
229.148350
229.356325
229.393775
229.442325
229.539525
229.617750
229.643975
229.835850
229.848100
229.883000
230.021625
230.260225
230.364650
230.443250
230.533275
230.762025
230.791100
230.900775
230.905000
230.979575
230.994150
231.011825
231.175825
231.343150
231.352325
231.575875
231.827675
231.914375
231.988575
232.332200
232.425275
232.551825
232.569350
232.602550
232.646925
232.706600
232.765600
232.776600
232.784400
232.902725
232.989975
233.000350
233.029175
233.102225
233.281325
233.314275
233.338350
233.452500
233.485400
233.642700
233.767975
233.821525
233.828875
233.929725
233.973675
234.055175
234.063075
234.070125
234.163700
234.326850
234.411700
234.450450
234.455250
234.475875
234.665350
234.685125
234.720675
234.970800
235.065825
235.096150
235.107175
235.127400
235.400500
235.417975
235.542675
235.594225
235.621450
235.650475
235.808750
235.949150
235.960975
236.077775
236.109375
236.143175
236.169275
236.255050
236.424200
236.468375
236.536925
236.645125
236.905300
236.940775
237.000900
237.024025
237.043700
237.102350
237.291950
237.324875
237.586950
237.689750
237.694625
237.750475
237.800275
237.923775
238.039550
238.080175
238.135475
238.144350
238.578950
238.652900
238.663900
238.690975
239.036500
239.101325
239.173950
239.504175
239.534775
239.569000
239.636700
239.684075
239.711450
239.874200
239.952850
240.074625
240.213450
240.374800
240.386025
240.418825
240.995025
241.009325
241.041375
241.497175
241.959300
242.126700
242.155025
242.166500
242.211725
242.222400
242.223575
242.282725
242.492425
242.521650
242.593000
242.693425
242.764075
242.944950
243.022575
243.308325
243.351025
243.365125
243.386350
243.535575
243.671575
243.677850
243.800550
243.832825
243.845300
243.878800
243.895175
244.052625
244.075200
244.194250
244.319300
244.351950
244.478275
244.546825
244.680200
244.745950
244.789825
244.797125
244.968300
244.995650
245.017575
245.043200
245.112800
245.254475
245.283725
245.443475
245.696425
245.745625
245.781150
245.790250
246.040950
246.211725
246.232350
246.294175
246.330875
246.494225
246.505925
246.515150
246.706400
246.796075
246.811975
246.862400
246.945625
246.982400
247.087425
247.566550
247.629475
247.728125
247.746550
247.820700
248.044325
248.094700
248.154025
248.209500
248.306700
248.445500
248.486325
248.541550
248.649225
248.782875
248.959325
248.991125
249.051250
249.058150
249.133500
249.240700
249.357325
249.425700
249.443500
249.615575
249.627575
249.665875
249.808100
249.822275
249.830600
249.883350
249.891775
249.923475
250.119750
250.453825
250.647075
250.791375
250.904250
250.917050
250.953675
251.159725
251.209050
251.584600
251.618325
251.630150
251.719800
251.730075
251.761500
251.827750
251.915950
251.937025
251.944625
252.169175
252.282675
252.465825
252.504375
252.552075
252.558400
252.889675
252.899325
252.923725
253.026025
253.043975
253.215350
253.564575
253.882475
254.008625
254.161150
254.217300
254.278325
254.324075
254.528625
254.624750
254.714225
254.915275
255.018725
255.265550
255.370975
255.372725
255.383200
255.568200
255.598150
255.726800
255.736875
255.868900
255.952175
255.998925
256.144725
256.192550
256.247825
256.273175
256.373750
256.389850
256.396700
256.411075
256.481300
256.766975
256.782700
256.799425
256.883100
257.009125
257.120100
257.182550
257.189675
257.219800
257.238000
257.534750
257.622325
257.709825
257.810650
257.974725
258.040750
258.107075
258.240350
258.287025
258.317800
258.391050
258.486550
258.512625
258.533975
258.552850
258.678350
258.764425
258.781375
259.093425
259.212100
259.297550
259.336700
259.402075
259.434850
259.672350
259.739600
259.791775
259.969650
260.133700
260.140200
260.226350
260.312125
260.348675
260.514325
260.683850
260.735100
260.748425
260.789450
260.909025
260.925500
260.926475
260.987400
261.080175
261.185250
261.205525
261.278500
261.417225
261.877075
261.993725
262.052125
262.069925
262.118275
262.142125
262.281325
262.335275
262.433750
262.523825
262.542750
262.598200
262.724650
262.763000
262.809100
262.849725
263.143375
263.173675
263.215025
263.411375
263.438900
263.495225
263.556750
263.634850
263.673500
263.782000
263.888150
264.060325
264.203275
264.252750
264.262725
264.306550
264.324275
264.394050
264.401050
264.406075
264.494375
264.532225
264.587450
264.634075
264.727300
264.757375
264.791100
264.836150
264.847600
264.882175
264.925625
265.027150
265.225050
265.248775
265.318250
265.397225
265.455025
265.465475
265.504075
265.573375
265.663475
265.748075
265.955850
266.144300
266.194125
266.265675
266.398950
266.483775
266.518425
266.783850
266.794500
266.954825
266.994700
267.101775
267.189250
267.198125
267.235200
267.246050
267.266000
267.411250
267.513850
267.565200
267.581400
267.705250
267.757200
267.811750
267.962850
268.053325
268.113025
268.155025
268.406000
268.418725
268.471325
268.492775
268.564400
268.594625
268.618975
268.634500
268.670375
268.683475
268.778900
268.929425
268.995325
269.090825
269.113575
269.202975
269.210100
269.345050
269.437650
269.509450
269.648400
269.656950
269.671725
269.687450
269.831175
270.093000
270.114075
270.180600
270.227875
270.302550
270.326450
270.423700
270.490075
270.682125
270.724475
270.894000
271.031150
271.080525
271.253875
271.270125
271.318975
271.349925
271.364125
271.505800
271.561100
271.610875
271.620250
271.632825
271.748850
271.793600
271.806600
271.866050
271.881400
271.939550
272.004850
272.079850
272.089500
272.090600
272.108450
272.122675
272.136225
272.163525
272.172425
272.194375
272.285275
272.404850
272.431475
272.471475
272.576850
272.718525
272.737325
272.853650
273.022925
273.044825
273.181325
273.333950
273.347775
273.370875
273.378475
273.418500
273.491325
273.545050
273.647900
273.666625
273.725650
273.764075
274.040450
274.081775
274.214250
274.291200
274.331200
274.336500
274.490000
274.520225
274.797075
274.865875
274.888525
275.002125
275.012250
275.096125
275.260425
275.342625
275.424275
275.469975
275.545775
275.696075
275.774275
275.878775
276.096750
276.146600
276.498625
276.576025
276.640325
276.714700
276.716050
276.958125
277.068000
277.080000
277.124750
277.242600
277.329500
277.418050
277.425575
277.545050
277.844025
278.040125
278.099525
278.175800
278.231675
278.400425
278.516425
278.547400
278.647075
278.697050
278.758125
278.825100
279.021100
279.139725
279.177025
279.229375
279.282475
279.290425
279.461625
279.620150
279.639425
279.912100
280.017375
280.103825
280.152775
280.160600
280.204300
280.270000
280.399950
280.454600
280.541600
280.637000
280.719950
280.823500
280.907350
280.966600
281.012525
281.108350
281.137400
281.198225
281.229925
281.347200
281.361325
281.425650
281.744200
281.921450
281.952425
282.252025
282.531850
283.056400
283.213225
283.237950
283.285125
283.292225
283.364450
283.432625
283.596400
283.684250
283.815325
283.926650
283.964400
284.135725
284.250550
284.258750
284.427475
284.476950
284.562600
284.585250
284.625125
284.642100
284.671650
284.678925
284.685325
284.793025
284.909075
284.923600
284.936750
284.987825
285.018725
285.029025
285.043825
285.207425
285.316050
285.481850
285.861625
286.049625
286.092175
286.147975
286.367900
286.509100
286.545200
286.649375
286.705225
286.718175
286.789000
286.811650
287.027625
287.033975
287.056925
287.193725
287.218125
287.241350
287.371950
287.681750
287.701050
287.792125
287.883425
288.126975
288.150300
288.160975
288.175025
288.494550
288.537725
288.750275
288.758775
288.776125
288.857050
288.879375
288.914875
288.998875
289.058600
289.325225
289.506250
289.550100
289.592075
289.705900
289.879100
289.892125
289.942250
290.334675
290.373600
290.383750
290.434600
290.518425
290.606900
290.618225
290.626975
290.661900
290.759150
290.969700
291.036800
291.176450
291.253375
291.399900
291.419475
291.543125
291.548625
291.686975
291.698150
291.860475
291.868950
291.931725
291.973000
291.988125
291.998350
292.050350
292.066725
292.151675
292.199525
292.277325
292.284900
292.301850
292.416900
292.502275
292.698700
292.705950
292.720250
292.876700
292.887475
292.948525
292.953425
293.029425
293.160275
293.235325
293.381975
293.392325
293.545950
293.624875
293.686750
293.739925
293.772775
293.785350
293.812825
293.853450
293.858325
293.878375
293.890525
293.902300
293.911600
293.950775
294.125550
294.132025
294.137925
294.302725
294.312875
294.345575
294.478275
294.576425
294.621675
294.687150
294.721275
294.876050
294.977700
295.015050
295.157075
295.334650
295.384050
295.417875
295.656600
295.797050
295.971775
296.051550
296.089375
296.400000
296.583650
296.623225
296.750825
296.757450
296.912875
296.966625
296.999075
297.043925
297.332625
297.376925
297.407050
297.491225
297.537500
297.553900
297.799575
297.878675
298.000300
298.250750
298.360475
298.552200
298.598625
298.694350
298.733525
298.767650
298.846400
298.904825
299.161075
299.325225
299.461500
299.837575
299.860975
299.873025
299.974350
300.078450
300.211125
300.498200
300.553375
300.587050
300.649850
300.940075
300.944800
301.410825
301.542325
301.642300
301.858825
302.149475
302.202650
302.344650
302.448550
302.550100
302.680450
302.768550
303.137625
303.183875
303.381200
303.556925
303.857075
303.950800
304.098675
304.361575
304.371150
304.385525
304.462250
304.802175
304.994975
305.134075
305.549325
305.633725
305.697575
305.875225
306.018000
306.043925
306.117175
306.153000
306.235875
306.337625
306.350225
306.392450
306.549350
306.557725
306.578925
306.628325
306.685800
306.762250
306.796450
306.854875
307.107175
307.286375
307.377300
307.467075
307.512075
307.613175
308.060400
308.091275
308.136650
308.166075
308.392000
308.438625
308.455900
308.508300
308.677100
308.696050
308.739875
308.767200
308.957450
309.044525
309.078300
309.087850
309.298600
309.434775
309.465125
309.716750
309.736775
309.782175
309.965050
310.034125
310.218150
310.245425
310.401850
310.486525
310.545350
310.579225
310.649500
310.699000
310.828275
310.994750
311.375425
311.479550
311.503850
311.945700
312.086625
312.104500
312.125250
312.163350
312.635450
312.674025
312.697975
312.710025
313.147500
313.219475
313.246000
313.289800
313.307075
313.388325
313.430000
313.557450
313.846075
313.906175
313.989225
314.132175
314.227850
314.434550
314.694450
314.770000
314.819800
314.869525
314.905850
314.913800
314.981050
315.012725
315.556975
315.567250
315.613100
315.635225
315.714250
315.856250
316.005600
316.033525
316.223450
316.244100
316.311550
316.359350
316.532025
316.560975
316.586850
316.613450
316.761400
316.815950
317.111700
317.166725
317.511725
317.634200
317.731600
317.745525
317.836550
317.897825
317.904225
317.918050
318.040425
318.063400
318.075075
318.197525
318.209625
318.222175
318.341325
318.447025
318.483775
318.497500
318.862150
318.911425
318.960475
319.008350
319.118650
319.137875
319.173975
319.310775
319.331850
319.422700
319.611300
319.738250
319.759125
320.112825
320.149475
320.183525
320.223150
320.401300
320.524400
320.592750
320.964275
321.002700
321.079225
321.171775
321.180725
321.534150
321.650200
321.937925
322.020175
322.028600
322.191500
322.257850
322.268625
322.277725
322.338625
322.453925
322.641750
322.656075
322.770025
322.964725
322.984900
323.018825
323.037525
323.099000
323.121725
323.166700
323.184350
323.201675
323.265575
323.468600
323.558350
323.746050
323.946550
323.982575
324.234675
324.340850
324.400525
324.436475
324.482400
324.509675
324.626000
324.632425
324.648075
324.694450
324.967000
325.152300
325.159225
325.222625
325.396025
325.407425
325.425625
325.739150
326.068025
326.097250
326.125650
326.222175
326.295350
326.429200
326.595150
326.651525
326.837150
327.023500
327.098225
327.352500
327.521500
327.678775
327.931625
328.298525
328.397450
328.408875
328.513575
328.577500
328.707175
329.086575
329.133575
329.536850
329.638225
330.027200
330.182050
330.274650
330.407175
330.530625
330.541850
330.654750
331.032650
331.058850
331.072275
331.111650
331.434750
331.496275
331.558325
331.911100
332.011750
332.718575
332.774975
332.783200
332.869750
332.897450
332.902950
333.047500
333.058400
333.237775
333.377675
333.402475
333.418075
333.502550
333.538825
333.672400
334.020325
334.066925
334.177400
334.267225
334.378300
334.716775
334.786950
334.902550
335.031425
335.077825
335.097600
335.203075
335.303825
335.365300
335.468625
335.485325
335.577275
335.775400
335.803425
335.884550
335.965725
336.015025
336.042525
336.268925
336.403500
336.404900
336.677200
336.684425
336.733775
336.974475
337.056050
337.147600
337.168300
337.188550
337.305550
337.326625
337.403450
337.452050
337.510875
337.570375
337.706375
337.717050
337.752975
337.856350
337.865350
337.893750
338.052775
338.186050
338.206975
338.214600
338.571900
338.765850
338.915400
339.163825
339.171075
339.184500
339.258350
339.348650
339.373650
339.385375
339.391325
339.504925
339.509275
339.616150
339.663275
339.673725
340.076000
340.173300
340.561000
340.983650
341.077075
341.088325
341.206325
341.247075
341.279175
341.300950
341.381125
341.460375
341.726075
341.947200
342.088675
342.219200
342.356225
342.445425
342.584850
342.666700
342.696625
342.731075
342.732200
342.803375
342.870475
342.960450
343.098975
343.111225
343.119600
343.125075
343.168750
343.379175
343.458025
343.527000
343.555950
343.610225
343.623450
343.710300
343.737475
343.749700
343.974850
344.002075
344.375875
344.382100
344.403950
344.467925
344.623475
344.666425
344.723800
344.778925
344.786850
344.945175
345.036350
345.053425
345.131225
345.286700
345.308400
345.407675
345.419700
345.429250
345.456900
345.582350
345.645775
345.672550
345.693750
345.780175
345.829025
345.867075
345.928925
345.984375
346.010800
346.054900
346.134625
346.355525
346.429350
346.437500
346.724050
346.944275
347.080475
347.294050
347.438600
347.905200
347.944725
347.972650
348.054625
348.072100
348.225225
348.226525
348.268975
348.305250
348.444025
348.680350
348.805675
348.922400
348.970925
349.105950
349.125275
349.355675
349.436700
349.483050
349.636125
349.686250
349.790475
349.958750
350.232375
350.308425
350.354625
350.366750
350.574400
350.596525
350.602675
350.772875
350.862275
351.048600
351.066925
351.413575
351.448300
351.468900
351.506025
351.541100
351.623900
351.627625
351.664250
351.779725
352.003600
352.069025
352.148450
352.281700
352.492875
352.508375
352.568325
353.165700
353.193650
353.295875
353.336500
353.342000
353.409450
353.524725
353.686775
353.827875
353.840825
353.851775
354.016325
354.088525
354.170425
354.293100
354.303425
354.362850
354.489675
354.556800
354.600500
354.662200
354.946275
354.986050
355.031825
355.376025
355.396475
355.565550
355.609400
355.631500
355.640275
355.781400
355.803100
355.886375
356.078200
356.215150
356.278475
356.302350
356.363400
356.377325
356.534700
356.630175
356.657300
357.045325
357.084275
357.119325
357.123950
357.128275
357.145200
357.168225
357.272050
357.273875
357.286125
357.605550
357.721825
357.865700
357.888025
357.979275
357.996825
358.071575
358.214850
358.224250
358.373400
358.382050
358.422725
358.441125
358.589050
358.712075
358.767175
358.985475
359.101550
359.226750
359.257950
359.267850
359.491375
359.516075
359.579325
359.721900
359.850675
359.890850
359.992050
360.184575
360.192875
360.299050
360.509400
360.644000
360.749300
360.835675
360.867700
360.917375
360.936350
361.051650
361.065900
361.120450
361.250625
361.303975
361.309825
361.437575
361.466200
361.526675
361.682875
361.729375
361.926400
362.118700
362.202550
362.254725
362.460825
362.465150
362.699825
362.772025
362.786525
362.921725
362.959275
362.968725
362.986625
363.043000
363.158175
363.194575
363.361825
363.496475
363.598150
363.613275
363.627600
363.713000
363.831525
363.859625
363.879650
364.029450
364.051975
364.097150
364.253675
364.313150
364.318175
364.339550
364.575775
364.788600
365.059425
365.187650
365.211450
365.233125
365.288700
365.343300
365.378775
365.514675
365.541225
365.672150
365.880475
365.971225
366.159800
366.296000
366.410400
366.501100
366.821550
366.831450
366.915900
366.988275
367.152525
367.268975
367.500575
367.604850
367.688675
367.774000
367.926850
368.074675
368.082750
368.464775
368.544625
368.561050
368.587850
368.782475
368.845050
368.903200
369.035000
369.047125
369.205375
369.780100
369.824850
369.926625
370.005275
370.061825
370.303875
370.433800
370.582700
370.598525
370.701850
370.960075
371.177975
371.213300
371.282300
371.327950
371.371225
371.707600
371.803875
371.914675
371.979100
372.068800
372.102150
372.121425
372.237550
372.251625
372.463550
372.499925
372.544625
372.567650
372.632350
372.671400
372.740925
372.788475
372.811525
372.839300
373.027200
373.341125
373.377225
373.435125
373.436550
373.543200
373.824100
373.943600
374.052975
374.132525
374.344100
374.350350
374.399575
374.470150
374.810500
374.869050
374.963575
375.003900
375.133175
375.147900
375.309075
375.360350
375.493200
375.619575
375.634725
375.773600
375.943100
375.972800
376.156950
376.575025
376.596550
376.810475
376.883800
376.893675
377.051750
377.089350
377.299650
377.308975
377.375450
377.802075
378.063700
378.233200
378.407350
378.428425
378.834250
378.858525
378.899500
378.940525
378.980400
379.224525
379.364875
379.428225
379.467150
379.630525
379.693725
379.720850
379.739800
379.901650
380.264300
380.418000
380.518625
380.594325
380.798450
380.823875
380.923100
381.079700
381.480725
381.502650
381.568700
381.908875
382.008075
382.395925
382.559400
382.707150
382.751650
382.872175
382.933575
383.105250
383.228925
383.293100
383.373150
383.460775
383.570025
383.685925
383.696600
383.974500
383.991750
384.028575
384.134650
384.164725
384.193625
384.277400
384.290475
384.440025
384.716850
384.783000
384.791325
384.805375
384.898950
384.906275
385.002025
385.339300
385.423075
385.493175
385.526275
385.566025
385.586375
385.666275
385.888875
385.917575
386.419725
386.484775
386.560950
386.667575
386.717875
386.748750
386.847975
386.934850
387.041475
387.192900
387.275000
387.369100
387.546650
387.578850
387.651150
387.691100
387.774700
387.828425
387.973750
387.991300
388.270275
388.297725
388.469975
388.574800
388.616050
388.704850
388.716900
388.862875
389.025850
389.131450
389.155725
389.422425
389.440425
389.623175
389.625300
389.741100
389.817675
389.865400
390.037400
390.175650
390.264700
390.288775
390.367400
390.416450
390.552650
390.573100
390.612975
390.633225
390.764750
390.777400
390.941125
391.019575
391.048050
391.204575
391.234000
391.270350
391.288575
391.383275
391.450950
391.681450
391.715200
391.766125
391.796375
391.855675
391.983050
392.071250
392.520750
392.521875
392.704150
392.750675
392.758050
392.839150
392.881500
392.922075
392.939125
392.954075
393.134525
393.208325
393.216800
393.228475
393.291050
393.300250
393.411525
393.412725
393.432725
393.451625
393.653425
393.723775
393.751200
393.861200
394.006825
394.088600
394.115750
394.368975
394.556525
394.580900
394.799925
394.950100
395.181350
395.447275
395.460925
395.582225
395.602350
395.643750
395.740250
395.745400
395.782900
395.853075
395.903000
395.974125
396.123350
396.206750
396.242375
396.523850
396.540875
396.649300
396.819150
396.897450
397.002450
397.077525
397.103425
397.178475
397.305225
397.343475
397.417450
397.474850
397.613725
397.754300
397.833550
397.849800
397.940800
398.036525
398.156875
398.179450
398.297450
398.313250
398.387175
398.393900
398.410475
398.446050
398.590525
398.607525
398.886450
398.910650
398.934225
398.958625
398.987550
399.100500
399.171150
399.270675
399.294050
399.316550
399.376975
399.439850
399.452250
399.460950
399.541175
399.611925
399.835800
399.874075
399.889850
399.957350
400.220725
400.405300
400.436525
400.466150
400.520975
400.606425
400.826175
400.911225
400.918550
400.984475
401.084475
401.175550
401.290450
401.383075
401.406200
401.492350
401.590300
401.666225
401.696800
401.995125
402.055425
402.170625
402.396100
402.620450
402.765750
402.961475
403.057200
403.280500
403.294775
403.399025
403.530275
403.618775
403.907325
403.945575
404.169300
404.605450
404.638425
404.739925
405.095500
405.162675
405.229225
405.398100
405.405800
405.512350
405.867725
405.888000
405.896725
405.946300
406.198750
406.254200
406.260475
406.700750
406.726725
406.801650
406.889600
407.031925
407.236475
407.320325
407.405300
407.606225
407.622000
407.751200
408.079500
408.363150
408.410750
408.443200
408.482200
408.512250
408.608025
408.731600
408.759600
408.798750
408.902300
409.038350
409.111775
409.298725
409.486250
409.503600
409.531100
409.813925
409.820550
409.878600
409.889000
409.972750
409.981675
409.992675
410.029125
410.157325
410.199300
410.229250
410.263300
410.706550
410.762075
410.773900
410.776725
410.852850
411.000575
411.026950
411.144300
411.171925
411.187175
411.260425
411.271525
411.345025
411.385550
411.551950
411.663600
411.695325
411.779075
411.812300
411.874150
411.991075
412.302000
412.399800
412.552000
412.604650
412.632475
412.739325
412.746550
412.754250
412.948475
412.989800
413.048025
413.133825
413.167000
413.231025
413.243700
413.292800
413.528600
413.574575
413.703625
413.762000
413.849750
414.044900
414.235275
414.252925
414.310250
414.406900
414.440250
414.634575
414.791850
414.873050
415.152075
415.160275
415.209275
415.228850
415.283825
415.296975
415.498025
415.547975
415.693850
415.877125
415.907300
416.288450
416.338775
416.386725
416.393475
416.491075
416.538150
416.584575
416.636975
416.743475
416.768525
416.833175
416.865850
416.922400
416.940975
416.947600
416.978600
417.026600
417.111050
417.118275
417.166975
417.238375
417.270700
417.449500
417.500375
417.693425
417.750550
417.771775
417.816200
417.899625
417.916375
417.953075
418.029225
418.165050
418.254225
418.296400
418.350575
418.457050
418.792550
418.805825
418.832625
418.839225
419.026725
419.054300
419.063775
419.530975
419.547625
419.558050
419.645475
419.758825
419.793125
419.918025
419.934300
419.941475
419.952325
420.034850
420.058800
420.222225
420.225600
420.239075
420.270500
420.389800
420.427050
420.549575
420.553850
420.767400
420.807325
420.888500
420.895575
420.964450
421.041750
421.097575
421.246950
421.282525
421.354000
421.368750
421.388000
421.591275
421.602175
421.758325
421.934200
422.040725
422.131125
422.350000
422.526600
422.813050
422.839175
422.892825
422.964175
423.066450
423.113250
423.153375
423.376900
423.399350
423.427725
423.440175
423.484275
423.493500
423.517225
423.674750
423.728725
423.780925
423.916325
423.950225
423.986425
423.994925
424.018850
424.056250
424.093775
424.162000
424.250600
424.285050
424.345050
424.473325
424.665425
425.012200
425.022750
425.125275
425.284825
425.399375
425.472300
425.514325
425.651900
425.777075
425.930900
425.969175
426.007575
426.029350
426.060775
426.079525
426.199975
426.244875
426.548725
426.662525
426.680725
426.879900
427.061125
427.071975
427.099950
427.129900
427.145300
427.299725
427.366875
427.395325
427.403275
427.412700
427.498925
427.645525
427.795925
427.926275
427.942400
427.966650
428.017450
428.025400
428.030175
428.151875
428.177425
428.379425
428.393775
428.429700
428.509350
428.583725
428.625100
428.679275
428.728225
428.770875
428.932600
429.003825
429.036925
429.221175
429.290900
429.306475
429.478200
429.580950
429.621325
429.813950
429.850475
430.065825
430.119100
430.149650
430.156300
430.177750
430.202525
430.479875
430.525000
430.612300
430.899550
430.963625
430.970575
431.003725
431.027750
431.038100
431.051575
431.166825
431.210375
431.267775
431.302850
431.318150
431.326550
431.350575
431.377100
431.466250
431.526975
431.619825
431.628225
431.699350
431.828000
432.021975
432.029075
432.101875
432.348550
432.401625
432.412500
432.539075
432.560775
432.620775
432.642075
432.782575
432.910125
432.971325
433.061750
433.207625
433.573650
433.711600
433.752475
433.882125
433.931150
433.952575
433.964400
434.015250
434.102575
434.113175
434.233700
434.271825
434.292900
434.315875
434.488475
434.536600
434.541775
434.600625
434.668075
434.727175
434.781575
434.796100
434.823725
434.852225
434.874900
434.878600
434.890600
434.964900
434.978100
435.127500
435.155175
435.248700
435.266800
435.297500
435.422850
435.454975
435.705025
435.719250
435.813050
435.959300
436.137400
436.173425
436.192325
436.211625
436.229875
436.242600
436.311550
436.377000
436.509650
436.543050
436.678450
436.701800
436.821825
436.913150
436.921525
436.965250
437.063425
437.091200
437.163275
437.192925
437.213450
437.278725
437.289925
437.458700
437.532750
437.541325
437.823100
437.865100
437.890800
437.909400
437.926550
437.963925
437.974825
438.001575
438.267800
438.300300
438.494400
438.514775
438.560575
438.577900
438.788400
438.830200
438.920825
438.996600
439.089375
439.115675
439.311550
439.452350
439.484975
439.511625
439.521850
439.608550
439.686400
439.723125
439.827725
440.069825
440.190450
440.229875
440.259575
440.268075
440.335575
440.354025
440.586225
440.647300
440.657800
440.670700
440.814425
440.910775
440.921400
440.951925
440.963675
441.107300
441.174075
441.205950
441.358925
441.439825
441.565875
441.625975
441.769000
441.859125
441.872650
442.016600
442.350700
442.458575
442.505350
442.558125
442.638500
442.805825
442.836375
443.016600
443.184225
443.198925
443.262575
443.288250
443.326625
443.434800
443.458900
443.649725
443.767625
444.077125
444.090525
444.138850
444.186100
444.282100
444.303225
444.377975
444.540450
444.828500
445.006950
445.196800
445.270925
445.407350
445.426900
445.673400
445.701675
445.714275
445.723725
445.747325
445.795475
445.796850
445.850425
445.909800
445.920325
445.941525
445.962250
446.041100
446.078350
446.168700
446.226350
446.350850
446.394800
446.421900
446.720775
446.889525
446.929925
446.981800
447.020375
447.177725
447.221325
447.346975
447.378650
447.411450
447.513025
447.535650
447.703450
447.745500
447.790475
447.818600
447.845325
447.974300
448.129350
448.145475
448.323425
448.356900
448.412150
448.459800
448.640475
448.689125
448.703250
448.786350
448.854475
448.973850
449.102275
449.111175
449.122150
449.142475
449.361650
449.408925
449.422275
449.441125
449.474525
449.555700
449.591600
449.754125
449.931850
449.982000
450.081850
450.164425
450.213700
450.256500
450.313875
450.565900
450.579275
450.609625
450.911900
451.022075
451.038075
451.113525
451.152625
451.210450
451.232100
451.301325
451.344750
451.352350
451.376225
451.448900
451.473500
451.503650
451.518975
451.532050
451.684200
451.705725
451.759975
451.852275
451.877100
451.892400
451.976850
452.086475
452.112300
452.235375
452.278775
452.356050
452.372500
452.407175
452.529250
452.546950
452.620875
452.648800
452.675675
452.711300
452.724875
452.752875
452.911800
452.939900
452.953000
452.966875
453.046475
453.065100
453.234750
453.282725
453.331425
453.376225
453.398625
453.447525
453.457700
453.491700
453.544025
453.580700
453.587425
453.692300
453.817875
453.845450
453.858350
453.872600
454.005825
454.021300
454.067000
454.246625
454.626425
454.661250
454.760450
454.855700
454.894650
454.990700
455.067675
455.200200
455.453350
455.492950
455.593100
455.605950
455.701975
455.709100
455.783025
455.841825
455.931400
456.001700
456.021525
456.084425
456.193400
456.201125
456.209900
456.230850
456.284150
456.831325
456.883575
456.898825
456.963300
456.983975
457.161725
457.279600
457.297000
457.317025
457.373725
457.395175
457.410200
457.501900
457.670675
457.728025
457.799975
457.812975
457.888100
457.950850
458.023250
458.100950
458.155650
458.166350
458.183725
458.297875
458.309675
458.348725
458.362500
458.607650
458.663275
458.833275
458.846425
458.868050
458.947475
458.996050
459.006200
459.408975
459.445975
459.532150
459.600150
459.662875
459.718775
459.899875
459.949375
460.017475
460.134675
460.355075
460.391625
460.406025
460.446475
460.471875
460.510200
460.513225
460.570950
460.642425
460.750875
460.932275
460.948525
461.025000
461.239325
461.347825
461.553325
461.562400
461.879150
461.920825
461.965325
462.012425
462.070575
462.154900
462.203775
462.237950
462.239625
462.258300
462.329250
462.336450
462.343525
462.371775
462.391150
462.424050
462.450025
462.470950
462.547475
462.663900
462.666525
462.769925
462.852350
462.992825
463.165800
463.354975
463.531850
463.809050
463.819250
463.833575
463.919750
463.978225
464.098675
464.299150
464.437825
464.445600
464.526475
464.533275
464.607200
464.649775
464.690650
464.747750
464.774600
464.817500
464.837775
464.965850
464.986875
465.170250
465.186625
465.196425
465.275375
465.287300
465.329725
465.346000
465.402750
465.494075
465.502000
465.510625
465.615500
465.630100
465.760775
465.823600
465.849800
466.004750
466.120000
466.349775
466.666900
466.703300
466.812875
466.850625
466.857775
466.873550
467.075400
467.084175
467.090050
467.096000
467.103725
467.145675
467.405375
467.420150
467.524850
467.560775
467.643800
467.654925
467.862675
467.989275
468.052325
468.235875
468.246825
468.261550
468.529350
468.582325
468.884125
469.241425
469.843025
469.940325
470.045325
470.065350
470.346650
470.410375
470.469875
470.671200
470.681725
470.722500
470.810900
470.829300
470.969175
470.998775
471.050750
471.073050
471.096500
471.115250
471.296300
471.330025
471.360650
471.441425
471.506200
471.548575
471.661425
471.750650
471.763975
471.771400
471.879425
471.968900
472.032175
472.072775
472.292350
472.323450
472.551975
472.921850
472.968725
473.041050
473.148200
473.197800
473.243975
473.293650
473.312575
473.350925
473.380150
473.403425
473.472000
473.516225
473.635325
473.904025
473.933825
473.947950
473.959550
474.072625
474.237000
474.403775
474.419350
474.489950
474.500950
474.533900
474.585500
474.803150
474.819125
474.961500
474.985400
475.000725
475.029325
475.195225
475.288300
475.317475
475.323175
475.331775
475.384550
475.438250
475.499250
475.532800
475.650500
475.861900
475.902925
475.911450
475.931625
475.975100
476.023100
476.103250
476.125625
476.139875
476.223400
476.273975
476.296350
476.553525
476.617925
476.670225
476.690800
476.747225
476.822100
476.858500
476.876900
477.074200
477.106350
477.186300
477.298700
477.513225
477.530550
477.553975
477.667425
477.674250
477.765000
477.815775
477.857800
478.042250
478.177750
478.210450
478.254750
478.313625
478.318050
478.461750
478.534625
478.617975
478.635750
478.711525
478.728625
478.809600
478.843275
478.851125
478.893650
478.915125
478.989425
479.021575
479.168625
479.229225
479.247275
479.262775
479.401575
479.432025
479.527475
479.757525
479.801900
480.118400
480.171700
480.198150
480.308825
480.502325
480.576525
480.842325
480.848400
480.938450
480.970325
480.981725
480.990100
481.069950
481.126450
481.211675
481.264050
481.290975
481.387200
481.702975
481.762875
481.808675
481.815550
481.823300
482.236600
482.274200
482.510625
482.696275
482.883150
482.992450
483.044600
483.091500
483.111300
483.128900
483.244850
483.445750
483.480750
483.827200
483.853000
483.948525
483.979150
483.993200
484.034075
484.061750
484.234975
484.415650
484.443950
484.507000
484.583700
484.618800
484.659525
484.666800
484.692400
484.705150
484.734950
484.768025
484.844700
484.903575
485.088350
485.124750
485.228325
485.282450
485.322800
485.400725
485.442925
485.524250
485.578475
485.583875
485.603025
485.630650
485.691150
485.712875
485.746350
485.794750
485.870825
485.882600
486.079350
486.138350
486.218725
486.284325
486.297350
486.302800
486.377675
486.413500
486.453325
486.703850
486.746300
487.034200
487.231325
487.246275
487.265025
487.277650
487.283225
487.331300
487.407225
487.436225
487.494825
487.521600
487.532050
487.569375
487.575650
487.618750
487.680875
487.688425
487.740175
487.773325
487.963750
488.007525
488.418400
488.449250
488.600925
488.687200
488.724625
488.776175
488.865450
488.953500
488.970875
488.980700
489.062375
489.166525
489.231825
489.261925
489.331225
489.389825
489.567450
489.607275
489.755525
489.812850
489.961650
490.016700
490.148400
490.201375
490.390775
490.432300
490.499475
490.555275
490.630325
490.809925
490.849000
490.923425
490.953100
491.064250
491.134750
491.330925
491.466525
491.482950
491.491300
491.522600
491.574825
491.656000
491.787350
491.919575
491.941625
491.962475
492.023850
492.258475
492.284825
492.332375
492.422825
492.481375
492.720800
492.724475
492.732725
492.754900
492.804350
492.890000
492.921950
493.004900
493.071525
493.199775
493.252350
493.260850
493.325525
493.459425
493.467400
493.508850
493.567950
493.650575
493.745150
493.946350
493.958900
494.032075
494.190100
494.206175
494.270050
494.562750
494.624650
494.758825
494.845150
494.935800
494.957800
494.971300
495.046725
495.060025
495.087950
495.099725
495.218575
495.294850
495.331675
495.361525
495.460850
495.542250
495.560350
495.809775
495.894625
495.923150
495.960050
495.987975
495.989500
496.001800
496.052900
496.061450
496.068275
496.074725
496.189125
496.261025
496.268750
496.275575
496.392900
496.401125
496.422600
496.508650
496.543125
496.761375
496.774400
496.779950
497.084050
497.131425
497.208800
497.235325
497.310050
497.404300
497.431125
497.472300
497.550725
497.912750
498.000400
498.014500
498.024950
498.081200
498.118525
498.414475
498.433700
498.451950
498.468250
498.509375
498.532150
498.637300
498.714400
498.733100
499.037850
499.170400
499.360275
499.406850
499.604850
499.706950
499.763400
499.858750
499.882850
499.944125
499.968325
499.990000
500.018675
500.105525
500.335950
500.396475
500.592700
500.687600
500.693200
500.708600
500.860250
501.007975
501.100350
501.223475
501.289500
501.297900
501.304350
501.311700
501.336175
501.366825
501.424275
501.512875
501.522600
501.561400
501.591200
501.611175
501.678625
501.780975
501.800850
501.838850
501.856050
501.943250
501.975350
501.990100
502.075225
502.122300
502.151350
502.309500
502.440875
502.476050
502.516225
502.629250
502.704050
502.715825
502.721425
502.761475
502.779425
502.837000
502.939850
502.949325
503.109900
503.123175
503.138675
503.159000
503.183300
503.281050
503.327625
503.446125
503.532675
503.586850
503.636575
503.672100
503.695925
503.759625
503.777525
503.891575
503.958400
504.016400
504.083075
504.177650
504.265375
504.341775
504.410575
504.419650
504.489025
504.516550
504.687550
504.729450
504.813650
504.829425
504.889100
504.960775
504.968650
505.111525
505.220550
505.226525
505.288675
505.309950
505.327475
505.333250
505.375600
505.504700
505.525575
505.573075
505.600800
505.637550
505.700475
505.758150
505.766725
505.793850
505.827925
505.878200
505.980900
506.029450
506.112725
506.134125
506.145100
506.209950
506.228250
506.411625
506.419125
506.443375
506.539200
506.708700
506.897250
506.994225
507.012250
507.092175
507.097850
507.158450
507.193050
507.378675
507.423175
507.518950
507.671850
507.709400
507.822875
507.926575
507.960400
508.070825
508.094025
508.273875
508.286875
508.317800
508.324025
508.367375
508.415975
508.441825
508.454325
508.570025
508.607575
508.632725
508.644725
508.676025
508.702250
508.768725
508.816400
508.827650
508.837700
508.949400
508.960050
508.985275
509.002550
509.008025
509.064900
509.119925
509.169625
509.229275
509.297875
509.684925
509.693550
509.742200
509.774825
509.855025
509.915700
509.957250
509.965650
510.026100
510.037025
510.133375
510.327700
510.364675
510.423975
510.497575
510.516950
510.612800
510.721250
510.760225
510.784600
511.021475
511.045425
511.062000
511.273575
511.300300
511.335600
511.517425
511.543400
511.613375
511.792375
511.802450
511.811925
511.926275
512.051300
512.071500
512.078575
512.127250
512.220650
512.231550
512.345725
512.530875
512.741050
512.749750
512.760100
512.984575
513.089650
513.103575
513.163100
513.168850
513.175325
513.263800
513.400925
513.421050
513.430225
513.494025
513.657025
513.673625
513.773475
513.793175
513.985275
514.159300
514.382450
514.395475
514.451750
514.721125
514.766375
514.820250
514.863725
514.982175
515.033050
515.059550
515.073150
515.179675
515.194100
515.206050
515.285525
515.350675
515.468100
515.523775
515.540875
515.668150
515.696225
515.889375
515.904750
515.936075
516.044375
516.146050
516.202850
516.278825
516.313300
516.382525
516.394350
516.403325
516.433850
516.502175
516.521350
516.600600
516.624700
516.652000
516.839500
516.844750
516.858425
516.943525
516.959500
517.082975
517.242975
517.270950
517.492925
517.525925
517.558575
517.768575
517.887125
518.022150
518.027600
518.093075
518.182900
518.206200
518.295725
518.339375
518.388375
518.451500
518.505525
518.674050
519.067975
519.092650
519.102550
519.198650
519.294225
519.480375
519.696150
519.737350
519.762575
519.805950
519.832675
519.878325
519.909700
520.052225
520.071700
520.411625
520.524325
520.608850
520.705300
520.934325
521.008250
521.013600
521.217050
521.290075
521.390825
521.397250
521.701525
521.836550
521.851200
521.879550
521.971675
522.102350
522.125725
522.385975
522.627425
522.683025
522.972625
522.982175
523.038850
523.150175
523.344200
523.481950
523.676300
523.773600
523.859775
523.883900
523.967325
524.069125
524.142700
524.188400
524.294450
524.365425
524.516300
524.766275
524.799500
524.996200
525.002475
525.041225
525.273875
525.348875
525.382350
525.516175
525.826350
525.880875
525.935400
525.991250
526.045925
526.102925
526.208600
526.309850
526.354750
526.367425
526.377025
526.514425
526.563975
526.565150
526.592375
526.838600
526.856675
527.082625
527.116150
527.486425
528.317625
528.445300
528.567075
528.594700
528.623775
528.735750
528.817950
529.076675
529.129200
529.200300
529.342275
529.503075
529.508350
529.779175
529.820250
529.859825
530.017150
530.106725
530.215425
530.247350
530.262150
530.300825
530.330075
530.340150
530.347125
530.413575
530.571000
530.749650
530.937800
531.098225
531.159850
531.309925
531.428900
531.759025
531.801175
531.855700
531.871025
531.917300
531.960325
531.997450
532.116825
532.272400
532.347550
532.374875
532.398150
532.577425
532.682975
532.872275
532.959450
532.967900
533.098125
533.119025
533.393900
533.402775
533.613250
533.644175
533.659975
533.759900
533.839200
533.856675
533.864000
533.895025
533.903475
533.969550
534.025750
534.040675
534.132125
534.143725
534.185125
534.291075
534.322400
534.378300
534.391300
534.615625
534.711125
534.762025
534.780075
534.915800
534.976375
