0.032175
0.058975
0.273450
0.336950
0.342600
0.842050
0.931850
1.212975
1.665725
1.739975
2.134175
2.250775
2.377300
2.458950
2.778075
3.142975
3.453675
3.862025
3.949100
4.278325
4.286025
4.373875
4.731275
4.768300
4.826925
4.975650
5.114050
5.181925
5.352675
5.396150
5.412900
5.417675
5.504775
5.666300
5.706825
5.947375
6.620775
6.658850
6.672450
6.743925
6.745850
6.926625
6.990000
7.006075
7.055025
7.119025
7.367250
7.434375
7.887200
7.965350
7.991725
8.204650
8.339600
8.372200
8.448225
8.507950
8.599875
8.767025
8.793300
8.894525
9.147100
9.177125
9.270975
9.286200
9.342525
9.503875
9.508575
9.608250
9.740175
9.916900
10.133925
10.204225
10.437775
10.504550
10.506525
10.748850
10.766175
10.911150
11.065800
11.157225
11.536475
11.749075
11.964175
12.089775
12.124500
12.432950
12.440600
12.564975
12.758100
12.806350
13.045450
13.121425
13.208125
13.244325
13.301450
13.348725
13.651550
13.716150
13.890800
13.932775
13.973075
14.293525
14.301650
14.312150
14.341200
14.384025
14.709650
14.784150
14.825650
14.868100
15.420225
15.693300
15.714225
15.746975
15.824225
15.901650
15.907600
15.976400
15.992625
16.011975
16.111125
16.227150
16.329175
16.376850
16.456875
16.491675
16.539025
16.730225
16.752450
16.836775
16.850950
16.956275
16.966950
17.043275
17.209050
17.299475
17.316250
17.418425
17.705050
17.864400
17.942050
17.960050
17.994350
18.110150
18.114975
18.257975
18.331075
18.354575
18.394150
18.435550
18.662900
18.777050
18.783525
18.797175
18.834150
19.071600
19.176450
19.201325
19.546700
19.684825
19.690225
19.723525
19.757075
19.896375
19.929200
19.930400
19.995875
20.173375
20.376700
20.400225
20.414875
20.566000
20.643725
20.728075
20.883875
21.129450
21.459125
21.490950
21.761425
21.906825
22.144575
22.159575
22.293525
22.438975
22.460650
22.819050
22.995100
23.049525
23.415350
23.524225
23.790725
23.888300
23.930000
24.103300
24.107625
24.118200
24.138000
24.176250
24.205525
24.357150
24.400700
24.423450
24.488750
24.637075
24.808825
24.814625
24.872750
25.232425
25.527775
25.717800
25.727700
25.802800
25.828775
25.878000
25.952475
26.201125
26.289950
26.374100
26.448525
26.455950
26.521175
26.552075
26.555875
26.601775
26.643875
26.654050
26.802350
26.842000
27.043075
27.218725
27.370775
27.444575
27.471300
27.473075
27.534675
27.733575
27.740325
27.870400
27.962250
28.142475
28.302600
28.349300
28.627900
28.657900
29.000125
29.022475
29.233875
29.558925
29.876325
29.918475
29.951375
29.994475
30.328450
30.637625
30.641700
31.137075
31.192975
31.325025
31.675425
31.689525
31.720800
31.802200
32.128275
32.363375
32.386600
32.443675
32.487125
32.602475
32.760900
32.859675
32.894475
33.147200
33.345250
33.374400
33.672650
33.695650
33.705500
33.710050
33.741925
33.777025
33.787625
34.371450
34.484075
34.516800
34.732050
34.871350
34.906775
35.117650
35.225700
35.279425
35.934750
35.944775
36.071300
36.321100
36.750125
36.783525
36.789650
36.812500
36.815150
36.846575
36.849350
36.856375
37.049100
37.408500
38.120900
38.141175
38.181500
38.276175
38.339575
38.426475
38.645625
38.735000
39.090275
39.211875
39.281800
39.331225
39.376700
39.408550
39.572025
39.650325
39.720700
39.754125
40.082475
40.270525
40.289925
40.321675
40.344300
40.428375
40.618125
40.896300
40.897925
40.929150
41.034025
41.107275
41.280800
41.282075
41.649475
41.665700
41.673425
41.685875
41.693000
41.835300
41.933900
41.973800
42.014975
42.050600
42.064150
42.235925
42.336750
42.349500
42.365100
42.498250
42.576675
42.634875
42.637125
42.671800
42.738000
42.742425
42.747275
42.759475
42.834750
43.293825
43.582775
43.659025
43.763575
43.958975
43.991225
43.997550
44.006650
44.235325
44.435000
44.587450
44.662625
44.915050
44.959750
44.963125
44.997550
45.023350
45.070300
45.215000
45.268900
45.291300
45.625300
45.716000
45.784225
45.978200
45.990500
46.280775
46.412550
46.421525
46.507125
46.581900
46.685975
46.692525
46.728150
46.836875
46.903500
46.941875
47.006125
47.481900
47.509775
47.543175
47.703675
47.766675
47.852075
48.034150
48.207700
48.227200
48.274400
48.299625
48.314525
48.334325
48.381950
48.396275
48.438525
48.476750
48.551375
48.640825
48.894875
48.910550
48.949575
49.450000
49.452175
49.482625
49.856100
49.866550
49.879650
49.888075
49.892350
49.928150
50.081675
50.109325
50.259750
50.322325
50.335600
50.342650
50.512450
50.953400
51.016725
51.018600
51.029500
51.050150
51.051425
51.241275
51.251925
51.262875
51.275100
51.283525
51.307150
51.379925
51.458750
51.574525
51.859050
51.903925
51.968000
52.351200
52.388025
52.470100
52.610375
52.640225
52.812450
53.008325
53.035700
53.061300
53.117575
53.134900
53.171975
53.428650
53.873325
53.947400
54.138750
54.156800
54.281050
54.352150
54.515775
54.564875
54.571950
54.657925
54.681300
54.912850
55.043400
55.067700
55.080525
55.132925
55.341275
55.347650
55.386700
55.459300
55.476625
55.487450
55.757225
56.029825
56.078150
56.088725
56.283400
56.392975
56.464050
56.473475
56.509750
56.534775
56.552325
56.660725
56.757000
56.796675
56.930200
56.998675
57.011350
57.242875
57.421475
57.548125
57.716150
57.769325
57.967275
58.037675
58.244425
58.273200
58.353425
58.426200
58.504025
58.553450
58.628925
58.703100
58.704575
58.718425
58.911700
59.049900
59.088575
59.128275
59.194125
59.214325
59.478100
59.481900
59.592275
59.634600
59.673125
59.682375
60.159400
60.276550
60.341125
60.455650
60.745825
60.950425
61.271050
61.325650
61.381525
61.394325
61.409500
61.777750
61.808175
61.880775
61.923625
61.938150
61.963825
62.124225
62.143550
62.412175
62.452025
62.467000
62.503150
62.534950
62.556825
62.573575
62.685000
62.746675
62.810050
63.026075
63.058250
63.312025
63.854475
64.124725
64.330475
64.360550
64.458725
64.680150
64.705550
64.718350
64.874550
65.421100
65.452000
65.624775
65.689975
65.715100
65.893475
66.106025
66.172550
66.441950
66.465475
66.589675
66.680075
66.763750
66.917600
66.977975
67.082375
67.496700
67.811975
67.829225
68.213275
68.320100
68.451775
68.465725
68.528825
68.592150
68.610725
68.682025
68.711075
68.754775
68.762375
68.830975
69.039825
69.072400
69.136850
69.218025
69.322775
69.356025
69.759875
69.997775
70.266625
70.286125
70.658150
70.668350
71.064750
71.451025
71.455025
71.593975
71.646125
71.663525
71.803400
71.886775
71.934875
72.004525
72.088050
72.236225
72.311225
72.500925
72.511050
72.545825
72.653525
72.673825
72.821525
72.823600
73.018350
73.041800
73.148175
73.197650
73.220150
73.314350
73.534250
73.833275
74.283250
74.400600
74.434000
74.446925
74.458175
74.494725
74.591375
74.834050
74.863325
74.876900
74.968900
75.129400
75.161850
75.204775
75.409675
75.416600
75.426900
75.556400
75.587875
75.594900
75.639325
75.647175
75.951775
76.198725
76.272800
76.293625
76.470625
76.520850
76.532050
77.014950
77.137175
77.181875
77.197000
77.201850
77.235800
77.250650
77.372025
77.433975
77.439550
77.452675
77.475075
77.510650
77.567900
78.036425
78.135300
78.392850
78.413000
78.427250
78.478000
78.607875
78.710575
79.032550
79.179400
79.191700
79.221475
79.403200
79.559075
79.576075
79.600125
79.603075
79.676300
79.773925
79.858700
79.870725
79.995525
80.000900
80.022775
80.224825
80.311150
80.444175
80.452075
80.858750
80.917850
81.048425
81.051150
81.077000
81.110625
81.133600
81.180300
81.260200
81.337700
81.401150
81.455275
81.591650
81.638325
81.869050
81.882875
81.912025
81.920950
82.134150
82.495175
82.575525
82.775925
83.158850
83.198500
83.218700
83.339400
83.459575
83.469200
83.540950
83.627950
83.729700
83.840350
83.849775
83.964200
84.229075
84.265200
84.567075
84.593825
84.674850
84.805550
84.970650
85.436100
85.531250
85.544700
85.618000
85.859775
86.017200
86.359525
86.392375
86.408850
86.706350
86.724350
86.761950
86.797700
87.568750
87.644475
87.652650
87.923675
87.947450
87.957625
87.984475
88.102525
88.270300
88.291425
88.370125
88.382050
88.410025
88.429750
88.437275
88.469775
88.500425
88.511650
88.781700
88.857475
88.967725
89.034875
89.067375
89.117500
89.187025
89.575100
89.664825
89.734275
90.273050
90.389575
90.408950
90.454225
90.493400
90.546950
90.633375
90.739425
90.883925
90.952825
91.099675
91.131925
91.509275
91.516000
91.529750
91.571075
91.794050
91.862650
91.924350
92.307350
92.316525
92.349225
92.389975
92.426625
92.501350
92.574300
92.586550
92.593925
92.644925
92.698775
92.717675
92.907950
92.927325
92.935425
92.961625
93.313925
93.318225
93.425475
93.451500
93.721425
93.764700
93.769575
93.801350
94.146175
94.506725
94.521950
94.583400
94.709500
94.936750
94.976625
95.021200
95.161900
95.207525
95.248750
95.363800
95.564975
95.969300
96.005575
96.043075
96.366775
96.381450
96.679500
96.966775
96.981375
97.071925
97.200900
97.312800
97.638425
97.686925
97.853350
97.876250
97.911875
98.054275
98.099850
98.323700
98.353700
98.506250
98.645625
98.687400
98.726400
98.737475
98.783700
98.863300
98.905800
99.196825
99.272250
99.346825
99.408775
99.430500
99.511175
99.551850
99.554325
99.654050
99.661375
99.670675
99.705625
100.118025
100.291500
100.336975
100.359725
100.369675
100.388900
100.411625
100.538400
100.729025
100.810000
100.858325
100.871900
100.963875
100.969400
101.339125
101.435225
101.667975
101.744825
102.074775
102.232125
102.270950
102.273625
102.291025
102.301050
102.302325
102.407625
102.870625
102.902000
103.080050
103.200475
103.306000
103.667950
103.707375
103.719525
103.794150
103.821800
103.859250
103.899200
104.185175
104.200075
104.204850
104.490425
104.538025
104.539700
104.563525
104.602000
104.682025
104.724000
104.899500
104.991825
105.198425
105.214050
105.232925
105.358450
105.397925
105.472825
105.846725
105.876850
105.879100
105.887050
105.907025
105.918925
106.044825
106.075500
106.098825
106.204850
106.206375
106.424625
106.628225
106.675150
106.721750
106.751525
106.981800
107.058475
107.179225
107.204275
107.286375
107.371775
107.640600
107.724600
107.974100
108.032250
108.055175
108.124450
108.316175
108.445750
108.473000
108.484775
108.493975
108.576300
108.835475
109.173200
109.182100
109.431225
109.440150
109.783550
109.829875
109.832725
109.861200
109.891425
109.966475
110.008250
110.070725
110.220450
110.281400
110.314250
110.351350
110.538000
110.624450
110.871325
110.891575
110.902775
110.937900
111.967250
112.032550
112.230600
112.258375
112.448475
112.659275
113.024375
113.110350
113.174800
113.408225
113.556950
113.711625
113.786850
113.799500
113.825000
113.840275
113.953375
114.209525
114.465525
114.652025
114.692250
114.729675
114.833475
115.046775
115.361975
115.400475
115.424175
115.468375
115.494975
115.522775
115.673200
115.702025
115.795675
115.854225
115.895450
115.985675
115.992025
116.104725
116.127275
116.425000
116.533400
116.685800
116.732850
116.790325
117.178300
117.207725
117.228450
117.291725
117.622475
117.681400
118.046600
118.218425
118.541050
118.723000
118.888175
118.966975
119.046525
119.213800
119.220600
119.424750
119.436850
119.649525
119.795100
119.896975
119.919425
119.960600
119.980375
120.079200
120.250500
120.322975
120.351775
120.458500
120.487575
120.498300
120.751750
120.781075
120.933500
121.000700
121.193075
121.376400
121.489700
121.534650
121.793575
122.016750
122.184850
122.293225
122.383200
122.423875
122.520600
122.915250
123.118425
123.253275
123.480525
123.650450
123.767000
123.818575
123.873025
123.917175
124.453250
124.462925
124.535950
124.679825
124.798125
124.959600
124.991625
125.000375
125.025325
125.279650
125.445200
125.459500
125.535325
125.927625
126.156275
126.170475
126.258125
126.529700
126.541975
126.695175
127.088775
127.294275
127.431475
127.745450
127.755825
127.804175
127.895550
127.909000
128.107325
128.312625
128.465300
128.615525
128.637625
129.157500
129.226875
129.317775
129.340700
129.470800
129.561250
129.911400
130.193175
130.241125
130.255400
130.354100
130.443925
130.549225
130.616575
130.718400
130.893975
131.161350
131.162575
131.190700
131.229425
131.266175
131.448925
131.467850
131.532400
131.727900
131.734750
131.784925
131.830750
131.899525
131.911700
131.951400
131.985575
132.172850
132.240250
132.256875
132.265850
132.282675
132.495525
132.632375
132.855300
132.923350
132.940700
132.974600
133.003775
133.073675
133.218725
133.222850
133.433075
133.717400
133.761575
133.768375
133.901925
134.061025
134.079100
134.100775
134.279675
134.382100
134.829150
134.879375
134.928500
134.979275
134.986625
134.989825
135.018550
135.106175
135.235925
135.321650
135.452475
135.651825
135.682225
135.787400
135.885150
135.934375
135.950650
135.977950
135.982325
136.165400
136.397375
136.516875
136.635800
136.692475
136.716350
136.953950
136.985625
137.131400
137.186075
137.261600
137.390575
137.456000
137.797225
137.843200
137.857925
137.911675
138.042700
138.049800
138.072175
138.223575
138.283375
138.306675
138.532525
138.612000
138.675000
138.925625
138.948400
139.044200
139.087700
139.120975
139.571825
139.575125
139.703475
139.846950
139.878350
139.959000
140.028050
140.174250
140.239175
140.352525
140.560450
140.888575
141.000075
141.305875
141.511100
141.705375
141.775550
141.801050
141.875775
141.972125
142.221225
142.419325
142.447050
142.500050
142.714475
142.737350
142.760450
142.789700
142.880875
143.044250
143.158075
143.246100
143.272575
143.505225
143.566575
143.585000
143.729325
144.001075
144.036500
144.298100
144.362125
144.422775
144.502825
144.760100
144.851925
145.378175
145.628475
145.808400
145.861475
146.048275
146.097625
146.260950
146.298475
146.321450
146.514400
146.582625
146.597000
146.730500
146.792475
146.795575
146.994100
147.069850
147.092350
147.256075
147.270175
147.643650
147.805150
147.827175
147.903100
147.936875
147.997800
148.018575
148.027400
148.053825
148.186725
148.438700
148.509675
148.696175
148.738475
148.752650
148.765075
148.766375
148.985700
149.059250
149.122450
149.184625
149.233275
149.354000
149.418700
149.432175
149.502100
149.535050
149.540725
149.618450
149.742325
149.845250
150.063025
150.102750
150.124225
150.747000
150.985875
151.100350
151.418400
151.456675
151.651275
151.690525
151.776875
151.818650
152.040275
152.141350
152.380800
152.390375
152.485750
152.507825
152.548925
152.634425
152.895250
152.964025
153.023300
153.139875
153.253575
153.703475
153.863800
154.670350
154.682075
154.706125
154.734825
154.790650
154.877500
154.916600
154.941975
155.175550
155.215600
155.380475
155.450775
155.588100
155.843275
155.846700
155.861075
155.937625
156.204125
156.265950
156.315875
156.368550
156.876500
157.318075
157.328950
157.363425
157.635200
157.672075
157.729950
157.793200
157.808475
157.838750
157.943950
158.103950
158.300725
158.343800
158.585100
158.632450
158.813700
158.853675
158.947725
159.098325
159.428950
159.440150
159.634125
159.708175
159.745700
159.891900
159.906750
160.024325
160.137050
160.217725
160.227350
160.334025
160.429300
160.535925
160.589500
160.619625
160.701450
160.785925
161.064925
161.164925
161.258975
161.303600
161.668875
161.736600
161.840225
161.867825
162.188875
162.596675
162.602250
162.694550
162.857350
162.879150
162.920050
163.449200
163.624675
163.712400
164.088050
164.114150
164.133700
164.309475
164.373400
164.409725
164.487250
164.495375
164.552425
164.968300
165.001925
165.079550
165.562175
165.636600
165.769625
165.820125
165.843025
166.017575
166.055175
166.211750
166.375500
166.382900
166.439425
166.472450
166.613700
166.672000
166.886725
166.912175
166.923125
166.964075
167.013650
167.501975
167.502950
167.619025
167.635150
167.684225
167.698275
167.797000
167.989400
168.070575
168.217975
168.244400
168.260625
168.278700
168.294450
168.324600
168.337525
168.345525
168.361650
168.424100
168.463725
168.507775
168.519825
168.738925
168.815375
168.887950
168.929450
168.960775
168.995975
169.259775
169.262025
169.313175
169.318750
169.709250
169.740850
169.747225
169.816925
169.878075
170.350475
170.364325
170.389125
170.573675
170.607950
170.646050
170.713100
170.908200
170.916250
170.936525
171.014950
171.085775
171.329675
171.363675
171.400950
171.480175
171.550125
171.615275
171.720275
171.795125
171.816475
171.838325
171.916950
172.099650
172.288025
172.331300
172.360000
172.380125
172.382125
172.481475
172.730850
172.801400
173.072150
173.125975
173.150750
173.161625
173.343025
173.382450
173.736900
173.761975
173.800725
173.843025
173.951475
174.050450
174.315450
174.712075
174.742475
174.831300
174.959200
175.251775
175.261025
175.376000
175.456400
175.481950
175.703050
175.725075
175.792550
175.809325
175.987625
175.994250
176.115750
176.201000
176.274350
176.409375
176.422675
176.470875
176.736450
176.815550
176.836950
176.937725
177.111825
177.308075
177.472000
177.473750
177.534000
177.538475
177.678700
177.716200
177.919950
178.004575
178.074475
178.249075
178.286325
178.482550
178.599550
178.795975
178.886900
178.891150
178.926775
178.975700
179.031350
179.307500
179.361100
179.515100
179.905400
180.031075
180.039175
180.069425
180.224625
180.655125
180.678950
180.698675
180.717825
180.722375
180.731775
180.785600
181.009275
181.021275
181.258825
181.283650
181.392550
181.406850
181.420875
181.631525
181.662325
181.712050
181.772075
181.790425
181.814200
181.954325
181.986900
182.040950
182.067800
182.424900
182.462225
182.567400
182.578425
182.679200
182.737000
182.741325
182.956525
182.982125
183.087750
183.199750
183.293575
183.434675
183.840175
183.864300
183.885100
183.910300
183.978850
184.053200
184.074375
184.259325
184.280100
184.316900
184.934325
184.975875
185.226325
185.284275
185.381875
185.411225
185.542275
185.809525
185.865675
185.871975
185.900100
186.112500
186.369900
186.380800
186.403550
186.713875
186.727075
186.789725
186.823750
186.885425
186.948675
187.032500
187.081325
187.128250
187.187175
187.278150
187.334925
187.437750
187.672700
187.953950
188.021475
188.031275
188.043600
188.091425
188.438500
188.695325
188.800200
189.150225
189.413825
189.455125
189.468050
189.524250
189.532900
189.647300
190.035900
190.101425
190.206750
190.256500
190.282550
190.392650
190.503525
190.517000
190.665475
190.682400
190.721375
190.751750
190.814100
190.829800
190.960700
191.354450
191.455325
191.587550
191.778800
191.833325
192.085725
192.092400
192.398700
192.418825
192.493750
192.620000
192.736725
192.756225
192.778950
192.969325
193.187100
193.213325
193.236325
193.377625
193.623150
193.882100
193.959100
194.020525
194.021925
194.211025
194.222750
194.238350
194.514925
194.629675
194.684825
194.742475
194.745600
194.859375
194.966350
195.174800
195.239400
195.408050
195.778000
195.993075
196.055800
196.218900
196.246300
196.357475
196.414700
196.531650
196.546475
196.690775
196.764725
196.774850
196.876250
197.046325
197.063525
197.326025
197.433875
197.560925
197.576075
197.667450
197.807825
197.851075
198.087650
198.099050
198.376700
198.407825
198.424950
198.454400
198.488825
198.567600
198.806825
198.956525
199.119950
199.136725
199.225875
199.229175
199.250775
199.356275
199.532225
199.988625
200.266425
200.462725
200.487200
200.582700
200.593325
200.902700
200.987950
201.046100
201.237600
201.253875
201.281150
201.960275
201.990150
202.008825
202.106200
202.463025
202.816275
202.944350
203.027900
203.467450
203.496500
203.534000
203.597200
203.616900
203.852525
204.005850
204.195425
204.244700
204.280050
204.292250
204.316525
204.596550
204.823725
204.943225
205.134900
205.139850
205.229275
205.495525
205.515750
205.551825
205.599400
205.624625
205.881050
205.895900
205.915425
205.926375
205.966875
205.982275
206.010900
206.098625
206.256975
206.504300
206.647100
207.034175
207.052825
207.101000
207.248625
207.415675
207.496600
207.609500
207.640750
207.913325
207.955875
207.970700
207.982725
208.044425
208.225825
208.448600
208.453500
208.794425
208.859675
209.185950
209.266650
209.493325
209.569675
209.742650
209.844300
209.881100
209.886650
209.891925
210.166475
210.179900
210.382950
210.443050
210.506850
210.694750
210.976600
210.981625
210.982675
211.113450
211.158475
211.509325
211.810125
211.823375
211.880350
212.115400
212.209900
212.292850
212.345075
212.525450
212.732800
212.764625
213.024600
213.067350
213.088075
213.213950
213.280525
213.451650
213.466400
213.625625
213.706575
213.754600
213.885600
214.021200
214.257625
214.274750
214.276275
214.342400
214.375500
214.503450
214.581000
214.590750
214.600500
214.626650
214.700500
214.742625
214.778000
214.910550
215.019800
215.034625
215.272850
215.300275
215.328350
215.527275
215.706925
215.793625
215.824350
216.179675
216.225900
216.233275
216.255125
216.273325
216.278750
216.297800
216.336875
216.361900
216.414275
216.699650
216.803400
216.847700
216.998175
217.047225
217.055775
217.063800
217.244175
217.299725
217.317875
217.360600
217.372850
217.411200
217.609400
217.626625
217.705575
217.802075
217.877650
218.041250
218.085150
218.170075
218.214975
218.315750
218.442300
218.451175
218.659700
218.696175
218.816075
218.848375
218.967675
218.969100
218.985625
219.113575
219.126525
219.308975
219.338425
219.346425
219.354550
219.427825
219.766950
219.784600
219.800450
219.808200
219.917575
219.988600
220.028925
220.205950
220.275975
220.297575
220.305775
220.307800
220.375325
220.392250
220.414025
220.436675
220.593700
220.682250
220.747725
220.917350
221.203775
221.262350
221.286050
221.769150
221.798500
221.806050
221.893150
222.112175
222.816200
222.828225
222.847425
222.868200
222.892700
222.909775
222.914275
222.916300
223.173700
223.189525
223.263450
223.353875
223.389775
223.409875
223.466075
224.042000
224.080925
224.246650
224.264250
224.331050
224.358900
224.373850
224.448850
224.911700
225.100500
225.140600
225.145050
225.153750
225.327150
225.452100
225.567275
225.596050
225.638025
225.680850
225.987725
226.151875
226.351700
226.393350
226.716225
226.820425
226.856350
227.256975
227.419275
227.471275
227.633225
227.717275
227.917750
227.968600
228.025950
228.037575
228.280825
228.310925
228.452175
228.491075
228.537950
228.801225
228.903575
228.974675
228.982200
229.010175
229.030800
229.046425
229.068875
229.220600
229.266400
229.304150
229.312975
230.070200
230.163825
230.281225
230.518725
230.542175
230.574200
230.724300
230.949350
230.952250
230.987650
231.096300
231.101425
231.142650
231.277275
231.352800
231.557100
231.694225
231.926650
231.936850
231.962250
232.055050
232.327475
232.395325
232.672475
232.893425
233.011600
233.023475
233.087525
233.433700
233.444000
233.450075
233.820550
233.850000
233.908225
233.986075
234.023300
234.224375
234.631350
234.723050
234.881900
234.976600
235.243850
235.251175
235.301775
235.705600
235.772675
236.306875
236.322900
236.338725
236.419125
236.532825
236.593625
236.648800
236.743675
236.854875
236.909625
237.081875
237.241575
237.261375
237.359500
237.626350
238.575025
238.663175
238.834750
238.840725
238.933450
238.974025
239.019475
239.060450
239.364700
239.527700
239.589575
239.876975
239.891525
240.000100
240.496900
240.569025
240.586700
240.604525
240.642400
240.669125
240.775925
240.804975
240.846625
240.935200
240.962550
241.116325
241.135000
241.238850
241.243400
241.355375
241.409400
241.682350
241.780400
241.940050
241.967850
242.022200
242.089400
242.098150
242.443300
242.816700
242.998600
243.171500
243.196500
243.274950
243.635250
243.888275
243.974075
244.142750
244.564275
244.607300
244.833950
245.006525
245.025300
245.222350
245.233950
245.336825
245.479975
245.557200
245.591900
245.868925
245.945050
246.109900
246.124400
246.186475
246.231750
246.236175
246.460275
246.542075
246.580125
246.596775
246.821725
246.825675
246.880700
246.902375
246.959950
247.083300
247.130750
247.235150
247.471975
247.553850
247.623900
247.733450
247.752675
248.016950
248.070475
248.104450
248.223675
248.449375
248.452400
248.512350
248.599750
248.687825
248.718250
248.806400
248.962125
248.981950
249.067000
249.124300
249.319350
249.342225
249.353625
249.531700
249.748375
249.765150
249.789975
249.820225
249.893525
250.034025
250.128875
250.198325
250.237725
250.268800
250.317350
250.331450
250.445300
250.604350
250.639475
250.697425
250.711625
250.743200
250.787600
250.990900
251.114775
251.179000
251.286650
251.289700
251.312050
251.353525
251.530300
251.599800
251.718750
251.762300
251.833475
252.116000
252.220925
252.391675
252.478500
252.502500
252.541550
252.734075
252.784725
252.813575
253.089225
253.164150
253.212625
253.293325
253.512575
253.609050
253.751225
253.848400
253.909125
254.134425
254.203025
254.537275
254.543775
254.564000
254.639375
254.689475
254.957725
255.230375
255.253175
255.271825
255.598925
255.772775
255.797925
255.804525
255.957250
256.012750
256.014275
256.244250
256.538725
256.583550
256.735075
256.766750
256.815450
256.852950
256.977025
256.992800
257.046450
257.145400
257.281300
257.552975
257.657925
257.673925
257.694500
257.863750
258.005250
258.025325
258.065950
258.197225
258.210275
258.474575
258.533200
258.578625
258.653925
258.702475
258.775375
259.080350
259.379625
259.539150
259.567750
259.834400
259.854475
259.872975
259.914825
259.930400
260.005025
260.044300
260.096150
260.133150
260.164500
260.291375
260.407300
260.416825
260.456875
260.476600
260.505600
260.577225
260.733550
260.749550
260.896175
261.094800
261.112775
261.249025
261.388300
261.461650
261.463475
261.474850
261.605075
261.772525
261.824125
261.942675
261.978450
262.061625
262.129850
262.231175
262.238525
262.290650
262.356900
262.364425
262.465350
262.519400
262.563475
262.804250
262.878775
263.134875
263.146650
263.165175
263.194400
263.305575
263.641750
263.705575
263.714675
263.724200
263.731625
263.753000
263.781500
264.055450
264.149000
264.463525
264.476200
264.575400
264.673375
264.974850
265.213125
265.342475
265.364150
265.531950
265.741500
265.759875
265.802500
265.918800
265.931050
265.934850
266.110850
266.308725
266.427550
266.504350
266.522225
266.575325
266.705575
266.708975
266.743850
266.781475
266.795900
266.848500
266.963825
267.037225
267.152150
267.332250
267.344375
267.360150
267.365750
267.374125
267.377075
267.385600
267.401050
267.435400
267.504175
267.540450
267.558725
267.638950
267.674250
267.733925
267.756425
267.917800
267.936500
268.117700
268.120400
268.174975
268.192375
268.215850
268.218375
268.237450
268.318100
269.031600
269.271050
269.309200
269.383800
269.507250
269.660825
269.791325
269.925025
269.931275
270.037925
270.092475
270.153075
270.342700
270.512575
270.567175
270.573175
270.823625
270.881050
270.960950
271.294425
271.321825
271.527700
271.801175
271.803150
271.815250
271.864125
272.033625
272.195675
272.257875
272.452000
272.548650
272.564500
272.662850
272.719900
272.771525
272.850500
272.966625
272.983150
273.007575
273.009650
273.019125
273.235500
273.261625
273.306300
273.587375
273.666525
273.873875
273.947025
274.072225
274.205175
274.269975
274.309400
274.350025
274.360350
274.402850
274.681450
274.778025
274.946375
274.969900
274.979850
274.982525
275.384600
275.481800
275.522225
275.549150
275.569600
275.691700
275.919375
276.162500
276.175875
276.289725
276.404750
276.517975
276.572475
276.724900
276.792525
277.062850
277.267800
277.675975
277.704375
277.719925
277.734450
277.907675
277.915400
277.956925
278.009675
278.359400
278.426325
278.445200
278.449700
278.492375
278.569025
278.608775
278.667400
278.677000
278.698200
278.801125
278.806475
278.822400
278.979850
279.133725
279.364150
279.378100
279.629325
279.729600
279.967750
280.000250
280.020450
280.453550
280.455550
280.716700
280.792850
280.855275
280.946825
280.979650
281.175775
281.247450
281.305375
281.318850
281.692225
281.756200
281.918625
281.933350
281.995050
282.009625
282.147150
282.193200
282.230125
282.296375
282.374575
282.588575
282.678475
282.681875
282.954650
282.962975
283.396275
283.410050
283.443950
283.524725
283.589625
283.792975
283.859400
283.971200
283.994625
284.091400
284.104075
284.128050
285.050175
285.067525
285.086825
285.353550
285.391350
285.476400
285.553075
285.647125
285.657975
285.833950
286.070500
286.089625
286.093525
286.119975
286.159900
286.188675
286.287850
286.538275
286.579675
286.592875
286.659100
286.717575
286.742200
286.778875
286.952250
287.070425
287.185375
287.201475
287.239475
287.532900
287.581275
287.588850
287.677500
287.707000
287.768600
287.856900
288.041500
288.119775
288.292050
288.370200
288.511000
288.531600
288.585625
288.628275
288.656125
288.670550
288.815250
288.822450
288.846700
288.962725
288.989975
289.065650
289.085100
289.257800
289.296150
289.304175
289.310050
289.335000
289.336025
289.481350
289.795175
290.309250
290.332525
290.414575
290.420175
290.426225
290.431950
290.447850
290.456900
290.543975
290.660550
290.731425
291.085975
291.217200
291.483125
291.532275
291.573150
291.597700
291.603350
291.779575
291.787050
291.788200
291.801050
291.865075
291.983025
292.242725
292.324650
292.460700
292.526250
292.756800
292.801075
292.838900
292.874175
292.892850
292.939700
292.956800
293.119950
293.252225
293.285550
293.325625
293.348850
293.398250
293.484200
293.665700
293.792100
293.916650
293.986775
294.016300
294.041825
294.128725
294.393600
294.504875
294.552800
294.577600
294.616625
294.674250
294.812350
295.061200
295.099475
295.112000
295.226600
295.247500
295.274550
295.356675
295.400650
295.415275
295.449900
295.585150
295.771725
295.798325
295.961000
295.978550
296.009475
296.070550
296.175925
296.278950
296.401275
296.614775
296.655175
297.060275
297.087750
297.093200
297.176025
297.234800
297.236750
297.443625
297.631800
297.666850
297.906400
297.959200
297.987475
298.077150
298.374950
298.448300
298.535600
298.553750
298.690400
298.778600
298.796750
298.957875
298.965450
299.107800
299.335350
299.363750
299.388525
299.483925
299.542750
299.626500
299.690825
299.700250
299.744825
299.779275
299.817850
299.975500
