0.620825
0.630325
0.736750
0.778075
0.853350
1.215775
1.346825
1.910100
2.001325
2.016000
2.084625
2.277400
2.437850
2.538350
2.666725
2.937550
2.973575
2.996850
3.108525
3.234075
3.249025
3.300675
3.407275
3.650900
3.685000
3.711025
4.017375
4.148250
4.208900
4.273875
4.475300
4.479400
4.674400
4.699575
4.716725
4.724200
4.768300
4.812075
4.828450
4.859950
4.898050
4.943625
5.031175
5.093850
5.130775
5.157450
5.172075
5.224300
5.250975
5.270850
5.343475
5.376100
5.398750
5.418825
5.650300
5.676525
5.697050
5.728650
5.748975
5.804275
5.825650
5.916425
6.000050
6.012325
6.025325
6.104600
6.128350
9.920625
9.930575
9.965175
10.361025
10.518375
10.666225
11.257575
12.398325
12.430100
12.583025
12.657350
13.059050
13.062850
13.100250
13.146275
14.276675
14.284175
14.322350
14.416850
14.722275
14.737750
14.794900
14.806225
14.847225
14.910875
14.922350
15.173250
15.550500
16.702000
16.733675
17.773875
17.828450
18.350975
19.397200
19.432600
20.376950
20.397550
20.441050
20.876450
20.908000
21.007525
21.071475
21.777900
21.792350
21.832750
21.875375
22.051225
22.088725
22.115250
22.130475
22.141675
22.146825
22.165250
22.221325
22.307550
22.513950
22.550375
22.648625
22.878275
22.936950
22.993250
23.108500
23.131450
23.171975
23.239850
23.291325
23.448250
23.602325
23.800275
23.876950
24.260925
26.492625
27.053225
27.068600
27.087525
27.128725
27.149050
27.196350
27.270975
27.340750
27.364375
27.402050
27.553250
27.554875
27.569950
27.591425
27.606375
27.608750
27.640325
27.663650
27.836200
27.839600
27.858275
27.898125
27.906450
27.908325
27.929200
28.188450
28.975750
29.004050
29.023225
29.076275
29.098150
29.120925
29.137400
29.163525
29.182050
29.192625
29.211925
30.112325
30.168075
30.183025
30.196000
30.223600
30.227750
30.244675
30.258175
30.276300
30.293225
30.306350
30.327575
30.343625
30.360475
30.381450
30.448375
30.483275
30.502775
30.528725
30.577175
30.605625
30.662125
30.685650
30.701250
30.720900
30.766050
30.787275
30.843325
30.886675
30.920100
30.946575
30.982250
31.006400
31.016650
31.077500
31.235150
31.275025
31.291525
31.347725
31.419925
31.453750
31.473500
31.596650
31.692875
31.716725
31.746525
31.797675
31.815350
31.857675
31.880325
31.914250
31.987150
32.008650
32.044650
32.056925
32.061100
32.118875
32.167975
32.226075
32.299550
32.369325
32.578100
32.584400
32.824275
32.882475
33.399825
33.404875
34.257775
34.301300
36.450950
36.460600
36.494675
36.544900
37.051550
37.057375
37.061800
37.284175
37.286700
39.255100
39.767700
39.780975
39.807600
39.818350
39.884300
39.898100
39.937925
39.986175
40.048450
40.055600
40.148150
43.037250
45.357150
46.851825
46.858500
47.565025
48.676100
48.711500
48.744100
48.745675
48.779675
48.809750
48.816550
49.188225
49.271250
49.865800
50.824500
50.852325
50.881175
50.891075
50.903000
50.942975
51.090325
51.124975
51.147525
51.168250
51.189875
51.246675
51.265725
51.287075
51.313250
51.332175
51.387900
51.443575
51.495900
51.773375
51.843600
51.894125
52.181075
52.182500
52.205300
52.630675
52.668950
52.755050
52.898325
52.947525
53.116450
54.031725
54.522275
55.271525
55.371100
55.429650
55.940425
55.994200
58.970250
58.999750
59.032950
59.061925
59.211925
59.241300
59.560950
59.645125
59.666650
59.693850
59.726475
59.952500
60.085775
60.573500
60.988125
61.012475
61.057750
61.112275
61.446475
61.908225
61.936150
61.975600
61.989875
62.040250
62.152050
62.165950
62.226300
62.788025
62.890975
63.126400
63.418525
63.538550
63.586975
63.643000
64.343675
64.536150
64.834050
64.852950
64.903400
64.921475
65.420125
65.640200
65.943625
65.959075
65.999225
66.211675
66.966950
68.278050
68.281825
68.838125
68.867125
68.884800
68.910500
68.949650
69.332500
69.405500
69.449375
69.793775
69.809375
69.850550
69.884175
69.917500
69.939125
69.956950
69.979175
70.067075
70.096525
70.244550
70.358850
70.438025
70.715050
70.717425
70.766525
70.894450
70.963925
70.987075
71.028650
71.058875
71.137500
71.211900
71.356225
71.376850
71.404900
71.452300
71.512325
71.578075
71.695575
71.704175
71.768100
72.000325
72.018975
72.032325
72.066775
72.116450
72.135550
72.176100
72.183500
72.205200
72.508700
72.598750
72.649925
72.973350
73.732450
73.749075
74.618850
74.691400
75.252475
75.697375
75.829600
76.762850
78.096150
78.128275
78.168075
79.544175
79.572125
79.592575
79.898275
79.901775
79.912000
79.942000
80.068875
80.080750
80.118075
80.211575
80.250650
80.907825
81.292825
81.316125
81.374400
81.754775
82.102325
82.141700
82.232500
83.000650
83.042450
83.068750
83.118675
83.227850
83.966625
83.998125
84.158675
84.413650
84.534425
84.544725
84.573550
84.636825
84.700925
84.737525
84.769100
84.796975
84.827350
84.843075
84.897075
84.929675
84.952025
84.973675
85.074750
85.457350
85.538450
85.596550
85.617000
85.657850
85.962775
85.974175
85.981000
85.986350
85.999450
86.019950
86.024900
86.032525
86.047525
86.053650
86.077450
86.089400
86.103250
86.116400
86.140975
86.746100
86.762525
86.779250
86.800150
86.818775
86.826950
86.848450
86.877650
86.912875
86.928875
87.320675
87.357075
87.388525
87.447575
87.466600
87.485975
88.132050
88.217250
88.219375
88.249375
88.273550
88.303725
88.315950
88.329875
88.338725
88.383400
88.384925
88.392250
88.400875
88.410900
88.416275
88.425050
88.459225
88.477950
88.514500
88.528525
88.555475
88.584275
88.621125
88.652125
88.667925
88.716875
88.727275
88.751325
88.778450
88.814925
88.871250
88.886375
88.889450
88.911500
89.019275
89.050450
89.096850
89.128275
89.197250
89.224850
89.275450
89.491125
89.529850
89.544250
89.563250
89.598050
89.606825
89.629925
89.656025
89.666750
89.699050
89.834675
89.866200
89.879050
89.957725
89.964525
90.037225
90.422875
90.473025
90.503125
90.528550
90.570175
90.628225
90.846350
90.915150
90.960175
91.036225
91.072900
91.074675
91.321975
91.341050
91.350650
91.370850
91.383125
91.411425
91.424975
91.449600
91.457400
91.494375
91.559100
91.602600
91.616150
91.630875
91.690700
91.725325
91.812600
91.982075
92.033350
92.085900
92.125950
92.279950
92.291375
92.334600
92.448875
92.545900
92.562125
92.632825
92.947150
93.420050
93.493575
93.557125
94.473725
94.771075
94.819725
94.854875
94.918625
95.187650
95.235575
95.271875
96.678600
96.717100
96.734625
96.775050
96.791325
96.820975
97.652875
97.683150
97.699850
98.164525
98.489500
98.547100
98.571725
98.602875
98.621475
98.630550
98.654700
98.922875
98.942925
98.964500
98.979450
99.015875
99.022900
99.048700
99.058325
99.069550
99.100125
99.103600
99.134625
99.153100
99.379500
99.398475
99.459100
99.518625
99.789600
99.848800
99.865925
101.747550
103.015575
103.049150
103.061950
103.082125
103.134075
103.147500
103.184200
103.211175
103.244925
103.267475
103.279125
103.304225
103.329975
103.384900
103.435475
103.469425
103.500425
103.550875
103.661575
103.710875
103.752825
103.777950
103.826350
103.846400
103.879525
106.652425
106.710450
106.724750
106.753475
106.911650
106.959975
107.894650
107.924025
107.941150
107.974950
108.051400
108.173750
108.975025
109.028750
109.062775
109.108325
109.129100
109.317775
109.506000
109.539800
109.604450
109.716150
109.719125
110.047200
110.461750
110.624300
110.670650
111.272975
113.574850
113.720800
113.821875
114.084625
114.682700
114.738550
114.814075
115.684425
115.712600
117.151400
117.162375
117.194725
117.200325
117.230475
117.239100
117.312825
117.334000
117.373675
117.389700
117.435600
117.620225
118.629025
119.025225
119.065175
119.087600
119.107825
119.130150
119.141825
119.172975
119.191525
119.226175
119.246975
119.265825
119.294225
119.333875
119.353650
119.389325
119.396175
119.457475
119.668275
119.722475
119.770300
119.794600
119.816575
120.056825
120.095925
120.144850
120.925450
123.006250
123.056250
123.639425
123.789875
124.919075
124.966325
124.981250
125.000600
125.012425
125.038225
125.068400
125.100450
125.133300
125.155650
125.296125
125.881350
126.122900
126.145025
126.185475
126.229850
126.232050
126.288100
126.756925
126.776725
126.794425
126.808925
126.838000
126.850125
126.864100
126.871250
126.891200
126.898700
126.922250
126.942675
126.957625
126.986375
127.029300
127.060350
127.101350
127.123575
127.204700
127.252350
127.273250
127.351250
127.418425
127.459550
127.547525
127.549600
127.614800
127.688125
127.761900
127.781675
127.806200
127.906975
127.952200
128.016575
128.116900
128.169375
128.285150
128.336925
128.373400
128.452475
128.496175
128.526525
128.551100
129.286200
129.355275
129.431800
130.123900
130.153975
130.173025
130.181275
130.183550
130.195450
130.208200
130.221850
130.241925
130.253400
130.261700
130.275575
130.283050
130.309225
130.344625
130.390075
130.401225
130.409500
130.412325
130.431200
130.470250
130.553025
130.598725
130.712500
130.799675
130.801100
130.851450
130.950450
131.244075
131.959800
132.002500
132.064275
132.103650
132.140475
132.231825
132.271300
132.281725
132.283175
132.334000
134.015425
134.980650
135.011325
135.622400
135.679875
138.232000
139.154000
139.155225
139.166775
143.534500
143.568400
143.590275
143.635150
143.676475
143.787050
143.811850
143.833225
143.854550
143.863775
143.878300
143.893575
143.906000
143.919675
143.936175
143.943775
143.976050
143.992200
144.001025
144.027325
144.046600
144.065100
144.078875
144.117275
144.131375
144.148800
144.272975
144.325525
144.341900
144.381975
144.391475
144.393825
144.450625
144.470000
144.518950
144.568125
144.586725
144.599300
144.753975
144.791550
144.931725
145.787700
145.789975
145.819600
145.861175
145.896300
145.907050
145.921600
145.942675
145.955875
145.969800
146.077225
146.117975
146.154275
146.164025
146.270600
146.342350
146.395675
146.425525
146.478125
146.492850
146.572900
146.651450
146.788875
146.810550
146.853925
146.924025
146.934400
146.949200
147.003525
147.023675
147.156875
147.213425
147.315900
147.359450
147.396725
147.454725
147.743625
147.771475
147.800425
147.832100
147.857475
147.888050
147.957000
149.268325
149.350900
149.449225
149.960075
150.049125
150.157300
150.199675
150.440000
150.459625
150.475475
150.719300
150.734925
150.749550
150.772725
150.792100
150.815275
150.825500
150.876500
150.899775
150.927450
150.950675
150.990125
151.052775
151.205425
151.229800
151.246550
151.284975
151.320325
151.353750
151.567400
151.597100
151.663575
151.723625
151.761150
151.770325
151.772100
151.841950
151.910125
151.952600
151.978225
152.156300
152.184750
152.210600
152.250575
152.270925
152.301800
152.323100
152.378000
152.518000
152.587250
152.629975
152.714650
152.754175
153.489350
153.503550
153.520325
153.528600
153.530225
153.557225
153.573700
154.383175
154.410550
155.233600
155.253425
155.319050
155.798500
155.847450
155.866725
155.908650
155.941500
156.358225
156.390175
156.397175
156.413750
156.424925
156.431900
156.447125
156.507100
156.948400
157.083375
157.108100
157.131575
157.213075
157.334275
157.352475
157.364400
157.383700
157.386000
157.408475
157.421500
157.428175
157.433600
157.470850
157.477800
157.480225
157.524200
157.543550
157.554075
157.582300
157.603450
157.628750
157.674000
157.689900
157.704125
157.719000
157.737725
157.762750
157.775200
157.785225
157.808400
157.831925
157.863850
158.169400
158.192900
158.198975
158.206350
158.270775
158.293375
158.323650
158.393975
158.464475
158.884875
158.887275
158.931275
158.959725
159.091225
159.108125
159.116700
159.130325
159.154900
159.178350
159.237525
159.275925
159.313525
159.357975
159.440850
159.864700
160.037500
160.058925
160.212700
160.332875
161.005225
161.066825
161.090350
161.118625
161.124825
161.153200
161.211300
161.236275
161.348475
162.011825
162.039325
162.050550
162.065700
162.073500
162.087550
162.106275
162.122375
162.142550
162.170650
162.202925
162.225500
162.250375
162.305850
162.378525
162.510600
162.959175
163.342525
164.137250
164.139975
164.163750
164.213425
164.270200
164.303250
164.324050
164.363200
164.405975
164.430175
164.505725
164.609350
165.038125
165.068025
165.096575
165.103500
165.107900
165.151100
165.167575
165.206700
165.241775
165.273750
165.304525
165.318400
165.335950
165.356375
165.422650
165.671525
165.694175
165.773675
165.968950
166.032500
166.047400
166.128000
166.152750
166.169650
166.183850
166.206625
166.286600
166.388100
166.431300
166.647050
166.837425
166.888250
166.908500
166.966100
166.987400
169.783225
169.820425
169.873375
169.919175
169.950225
169.980500
170.035025
170.066750
170.556200
170.558375
170.576300
170.587750
170.596250
170.609300
170.623500
170.647300
170.656825
170.662025
170.673925
170.698350
170.714250
170.729375
170.763650
170.792775
170.811850
170.866750
170.914000
171.063850
171.084525
171.150125
171.218025
171.306650
171.367150
171.399475
171.442050
171.610925
172.554675
172.567975
172.590725
172.595550
172.597300
172.616725
172.646375
172.660450
172.666475
172.669775
172.690250
172.702575
172.741675
172.766050
172.810775
172.863400
172.904750
172.937025
172.981375
173.045200
173.099475
173.170400
173.505225
173.880900
174.112650
174.152625
174.186850
174.231600
175.156150
175.190875
175.384500
175.404250
175.443325
175.445050
175.454350
175.513275
175.547825
175.577850
175.635550
175.669675
175.728425
175.759450
175.853825
175.877225
175.894175
175.978825
175.986950
176.028650
176.069775
176.103300
176.142950
176.203175
176.215750
176.217000
176.277825
176.308725
176.416175
176.486150
176.516900
176.580450
176.638625
176.686325
176.716950
176.795725
176.850025
176.958050
176.966250
176.978350
176.984125
177.000450
177.009750
177.033825
177.046500
177.054150
177.074975
177.097525
177.118275
177.127625
177.142750
177.189375
177.200075
177.254250
177.295225
177.325700
177.438175
177.459850
177.491875
177.523700
177.551750
177.576650
177.605300
177.668475
177.862075
177.960425
178.010650
178.323700
178.426800
178.453700
178.460800
178.490050
178.889750
178.894800
180.194200
180.836150
180.897450
181.980425
183.073850
183.447625
184.240050
184.265925
184.274875
184.284950
184.309550
184.323825
184.345725
184.374550
184.403725
184.436350
184.485500
184.529075
184.584650
184.645750
184.718625
184.772250
184.788750
184.818575
184.857700
184.928675
185.008750
185.125350
185.168100
185.311850
185.345375
185.405975
185.529950
185.629325
185.671275
185.915025
186.002650
186.035175
186.036950
186.472750
187.223025
187.816650
187.845225
187.859700
187.865625
187.897425
187.916350
187.962525
188.310325
188.398150
188.433575
188.637375
188.670725
188.672375
189.578000
189.606425
190.121575
190.147800
190.276775
190.695400
190.741600
190.764825
190.766825
190.778175
190.806500
190.852775
190.854450
191.028200
191.159200
191.185275
191.220700
191.455725
191.747875
191.782075
191.852300
191.933100
191.966625
192.453150
192.459450
192.776600
192.801075
192.822900
192.867700
192.956500
193.384850
193.457075
193.542675
193.861075
193.922450
193.956525
195.667050
195.722100
195.771075
195.791325
195.832875
195.857650
195.926275
195.942625
196.064525
196.151300
196.220500
196.397550
196.929325
196.991175
196.993425
197.099700
197.117225
197.119475
197.163200
197.285275
197.330225
197.363675
197.386375
197.403075
197.602300
197.627225
197.664025
197.689775
197.695525
197.735825
197.839300
197.987525
198.242025
198.289625
199.813475
200.599125
200.629050
200.709925
200.941150
200.953050
200.981325
200.990625
200.999750
201.025025
201.040325
201.055975
201.070700
201.093850
201.121250
201.130150
201.160975
201.178700
201.203300
201.216025
201.312425
201.410150
201.436850
201.487275
201.535200
201.647175
201.734875
201.837925
201.867550
201.952350
202.634350
202.651500
202.659425
202.676425
202.722625
202.738400
202.749625
202.775100
202.802650
202.912625
203.003950
203.036775
203.063075
203.096025
203.109925
203.168275
203.232025
203.250575
203.289650
203.292375
204.231875
204.260075
204.301325
204.362825
204.476000
204.492825
204.524200
204.539175
204.558875
204.565475
204.590225
204.618150
204.648275
204.664000
204.730475
204.738375
204.762925
204.831500
204.863650
204.882575
204.894425
204.939225
204.973675
205.003875
205.085500
205.163675
205.539075
205.562100
205.674900
205.678750
205.695275
205.942400
206.010325
206.248100
206.326600
206.748675
207.306750
207.806075
207.823800
207.851950
209.576575
209.585500
210.017000
210.036250
210.065200
210.131600
210.521875
210.551100
210.598150
210.622375
210.634575
210.664550
210.696275
210.728300
210.749700
210.999375
211.039725
211.050850
211.067225
211.095950
211.112050
211.149250
211.203650
211.211650
211.213900
211.259550
211.278925
211.489750
211.613775
211.948925
211.956300
211.967325
211.970125
212.007475
212.033225
212.044925
212.095825
212.113700
212.180125
212.303300
212.375375
212.425200
212.455775
212.478350
212.489950
212.505375
212.531700
212.551400
212.566950
212.577375
212.600000
212.612700
212.656325
212.786650
212.824625
212.849875
212.881675
212.901125
212.912300
212.936300
212.950850
212.965900
212.982425
212.996400
213.044400
213.067025
213.084075
213.086100
213.114650
213.134775
213.457750
213.468075
213.470150
213.492225
213.515725
213.530575
213.534000
213.604400
213.951800
214.027350
214.054675
214.371100
214.385900
214.399725
214.425000
214.463925
214.483875
214.492775
214.508300
214.528700
214.547975
214.556550
214.578800
214.593875
214.609500
214.632075
214.647925
214.663400
214.692375
214.718100
214.734400
214.781000
214.792750
214.834775
214.865600
214.883350
214.914050
214.972325
214.997525
215.007900
215.027500
215.059175
215.077650
215.084675
215.130200
215.145900
215.176600
215.202475
215.237950
215.291200
215.341225
215.472100
215.474475
215.552650
215.593850
215.637025
216.091000
216.093225
216.115475
216.145925
216.159625
216.235050
216.758650
216.837025
216.871200
217.078650
217.080425
217.163400
217.164475
217.175000
217.217225
217.232775
217.264000
217.343125
217.615675
217.715175
217.742300
217.989825
218.044775
218.133000
218.327675
218.337425
218.347125
218.362150
218.380450
218.393100
218.408800
218.427650
218.442900
218.456400
218.464450
218.482175
218.512350
218.540650
218.565325
218.573950
218.590000
218.599025
218.609225
218.646900
218.697225
218.713900
218.733875
218.786275
218.799500
218.848650
218.895050
218.923125
218.946125
219.001250
219.037375
219.080200
219.195825
219.230025
219.273325
219.378700
219.478275
219.700150
219.784600
219.870500
219.969625
220.195250
220.246500
220.808200
220.976400
221.053800
221.113650
221.205700
221.250325
221.338075
222.062275
222.205875
222.218550
222.420450
222.450875
222.485375
222.507675
222.562900
222.634925
222.839150
222.887975
222.944300
222.976500
223.023650
223.236675
223.256250
223.655150
223.657125
224.109175
224.209575
224.319550
224.365400
224.450400
224.531925
224.670825
224.949875
225.045400
225.078625
225.290600
225.578550
225.706475
225.818900
225.852750
225.894600
225.962850
226.441275
226.519700
226.527525
226.565725
226.605250
226.628075
226.647725
226.702725
226.723450
226.792975
226.810900
226.822625
226.864050
226.906475
226.921825
226.941750
227.002350
227.046800
227.141800
227.165725
227.175900
227.177725
227.198550
227.214375
227.255000
227.286950
227.333875
227.360775
227.399300
227.422675
227.516750
227.558450
227.688450
227.730075
227.795600
227.911350
227.972650
228.016650
228.074725
228.109300
228.623350
228.641900
228.645850
228.695650
228.776875
228.802525
228.873950
228.876025
228.943675
229.253775
229.554250
229.603600
229.674300
229.848800
230.441750
230.467125
230.577150
230.670850
231.184650
231.209125
231.312075
231.405925
231.443225
231.716550
231.769275
231.867500
231.957150
232.230150
232.263575
232.285675
232.300000
232.342200
232.359225
232.361475
232.398375
232.438200
232.472825
232.604325
232.674325
232.749150
232.788050
232.844725
232.910175
232.984375
233.037050
233.088525
233.106950
233.150525
233.250900
233.265975
233.314750
233.343375
233.401100
233.475300
233.504925
233.533450
233.584925
233.612100
233.630850
233.640700
233.666225
233.848175
233.884800
233.929800
234.073150
234.180350
234.207425
234.236475
234.284100
234.286325
234.312025
234.337000
234.347925
234.361800
234.383350
234.551425
