0.372750
0.711250
0.885125
1.625825
1.787475
2.243725
2.523225
3.203150
4.509075
5.195725
5.197550
5.252825
5.818025
5.972550
6.323050
6.387200
6.798725
6.973075
7.215825
7.895775
8.209200
9.018425
9.557425
9.644000
9.682450
9.733300
9.807150
9.875925
9.976575
10.021275
10.028050
10.167125
10.264925
10.326525
10.385050
10.431950
10.482750
10.529925
10.630700
10.659575
10.680625
10.703575
10.739375
10.777350
10.798450
10.820100
10.852300
10.898150
10.926750
10.964625
11.011950
11.040925
11.080700
11.119525
11.151600
11.186050
11.217600
11.255175
11.306925
11.349875
11.394625
11.446300
11.478375
11.515350
11.588075
11.646075
11.726650
11.793150
11.846275
11.909650
12.039775
12.127650
12.221775
12.329175
12.431875
12.490900
12.566325
12.638075
12.732100
12.813425
12.903900
13.039450
13.094950
13.145875
13.186800
13.236225
13.322250
13.385775
13.433150
13.497250
13.616900
13.681375
13.836750
13.953150
13.954200
14.371425
14.421775
14.528550
14.623300
14.800375
15.192975
15.339825
15.932525
16.035175
16.168575
16.249825
16.298400
16.646250
16.734875
16.877600
17.043825
17.113800
17.275925
17.381525
17.420400
17.535325
18.105050
18.223600
18.311825
20.366850
20.812975
23.007225
25.151750
30.218575
36.326575
36.768625
36.865950
36.961925
37.011225
37.320725
38.316025
43.320675
45.091325
45.567700
46.425750
53.052275
54.369375
54.534150
54.740875
54.908525
55.032325
55.140375
55.373300
55.527025
55.597625
55.656850
55.712675
55.743025
55.783350
55.842900
55.868950
55.921650
56.018525
56.054175
56.166450
56.304450
56.428625
56.488200
56.611575
56.672375
56.749825
56.810350
56.911450
57.016500
57.058025
57.217375
57.289275
57.654875
57.835275
61.237275
61.288975
61.351075
61.394525
61.448825
61.542500
61.607650
61.680200
61.758300
61.804175
61.844550
61.915800
61.952125
61.981950
62.045850
62.094925
62.149925
62.199350
62.251225
62.350475
62.437400
62.511025
62.686050
62.762600
62.858275
63.163650
63.211300
63.439475
63.850925
64.020525
64.171325
65.345400
66.543650
66.688575
67.654675
80.096350
81.799450
89.515325
89.660575
89.765825
89.841950
90.040300
90.089800
90.128325
90.230000
90.315650
90.354275
90.402500
90.445450
90.494250
90.536125
90.561875
90.629775
90.693400
90.733275
90.883875
90.938025
91.202050
91.282500
91.333250
109.156400
120.027225
120.072700
120.755325
120.904950
121.114875
121.208850
121.275475
121.466650
121.560025
121.591650
121.744375
121.938950
122.151025
122.454675
122.578275
122.657300
122.832775
126.310700
126.582475
127.268125
127.383150
127.442325
127.507750
127.677075
139.872375
139.937350
140.021575
140.046775
140.114550
140.187200
140.271825
140.370575
140.400825
140.451075
140.519425
140.575925
140.660650
140.694950
140.756725
140.789250
140.831650
140.887650
140.943325
141.005800
141.073525
141.131975
141.183075
141.223350
141.271875
141.314550
141.345550
141.399800
141.446275
141.500375
141.709250
145.422675
145.628550
145.930900
146.099525
146.281625
146.549325
158.394275
158.891500
158.943600
159.036150
159.082375
159.259300
159.363850
159.556625
159.647525
159.699725
159.917325
159.966125
160.029725
160.095900
160.185500
160.234575
160.313875
160.469875
161.032300
179.849350
182.605700
205.156525
205.632150
205.654025
205.705850
205.794875
205.866500
205.908450
205.946100
205.979025
206.006450
206.049125
206.168675
206.286025
206.364800
206.399400
206.458425
206.527500
206.568825
206.677975
206.803975
206.879550
206.942700
207.132300
207.278375
207.337200
207.401000
207.439100
207.590125
207.692625
207.858375
208.506425
208.660475
208.712350
208.861550
210.630025
210.637850
210.673825
210.744175
210.806925
210.911125
210.940800
211.074700
211.620150
211.716225
211.780825
211.915475
212.379375
212.421650
212.503675
212.625175
212.677075
212.781800
212.851950
212.965200
213.219050
213.293025
213.461700
213.511925
213.750950
213.919075
214.039250
214.220625
215.049900
215.082075
215.237975
215.307350
215.584200
216.018175
216.090900
216.218375
216.274125
216.349775
216.393725
216.543100
216.761875
216.905425
217.421200
217.437250
217.610475
217.913800
222.883650
223.054650
223.107075
223.259250
223.666575
224.065275
224.405200
224.524850
224.954000
229.033200
229.341100
229.440625
229.583225
229.781975
229.930350
230.021000
230.150775
230.253575
230.281875
231.017925
231.074800
231.215700
231.286025
231.338550
231.384750
231.481425
231.525400
231.614350
231.676000
231.745150
231.798125
231.969425
232.107175
232.154600
232.294100
232.401250
232.686675
232.871825
232.939650
232.998700
233.023725
233.034775
233.054025
233.079675
233.101350
233.122525
233.146400
233.169150
233.190875
233.207900
233.238600
233.255575
233.276125
233.311125
233.337025
233.366425
233.394700
233.417025
233.463650
233.493475
233.519425
233.566675
233.597500
233.627150
233.655900
233.675300
233.702250
233.730675
233.762150
233.790775
233.825025
233.862750
233.892000
233.919675
233.950625
233.976775
234.011825
234.039125
234.068350
234.094900
234.135150
234.201800
234.232725
234.260100
234.297600
234.327450
234.354525
234.450800
234.482600
234.505800
234.532700
234.570300
234.600650
234.626925
234.667000
234.708125
234.738400
234.776100
234.823075
234.868175
234.897225
234.958750
234.997275
235.057075
235.117200
235.152600
235.193400
235.223650
235.289250
235.336800
235.390000
235.449375
235.495750
235.550575
235.633625
235.727100
236.228625
236.515425
237.245500
237.901050
237.971600
238.043425
238.304325
238.371825
238.429550
238.709650
238.817200
238.879750
238.940300
239.000500
239.071950
239.141275
239.268300
239.327750
239.483250
239.675100
239.788175
239.876675
239.951500
240.080075
240.193650
240.252975
240.280175
240.319900
240.358700
240.390175
240.425250
240.491600
240.533050
240.582825
240.685050
240.724650
240.756475
240.831225
240.907925
240.983125
241.062300
241.103300
241.180225
241.252000
241.297525
241.362450
241.424700
241.587550
241.634725
241.863525
244.274150
244.405300
244.657650
244.842400
245.156900
245.365375
245.464175
245.766700
246.101000
248.117325
269.462700
269.731875
270.456500
270.469850
270.500450
270.708450
270.781325
270.837175
271.085375
271.127775
271.185450
271.371850
271.687300
272.115050
272.197900
272.298975
272.335225
272.400000
272.764925
272.863300
272.981825
273.020250
273.138075
273.177800
273.246225
273.304025
273.350325
273.458775
273.699250
273.756100
273.794150
273.901000
273.939925
274.001200
274.072075
274.121875
274.130950
274.151275
274.171950
274.217950
274.238025
274.252550
274.276525
274.296200
274.309575
274.370025
274.385600
274.405300
274.426350
274.450000
274.472150
274.490375
274.516950
274.530750
274.570275
274.595150
274.618550
274.644600
274.658425
274.666025
274.677050
274.698725
274.716075
274.731475
274.754575
274.812625
274.840300
274.863075
274.880350
274.910375
274.933225
274.951175
274.961300
274.978875
274.996750
275.010500
275.021975
275.039450
275.062750
275.079000
275.101375
275.116700
275.133275
275.153600
275.173750
275.196650
275.235475
275.251675
275.265375
275.302725
275.358450
275.394550
275.413825
275.433875
275.449625
275.467525
275.484425
275.517825
275.532250
275.550400
275.567925
275.581700
275.591500
275.615325
275.633050
275.647750
275.663450
275.680150
275.715700
275.734350
275.761625
275.797750
275.813575
275.852775
275.868350
275.883950
275.904325
275.924125
275.964300
275.987125
276.012575
276.033300
276.052000
276.073225
276.094750
276.119425
276.139475
276.186850
276.216825
276.239100
276.257025
276.285625
276.309550
276.335675
276.352700
276.422725
276.441100
276.458025
276.480125
276.505600
276.534425
276.562475
276.593175
276.615100
276.645900
276.671700
276.704200
276.777500
276.804375
276.845625
276.870775
276.898550
276.936550
276.960100
277.011050
277.034825
277.075825
277.111200
277.150300
277.213375
277.244725
277.327075
277.364600
277.405950
277.436575
277.479900
277.502450
277.551525
277.591625
277.653950
277.690125
277.739475
277.801775
277.865575
277.944300
277.998275
278.033350
278.081550
278.145550
278.189100
278.236925
278.269200
278.325850
278.383850
278.441275
278.596625
278.693550
278.768425
279.181850
279.465175
279.505850
279.569225
279.741300
279.789175
279.875100
280.004625
280.046550
280.137800
280.205700
280.247000
280.284500
280.308900
280.334850
280.363925
280.393300
280.420825
280.441450
280.458225
280.502275
280.524375
280.548700
280.571900
280.597600
280.621275
280.651200
280.670450
280.694175
280.720200
280.751950
280.781275
280.809150
280.839925
280.863975
280.917300
280.948725
280.981975
281.010900
281.038825
281.086375
281.159125
281.183400
281.210300
281.242100
281.317175
281.353400
281.377375
281.398975
281.426200
281.469300
281.481075
281.489075
281.528875
281.574225
281.594200
281.620100
281.641475
281.663125
281.690100
281.722875
281.753950
281.778200
281.805700
281.835025
281.888775
281.925875
281.959100
281.992525
282.023100
282.065300
282.100475
282.145600
282.184425
282.227425
282.262725
282.301950
282.327075
282.361750
282.401700
282.446975
282.476150
282.510325
282.550100
282.588800
282.630550
282.667175
282.714500
282.757875
282.795925
282.831675
282.880475
282.957325
283.001750
283.033375
283.089425
283.132775
283.237675
283.308925
283.448425
283.602225
283.662625
283.813900
284.125075
284.219625
284.298325
284.462425
284.532675
284.762150
284.853275
285.135850
285.534625
285.737250
285.761100
285.836825
285.865550
285.896500
285.923875
285.950725
285.982700
286.008775
286.042175
286.078725
286.109525
286.166350
286.192300
286.214625
286.250900
286.299375
286.335375
286.407300
286.442200
286.472475
286.513900
286.557200
286.592350
286.618975
286.645700
286.721625
286.761000
286.805950
286.853325
286.877975
286.936225
286.972550
287.002275
287.035700
287.075750
287.112100
287.224850
287.255675
287.303875
287.387950
287.426700
287.456450
287.493275
287.523550
287.574450
287.612025
287.651900
287.689225
287.761600
287.799225
287.850100
287.931200
288.003475
288.054925
288.314375
288.408725
288.469025
288.662575
288.758400
288.825475
289.056250
289.318225
289.519750
289.671150
290.679200
290.754250
290.970850
291.030200
291.222825
291.316575
293.012400
294.055850
308.392150
308.504775
308.968875
309.562100
309.690700
309.723100
309.751700
309.785925
309.831925
309.906250
309.958400
309.997425
310.027250
310.165925
310.261550
310.458725
310.602950
310.680675
310.728425
310.858625
310.943600
310.969825
310.990300
311.031675
311.096250
311.202075
311.362775
311.396325
311.435025
311.510600
311.585825
311.671025
311.758400
311.794925
311.881475
312.289000
312.715850
313.029225
314.542225
314.926325
315.010475
315.135850
315.211200
315.587350
315.711350
316.184550
316.341200
316.417975
316.553300
316.676350
316.726100
316.786650
316.844950
316.900475
316.995725
317.088800
317.116175
317.149975
317.221675
317.283500
317.331300
317.350975
317.372800
317.415400
317.440300
317.463575
317.481375
317.501000
317.509550
317.527250
317.556900
317.578350
317.602750
317.634950
317.698675
317.738175
317.762150
317.781900
317.804250
317.826950
317.847025
317.862375
317.872725
317.888950
317.903925
317.917225
317.953700
317.974925
318.000025
318.019850
318.060700
318.104450
318.125600
318.144100
318.168225
318.189625
318.227525
318.246275
318.265625
318.282150
318.298725
318.356425
318.379200
318.400800
318.419200
318.475200
318.494200
318.514550
318.551850
318.568725
318.618275
318.637600
318.656325
318.673400
318.749825
318.782400
318.861350
318.884325
318.907725
318.986725
319.016400
319.064500
319.108525
319.129250
319.176075
319.228400
319.257675
319.284600
319.337500
319.383925
319.408025
319.430775
319.500700
319.527825
319.591150
319.619525
319.659175
319.687325
319.764550
319.796350
319.949075
320.037200
320.114200
320.142425
320.210300
320.268550
320.300275
320.368750
320.494600
320.648825
320.806350
320.969925
321.045350
321.231125
321.318625
322.017950
322.194500
326.645550
326.712275
326.768925
326.811275
326.991025
327.104425
327.230650
327.560775
350.759175
350.825100
351.031475
351.662050
351.749425
352.008200
352.088525
352.418225
352.581750
352.748050
352.823850
353.097375
383.596625
383.652475
383.829050
383.964250
384.070525
384.241850
384.294550
384.452075
384.659500
385.435100
385.477875
385.502400
385.594450
385.636550
385.745300
385.795725
385.989775
386.205000
388.206725
388.363625
388.571225
388.818275
388.875250
389.030850
389.264700
389.360875
389.461400
389.505950
389.571000
389.745725
389.985100
390.267475
390.353350
390.382025
390.436750
390.499075
