0.019375
0.084525
0.138350
0.252225
0.380550
0.450825
0.587450
0.716700
0.915800
1.266000
2.181850
2.232325
2.424300
2.506175
2.592475
3.001050
4.032075
4.098250
4.133700
4.283625
4.364100
4.427550
4.539625
4.559950
4.948475
5.035725
5.106900
5.266600
5.370350
5.395275
5.516150
5.559700
5.648825
5.779525
5.930675
6.022325
6.063725
6.229475
6.332350
6.393050
6.648075
6.720150
6.922125
6.984300
7.070825
7.297225
7.474325
7.525075
7.668000
7.940450
8.065925
8.174675
8.303600
8.347225
8.628725
8.706350
8.858250
9.068400
9.095800
9.153450
9.179200
9.383975
9.430575
9.459400
9.587400
9.798500
9.936450
9.984400
10.095950
10.311700
10.458600
10.531775
10.631150
10.768900
10.887400
10.929025
10.996150
11.027000
11.084450
11.235125
11.390825
11.560475
11.752300
11.862925
12.018075
12.054575
12.116525
12.364875
12.453550
12.606500
12.656000
12.745275
12.884850
12.955950
13.068650
13.103650
13.185650
13.258725
13.336450
13.491675
13.642400
13.693675
13.762075
13.833750
13.864900
13.956850
14.052875
14.299600
14.461450
14.499200
14.646300
14.693825
14.781825
15.186175
15.308050
15.380375
15.420275
15.718225
15.802475
16.200250
16.286975
16.418350
16.711975
16.793725
16.861725
16.914875
16.997000
17.028400
17.139225
17.188050
17.360350
17.482375
17.714350
17.943875
18.314750
18.489850
18.538100
18.576600
18.656100
18.700275
18.805800
18.828925
18.881675
19.149575
19.286800
19.460725
19.600125
19.744125
19.823975
19.936350
20.033475
20.270625
20.350500
20.467250
20.656500
20.774525
20.813000
20.859275
20.943250
20.978100
21.389225
21.413900
21.698800
21.845575
21.906425
22.024125
22.142575
22.214225
22.297150
22.386175
22.484875
22.541575
22.576475
22.629600
22.791000
23.224250
23.278700
23.477375
23.512350
23.596700
23.850750
23.894550
23.947475
24.091025
24.184475
24.237225
24.443300
24.590775
24.710425
24.788300
24.822325
24.912125
25.082975
25.273725
25.309625
25.602975
25.696950
25.802100
25.862100
26.034900
26.143250
26.231025
26.326925
26.384125
26.497125
26.604625
26.836450
27.165950
27.429300
27.560125
27.639700
28.005175
28.586925
28.788425
28.958775
29.508850
29.634200
29.796925
30.030225
30.162825
30.182650
30.206200
30.252675
30.294650
30.334200
30.535325
30.566400
30.625400
30.715350
30.871275
31.037675
31.188425
31.388150
31.563450
31.791375
31.974900
32.089775
32.269125
32.410175
32.550825
32.596400
32.652775
32.800075
32.849500
33.003075
33.071175
33.120775
33.352325
33.845775
33.965375
34.029250
34.131450
34.474775
34.904500
34.977625
35.066700
35.145900
35.205325
35.612900
35.709050
35.896000
36.006775
36.073825
36.197025
36.241925
36.386750
36.693825
36.951150
36.994925
37.056800
37.290850
37.462275
37.575925
37.718775
37.753775
38.128950
38.204650
38.296100
38.332050
38.724250
38.907800
38.951675
39.085975
39.110600
39.151800
39.180375
39.244125
39.288350
39.334575
39.573925
39.608950
40.016350
40.110025
40.248375
40.302575
40.347450
40.448025
40.694725
40.812525
40.876725
40.947150
41.007075
41.280300
41.498200
41.617750
41.757425
41.946525
42.003725
42.130450
42.151300
42.181975
42.343075
42.410825
42.443500
42.500650
42.532375
42.640650
42.802500
42.959875
43.103550
43.173950
43.601800
43.813000
43.958675
43.988075
44.140525
44.243000
44.284850
44.325575
44.367875
44.421525
44.580950
44.987125
45.043875
45.163575
45.227025
45.293125
45.349800
45.417925
45.441250
45.524325
45.573700
45.733750
45.751725
46.127375
46.166900
46.190550
46.235800
46.273775
46.303525
46.441225
46.464175
46.504325
46.543725
46.652550
46.736900
46.776400
46.799450
47.023025
47.145225
47.208000
47.370950
47.398250
47.451050
47.550150
47.813975
48.140650
48.196000
48.230775
48.306225
48.358650
48.466125
48.713825
48.861625
48.910650
48.997125
49.045925
49.087375
49.225300
49.437350
49.704950
49.798850
49.848475
50.310400
50.352050
50.429000
50.638850
50.680350
50.959900
51.173225
51.266050
51.573200
51.982275
52.230350
52.559325
52.861125
52.911675
53.130300
53.226850
53.300125
53.357650
53.552375
53.601300
53.761600
53.819000
54.281200
54.397125
54.439775
54.476425
54.521525
54.665375
54.804575
55.055475
55.367550
55.449275
55.555025
55.670875
55.695200
55.824425
55.965425
55.996800
56.031300
56.105350
56.200500
56.341350
56.378975
56.438825
56.678400
56.837525
56.914825
57.274625
57.409600
57.533400
57.798750
57.881200
57.986075
58.063275
58.185925
58.259425
58.405525
58.545825
58.671650
58.806725
59.310800
59.449400
59.669425
59.908750
60.021150
60.073375
60.118125
60.351700
60.803125
60.919225
61.203275
61.272175
61.364350
61.571050
61.902225
62.099050
62.629825
62.700725
62.811075
62.869775
63.043975
63.100125
63.157175
63.228375
63.278650
63.449400
63.592525
63.689250
63.788650
63.967825
64.002650
64.020525
64.135150
64.289050
64.396500
64.497700
64.553325
64.741775
64.904075
65.135850
65.200225
65.251325
65.328650
65.813350
65.903625
65.974900
66.133875
66.238150
66.318375
66.447675
66.501250
66.573025
66.644775
66.672475
66.899975
67.092200
67.137275
67.182075
67.226250
67.402050
67.444575
67.481875
67.625275
67.777075
67.993850
68.118225
68.295200
68.624650
68.706100
68.804325
68.900650
68.942225
69.069300
69.128700
69.265400
69.384500
69.457200
69.511900
69.756275
69.902150
70.005625
70.099975
70.261175
70.404250
70.464950
70.665225
70.998125
71.162100
71.227975
71.356025
71.392800
71.568325
71.652375
71.705275
71.782225
71.865600
71.913725
72.030150
72.156975
72.233075
72.297375
72.456225
72.717050
72.792900
72.882975
72.975825
73.115000
73.185975
73.239725
73.357850
73.596050
73.678075
73.748675
73.893400
73.971900
74.014300
74.095925
74.166850
74.333425
74.538375
74.657600
74.717425
74.883375
74.942275
75.257750
75.411800
75.510325
75.618525
75.873000
75.932100
75.970675
76.130275
76.206425
76.379725
76.713700
76.839925
76.934650
76.993225
77.089100
77.438575
77.566900
77.680425
77.783750
77.878700
78.276075
78.383775
78.452100
78.804575
78.834400
78.898450
78.944000
79.115775
79.366300
79.662225
79.699750
79.798300
79.865675
80.125600
80.218900
80.277325
80.431650
80.476625
80.599050
80.623475
80.663875
80.858650
81.008575
81.083500
81.118325
81.170275
81.391325
81.463725
81.611075
81.724375
81.894750
81.980200
82.265575
82.335775
82.470525
82.573375
82.627725
82.692775
82.825675
82.882625
82.978450
83.108750
83.367375
83.446925
83.521725
83.747900
83.844500
83.901675
83.937550
84.008175
84.137475
84.251250
84.317400
84.357225
84.520025
84.588575
84.622175
84.809500
85.201600
85.276325
85.298625
85.477150
85.666850
85.746575
85.909150
86.064950
86.148200
86.429725
86.852050
87.085050
87.322750
87.404225
87.625550
87.746675
87.775500
88.193075
88.246600
88.276775
88.430550
88.589600
88.733000
88.837625
89.413800
89.558050
89.682000
89.779375
89.860825
90.028750
90.440625
90.535400
90.597725
90.623725
90.668325
90.869550
91.007375
91.077100
91.282075
91.521600
91.671375
91.870775
91.986300
92.219425
92.445275
92.546325
92.748250
92.806050
92.865175
92.974850
93.103925
93.389600
93.533450
93.964200
94.195875
94.243250
94.376225
94.584075
94.738250
94.831350
94.956500
95.355750
95.443225
95.475075
95.535475
95.633325
95.759525
95.928100
96.002950
96.064250
96.115850
96.193475
96.392925
96.431625
96.671000
96.736750
96.779200
96.893550
96.937350
97.068875
97.112525
97.354150
97.531200
97.641050
97.851025
98.081125
98.175275
98.255700
98.323850
98.429550
98.460975
98.510325
98.591450
98.611225
98.744150
98.985075
99.062925
99.130925
99.486700
99.649475
99.782200
99.888400
100.003325
100.053950
100.165050
100.246725
100.297825
100.601625
100.682975
100.834675
100.938000
101.023300
101.073825
101.158000
101.367275
101.561750
101.788075
101.856650
101.916750
102.070725
102.220900
102.341600
102.468275
102.586750
102.833075
102.901375
102.958275
103.043675
103.146625
103.355325
103.426150
103.602600
103.663325
103.863575
103.940225
104.035850
104.208825
104.315950
104.357975
104.414275
104.473850
104.565225
104.624250
104.835250
104.883325
105.018350
105.470025
105.578450
105.928200
105.985850
106.134325
106.201750
106.259800
106.319950
106.387050
106.451275
106.478900
106.568825
106.731975
106.895050
106.938100
107.002300
107.042750
107.684650
107.847400
107.900375
108.051600
108.085350
108.132600
108.209050
108.419575
108.511375
108.712525
108.949850
109.042625
109.141925
109.206900
109.287750
109.469600
110.101075
110.197650
110.291800
110.378650
110.412325
110.451700
110.614575
110.660600
110.711650
110.745375
111.159875
111.411200
111.482250
111.499975
111.578325
111.669500
111.908900
112.143575
112.511775
112.543925
112.609200
112.610575
112.714750
112.747575
112.783475
112.916425
113.051950
113.118350
113.188250
113.250575
113.374050
113.403225
113.480975
113.577800
113.798350
113.863875
114.224500
114.295075
114.399700
114.854575
115.120575
115.189450
115.348050
115.462300
115.537650
115.604300
115.731625
115.991075
116.139250
116.217850
116.242500
116.343800
116.592975
116.639100
117.123550
117.244775
117.538350
117.738850
117.796450
118.281450
118.529750
118.624475
118.856925
118.962250
119.191000
119.301425
119.349700
119.450450
119.567400
119.643725
119.759075
119.948250
120.247000
120.320050
120.487225
120.532675
120.899525
120.988900
121.138050
121.206825
121.289650
121.325450
121.372450
121.399875
121.468675
121.665100
121.736800
121.770325
121.999550
122.111975
122.212950
122.330425
122.434275
122.474100
122.677975
122.730575
122.781525
122.852325
122.909050
123.017775
123.234025
123.300450
123.369375
123.654625
123.835350
124.046325
124.352325
124.407275
124.640100
124.709825
124.914175
125.143775
125.211175
125.397525
125.487925
125.590550
125.718575
125.939825
126.043125
126.054975
126.321525
126.419625
126.670425
126.925325
126.966300
127.112625
127.264300
127.359800
127.417550
127.873950
128.258750
128.730300
128.791725
128.920850
128.964875
129.107725
129.137425
129.206325
129.265725
129.288925
129.399550
129.500975
129.609475
129.728600
129.977025
130.231950
130.514025
130.584050
130.881975
130.972150
131.041700
131.187025
131.256850
131.372600
131.437475
131.476625
131.579950
131.852225
132.092150
132.178975
132.239450
132.303275
132.374425
132.666525
132.814800
132.917900
133.506750
133.665550
133.754425
133.788350
133.811575
134.015200
134.064750
134.150400
134.254725
134.286325
134.679175
134.731425
134.826200
135.204175
135.416000
135.470350
135.909825
136.771925
136.864850
137.023075
137.078300
137.284050
137.452750
137.511950
137.538975
137.619400
137.742750
137.780275
137.833875
137.889875
138.156800
138.391275
138.563825
138.914775
139.097750
139.344200
139.459700
139.528275
139.562900
139.642675
139.696000
139.758925
139.870950
139.908000
139.990925
140.023050
140.047175
140.080375
140.121975
140.199025
140.232225
140.289800
140.434975
140.670250
140.798175
140.870775
141.098525
141.244625
141.294600
141.408625
141.470425
141.554925
141.706150
141.771825
141.817275
141.856150
141.894675
141.973400
142.042225
142.083375
142.126675
142.159175
142.800475
142.933475
143.102150
143.147300
143.205175
143.292675
143.387425
143.427925
143.506425
143.865425
144.074800
144.237600
144.393175
144.454000
144.520300
144.594400
144.685075
144.770650
144.908200
144.970325
145.031800
145.120825
145.211650
145.322100
145.441800
145.657200
145.685775
145.720700
145.818825
145.895550
146.126300
146.186325
146.250800
146.362375
146.446825
146.524950
146.559875
146.833525
146.880375
147.040350
147.091450
147.272475
147.581950
147.814050
147.918200
147.994125
148.049625
148.347375
148.458200
148.508000
148.572150
148.735250
148.874750
148.970875
149.003200
149.030650
149.167350
149.228900
149.268325
149.299300
149.329050
149.418625
149.620650
149.687750
149.744675
149.857850
149.902450
149.919375
150.019550
150.341075
150.419925
150.613925
150.643350
150.958300
151.016650
151.056000
151.097075
151.239000
151.256950
151.311125
151.438525
151.553650
151.685850
151.759750
151.927975
151.992125
152.009100
152.366325
152.450725
152.487800
152.708725
152.827975
152.982150
153.028325
153.156850
153.225575
153.306000
153.357350
153.460250
153.519000
153.581150
153.781225
153.921325
154.024125
154.169775
154.392625
154.460325
154.568150
154.638400
154.940275
154.983350
155.056750
155.170200
155.298000
155.377700
155.912300
155.948750
156.007475
156.111500
156.344550
156.407075
156.564000
156.653600
156.698825
156.729050
156.762575
157.002650
157.239350
157.263100
157.307125
157.494025
157.552975
157.754375
158.328325
158.459675
158.484425
158.556450
158.593525
158.710275
158.824150
158.880750
159.031350
159.127300
159.540300
159.814050
159.857450
159.918875
160.091300
160.128425
160.644125
160.892900
160.944550
161.055325
161.086225
161.160925
161.210500
161.360825
161.416700
161.506075
161.600175
161.653925
161.761500
161.850500
161.922975
162.207900
162.420325
162.501050
162.624975
162.857250
162.959775
163.047725
163.088350
163.178250
163.317050
163.419150
163.447425
163.673300
163.788125
163.920450
164.059425
164.155600
164.374200
164.490125
164.541150
164.580425
164.613750
164.659000
164.853725
164.893050
165.252325
165.332900
165.403225
165.900225
165.944125
166.028300
166.139950
166.193800
166.281925
166.506450
166.671825
166.779875
166.857025
166.948975
167.028300
167.108000
167.186025
167.376025
167.396850
167.423975
167.442925
167.567675
167.651675
168.314975
168.368025
168.414525
168.490100
168.593375
168.616025
168.794600
168.857100
169.215250
169.598175
169.911100
170.026700
170.158625
170.252675
170.336650
170.350975
170.434575
170.491275
170.522500
170.589475
170.715350
170.896900
170.961375
171.123375
171.224600
171.370025
171.476550
171.590800
171.918425
172.283750
172.395525
172.504550
172.527275
172.625800
172.714000
172.947700
173.171875
173.258100
173.388975
173.516725
173.627675
173.664400
173.816975
173.872975
174.020075
174.087050
174.172375
174.511325
174.551250
174.779600
174.887900
175.001050
175.090125
175.133025
175.189350
175.241350
175.297550
175.570400
175.667275
175.737200
176.124350
176.260500
176.356800
176.424400
176.471225
176.492450
176.543675
176.608650
176.710425
176.734750
176.896850
177.057325
177.131175
177.233625
177.331425
177.661325
177.702325
177.818050
177.920000
177.966425
178.018525
178.151575
178.241700
178.608500
178.693450
178.924375
178.995450
179.359125
179.606250
179.843400
179.887575
179.931025
180.028550
180.095625
180.254200
180.312875
180.584250
180.648700
180.861700
180.920000
180.972025
181.163450
181.882725
181.948550
182.040600
182.278400
182.331675
182.448425
182.575075
182.665125
182.709525
182.798125
183.112875
183.579900
183.716300
183.810575
184.088950
184.180575
184.307025
184.474125
184.713750
184.932650
185.451675
185.516875
185.726650
185.926925
186.006450
186.034050
186.233675
186.297250
186.335925
186.715275
186.777075
186.853925
187.030475
187.060525
187.121725
187.224675
187.284100
187.433525
187.554050
187.598800
187.648750
187.990350
188.202650
188.299300
188.406875
188.498100
188.646325
188.860950
188.934850
189.158050
189.453225
189.568925
189.785500
189.996650
190.101500
190.262700
190.316525
190.485450
190.516900
190.559325
190.683075
190.720475
190.837150
191.017000
191.038075
191.089025
191.202175
191.297300
191.369650
191.438575
191.616125
191.684200
191.737675
191.796425
192.020625
192.160850
192.263100
192.334825
192.372825
192.411050
192.452800
192.630675
192.726025
192.800375
192.928900
193.138425
193.184300
193.237525
193.333400
193.398675
193.439125
193.503100
193.550000
193.600975
193.715925
193.755125
193.939600
193.992800
194.090925
194.140025
194.270050
194.296700
194.350225
194.442600
194.711525
194.849975
194.955800
194.982500
195.196975
195.292375
195.329750
195.481225
195.564650
195.654750
195.700150
195.860950
196.143475
196.400300
196.501475
196.572875
196.706850
196.775425
196.813825
196.968700
197.122175
197.164450
197.284425
197.398875
197.442500
197.837775
197.943975
197.996375
198.060975
198.135175
198.219050
198.465875
198.623075
198.819850
198.898725
198.982950
199.047600
199.267200
199.540225
199.622475
199.823175
199.883275
200.026150
200.084125
200.114950
200.284875
200.416700
200.542525
200.706700
200.905950
200.959300
201.249325
201.437825
201.568300
201.610650
201.704000
201.736575
201.803975
201.873500
201.924425
201.961425
201.983325
202.016625
202.108725
202.241300
202.313250
202.498400
202.725225
202.960875
203.131050
