0.069525
0.724000
0.814625
0.857075
0.961850
1.038250
1.286450
1.343700
1.356775
1.413025
1.493850
1.704900
1.720475
1.828375
1.881700
2.143800
2.260475
2.312900
2.519075
2.583850
2.616475
2.639300
2.656325
2.977675
3.016350
3.037475
3.050750
3.077125
3.189275
3.398925
3.430050
3.503650
3.576950
3.904450
3.954800
3.999675
4.094100
4.154775
4.186575
4.400425
4.552400
4.662025
4.774925
4.897250
4.923225
4.990700
5.049675
5.156700
5.273425
5.334300
5.371450
5.447875
5.504575
5.671075
5.705900
5.733025
5.819175
6.021800
6.032300
6.054300
6.074800
6.232775
6.260950
6.375525
6.411600
6.621625
6.634175
6.644525
6.664525
6.676950
7.071325
7.489325
7.546825
7.583200
7.667300
7.716450
7.975725
8.062225
8.230600
8.288075
8.373200
8.572850
8.617950
8.679450
8.741200
8.815775
9.133250
9.198800
9.266125
9.339350
9.486350
9.530725
9.551650
9.599275
9.673725
9.986925
10.020800
10.088925
10.158525
10.193800
10.247925
10.298900
10.335975
10.636450
10.707225
10.771150
10.798150
10.923950
11.110625
11.155650
11.177275
11.208650
11.235675
11.622875
11.664175
11.704575
11.781150
12.004425
12.315600
12.833400
12.853275
12.909775
12.963775
13.112850
13.320300
13.347650
13.417550
13.516900
13.833025
13.885300
13.908675
13.963225
14.377050
14.400400
14.466200
14.492000
14.942725
15.377550
15.713350
15.740400
15.767100
15.786350
15.799725
15.813125
15.841200
15.893300
15.988325
16.035825
16.114900
16.454275
16.544125
16.841100
16.852650
16.933225
17.035575
17.365225
17.419150
17.443050
17.738700
17.760800
17.783425
17.891725
17.943125
18.003850
18.404475
18.463625
18.486000
19.044950
19.056375
19.071175
19.090250
19.224850
19.495525
19.501475
19.601025
19.749100
19.970300
20.000425
20.040900
20.078900
20.132650
20.545250
20.590975
20.657125
20.777600
20.847450
21.018925
21.036225
21.055150
21.065300
21.134375
21.209125
21.243950
21.400950
21.432600
21.658025
21.713925
21.835675
21.892025
22.283825
22.302100
22.319125
22.336175
22.349475
22.363350
22.438625
22.765775
22.876375
23.088100
23.124575
23.175500
23.271575
23.595675
23.623300
23.675500
23.720950
24.016800
24.042825
24.071650
24.086475
24.099400
24.147600
24.166425
24.184675
24.202475
24.218950
24.248550
24.312200
24.602725
24.615975
24.622575
24.632775
24.652800
24.667550
24.701775
24.730225
24.800050
25.031700
25.045975
25.072100
25.094650
25.148325
25.486675
25.496350
25.504525
25.568825
25.590300
25.621400
26.126825
26.155825
26.188625
26.210075
26.307050
26.337575
26.399725
26.587325
26.595400
26.615000
26.636700
26.649675
26.766650
26.860750
26.987300
27.575750
27.621175
28.080750
28.092200
28.124625
28.139575
28.169375
28.220050
28.558350
28.568550
28.651800
28.670775
28.753675
28.788125
29.131875
29.152250
29.175425
29.191450
29.214875
29.259825
29.276225
29.294700
29.327850
29.359050
29.428825
29.723325
29.760725
29.809575
30.153425
30.178000
30.201900
30.234850
30.271675
30.317850
30.744300
30.819475
31.148525
31.169200
31.194000
31.211650
31.274850
31.300575
31.383400
31.786075
31.798850
31.807275
31.838900
31.851700
31.891425
31.983575
32.123275
32.474225
32.629225
32.651950
32.762400
32.972250
33.002825
33.011350
33.094425
33.111625
33.220600
33.566350
33.710650
33.730900
33.744825
33.804750
33.846000
34.150075
34.168300
34.198325
34.247175
34.318050
34.699125
34.724575
34.770575
34.823650
35.271125
35.362800
35.682175
35.866750
35.948600
36.149700
36.177725
36.197600
36.210150
36.257100
36.600500
36.628300
36.653100
36.951625
37.172275
37.195425
37.238675
37.256050
37.286475
37.337175
37.399350
37.668150
37.705700
37.847950
37.857425
37.879975
37.917800
37.939950
37.952600
37.974700
38.101225
38.150550
38.259925
38.292450
38.343950
38.373950
38.404100
38.537000
38.558650
38.700675
38.717075
38.735350
38.800800
38.908950
38.938500
39.050050
39.171800
39.225725
39.256150
39.282175
39.311625
39.379150
39.431125
39.486000
39.578675
39.608650
39.637300
39.662375
39.781025
39.802900
39.839075
39.865450
39.928600
39.999950
40.505825
40.522850
40.608450
40.630225
40.678375
40.867325
40.902650
40.945275
41.018600
41.055350
41.096775
41.246525
41.282375
41.306525
41.382700
41.444925
41.536450
41.834900
41.856775
41.889500
41.903725
41.964925
41.990375
42.009175
42.133525
42.181575
42.253825
42.265500
42.309700
42.333100
42.346625
42.456300
42.795750
42.825425
42.866800
43.167325
43.239975
43.268025
43.316025
43.341550
43.455000
43.472675
43.485575
43.606375
43.712750
44.041800
44.065575
44.085725
44.101425
44.115000
44.125950
44.136150
44.165475
44.176550
44.197275
44.230300
44.440475
44.469000
44.532775
44.589650
44.879000
44.895375
44.907775
44.925750
44.977875
44.999750
45.017175
45.068200
45.241825
45.311375
45.427375
45.772900
45.837625
46.569200
47.233025
47.370025
47.443300
47.479025
47.501000
47.862550
47.888950
48.177650
48.194450
48.211750
48.234700
48.300475
48.360275
48.400425
48.881750
48.928125
48.959625
48.974100
49.036150
49.061175
49.160375
49.413575
49.491575
49.533325
49.914075
49.956925
49.993825
50.160100
50.466275
50.487550
50.512875
50.538075
50.560150
50.947500
50.980250
51.010625
51.032900
51.084750
51.234575
51.303100
51.475500
51.562675
51.655800
51.781875
51.810775
51.835975
51.868850
51.890150
51.913825
51.963225
52.081150
52.107450
52.316025
52.354650
52.368925
52.427400
52.469975
52.688000
52.897975
53.008675
53.131600
53.157750
53.202575
53.225275
53.245825
53.306325
53.351125
53.412450
53.687775
53.726275
53.753150
53.780450
53.793725
53.812575
53.830875
53.846775
53.886200
53.934175
53.968950
54.002250
54.155725
54.314075
54.321850
54.334750
54.354675
54.370300
54.406625
54.428225
54.463000
54.576450
54.894525
55.202300
55.302875
55.472925
55.493150
55.530750
55.591150
55.651100
55.976025
55.993100
56.020775
56.058625
56.106925
56.134525
56.150550
56.200975
56.243600
56.291625
56.546350
56.566200
56.592125
56.661800
56.722000
56.764175
56.891225
56.932950
57.020800
57.088750
57.354550
57.410725
57.443950
57.481425
57.767775
57.777025
57.786050
57.833875
57.863825
57.891025
57.961475
57.995750
58.212525
58.479000
58.500975
58.514750
58.543775
58.574950
58.604325
58.629700
58.720600
58.754475
58.841725
58.911825
59.014850
59.226000
59.243925
59.252375
59.264525
59.278025
59.343325
59.482625
59.672250
59.746725
59.774325
59.811775
59.976100
60.052425
60.126325
60.169500
60.252900
60.330750
60.722325
60.968900
61.049725
61.091075
61.163275
61.270475
61.323625
61.440575
61.612775
61.660875
61.675700
61.682275
61.690625
61.701750
61.720225
61.732350
61.807250
61.875375
62.121800
62.156650
62.554625
62.566900
62.594350
62.603150
62.615675
62.650325
62.663750
62.683800
62.750650
62.884875
62.985300
63.105850
63.184500
63.214300
63.277825
63.345225
63.372950
63.512075
63.787200
63.812625
63.909625
63.930050
63.997575
64.076475
64.214275
64.360600
64.458800
64.510775
64.532875
64.711275
64.845075
64.948450
64.999525
65.229325
65.443900
65.464050
65.496225
65.526800
65.544475
65.570175
65.690875
65.815350
65.915975
65.980050
66.077975
66.096875
66.161275
66.311300
66.343600
66.493125
66.532075
66.616250
66.698975
66.730475
66.744275
66.804475
66.835350
66.965775
66.999025
67.044850
67.113900
67.140350
67.180425
67.448650
67.484725
67.493825
67.508475
67.562125
67.608625
67.675250
67.764025
67.781175
67.803575
67.814625
67.832050
67.888750
67.940800
68.088250
68.323875
68.361700
68.402850
68.436900
68.562550
68.664350
69.212350
69.244625
69.354250
69.442775
69.602225
69.717525
69.756100
69.786725
69.812125
69.864950
69.880225
69.899625
69.925375
69.948775
69.977275
70.007975
70.042825
70.127375
70.183925
70.234450
70.246725
70.290650
70.307075
70.336575
70.355475
70.429200
70.485600
70.607350
70.656050
70.695050
70.753650
70.782075
71.022800
71.125050
71.185950
71.209900
71.240625
71.273325
71.297625
71.340775
71.439600
71.609700
71.750750
72.050550
72.057575
72.092850
72.268550
72.451450
72.475850
72.534175
72.574050
72.591950
72.685450
72.820500
72.951875
73.046450
73.083800
73.107550
73.310775
73.328275
73.378375
73.406075
73.465150
73.528300
73.796725
73.806850
73.846225
73.877325
74.037275
74.287550
74.679050
74.708225
74.720325
74.766300
74.791350
74.816900
74.860350
74.926425
74.954200
75.004675
75.040325
75.356900
75.505525
75.521250
75.532275
75.640625
75.897775
75.925750
75.976325
76.035675
76.077425
76.438275
76.618675
76.657000
76.685800
76.725375
77.083050
77.117225
77.173450
77.255075
77.359825
77.617150
77.700600
77.751950
77.845475
78.141950
78.184025
78.217350
78.273800
78.315575
78.558000
78.619425
78.747550
78.893500
78.936550
78.948275
78.967725
79.165100
79.321050
79.339550
79.362825
79.390850
79.414875
79.465250
79.484700
79.540225
79.837375
79.853775
79.940525
79.949300
80.012875
80.085775
80.353650
80.373925
80.387350
80.397475
80.417625
80.431275
80.480725
80.498700
80.548100
80.643675
80.757600
80.847125
80.931250
80.965100
81.001950
81.154400
81.211775
81.300075
81.354150
81.428575
81.463375
81.492500
81.554425
81.574800
81.600475
81.681550
81.877575
82.192250
82.212325
82.223275
82.261600
82.324775
82.415950
82.449975
82.662600
82.686925
82.698150
82.740025
82.764750
82.965150
83.110425
83.225075
83.335575
83.491125
83.517500
83.576025
83.604925
83.659725
83.736400
83.798900
83.832550
83.878300
83.937225
83.968475
83.992300
84.115525
84.162825
84.188425
84.253775
84.288175
84.409200
84.448125
84.466250
84.521750
84.643250
84.671825
84.695525
84.715675
84.757800
84.817875
84.904475
84.940625
84.980825
85.087225
85.098450
85.187000
85.206850
85.279725
85.310675
85.341375
85.411925
85.520950
85.558600
85.620400
85.697400
85.787000
85.847500
85.863450
85.882250
85.955625
86.025425
86.040825
86.198800
86.249350
86.369575
86.412175
86.463300
86.497575
86.771900
86.795450
86.806850
86.831375
86.844775
86.918125
86.986650
87.060200
87.180350
87.226375
87.281075
87.305075
87.359725
87.401950
87.435525
87.475200
87.505525
87.554425
87.605750
87.836100
87.952900
88.030100
88.229325
88.360475
88.425825
88.499925
88.511550
88.635925
88.682725
88.969950
89.041375
89.088900
89.301125
89.346575
89.394025
89.617900
89.742175
89.898225
90.009525
90.136150
90.495550
90.574900
90.657575
90.725150
90.858400
90.921550
90.995400
91.557500
91.614450
91.633100
91.682575
91.826475
91.872625
91.885925
91.969175
92.133525
92.496625
92.519400
92.549100
92.570050
92.641175
92.804425
92.824650
92.874625
93.129850
96.389100
96.439350
96.497850
96.530200
97.053875
97.087575
97.159575
97.329525
97.443975
97.683575
97.714250
97.759750
97.886625
97.911325
98.040625
98.118525
98.144700
98.218625
98.311325
98.408000
98.507775
98.718475
98.747625
98.833975
98.907550
99.264125
99.287875
99.337825
99.378150
99.387450
99.440400
99.591975
99.666325
99.770225
99.793050
99.866425
100.102425
100.125325
100.163825
100.213150
100.257050
100.291425
100.452350
100.478675
100.627950
100.690175
100.735750
100.826175
100.884525
101.052775
101.097075
101.109475
101.130175
101.146500
101.179150
101.321150
101.556150
101.625250
101.647450
101.734400
101.768150
101.907150
101.952975
102.083475
102.183950
102.215575
102.314375
102.373150
102.400650
102.553550
102.616325
102.648450
102.660675
102.879625
102.944175
102.958450
102.969450
102.978075
102.990025
103.002675
103.014850
103.349575
103.416950
103.455600
103.833025
103.850275
103.864600
103.888275
103.906400
103.926825
104.035725
104.180250
104.339375
104.861850
105.175975
105.226125
105.248275
105.302675
105.356450
105.555125
105.577275
105.596350
105.608350
105.799950
106.261575
106.810900
106.947975
106.993300
107.323175
107.457950
107.891025
107.920800
108.262050
108.462325
108.564300
108.775325
108.820150
108.858600
109.102900
109.273475
109.291900
109.400850
109.546675
109.584575
109.631075
109.666325
109.892400
109.949150
110.049525
110.095925
110.121525
110.254125
110.286350
110.462300
110.550700
110.573450
110.602550
110.611225
110.672475
110.955775
111.020600
111.073800
111.255825
111.580375
111.645400
111.661250
111.765550
111.782700
111.795250
111.829025
112.565750
112.802600
112.825200
112.838500
112.847650
112.860850
112.874825
112.884975
112.894850
112.908225
112.916300
112.983025
113.274275
113.295900
113.527525
113.623625
113.792100
113.941625
114.038025
114.257625
114.314625
114.463525
114.498275
114.541750
114.589200
114.673275
114.771650
114.867125
114.937250
114.955450
114.975675
115.001225
115.394450
115.504625
115.526600
115.544325
115.606800
115.672400
115.697700
115.815250
116.180875
116.197650
116.267750
116.325350
116.367825
116.378475
116.609975
116.683350
116.744100
116.792875
116.921275
116.934675
117.010075
117.218900
117.257400
117.281875
117.326550
117.410550
117.708325
117.733450
117.773125
117.795150
117.918525
117.976700
118.126775
118.274575
118.291200
118.299525
118.414250
118.616900
118.664825
118.698350
118.738000
118.743650
118.764800
119.053800
119.209350
119.626975
119.899050
119.968775
120.283050
120.295900
120.340625
120.371600
120.458425
120.777000
120.841250
120.877875
120.955400
120.997325
121.093075
121.201875
121.334400
121.769700
121.843000
121.969775
122.061050
122.244150
122.269200
122.282100
122.310675
122.367700
122.390075
122.418875
122.495725
122.571925
122.785725
122.895725
122.942750
123.006725
123.031375
123.056050
123.085525
123.175600
123.393125
123.400575
123.444300
123.499425
123.549250
123.591050
123.671450
123.705175
123.724750
123.813350
123.931400
124.116150
124.134875
124.177400
124.195000
124.208975
124.221600
124.295150
124.310475
124.339675
124.675600
124.703450
124.717525
124.744350
125.216850
125.250150
125.324025
125.368750
125.682475
125.755700
125.821775
125.884825
125.965100
125.999750
126.103400
126.205775
126.225425
126.243175
126.258225
126.280675
126.295875
126.351300
126.388825
126.867875
127.252900
127.565950
127.598325
127.636350
127.645900
127.724875
127.740650
127.772800
127.833250
127.880200
128.229200
128.253775
128.278825
128.306375
128.354450
128.501450
128.625125
128.677375
128.711625
128.749350
128.856700
129.055725
129.067450
129.092250
129.123800
129.160350
129.429575
129.457650
129.483275
129.611650
129.644475
129.997225
130.031850
130.109700
130.450175
130.518250
130.543850
130.622800
130.663550
130.692200
130.944200
130.992900
131.047475
131.109375
131.530650
131.552600
131.836550
131.931825
132.124500
132.162875
132.228075
132.256525
132.325600
132.478450
132.880125
132.889475
132.902100
132.913375
132.932250
132.997325
133.070950
133.080625
133.103425
133.393650
133.429225
133.631200
133.671325
133.774300
133.818850
134.094275
134.113950
134.135200
134.156625
134.186975
134.223550
134.254050
134.497525
134.541700
134.551475
134.570150
134.583325
134.592325
134.614150
134.642150
134.688425
134.767600
134.863875
134.976675
135.248925
135.396275
135.414825
135.423450
135.444875
135.455050
135.494700
135.527350
135.557825
135.585925
135.611650
135.667300
135.741875
135.781850
135.858850
135.986175
136.015150
136.045525
136.062125
136.108750
136.245400
136.317350
136.338000
136.357500
136.374525
136.388150
136.401700
136.422925
136.455875
136.513875
136.584125
136.652950
136.756725
136.815425
136.839475
136.855200
136.915550
137.038625
137.063125
137.169925
137.215625
137.276925
137.325475
137.453550
137.631325
137.664950
137.681000
137.702975
137.787125
137.829225
137.857425
137.889475
138.043450
138.090950
138.279850
138.289475
138.306875
138.335025
138.454500
138.533525
138.634325
138.806125
138.825700
138.853050
138.866525
138.892050
138.914275
138.942675
138.969450
139.263000
139.511000
139.553000
139.574025
139.583200
139.597575
139.689175
139.702950
139.737650
139.757300
139.787275
139.803150
139.863575
139.903875
139.955225
140.055750
140.349500
140.365325
140.379750
140.391450
140.406100
140.438100
140.502000
140.583850
140.623125
140.642750
140.669175
140.718225
141.002575
141.058575
141.089225
141.102550
141.284275
141.328200
141.419625
141.456175
141.502725
141.544675
141.577375
141.600600
141.625250
141.653950
141.815200
142.060650
142.084600
142.147175
142.506950
142.638750
142.749775
142.844000
142.883450
142.908750
142.923375
142.949500
142.971325
142.986750
143.022400
143.303225
143.483450
143.518125
143.552000
143.938275
144.311275
144.576425
145.278350
145.366125
145.436625
145.499400
145.552325
145.581500
146.029800
146.043550
146.472575
146.517075
146.553950
146.600225
146.629075
146.644125
146.671000
146.707050
146.775500
146.780325
146.812225
146.829975
146.841900
146.854875
146.858700
146.904325
147.079475
147.108875
147.411800
147.425500
147.455025
147.576825
147.685900
147.827225
147.880850
147.917600
147.966100
147.978400
148.004250
148.342775
148.356900
148.408400
148.419025
148.430075
148.445975
148.462150
148.515575
148.530275
148.683675
148.780425
148.887075
148.951500
149.088700
149.131700
149.161750
149.683325
149.724650
149.868800
149.898350
150.392025
150.446350
150.670225
150.685350
150.835175
150.949600
151.125875
151.141125
151.158150
151.166800
151.199600
151.229275
151.425275
151.451700
151.522775
151.529775
151.550525
151.572000
151.579775
151.590850
151.600125
151.654925
151.920125
152.057975
152.094900
152.164775
152.226850
152.520875
152.538500
152.568600
152.583650
152.625025
152.650875
152.698625
152.921250
152.982050
153.018925
153.091675
153.163700
153.341675
153.369275
153.383275
153.404900
153.839875
153.894300
154.200325
154.223375
154.298800
154.320675
154.344125
154.384050
154.419275
154.498175
154.544650
154.885800
154.918775
154.962075
155.017450
155.045575
155.059050
155.212025
155.264975
155.374025
155.435325
155.455025
155.480375
155.495475
156.077500
156.236300
156.242175
156.263950
156.274200
156.288500
156.329525
156.366600
156.549525
156.569050
156.595000
156.612750
156.658600
156.766000
156.993825
157.017050
157.027150
157.122800
157.159250
157.442700
157.993025
158.069925
158.086400
158.138325
158.247575
158.617825
158.638175
158.675550
158.765800
158.830950
159.000200
159.046900
159.070475
159.093225
159.133600
159.322950
159.533050
159.570375
159.587500
159.671575
159.857275
159.919650
159.949675
160.375650
160.580025
160.598125
160.619225
160.669025
160.697325
160.770975
160.848900
161.020375
161.032275
161.157200
161.198950
161.560850
161.652275
162.248325
162.262000
162.301200
162.389775
162.424325
162.482875
162.872700
162.947525
162.999100
163.024550
163.038350
163.131050
163.600725
163.650275
163.686950
163.992550
164.009500
164.053100
164.286000
164.330725
164.384650
164.410750
164.491200
164.518975
164.711075
165.062275
165.072150
165.143675
165.183975
165.244725
165.270575
165.302100
165.329100
165.348525
165.366750
165.382875
165.663175
165.680275
165.700175
165.724150
165.829575
165.893325
166.116600
166.135675
166.245675
166.274525
166.389950
166.576475
166.588175
166.602475
166.656800
166.769750
166.998200
167.040175
167.059850
167.284050
167.371875
167.415300
167.742150
167.778075
167.791850
167.820000
167.876875
167.896775
167.917450
168.014300
168.117775
168.178950
168.230500
168.277025
168.342600
168.436325
168.450650
168.467300
168.493550
168.510300
168.570050
168.631375
168.671950
168.906000
168.943950
169.227800
169.346375
169.419425
169.853000
169.888700
169.988050
170.040600
170.057650
170.216475
170.220500
170.294550
170.390275
170.651450
170.776425
170.850975
170.876500
170.931125
170.933125
171.161675
171.232350
171.251150
171.450550
171.485050
171.503475
171.509925
171.570150
172.015325
172.124850
172.169400
172.177125
172.268075
172.299900
172.374650
172.407450
172.439925
172.466000
172.508225
172.534675
172.631125
172.784100
172.798425
172.837850
172.859475
172.915475
172.945325
172.972525
172.994700
173.016475
173.036550
173.129450
173.162025
173.359900
173.684100
173.720350
173.846000
173.904350
174.116000
174.284575
174.404400
174.462375
174.529575
174.568400
174.784925
174.864775
174.933225
175.115525
175.215350
175.449200
175.507975
175.518800
175.534100
175.617050
175.657000
175.691300
175.705900
175.791125
176.026425
176.135450
176.279350
176.581075
176.599900
176.614025
176.633925
176.646200
176.668125
176.704950
176.734025
177.121275
177.147225
177.527175
177.835925
177.858800
177.875100
177.897025
177.944100
178.165175
178.230800
178.575050
178.596675
178.630450
178.737775
178.755675
179.030950
179.070300
179.094525
179.334400
179.351125
179.380375
179.404600
179.426100
179.451925
179.547475
179.590375
179.660300
179.863625
179.942625
180.264225
180.329550
180.338650
180.349150
180.358125
180.393725
180.413750
180.501250
180.638475
180.681550
180.705475
180.740625
180.758875
180.864850
180.919325
181.080850
181.145775
181.208000
181.243650
181.283425
181.340075
181.566100
181.576425
181.600100
181.714375
181.877275
181.921150
181.967475
181.985600
181.999150
182.044850
182.071250
182.084575
182.211900
182.224425
182.248325
182.279850
182.335650
182.617325
182.631425
182.650675
182.663950
182.677725
182.734975
182.778300
183.135625
183.184875
183.233775
183.269600
183.337825
183.426675
183.471600
183.493625
183.523375
183.542125
183.565150
183.607575
183.633000
183.722800
183.774550
183.821700
183.837575
183.871500
183.958300
183.980075
184.004500
184.122400
184.257800
184.276975
184.290175
184.314100
184.332700
184.692425
184.722475
184.769550
184.800000
184.896100
185.075500
185.113500
185.131250
185.392400
185.828225
185.860975
185.874275
185.998675
186.057675
186.370475
186.487550
186.522875
186.608625
186.674850
187.007600
187.064900
187.184400
187.808525
187.863700
187.899325
188.472725
188.481100
188.509850
188.526500
188.551175
188.562175
188.597550
188.624175
188.638025
188.651800
188.674650
188.831325
188.990250
189.034900
189.048025
189.065500
189.244550
189.272075
189.543925
189.551675
189.560325
189.573750
189.635450
189.660250
189.679700
189.763725
189.822050
189.952650
190.089900
190.132325
190.184950
190.254850
190.504950
190.531600
190.552625
190.577500
190.670275
191.018225
191.158525
191.463975
191.684700
191.708650
191.856075
192.028675
192.310200
192.397500
192.416900
192.465300
192.499775
192.519825
192.550850
192.568800
192.594050
192.638425
192.670625
192.842475
192.994125
193.010375
193.028300
193.044350
193.076875
193.108925
193.140850
193.204275
193.323025
193.409075
193.480175
193.491575
193.508075
193.533750
193.552150
193.576850
193.651025
193.826375
193.866800
193.928500
193.964225
194.147475
194.163725
194.210275
194.226075
194.276000
194.296350
194.324000
194.369225
194.705050
194.720300
194.740625
194.764475
194.791025
194.804550
194.834700
194.891600
195.033875
195.088850
195.123450
195.209700
195.387350
195.426525
195.463575
195.483850
195.526375
195.781575
195.819175
195.880050
196.154825
196.203675
196.224300
196.263900
196.283350
196.292275
196.311525
196.423875
196.448450
196.533500
196.645075
196.657425
196.685300
196.703675
196.724300
196.757625
196.774425
196.790125
196.945025
197.161175
197.177750
197.207850
197.251725
197.299225
197.333100
197.558400
197.597675
197.607725
197.620800
197.638425
197.673925
197.722400
197.847325
198.011300
198.029300
198.041625
198.109125
198.148425
198.407400
198.454375
198.532500
198.741450
198.757975
198.774775
198.799600
198.851050
199.172400
199.229600
199.284300
199.702050
199.725000
199.747425
200.129475
200.137525
200.297650
200.582000
200.602675
200.703975
200.790200
200.834875
200.966350
201.026875
201.084275
201.255325
201.379250
201.389875
201.405175
201.440175
201.475000
201.835025
202.157775
202.174725
202.209675
202.233150
202.272600
202.575175
202.613125
202.666625
202.683800
202.689675
202.913050
202.930875
203.330825
203.359725
203.403700
203.436550
203.469500
203.517700
203.876925
203.903425
203.944800
204.023950
204.082075
204.464275
204.640000
205.232600
205.264700
205.282950
205.333500
205.359575
205.391975
205.659550
205.720775
205.962875
205.971025
206.091900
206.115150
206.167225
206.441475
206.461050
206.473100
206.501575
206.530500
206.602775
206.623550
206.685725
206.855825
207.086150
207.100575
207.330125
207.433075
207.563325
207.622725
207.675225
207.753050
207.792525
208.057400
208.078025
208.093875
208.115650
208.128850
208.155625
208.794250
208.837400
208.860600
208.880375
208.905950
208.976550
209.326350
209.406450
209.461050
209.815550
209.833725
209.917675
209.956625
209.990400
210.255950
210.369775
210.407050
210.468475
210.776950
210.823525
210.856700
210.880825
211.176850
211.202100
211.258375
211.308975
211.402875
211.456850
211.461125
211.528175
211.543900
211.626700
211.705825
211.928475
211.945075
211.966475
211.999150
212.051800
212.180350
212.361925
212.427575
212.448075
212.480825
212.551300
212.638025
212.700025
212.914050
212.932025
212.947150
212.959775
212.971900
212.984625
213.012000
213.076100
213.089475
213.114550
213.250050
213.380200
213.481050
213.502875
213.542975
213.566975
213.615650
213.770650
213.857725
214.023025
214.038575
214.072950
214.099950
214.129900
214.132575
214.151600
214.177150
214.191725
214.200550
214.238075
214.263175
214.357225
214.398650
214.546525
214.570800
214.613100
214.660000
214.679125
214.754700
214.783150
214.922475
215.083775
215.112200
215.128600
215.155350
215.181750
215.267150
215.569825
215.594125
215.621325
215.717200
215.736250
216.164900
216.196575
216.226325
216.317225
216.343200
216.396625
216.423875
216.655450
216.778700
216.882150
216.918775
217.173850
217.247025
217.266325
217.295675
217.319150
217.364750
217.401975
217.640750
217.653200
217.695350
217.800000
217.825250
218.083250
218.176500
218.195175
218.255050
218.292850
218.363625
218.393425
218.893475
218.922400
218.937650
218.962600
219.015075
219.054325
219.089600
219.147700
219.260500
219.302825
219.486775
219.519050
219.537000
219.605200
219.650850
219.665775
219.703525
219.961425
219.987875
220.000775
220.016675
220.076675
220.121675
220.170125
220.248050
220.291300
220.320900
220.472025
220.917475
220.968875
221.037125
221.125250
221.252975
221.300125
221.310025
221.321025
221.334500
221.346050
221.400900
221.449675
221.510975
221.809200
221.848875
221.871150
221.940575
221.973550
222.122800
222.503525
222.562300
222.610725
222.622225
222.657375
222.732050
222.862825
223.049475
223.054900
223.066325
223.074950
223.150325
223.176800
223.197275
223.228825
223.253050
223.266575
223.292025
223.329600
223.360950
223.399775
223.567325
223.651525
223.694025
223.724525
223.755075
224.118775
224.197425
224.199950
224.207325
224.229425
224.245175
224.321850
224.352950
224.832125
224.863025
224.891000
224.934575
225.125375
225.399100
225.433100
225.464900
225.493000
225.556750
225.959725
225.987550
226.129525
226.482975
226.491775
226.498125
226.508600
226.551650
226.631525
226.719825
226.900650
226.920850
226.981925
227.037850
227.180700
227.291625
227.457175
227.635075
227.683075
227.726650
227.764275
227.790875
227.967950
228.021600
228.132825
228.168125
228.196225
228.256750
228.588175
228.613175
228.635625
228.681675
228.751525
229.096250
229.111350
229.125700
229.138575
229.197725
229.432400
229.582650
229.601425
229.621150
229.701525
229.732300
230.092725
230.157725
230.501775
230.551025
230.583275
230.656250
230.719175
230.770575
230.990125
231.077500
231.103900
231.147675
231.240725
231.380400
231.487750
231.630850
231.659350
231.698300
231.735825
231.806675
231.931450
231.974700
231.992600
232.009325
232.025550
232.065775
232.169250
232.277350
232.427500
232.440300
232.462325
232.498775
232.524975
232.558600
232.617225
232.664000
232.702375
232.773900
232.817325
232.850600
232.876950
233.134950
233.144925
233.177250
233.212600
233.265275
233.289200
233.541450
233.614775
233.645975
233.877000
234.069300
234.093475
234.122525
234.158850
234.182150
234.245250
234.653900
234.694250
234.742625
234.947700
235.028350
235.084625
235.120475
235.156275
235.240350
235.440625
235.517650
235.549850
235.573300
235.591050
235.610475
235.648075
236.006375
236.133400
236.154500
236.174000
236.307225
236.401350
236.474325
236.515450
236.565800
236.700475
236.749175
236.845850
236.890975
236.926025
236.986600
237.006225
237.028475
237.071750
237.117825
237.135150
237.191150
237.200950
237.212600
237.268400
237.283750
237.565700
237.575350
237.619925
237.651150
237.662650
237.676875
237.693175
237.735575
237.819600
237.857900
237.885025
237.934875
237.996475
238.027525
238.078750
238.188875
238.206125
238.249075
238.289775
238.534150
238.577325
238.594450
238.620450
238.665025
238.690925
238.718175
238.732225
238.776175
238.815375
238.844775
238.918950
238.976725
239.000525
239.034300
239.055600
239.073200
239.123800
239.140175
239.160800
239.235100
239.246275
239.259500
239.399825
239.447225
239.532725
239.670225
239.689675
239.697975
239.706225
239.717275
239.731375
239.750750
239.772950
239.787300
239.801450
239.842525
239.925500
239.975375
240.062600
240.165425
240.217150
240.345500
240.385400
240.424500
240.617325
240.625225
240.673225
240.702625
240.719275
240.735650
240.759425
240.877800
241.011325
241.260950
241.276975
241.316575
241.347925
241.358625
241.376250
241.478025
241.496250
241.832125
241.907325
241.945975
242.443500
242.456325
242.478575
242.493175
242.521225
242.550300
242.567400
242.641025
242.779150
242.977100
242.983200
243.073300
243.129150
243.394925
243.421225
243.446175
243.494650
243.544100
243.926025
243.972400
244.013925
244.087675
244.195525
244.231225
244.347225
244.579625
244.615000
244.641800
244.713275
244.938400
244.957725
244.989375
245.008800
245.130325
245.252250
245.344175
245.367950
245.397675
245.423950
245.442475
245.513225
245.582025
245.710825
245.742025
245.790750
245.841450
245.857100
245.874725
246.022650
246.111250
246.203100
246.322025
246.343200
246.377625
246.411725
246.447125
246.488725
246.511300
246.537550
246.653525
246.726150
246.785375
246.867600
246.879075
246.890175
246.947825
247.048925
247.167450
247.187900
247.290125
247.313475
247.337850
247.355275
247.417375
247.485150
247.510175
247.575450
247.686525
247.712175
247.770600
247.885350
247.925100
247.926125
248.030575
248.071425
248.127400
248.236275
248.272975
248.301850
248.318150
248.357625
248.393225
248.430100
248.490500
248.492775
248.532800
248.555600
248.592150
248.717175
248.739900
248.895950
248.912175
248.945350
249.009800
249.067750
249.086325
249.107600
249.222425
249.313550
249.522625
249.658175
249.798775
250.044850
250.087650
250.161125
250.217825
250.460500
250.464950
250.480125
250.559900
250.655525
250.846575
250.912275
251.071875
251.175775
251.209250
251.237825
251.273950
251.286900
251.302550
251.505350
251.519825
251.719400
251.750850
251.775775
251.802225
251.870025
252.093825
252.120500
252.145325
252.266250
252.612775
252.634950
252.733450
253.121950
253.218025
253.462150
253.497625
253.557450
253.880550
253.966775
254.042750
254.213175
254.299700
254.318500
254.347200
254.382350
254.430950
254.565075
254.603300
254.770075
254.835175
254.877225
255.254050
255.284575
255.344700
255.363650
255.672425
255.756525
255.877050
256.131275
256.199800
256.333700
256.662575
256.681150
256.725775
256.779250
257.027550
257.135750
257.181300
257.219800
257.257850
257.423700
257.591350
257.619300
257.648350
257.688175
257.727175
257.818025
258.026350
258.049450
258.065800
258.072325
258.393350
258.863050
258.879425
258.908200
258.958375
258.991050
259.343175
259.370575
259.388125
259.533825
259.631225
259.647800
259.688300
259.714400
259.774325
259.879675
260.143325
260.175900
260.196675
260.223875
260.248475
260.264350
260.304400
260.541500
260.607725
260.655425
260.700600
260.851800
261.060475
261.081775
261.098025
261.335775
261.374475
261.466550
261.649675
261.681375
261.687875
261.820650
262.014750
262.096375
262.465400
262.543125
262.739050
262.756575
262.792850
262.864600
262.898650
262.924900
262.957225
263.103900
263.121500
263.159300
263.209925
263.228850
263.283125
263.475475
263.512425
263.530225
263.569250
263.604700
263.649500
263.662975
263.730075
263.761525
264.066125
264.079875
264.092425
264.216550
264.601700
264.634925
264.670025
264.716075
264.765525
264.802200
264.889550
264.969525
265.008650
265.028525
265.066250
265.112925
265.236275
265.696800
265.742575
265.828600
265.836800
265.903600
265.976600
266.060050
266.076100
266.135800
266.306300
266.346400
266.415050
266.745875
266.760675
266.785650
266.799800
266.818525
266.835900
266.898550
267.085475
267.107025
267.236550
267.316275
267.353925
267.378025
267.428575
267.449100
267.453250
267.547675
267.649475
267.680500
267.739550
267.854650
267.945775
267.972325
267.997375
268.015325
268.032275
268.092850
268.138675
268.162725
268.216200
268.244875
268.273850
268.316175
268.330575
268.473700
268.576575
268.716325
268.810275
268.831375
268.856000
268.871725
268.891000
268.906475
268.980300
269.302950
269.371200
269.519375
269.672900
269.789475
269.800075
269.846600
269.902975
269.956400
270.120275
270.161825
270.182200
270.207700
270.243275
270.436400
270.504825
270.535325
270.647150
270.758975
270.798150
270.831700
271.001650
271.113200
271.135875
271.187875
271.207900
271.227275
271.250875
271.394725
271.399050
271.460800
271.540775
271.577950
271.664175
271.835425
271.860125
271.894175
271.929200
271.959175
272.009325
272.040450
272.059350
272.316325
272.333275
272.357300
272.379525
272.400875
272.412025
272.431875
272.452875
272.580175
272.672000
272.703500
272.873550
273.219975
273.238750
273.279350
273.304925
273.526350
273.673125
273.723225
273.794825
273.856025
273.955500
274.318175
274.364925
274.399000
274.499425
274.504525
274.944000
275.384825
275.408800
275.475550
275.727500
275.767500
275.826375
276.190225
276.223925
276.643975
277.114575
277.137900
277.470650
277.487700
277.496125
277.506125
277.537150
277.559650
277.574800
277.593275
277.609225
277.633050
277.645700
277.678675
277.716750
277.753975
277.795375
278.746050
278.779700
278.867775
279.411125
280.539625
280.623425
280.642025
280.754275
281.032000
281.101675
281.146750
281.610350
281.914625
282.287775
282.328550
282.441900
282.505375
282.563400
282.619850
282.726325
282.791825
282.851725
282.930175
283.042425
283.224400
283.268450
283.623075
283.672750
283.757350
283.858675
283.898250
283.930275
284.098775
284.139600
284.171700
284.279800
284.412000
284.489900
284.561800
284.816900
284.945775
285.046125
285.109350
285.153275
285.163625
285.209750
285.284825
285.320150
285.372275
285.400250
285.417400
285.435425
285.465725
285.508900
285.539550
285.612700
285.788575
285.858175
285.948550
285.983825
286.010950
286.024500
286.027375
286.046400
286.058650
286.068650
286.101800
286.139900
286.193900
286.209675
286.262300
286.284425
286.344425
286.470250
286.488200
286.524650
286.568075
286.588950
286.656725
286.723500
286.731825
286.750625
286.787375
286.805800
286.816375
286.841625
286.850700
286.860700
286.885275
286.897450
286.906325
286.916500
286.928250
286.944925
286.957925
287.019500
287.032800
287.060925
287.087475
287.103575
287.124075
287.169800
287.194150
287.233825
287.305025
287.398750
287.496900
287.554525
287.591675
287.618950
287.673950
287.691750
287.723425
287.950050
288.097975
288.168100
288.202225
288.237425
288.313175
288.395525
288.748700
288.804600
289.124925
289.172600
289.268900
289.521750
289.557525
289.755525
289.854100
290.209175
290.224400
290.288600
290.932225
291.323000
291.426500
291.461400
291.822475
292.269075
292.712350
293.023700
293.805400
294.146225
294.179875
294.270000
294.320175
294.868750
295.442700
295.898475
296.053250
296.526800
296.565050
296.625575
296.670725
296.962625
296.975400
296.979700
297.140850
297.217325
297.297800
298.202150
298.465550
298.550475
298.982800
299.088700
299.176150
299.493625
299.735275
299.923800
300.106125
300.181200
300.217975
300.319375
300.324875
300.448350
300.635925
300.704650
300.982650
301.043125
301.240450
301.318600
301.371500
