0.081700
0.299525
0.340725
0.374975
0.527650
0.640125
1.554025
1.738775
1.806150
2.239025
2.424000
2.735825
2.894950
3.069375
3.880150
3.921350
4.114200
4.153000
4.354375
4.710550
4.753250
5.545225
5.610400
5.636725
5.997175
6.447625
6.590400
7.012500
7.235975
7.556450
7.721175
8.070550
8.339625
8.370425
8.542675
8.674425
9.161950
10.283850
10.754550
11.496125
11.883025
12.083850
12.339700
12.502325
12.826225
13.156600
13.580675
13.658750
15.449725
15.667075
15.762650
16.222525
16.261350
16.360750
16.662450
16.785725
16.844775
17.064150
17.654575
17.933525
17.967175
18.032400
18.847525
19.409950
19.475375
19.625375
19.682800
20.061175
20.176975
21.689675
22.156975
23.784150
23.963000
24.274650
24.317100
24.590375
24.686700
24.763350
25.303275
25.389600
25.571725
25.590775
25.789275
25.919150
26.042650
26.630475
26.720800
27.078200
27.116450
27.168975
27.415950
28.069325
28.152300
28.853775
29.369450
29.687950
29.781150
30.004650
30.127350
30.215525
30.279900
30.705775
30.943450
31.122575
31.677525
32.638050
32.819750
33.076425
33.155850
33.219850
33.577375
33.747525
34.081550
34.119350
34.229850
34.314150
34.357050
34.499850
35.231875
35.292225
35.735100
36.057200
36.117825
36.223675
36.455100
36.550525
36.802925
37.061100
37.280100
37.346875
37.388125
37.441975
37.584325
38.694150
38.821700
39.160050
39.582800
39.875125
39.922975
40.059700
40.529775
41.200575
41.390100
41.882450
41.947450
42.013300
42.078075
42.562950
43.091625
43.567675
43.832050
43.833050
44.050575
44.503300
44.782525
44.850550
45.410375
45.624000
45.746450
45.951875
46.773625
47.700350
47.804125
47.887450
48.157875
48.217175
48.508250
48.596300
48.737475
48.827075
49.595350
49.903450
50.435725
50.452350
50.510775
51.372350
51.843600
52.164575
52.241400
52.331875
52.442950
52.968650
53.169225
53.276575
53.407650
53.548050
53.836500
53.845800
54.092150
54.106075
54.188025
54.588625
55.104125
55.118200
55.252075
55.369925
55.642025
55.854950
56.715600
57.452375
57.554350
58.855325
59.350125
59.448000
60.336475
60.389925
60.691875
60.756900
61.723800
61.755850
61.832625
62.152675
62.225350
62.432450
62.676625
63.221925
64.078225
64.526750
64.682425
64.936525
65.000650
65.045125
65.383950
66.248100
66.303325
67.026475
68.007100
68.259700
68.613650
68.658775
68.776000
68.955625
69.122125
69.448950
70.929225
72.150525
72.177450
72.541500
72.730875
73.877800
73.896450
74.425900
74.755300
75.050000
75.321925
76.114450
76.474425
76.727125
77.579450
77.871725
78.461025
78.590375
79.559800
79.778500
79.843325
80.060275
81.106325
81.480825
81.584525
81.688775
81.853500
81.935150
82.051475
82.308450
82.693475
82.715425
83.277575
84.456350
84.498650
86.181050
87.671750
88.255150
88.486900
90.455925
90.763550
91.078725
91.176425
91.379025
92.073400
92.484550
92.529375
93.001975
93.007950
93.838200
94.604000
95.302400
95.929050
96.521075
97.034025
97.447075
99.393575
100.585625
100.824275
100.916475
100.970225
101.539325
101.675775
101.843100
101.845275
101.973375
102.035275
102.095075
102.322875
102.406675
102.498775
105.104375
105.837400
105.864250
105.998700
106.622800
107.170600
108.278725
109.041575
109.517950
109.678925
110.623700
112.318125
113.195375
113.742725
113.925725
113.942300
114.403350
115.456600
116.477325
116.611125
117.232625
118.891075
118.946575
118.963375
119.332325
119.642325
119.736875
120.104925
120.166375
120.252900
120.363525
121.044200
121.101075
121.350450
121.874025
122.855400
123.132175
124.440500
125.214925
125.489025
130.282200
130.834275
131.637700
132.885100
133.358250
133.700300
135.938400
138.158100
139.248050
141.605625
142.212775
143.624725
144.392000
144.657500
144.753425
146.848850
150.157325
150.211900
151.479475
152.416600
152.700500
153.859050
155.041400
156.652225
157.711975
162.800225
163.032725
163.491400
163.711775
164.123500
164.830500
166.720600
170.650050
173.531700
173.712975
173.970050
174.064775
174.086275
174.177400
174.785000
175.845525
176.751050
176.766100
179.616350
179.675525
180.073500
180.442600
181.740575
182.771100
183.873150
184.047050
184.713050
185.399475
186.580250
187.113000
187.962025
189.573125
190.222850
191.832950
192.551950
192.759800
198.496050
198.780300
198.895000
199.226200
199.294775
199.497900
199.765525
199.924150
