# # All spikes for Neuron
0.012200
0.059050
0.098775
0.160425
0.308750
0.407950
0.427075
0.447725
0.494100
0.574625
0.818650
0.906800
0.915450
0.928225
1.030275
1.325400
1.329200
1.397875
1.462300
1.650325
1.738225
2.023950
2.105425
2.224850
2.811200
2.837025
2.891975
2.979000
3.130600
3.507625
3.602725
3.655975
3.778025
3.784975
3.967350
3.994150
4.085225
4.162625
4.495850
4.568350
4.750100
4.782075
4.899150
4.937475
5.196275
5.254525
5.392400
5.434875
5.519650
5.978725
6.356325
6.372425
6.664550
7.006800
7.092300
7.398325
7.505450
7.523600
7.583075
7.766675
7.832375
7.857325
7.995725
8.186750
8.295975
8.527525
8.614025
8.620975
8.672050
9.148700
9.230425
9.330900
9.348450
9.379425
9.505475
9.656275
9.732850
9.783725
10.212975
10.255325
10.361950
10.397875
10.535500
10.660100
10.750900
10.961000
10.978400
11.068300
11.489800
11.730175
11.959900
12.049000
12.098000
12.110900
12.352350
12.775150
12.820975
12.854775
13.038775
13.067925
13.112575
13.300900
13.447700
13.761475
13.806800
14.019550
14.218050
14.278250
14.473525
14.626625
15.001925
15.043075
15.579375
15.671225
15.758675
15.829500
16.933850
17.411475
17.457750
17.535675
17.557800
18.667200
19.027675
19.310275
19.465650
19.686200
19.818400
19.889050
20.040675
20.139700
20.269025
20.328275
20.671350
21.323375
21.584250
21.633850
21.950600
22.240750
22.285875
22.382900
22.401675
22.610425
23.110750
23.124275
23.811350
23.907700
23.937075
23.990900
24.043875
24.083425
24.125025
24.443075
24.483100
24.578850
24.623225
24.759325
24.800850
25.312250
25.388850
25.634350
25.850950
25.888250
26.011350
26.153350
26.277725
26.769575
26.793875
26.804325
26.852575
27.027325
27.176325
27.344275
27.467900
27.807275
27.830700
28.369550
28.509625
28.603600
28.761350
28.856175
28.945350
29.045350
29.082100
29.190200
29.476125
29.514000
29.646875
29.741025
29.787400
29.855975
29.902250
30.187400
30.354475
30.427950
30.722350
30.899700
30.956825
30.991875
31.032625
31.251225
31.609575
32.025725
32.118525
32.235675
32.275475
32.375700
32.443825
32.783300
32.819225
32.870075
32.936700
32.960150
33.139025
33.459050
33.845950
33.884875
34.230375
34.243725
34.280950
34.287300
34.379900
34.488050
34.730225
34.824850
34.937650
35.069425
35.270375
35.292625
35.319525
35.462400
35.582600
35.629750
35.720275
35.895475
35.923500
35.969050
36.005475
36.183700
36.229525
36.282825
36.441675
36.535775
36.578975
36.632600
36.835625
36.938525
36.956825
36.973050
36.997000
37.064450
37.132775
37.217975
37.377075
37.429275
37.486575
37.639550
37.709550
37.739550
37.937700
38.137275
38.393525
38.400100
39.191125
39.234125
39.373450
39.418075
39.587300
39.745550
39.845825
40.060600
40.262875
40.381950
40.544150
40.685200
40.939600
41.037175
41.225600
41.260500
41.295875
41.319750
41.510375
41.639925
41.756500
41.999175
42.105625
42.178525
42.214325
42.311575
42.317850
42.824250
42.870750
43.005750
43.054150
43.255925
43.487650
43.899925
44.141600
44.312950
44.709350
44.766525
44.844475
44.910725
44.953975
45.362125
45.550425
45.687375
45.954525
46.087825
46.384300
46.589275
46.705400
46.754350
46.822425
47.032525
47.066200
47.109900
47.717475
47.814275
47.816700
48.219650
48.356275
48.399525
49.655950
49.704450
50.028850
50.130700
50.262100
50.423100
50.499625
50.663650
51.091200
51.202475
51.640225
52.082250
52.573075
52.906150
52.968500
53.093925
53.096525
53.149125
53.379575
53.413650
53.438775
53.487900
53.502275
53.754225
53.781350
53.867550
53.978200
53.982925
54.000125
54.097850
54.121275
54.213300
54.254825
54.263500
54.281100
54.286800
54.308775
54.595925
54.957825
55.078800
55.098100
55.111375
55.307725
55.487775
55.550350
55.572000
55.691975
55.775325
55.833775
56.007400
56.314950
56.349125
56.427225
56.441225
56.467775
56.552800
56.693475
56.838200
56.846200
56.892100
56.940275
57.051125
57.210750
57.238125
57.834700
57.935150
58.170000
58.355300
58.581025
58.983150
59.019575
59.164225
59.383450
59.508625
59.807200
59.982625
60.220275
60.555575
60.631650
60.647750
61.341125
62.149400
62.904425
63.094000
63.428575
63.929300
63.992500
64.016525
64.165825
64.382275
64.498250
64.576975
64.617950
64.909850
64.944600
64.978600
65.113250
65.126625
65.164325
65.274050
65.386575
65.496175
65.571475
65.803850
65.893425
65.965725
65.982325
66.346775
66.416500
66.851550
67.491175
67.648400
68.847150
69.084875
69.172675
69.635650
69.835650
70.091025
70.233300
70.634225
70.919300
71.323250
71.850925
71.991450
72.026750
72.119375
72.258150
72.420950
72.576250
72.658400
72.813200
73.013400
73.083150
73.184400
73.270700
73.317025
73.353700
73.538000
73.868450
74.008025
74.012450
74.020575
74.063950
74.082375
74.434350
74.623525
74.888725
74.920850
74.963300
75.009425
75.068525
75.097100
75.194075
75.336700
75.356750
75.407400
75.751025
75.754400
75.866725
75.891750
75.953775
76.112200
76.908575
77.308200
77.572900
78.260750
78.344300
78.453175
78.478650
78.555850
78.579075
78.822075
79.078500
79.489775
79.905650
80.011650
80.125350
80.339250
80.527200
80.623825
80.776750
81.006800
81.072600
81.212525
81.331000
81.422450
81.506625
81.523850
81.880425
81.899325
82.192800
82.504175
82.535400
82.558675
82.569075
82.612600
82.814275
82.891025
82.977950
83.117275
83.217650
83.246575
83.281725
83.399075
83.509050
83.516950
83.560775
83.587950
83.638350
83.682975
83.716275
83.851025
83.858075
83.885175
83.924275
83.980600
84.056850
84.140975
84.576750
84.927100
85.069750
85.159825
85.277475
85.363125
85.468600
85.604350
85.637325
85.731475
85.782350
85.816375
85.832075
85.971225
86.028675
86.172325
86.278450
86.342150
86.442325
86.783850
86.868650
86.881600
86.970100
87.009800
87.068550
87.164800
87.527525
87.619450
88.077600
88.448475
88.467050
88.490425
88.491550
88.562275
88.568000
88.584150
88.921600
89.122000
89.137100
89.226850
89.510550
89.570475
89.627075
89.808575
90.113025
90.133975
90.181625
90.218025
90.283675
90.763450
90.966625
91.071050
91.192000
91.294975
91.452875
91.565225
91.591725
91.655600
91.664200
91.771900
91.839225
91.960975
92.909350
92.939400
92.972550
93.163550
93.247125
93.678350
93.781150
94.597825
94.666425
94.725425
95.055175
95.295700
95.327925
95.744750
96.163925
96.641050
97.231825
97.351200
97.443450
97.502825
97.568525
97.707675
97.789125
97.994550
98.085125
98.154425
98.484750
98.696900
98.772275
98.818350
99.415075
99.494975
99.725425
99.790450
99.817225
100.344125
100.512375
100.536650
100.698725
100.827175
101.244775
101.358325
101.431450
101.747600
101.788600
101.850150
101.970625
102.030000
102.198575
102.199850
102.257825
102.550800
102.948125
102.953125
102.968350
103.234875
103.404525
103.477400
103.497250
103.528750
103.580550
103.619025
103.685900
103.687500
104.090175
104.101375
104.255725
104.387400
104.650025
104.844925
104.846975
104.921250
104.953700
105.098825
105.284575
105.305075
105.761175
106.164300
106.188250
106.318375
106.448675
106.673875
106.818125
106.860475
107.255500
107.363925
107.394550
107.788025
107.832625
107.872225
108.213100
108.401200
108.514775
108.639500
109.176700
109.373550
109.668750
109.739600
109.860625
110.081700
110.319525
110.618075
111.325350
111.749650
111.877975
111.957750
112.456625
112.554025
112.947750
112.960000
113.123425
113.256325
113.320050
113.523125
113.938250
114.178500
114.475075
114.644975
114.679350
114.895525
114.959000
115.402050
115.451400
115.604450
115.722325
115.753650
115.823750
115.956850
116.747575
116.804075
116.835800
116.911075
117.043100
117.092200
117.456575
117.618950
117.680500
117.759350
117.761200
117.961300
117.988800
118.100275
118.112325
118.201425
118.279450
118.370425
118.477450
118.547450
118.625925
118.729550
118.809975
119.035550
119.051275
119.270900
119.335775
119.489925
119.491900
119.705050
119.737200
119.963550
120.042475
120.220925
120.264075
120.292400
120.425100
120.495075
120.521475
120.655950
120.677350
120.834075
121.202500
121.292500
121.456550
121.532275
121.585500
121.601150
121.811575
122.273575
122.485200
122.530900
122.722950
122.947375
123.088925
123.135250
123.495600
123.560225
123.667425
123.711900
123.768050
124.195300
124.284825
124.513025
125.159625
125.189875
125.377000
125.575150
125.587075
125.673325
126.241075
126.587700
127.471875
127.627950
127.665775
128.416600
128.682475
128.707600
128.779850
129.455050
130.224975
130.418950
130.503800
130.862350
130.913275
131.333225
131.372650
131.451075
131.634625
132.015800
132.428575
132.822375
132.910450
132.952825
133.217800
133.256125
133.569400
133.720100
133.803050
133.914675
133.917400
133.957825
133.986900
134.072300
134.124750
134.483000
134.525475
134.623900
134.821550
134.901450
134.982050
135.237350
135.318425
135.350175
135.416975
135.475725
135.525600
135.814775
135.936600
136.019550
136.079250
136.128125
136.263850
136.405550
136.606325
136.986650
137.062025
137.117350
137.172200
137.271900
137.326675
137.465500
137.481225
137.657475
137.666625
137.715450
137.752025
137.857975
137.962550
138.074100
138.360925
138.370500
138.500900
138.686100
138.733525
138.916825
139.027675
139.072575
139.161925
139.412925
139.460800
139.505700
139.612400
139.618200
139.713225
139.717225
139.777175
139.790650
139.829275
139.862825
140.198500
140.220950
140.317025
140.357825
140.414075
140.547025
140.966525
141.033050
141.179575
141.319925
141.390925
141.416475
141.484075
141.500725
141.553375
141.646275
141.841900
141.945600
142.033800
142.358675
142.817800
143.087375
143.168500
143.202425
143.222275
143.386950
143.436875
143.557950
143.741825
143.982875
144.006075
144.233175
144.309175
144.416100
144.504700
144.655100
144.674750
144.776125
144.816425
145.096100
145.146950
145.186650
145.679850
146.262875
146.414825
146.437725
146.650300
146.685975
147.051600
147.106675
147.152750
147.311150
147.350375
147.709900
147.885625
147.923025
147.978550
148.073325
148.202525
148.289350
148.361775
148.414800
148.525675
148.718525
148.773450
148.856200
148.879400
148.938025
149.097275
149.318300
149.368175
149.851300
149.991825
150.325550
150.407525
150.698525
150.983525
151.065100
151.229400
151.307875
151.390775
151.459975
151.610400
151.683475
151.710525
151.746400
151.761375
151.817775
151.909300
152.233025
152.353925
152.597875
152.815075
152.888225
152.889550
153.072650
153.253925
153.262575
153.382175
153.531675
153.536475
153.549475
153.552575
153.571625
153.621675
153.712950
153.771450
153.817350
153.953175
154.128075
154.130100
154.191125
154.346050
154.399225
154.492600
154.623050
154.625975
154.805500
155.163125
155.416650
155.482825
155.638450
155.667625
155.752800
155.818875
155.947375
156.306000
156.407875
156.454100
156.526200
156.564725
156.734375
156.759175
156.872525
156.927075
156.966025
157.311050
157.381050
157.497025
157.738075
157.884000
157.920075
157.972950
158.173525
158.326800
158.357200
158.507000
158.781500
158.896425
159.013375
159.056425
159.283925
159.401450
159.470150
159.578175
159.713900
159.743050
159.833075
159.847325
159.878150
159.902975
160.155300
160.174650
160.348450
160.556575
160.650625
160.699275
160.811725
160.863650
161.246650
161.322925
161.518475
161.553150
161.575150
161.629000
161.661550
161.922950
162.028275
162.033475
162.075350
162.093300
162.112900
162.118375
162.157650
162.210875
162.303100
162.453500
162.457275
162.510400
162.792450
162.866250
162.891650
162.938700
162.943975
163.067275
163.106625
163.254850
163.501100
163.548700
163.604550
163.617500
163.901975
164.001025
164.048925
164.068575
164.086900
164.132775
164.274300
164.288050
164.624375
164.669125
164.728800
164.765225
164.862425
164.905275
164.947050
165.401600
165.927150
166.358000
166.431950
166.502275
166.586175
166.634625
166.698925
166.886075
166.955200
166.983475
167.235475
167.370775
167.585725
167.699425
167.885825
167.983825
168.026750
168.262700
168.439800
168.514525
168.519875
168.570225
168.651650
168.880775
168.904950
168.991600
169.067075
169.166925
169.219375
169.310000
169.466275
169.494300
169.544525
169.623050
169.626025
169.727250
169.802075
169.866300
169.935550
169.962900
170.157200
170.348075
170.528825
170.660200
170.711675
170.858350
170.903925
170.945025
170.950600
171.081800
171.113100
171.123425
171.158825
171.518950
171.557425
171.787150
171.855375
171.920650
172.002350
172.148850
172.363925
172.620725
172.774450
172.835275
172.877450
173.125050
173.126700
173.329400
173.571825
173.631700
173.869675
173.956675
174.193975
174.259300
174.713275
174.787750
174.853825
174.889350
174.950850
175.023750
175.124600
175.304275
175.469700
175.559000
175.623975
175.678150
175.815500
175.819750
175.976200
176.225125
176.345550
176.438125
176.629025
176.651725
176.736200
176.837550
176.932325
177.030300
177.058600
177.118175
177.270625
177.433025
177.492025
177.627500
177.642450
177.656450
177.783400
177.992100
178.143000
178.149150
178.250750
178.292425
178.655575
178.865600
178.906250
179.009175
179.152650
179.287150
179.367725
179.564200
179.585075
179.630575
179.639750
179.773775
179.916425
179.965575
179.983150
180.072100
180.083250
180.378475
180.448300
180.542900
180.596700
180.804525
180.872675
180.923325
181.373775
181.564325
181.680875
182.004300
182.122875
182.326200
182.517275
182.581000
182.755350
182.840225
182.962850
183.322575
183.431625
183.563000
183.724850
183.823500
183.921650
184.083525
184.222275
184.468350
184.552550
184.703825
184.874450
185.202075
185.309100
185.369625
185.477275
185.520225
185.606500
185.712200
185.811675
185.926225
186.014150
186.064075
186.109800
186.214975
186.261725
186.316750
186.483525
186.673725
186.802225
186.931525
186.954300
187.032400
187.267175
187.620825
187.714650
187.825075
187.912150
188.172100
188.212775
188.305150
188.358675
188.703450
188.728200
188.809475
188.869875
189.050550
189.124000
189.248575
189.321050
189.374000
189.522725
189.552675
189.714000
189.822150
189.921475
190.308675
190.365175
190.405925
190.427825
190.463875
190.664000
190.748250
190.780725
190.978075
191.017475
191.182175
191.208550
191.350450
191.427425
191.508275
191.595850
191.901025
192.085475
192.235125
192.353650
192.441950
192.489925
192.589975
192.638725
192.944375
192.979825
193.001900
193.042700
193.072450
193.141300
193.219325
193.689350
193.941700
194.059075
194.119675
194.301500
194.326675
194.383250
194.447475
194.529725
194.555175
194.591150
194.630725
194.668900
194.995250
195.077700
195.195100
195.333175
195.443850
195.833700
196.113275
196.166875
196.316475
196.361600
196.446100
196.567550
196.898700
196.998150
197.041600
197.095775
197.374575
197.432075
197.446625
197.978775
198.010950
198.091525
198.104125
198.145625
198.162825
198.177975
198.226550
198.293125
198.474250
198.501700
198.542700
198.574200
198.671325
198.743100
198.808675
198.845075
198.882275
198.921925
199.011725
199.092900
199.135175
199.216825
199.227775
199.265475
199.436575
199.620675
199.672175
199.835375
199.940150
200.195850
200.786375
201.046275
201.187850
201.377175
201.635425
201.661900
201.866925
201.960350
202.266725
202.528350
202.578650
202.609550
202.673150
202.734775
202.961400
203.119250
203.158975
203.164725
203.174300
203.229575
203.258025
203.298700
203.335450
203.483350
203.575600
203.664800
203.720525
203.762425
203.939450
203.956225
204.151275
204.307925
204.392800
204.415425
204.456275
204.466450
204.529975
204.546875
204.568275
204.587475
204.628800
204.789650
204.884550
205.446700
205.526725
205.643750
205.718175
205.724100
205.821325
205.862925
205.927050
206.048725
206.199025
206.632350
206.777200
206.791700
206.893000
206.915725
207.143225
207.170900
207.254800
207.543850
207.699150
207.738275
208.362375
208.455750
208.470150
208.538225
208.683175
208.864975
209.072375
209.081450
209.247475
209.316475
209.514175
209.722850
209.867125
209.965475
210.240125
210.341125
210.369300
210.763150
210.865050
211.177825
211.260150
211.266425
211.978150
212.091350
212.107250
212.124550
212.191325
212.460125
212.461275
212.732875
212.887675
213.184725
213.219175
213.327050
213.390675
213.499675
213.557625
213.598650
213.673525
213.678625
213.887850
214.138100
214.258200
214.357025
214.505075
214.689600
215.025500
215.137350
215.159650
215.267925
215.285575
215.489625
215.574550
215.667150
215.739925
215.748100
215.825275
215.894900
216.130275
216.203500
216.501775
216.544575
216.580725
216.682525
216.805550
216.977300
217.175675
217.187625
217.497625
217.522350
217.674475
217.915250
218.012350
218.059100
218.247325
218.271925
218.519325
218.743550
218.963625
219.235250
219.367575
219.554175
219.687450
219.898975
220.188600
220.245275
220.339750
220.518850
220.669525
220.718950
220.805925
221.090000
221.140350
221.266525
221.347875
221.386275
221.442575
221.595800
221.902450
221.944000
222.039325
222.081350
222.318875
222.452100
222.593075
222.859450
223.257925
223.286300
223.390200
223.542725
223.659950
223.794025
223.928900
224.046025
224.184975
224.555975
225.098525
225.134650
225.167350
225.319500
225.435975
225.832000
226.196325
226.299050
226.388850
226.518850
226.618400
227.430225
227.458550
227.647250
227.919750
228.358775
228.457950
228.869450
228.927625
229.230675
230.015200
230.161800
230.402925
230.534450
231.149800
231.650525
231.797200
231.845800
232.052275
232.542050
232.628575
232.710400
233.509250
233.753750
233.864375
233.964300
234.111325
234.276300
234.421125
234.522400
235.003950
235.008275
235.176825
235.350425
235.403850
235.457450
235.472825
235.570000
235.624225
235.666525
235.841650
235.854450
236.013025
236.098075
236.451600
236.524650
236.560600
236.679225
236.869725
236.945775
236.973850
237.010500
237.057625
237.115550
237.161550
237.203000
237.237650
237.261050
237.310825
237.402250
237.427800
237.458975
237.516175
237.799000
237.821525
237.954475
237.972600
238.213250
238.365775
238.419050
238.465100
238.568975
238.653250
238.754875
238.856575
238.871650
238.911700
238.957425
239.011750
239.055450
239.266300
239.416900
239.567825
239.668375
239.905000
239.957150
240.007775
240.167575
240.262275
240.314250
240.351050
240.465575
240.510975
240.644875
240.977950
241.065700
241.163150
241.258700
241.325850
241.440000
241.483925
241.631850
241.666050
241.746350
242.051425
242.137550
242.326400
242.603175
242.758725
243.093475
243.188150
243.474800
243.660225
243.832975
243.945725
244.105950
244.200400
244.314600
244.771825
244.937250
244.949500
245.127525
245.168975
245.460225
245.813600
245.913200
245.946025
246.089750
246.271650
246.716125
246.788025
246.825600
247.019725
247.204900
247.276425
247.323450
247.441925
247.489550
247.532600
247.634825
247.647850
247.755025
247.826150
247.886250
247.915500
248.025525
248.055375
248.079450
248.280050
248.328475
248.806350
249.126175
249.185400
249.755575
249.779825
250.624575
251.020650
251.119200
251.249175
251.433775
251.533350
251.815050
251.986125
252.111800
252.147550
252.278075
252.424100
252.995400
253.064650
253.517175
253.609300
253.615725
253.884925
253.900650
253.922950
253.944375
253.991125
254.045200
254.099850
254.188775
254.192850
254.223975
254.228775
254.269050
254.352225
254.451700
254.594000
254.761025
254.856825
254.883275
255.004725
255.094550
255.287500
255.427250
255.465100
255.536775
255.645050
255.860700
255.940675
256.032525
256.144150
256.180650
256.256725
256.427875
256.669575
256.911100
257.030575
257.050225
257.166400
257.387175
257.655475
257.792325
258.542000
258.543550
258.583900
258.843925
258.910850
258.961725
258.981800
259.055200
259.087325
259.199375
259.281200
259.431400
259.591275
259.604900
259.632650
260.113700
260.163775
260.192150
260.425775
260.504625
260.705150
260.723975
260.886375
261.012225
261.207025
261.227175
261.277725
261.400775
261.701200
261.722900
261.901075
262.003425
262.092950
262.294275
262.660775
262.724250
262.830850
263.322100
263.361450
263.594300
263.935075
263.997975
264.035525
264.222025
264.490825
264.519350
264.543700
264.646575
264.829100
264.898150
264.972900
264.996600
265.344525
265.401650
265.462275
265.569225
265.656625
266.085500
266.089200
266.235900
266.627175
266.668850
266.687400
266.817025
267.203175
267.258250
267.355975
267.418300
267.592325
267.829250
267.970125
268.223275
268.250050
268.514500
268.782000
268.806550
268.851775
269.021175
269.063575
269.188575
269.261900
269.367800
269.404800
269.508450
270.010200
270.101825
270.318200
270.351875
270.356425
270.371400
270.430175
270.463550
270.497300
270.665975
270.825075
271.139800
271.513500
271.690750
271.919075
272.107125
272.159250
272.301925
272.462425
272.506025
272.675450
272.700250
272.758650
272.856050
272.883775
272.910325
273.093550
273.204275
273.209400
273.251175
273.265850
273.300600
273.303925
273.458450
273.539950
273.687750
273.764600
273.772925
273.892775
274.053025
274.169175
274.466800
274.512725
274.523400
274.845900
274.909850
274.947925
275.055400
275.448725
275.594550
275.825100
275.924450
275.956700
276.022275
276.176725
276.350125
276.377075
276.525100
276.578675
276.919425
277.151800
277.514825
277.555950
277.895300
277.915875
278.051375
278.093700
278.459250
278.488550
279.052925
279.176225
279.218875
279.247150
279.564450
279.644125
279.844075
279.933300
279.963000
279.989200
280.040650
280.158925
280.194375
280.233900
280.566550
280.726975
280.765075
280.875225
280.985875
281.028425
281.086450
281.459525
281.521550
281.619425
281.746675
282.320500
282.533625
282.599950
282.867425
282.898675
282.938325
283.008650
283.043025
283.107025
283.258650
283.341125
283.553800
283.582325
283.606475
284.004100
284.020675
284.148025
284.224200
284.351325
284.507325
284.975675
285.047150
285.163425
285.216200
285.243250
285.322900
285.379600
285.487450
285.602675
285.619400
285.695250
285.813825
285.894450
285.917075
285.999200
286.012075
286.100425
286.253025
286.367675
286.511450
286.747525
286.845600
287.093450
287.406325
287.517875
288.108600
288.246250
288.548550
288.732850
288.852725
288.904500
288.973075
289.119650
289.365575
289.500850
289.598700
289.647725
289.855400
289.903250
289.923425
290.004750
290.062825
290.144000
290.161225
290.260150
290.274500
290.441075
290.514100
290.553400
290.656150
290.957950
291.110225
291.398000
291.534400
291.580550
291.693400
292.049950
292.150775
292.396825
292.593300
292.858800
292.906550
293.007600
293.067675
293.118550
293.403375
293.526725
293.829125
293.850975
294.020975
294.048725
294.248600
294.348050
294.401175
294.592000
294.825875
294.867625
295.100125
295.192100
295.249100
295.295675
295.321800
295.374450
295.399275
295.597725
295.663800
295.983075
295.990150
296.026200
296.162525
296.231300
296.374075
296.450200
296.660375
296.839600
296.865125
297.065775
297.112650
297.208600
297.251750
297.421800
297.518075
297.641525
297.855075
297.936650
298.051000
298.216175
298.697525
298.755050
298.772875
298.846575
298.873075
298.934800
299.019225
299.036400
299.261025
299.372625
299.512725
299.545775
299.576950
299.794875
299.947225
299.955500
300.260000
300.394375
300.469000
300.552925
300.728575
301.438675
301.541300
301.695550
301.735825
301.875075
301.953875
302.125850
302.262900
302.355375
302.411250
302.560450
302.665525
303.020225
303.425400
303.542700
303.695450
303.747775
303.884825
303.957325
303.983225
304.099725
304.553850
304.747175
305.028175
305.066125
305.210325
305.267825
305.294000
305.364275
305.530275
305.584900
305.641900
305.681125
305.710400
305.756575
305.787075
306.093200
306.182700
306.283500
306.378875
306.427075
306.595125
306.628250
306.684075
306.992200
307.086625
307.342775
307.374425
307.439875
307.479825
307.571650
307.690050
307.735475
308.131325
308.269325
308.352700
308.910575
309.010650
309.124875
309.206025
309.230650
309.313400
309.712600
309.871775
310.141725
310.356775
310.500950
310.565375
310.873100
310.928225
311.018750
311.083425
311.106475
311.512300
311.770250
312.003075
312.389700
312.542825
312.669150
312.717375
312.752275
312.792275
313.011400
313.222200
313.246225
313.268175
313.805450
313.838700
313.928275
314.428725
314.497100
314.521500
314.563525
314.635700
314.680025
314.954400
314.987850
315.023450
315.082600
315.223850
315.289600
315.383875
315.479250
315.554900
315.586575
315.634450
315.688125
315.961875
316.189625
316.231975
316.338450
316.512175
316.691175
316.870450
316.882625
316.994625
317.075025
317.200475
317.384350
317.510900
317.590875
317.644225
317.807200
317.870300
317.926625
317.962275
318.072975
318.376950
318.404775
318.501250
318.584325
318.757750
318.818050
318.849150
319.003600
319.048075
319.538875
319.846300
320.011000
320.029600
320.318175
320.459200
320.542975
320.584450
320.642025
320.667500
320.700500
320.830675
320.865825
320.989150
321.308900
321.325925
321.331825
321.417025
321.597650
321.747650
321.829300
321.879350
321.925625
321.969375
322.097375
322.144850
322.164475
322.187575
322.262725
322.271725
322.308100
322.520700
322.573000
322.574250
322.617700
322.683175
322.714100
322.739550
322.804550
322.904175
322.913850
323.003675
323.020875
323.071600
323.200250
323.236925
323.302475
323.408775
323.694125
323.706100
323.886825
324.000975
324.152325
324.563150
324.751500
324.992625
325.058275
325.086050
325.199750
325.341650
325.511750
325.558250
325.885825
325.960325
326.007750
326.112200
326.370825
326.459225
326.737275
326.798700
326.837800
327.065175
327.290775
327.301025
327.455450
327.481975
327.516950
327.590600
327.610125
327.655475
327.772150
328.150450
328.553425
328.623075
328.661000
328.747875
328.780725
328.829800
328.876725
328.925900
329.065275
329.299050
329.486075
329.570725
329.706125
329.930450
329.990475
330.065500
330.137475
330.342075
330.640125
330.891450
330.935300
331.092575
331.159675
331.190550
331.238525
331.609125
331.656350
331.704350
331.729400
331.783175
332.049800
332.101450
332.135400
332.266575
332.414425
332.450025
332.700050
332.719975
333.038000
334.400875
334.461800
334.476350
334.904900
334.953050
335.007875
335.337575
335.352225
335.421375
335.550350
335.634150
335.809825
336.006225
336.041475
336.447350
336.470025
336.501350
336.739575
336.947725
337.102800
337.110800
337.162450
337.256450
337.407675
337.515825
337.604350
337.661750
337.820500
337.962425
338.212150
338.408425
338.451775
338.720500
338.762725
338.993925
339.068775
339.167450
339.352875
339.561725
339.657900
340.054350
340.102400
340.267025
340.339950
340.469375
340.495925
340.510650
341.041150
341.060000
341.146925
341.265250
341.293425
341.333500
341.496425
341.773275
341.830775
342.054275
342.321750
342.411325
342.484700
342.513950
342.613350
342.734825
342.888675
343.155425
343.258875
343.450150
343.741050
343.855750
343.922700
343.973700
344.080425
344.088250
344.144375
344.196575
344.515000
344.520725
344.788425
344.855325
344.914575
344.975700
345.140375
345.345275
345.401800
345.496850
345.520225
345.582600
345.845175
345.938825
346.504300
347.265400
347.338925
347.471975
347.678950
348.024525
348.098225
348.517725
348.652575
348.686200
348.690425
348.713775
348.815100
348.896650
349.200700
349.272075
350.159375
350.664525
351.211350
351.299450
351.341975
351.369150
351.445025
351.622750
351.959375
352.068800
352.249525
352.624550
352.660300
352.758775
352.779525
352.895550
353.095250
353.116200
353.312950
353.347625
353.517300
353.669875
353.939625
353.992000
354.107000
354.208375
354.293200
354.347600
354.351175
354.501675
354.839450
355.117125
355.162400
355.193725
355.267450
355.273400
355.307075
355.344900
355.369425
355.427450
355.773275
355.829875
355.860900
355.969100
356.278000
356.401825
356.436925
356.668450
356.724950
356.740875
356.836975
356.863050
356.987150
357.056875
357.186525
357.263125
357.359450
357.595425
357.660675
357.736175
357.805975
357.811800
358.117575
358.256700
358.290725
358.352350
358.478075
358.624625
359.258850
359.294950
359.425125
359.471225
359.571000
359.596775
359.638500
359.693950
359.733750
359.940425
360.018125
360.060700
360.288500
360.378475
360.428975
360.468050
360.667250
360.809250
360.917175
361.085325
361.222300
361.249125
361.324175
361.467475
361.698900
361.768600
361.828350
361.904475
361.929425
361.982575
362.095950
362.414975
362.660250
362.713850
362.799050
362.924000
363.266875
363.555400
363.606050
363.786175
363.951100
363.968125
364.063350
364.122150
364.395200
364.502150
364.541225
364.612000
364.678900
364.799800
364.838900
364.916950
365.018175
365.039125
365.051975
365.120650
365.275000
365.360550
365.393675
365.442400
365.489600
365.588350
365.623400
365.784400
366.154925
366.436025
366.623350
366.772700
366.866825
366.899450
366.975875
367.007775
367.044825
367.072875
367.237050
367.521575
368.063975
368.457125
368.463875
368.473900
368.742825
368.805975
369.108400
369.194800
369.307550
369.662175
370.406875
370.445400
370.487925
370.646750
370.744500
370.902425
371.064000
371.159125
371.252975
371.264400
371.380600
371.409275
371.651975
371.689250
371.694625
371.845950
372.146600
372.204850
372.287750
372.334975
372.454675
372.825700
373.012200
373.091775
373.148275
373.321325
373.348325
373.357275
373.467300
373.480175
373.591225
373.890400
373.943925
373.982625
373.999050
374.085600
374.180300
374.273225
374.305050
374.382200
374.500875
374.590800
374.664850
374.697175
374.836275
374.859025
374.994050
375.230575
375.396850
375.457975
375.558850
375.773400
375.847850
375.898750
376.019625
376.059675
376.063725
376.146725
376.194400
376.382975
376.411600
376.808575
376.878175
376.896200
377.070350
377.388375
377.467475
377.542250
377.684475
378.079375
378.163400
378.179775
378.519200
378.543175
378.631575
378.662625
378.772650
378.811100
378.819050
378.836450
378.906250
378.924300
379.070350
379.181300
379.529725
379.644500
379.706225
379.770125
380.066000
380.142125
380.249425
380.308550
380.344975
380.462225
380.545500
380.711650
380.758950
380.787650
381.113925
381.169150
381.240950
381.296250
381.614050
381.813425
381.895850
382.891075
383.199525
383.259450
383.347975
383.357650
383.643875
383.889100
384.010600
384.049100
384.093350
384.232700
384.437375
384.544725
384.583800
384.744700
384.941275
384.958325
385.010200
385.566250
385.739550
385.764300
386.065800
386.301950
386.386150
386.638075
386.656600
386.753050
386.800800
386.847925
387.092975
387.210650
387.236525
387.262525
387.450900
387.855650
388.016200
388.090625
388.287025
388.494275
388.795900
389.294075
389.399675
389.598100
389.988125
390.106250
390.187950
390.238025
390.306175
390.687850
390.798025
390.841850
390.995025
391.153600
391.375650
391.458150
391.698775
391.835925
391.926600
391.943450
392.042275
392.492875
392.606125
392.834000
393.333150
393.793075
394.106225
394.313775
394.646850
394.728225
394.788075
395.033150
395.411400
395.698150
395.839700
396.080575
396.271175
396.308300
396.388275
396.633500
396.772800
396.848225
397.199450
397.284875
397.375875
397.617450
397.736475
397.867475
398.070900
398.993625
399.013450
399.106850
399.433725
399.541175
399.604900
400.200650
400.584750
402.294025
403.308900
403.415375
403.452000
403.565150
403.980275
404.166750
404.276825
404.819850
404.855850
405.036075
405.301975
405.637500
405.753125
405.862375
405.963025
406.061875
406.196800
406.296100
406.334200
406.519625
406.815650
406.836950
406.857350
406.921675
406.969025
407.000650
407.203375
407.322525
407.343900
407.477950
407.575625
407.688425
407.744475
407.798950
407.976225
408.423425
408.540875
408.622350
408.810250
408.816050
408.901850
408.965800
408.984225
408.995475
409.085950
409.269600
409.278925
409.490425
409.614900
409.645600
409.685900
409.860200
409.914650
409.990200
410.247075
410.341550
410.426525
410.493750
410.511150
410.590350
410.694075
410.729950
410.877150
410.937850
410.982850
411.049175
411.123725
411.147900
411.301825
411.311450
411.325400
411.375550
411.959150
412.000775
412.033450
412.067125
412.112675
412.172875
412.234675
412.531600
412.717325
412.944750
413.084375
413.332250
413.405100
413.429450
413.455175
413.521350
413.626300
413.712200
413.811025
413.860350
414.146875
414.212500
414.294975
414.324000
414.639200
414.749900
414.945400
414.987275
415.255325
415.320850
417.008350
417.081475
417.123775
417.422400
417.464825
417.754000
418.027075
418.252525
418.352775
418.608075
418.724550
418.935100
419.011775
419.082475
419.116650
419.247475
419.334950
419.359400
419.490650
419.575625
419.714000
419.835625
419.930750
420.320375
420.358225
420.586125
420.736450
420.871600
421.124600
421.324475
421.403225
421.528975
421.722875
422.483150
422.552000
422.757775
423.030950
423.074700
423.319750
423.570825
423.614375
423.681875
423.901975
424.040925
424.117400
424.139925
424.191650
424.237200
424.286675
424.335575
424.346775
424.371000
424.412650
424.473775
424.520550
424.579475
424.673025
424.759875
424.955400
425.274300
425.539700
425.569600
425.724475
425.761675
425.785000
425.805175
426.048975
426.122375
426.158725
426.300075
426.356250
426.389500
426.511800
426.576875
426.896025
426.917825
426.924075
427.268050
427.408400
427.587700
427.930100
427.959175
428.112800
428.166075
428.183500
428.396275
428.478100
428.622725
428.658275
428.926075
429.155875
429.352650
429.533900
429.691050
429.723800
429.830900
430.530525
430.609825
430.836250
430.912350
431.026650
431.076275
431.135600
431.328975
431.527650
431.570700
431.629150
432.027425
432.335700
432.507975
432.543325
432.555250
432.887350
432.993350
433.038475
433.148175
433.658925
433.901550
433.991025
434.054700
434.208425
434.242250
434.486850
434.791825
434.937175
435.146400
435.259000
435.400075
435.446575
435.685250
435.746400
435.809350
436.033850
436.137325
436.199450
436.274200
436.351975
436.439975
436.647000
436.676075
436.743600
436.890800
436.910300
437.103275
437.139000
437.183400
437.350725
437.372150
437.438800
437.500200
437.587975
437.748200
437.961650
438.099500
438.291675
438.358525
438.751325
438.795225
438.843625
439.179350
439.381900
439.411875
439.415650
439.455625
439.550300
439.778925
439.783075
439.880350
440.009050
440.150425
440.191850
440.254425
440.287525
440.339475
440.361575
440.538975
440.649250
440.900150
441.165300
441.179200
441.281200
441.489800
441.596800
441.652150
441.710425
441.781075
441.919950
441.953575
442.026700
442.075525
442.173375
442.221375
442.376225
442.507550
442.692400
442.819950
443.009750
443.044825
443.177525
443.235400
443.337700
443.386850
443.410150
443.554175
443.751750
443.915900
444.104375
444.218625
444.392150
444.451200
444.531225
444.536975
444.663175
444.910000
444.957175
445.369300
445.612025
445.637575
445.641925
445.761450
445.884600
445.935725
446.001550
446.312025
446.384675
446.762000
447.002575
447.141550
447.168475
447.183700
447.247175
447.329300
447.369100
447.450425
447.523150
447.622950
447.987625
448.037050
448.106175
448.371525
448.579875
448.655600
448.857300
448.880650
448.945025
448.981600
449.036975
449.095625
449.281750
449.305400
449.576425
449.709800
449.828375
449.869500
449.902800
450.023225
450.139100
450.173850
450.300850
450.558975
450.755825
450.983575
451.136225
451.166075
451.244125
451.292975
451.450025
451.573050
451.582475
451.621950
451.837325
451.851725
451.962575
452.013375
452.110875
452.252850
452.280425
452.379900
452.660300
452.851975
452.876350
452.898875
452.945775
452.976375
453.135450
453.205175
453.373500
453.465475
453.611900
453.633650
453.698125
453.723725
453.926275
454.014475
454.102750
454.167050
454.354150
454.407800
454.477525
454.522100
454.596350
454.697700
454.764175
455.085075
455.192000
455.216125
455.267375
455.299675
455.507100
455.539375
455.633300
455.689600
455.843150
456.280775
456.649800
456.787100
456.837300
456.914425
456.924275
457.087150
457.111425
457.362125
457.372175
457.385325
457.531725
457.613825
457.785300
457.842075
458.002100
458.156325
458.291425
458.318525
458.355900
458.489075
458.496550
458.560075
458.699700
458.746675
458.865725
458.960275
459.155900
459.281425
459.743650
460.112025
460.182675
460.410500
460.447250
460.516425
460.562825
460.615425
460.663275
460.665600
460.710975
460.744400
460.939025
461.138975
461.430425
461.436375
461.477475
461.566275
461.615850
461.677900
461.771075
461.785725
461.947900
462.219375
462.285400
462.444775
462.637875
462.840700
462.867700
462.968025
463.190550
463.370450
463.416700
463.551775
463.681700
464.112200
464.172650
464.238150
464.409300
464.450350
464.538700
464.579225
464.964500
465.012175
465.062350
465.132475
465.134975
465.268725
465.531600
465.574950
465.599450
465.668200
465.797375
465.917325
466.002400
466.037150
466.341325
466.370225
466.393150
466.711025
466.748350
467.243750
467.284250
467.364450
467.402325
467.681625
467.770400
467.930500
468.357000
468.394075
468.855550
468.970100
469.054950
469.116400
469.203650
469.282700
469.579000
469.647775
469.771350
469.782025
469.831300
469.856475
470.135175
470.322575
470.474475
470.578025
470.609775
470.751775
470.877650
471.120850
471.214425
471.272875
471.389700
471.463400
471.482700
471.510975
471.547775
471.784375
472.009925
472.015100
472.103900
472.210275
472.271775
472.381000
472.631375
472.677875
472.769050
472.787975
472.848800
473.110800
473.190450
473.210200
473.451000
473.491750
473.621925
473.696900
473.791200
473.992950
474.079625
474.199675
474.395800
474.611100
474.652850
474.855850
474.875850
474.934325
474.977850
474.979100
475.012275
475.190900
475.284850
475.421350
475.463725
475.904075
475.956275
475.957350
476.004925
476.039100
476.164475
476.181550
476.269225
476.287800
476.297475
476.379125
476.404500
476.531800
476.750275
476.942725
477.230900
477.505625
477.524325
477.630825
477.716525
477.758050
477.759225
477.859725
477.935625
478.121525
478.139550
478.157550
478.226375
478.304350
478.343650
478.917800
478.935575
478.958025
478.984475
479.293900
479.325350
479.524825
479.608625
480.487150
480.581150
480.792725
480.860700
480.926425
481.139750
481.267400
481.314025
481.483850
481.785725
482.001500
482.035200
482.108500
482.176250
482.205525
482.243300
482.299400
482.657700
482.695175
482.736900
482.763400
482.953775
483.104175
483.154875
483.203575
483.343675
483.940075
484.040275
484.119250
484.185950
484.222200
484.396300
484.705000
484.770000
484.896100
484.996225
485.102300
485.456450
485.494325
485.519075
485.540450
485.778500
485.807575
485.889550
485.931150
486.253950
486.313450
486.326775
486.377325
486.393875
486.432800
486.563375
486.698975
486.805700
486.876325
486.951025
487.029225
487.233825
487.329500
487.347700
487.427375
487.471825
487.636125
487.706500
487.777075
487.857200
487.927275
487.951275
488.155525
488.201050
488.246000
488.285875
488.391800
488.425475
488.485900
488.871500
488.889900
488.899000
488.931300
488.975550
489.104050
489.144725
489.203525
489.398425
489.479375
489.518850
489.582375
489.785575
489.840375
489.938150
490.093150
490.233250
490.283675
490.321000
490.375075
490.480200
490.590725
490.689950
490.798000
491.030300
491.099550
491.141375
491.239775
491.357575
491.626925
491.662625
491.725225
491.880950
492.006775
492.035450
492.150000
492.299350
492.422850
492.491125
492.546950
492.588575
492.676125
492.728800
492.852675
492.909575
492.968450
492.999525
493.076025
493.265875
493.298900
493.469700
493.616575
493.749125
493.804225
493.916350
493.962750
493.998425
494.049425
494.082000
494.135925
494.237250
494.273800
494.392025
494.437325
494.498325
494.558250
494.623725
494.684875
494.806425
494.825425
494.841200
494.857725
494.881250
495.039725
495.072700
495.257400
495.299250
495.460250
495.472575
495.536300
495.574050
495.651775
495.700350
495.736400
496.026450
496.329500
496.704000
497.127700
497.193250
497.199625
497.215925
497.241825
497.316500
497.636475
497.678750
497.804375
497.842575
498.103850
498.134800
498.242775
498.602200
498.698675
498.919050
498.943800
499.363025
499.379975
499.451525
499.574300
499.615925
499.662475
499.682750
499.776900
499.889950
499.989100
500.003750
500.225325
500.263450
500.328600
500.413275
500.446450
500.498250
500.645875
500.729925
500.796850
501.266425
501.294400
501.335525
501.384700
501.462900
501.696125
501.861950
501.944625
502.002700
502.099750
502.175675
502.215400
502.322550
502.375100
502.523125
502.571575
502.589175
502.980125
503.051700
503.182200
503.251850
503.274600
503.314175
503.392100
503.561550
503.587600
503.604400
503.783975
503.869225
504.092800
504.192775
504.307075
504.415325
504.619975
504.709175
504.732800
504.826475
505.071300
505.191900
505.239550
505.315900
505.367250
505.408300
505.440425
505.514350
505.534250
505.664375
505.745775
506.021350
506.044150
506.313225
506.529825
506.617900
506.767825
506.803075
506.815325
506.864625
506.911950
507.090725
507.297975
507.449025
507.619225
507.625050
507.626575
507.771550
507.978850
507.999350
508.045875
508.073700
508.118700
508.175175
508.211200
508.290425
508.419200
508.436475
508.457600
508.488375
508.727725
508.867750
508.920150
509.033550
509.177275
509.381875
509.402550
509.421625
509.482625
509.562200
509.615775
509.885525
510.009975
510.208375
510.290075
510.438650
510.466625
510.536125
510.556225
510.570050
510.614850
510.642625
510.857525
511.003875
511.038525
511.088125
511.160125
511.206575
511.347975
511.465350
511.729675
511.812300
511.902850
511.980000
512.100725
512.288600
512.339525
512.398825
512.437725
512.537000
512.561175
512.612175
512.629150
512.747125
512.822250
513.007075
513.009550
513.113450
513.359000
513.438425
513.548900
513.619775
513.784250
513.826025
513.983875
514.201225
514.241775
514.407425
514.475425
514.514875
514.518350
514.668950
514.690800
514.841675
515.082550
515.132400
515.379750
515.681075
515.979125
516.054100
516.094050
516.116850
516.380525
516.582600
516.682950
516.903350
516.982075
517.032850
517.086800
517.293775
517.471100
517.509225
517.847775
517.902075
518.051225
518.477325
519.096375
519.121725
519.288625
519.317600
519.663200
519.718650
519.954725
520.057625
520.500275
520.575575
520.628225
520.698925
520.714850
520.717950
520.753075
520.801525
521.153225
521.613125
521.656825
521.833925
521.849850
522.477975
522.582075
522.657725
522.912125
523.119000
523.137225
523.257325
523.298175
523.392425
523.568900
523.692675
523.729825
523.973000
524.037550
524.095975
524.131675
524.215025
524.271000
524.368450
524.749100
524.765200
524.903100
525.010675
525.032175
525.102325
525.138950
525.294775
525.380125
525.498700
525.624075
525.687975
525.766150
525.856850
525.953700
525.994350
526.022325
526.100950
526.432700
526.467850
526.613900
527.236000
527.280325
527.300350
527.316100
527.344075
527.346025
527.394575
527.469350
527.562450
527.894775
528.191650
528.492725
528.586950
528.636175
529.015425
529.038850
529.289900
