0.011225
0.116550
0.347200
0.891375
1.037100
1.092400
1.220575
1.497675
1.588200
1.760750
1.937450
2.002075
2.026700
2.072000
2.096800
2.379925
2.451525
2.800125
2.858825
2.910100
2.968975
2.980375
3.333025
3.477975
3.659150
3.703450
3.919225
4.094500
4.212375
4.501675
4.732200
4.983125
4.988050
5.036850
5.058575
5.278425
5.495100
5.526100
5.542950
5.733600
6.154725
6.509575
6.547775
6.855200
7.026600
7.033425
7.063350
7.086875
7.234700
7.855350
7.895775
7.927600
8.206100
8.361025
8.382675
8.626200
8.744725
8.758975
8.770175
8.785625
8.796250
9.315150
9.338675
9.359150
9.372875
9.392925
9.462200
9.583175
9.619450
9.998975
10.049250
10.067075
10.129675
10.144775
10.327100
10.683100
10.697950
10.739125
10.745750
11.204850
11.226600
11.247075
11.820825
11.971000
12.006175
12.303575
12.387525
12.396550
12.445375
12.458950
12.470925
13.699025
13.958500
13.972350
14.284925
14.359525
14.466400
14.643950
14.682350
15.175775
15.195475
15.223450
15.377900
15.932950
15.943000
15.962725
16.133350
16.259275
16.396400
16.869350
17.040250
17.297800
17.467950
17.903175
18.194700
18.206750
18.239275
18.327675
18.501500
18.983750
18.985625
19.017575
19.077700
19.146575
19.394775
19.399000
20.166300
20.403300
20.508675
20.818975
20.873050
21.081200
21.329975
21.384950
21.494100
21.517950
21.604050
21.733075
21.811725
22.184675
22.227875
22.287325
22.347225
22.565600
22.787400
22.814200
22.874575
22.911775
23.247050
23.374950
23.766725
23.949025
23.950225
24.311075
24.447975
24.783125
24.925950
24.949575
25.215050
25.248250
25.270200
26.037100
26.150725
26.166225
26.192175
26.208200
26.209900
26.498250
26.630025
26.669625
26.677175
26.909575
26.962450
27.022350
27.062000
27.122500
27.245375
27.446225
27.476075
27.687025
27.760325
27.819975
28.027675
28.152375
28.210250
28.244875
28.275800
28.819075
28.836925
28.888150
28.910250
28.981150
29.450425
29.472575
29.520725
29.544400
29.556300
29.647350
29.696500
29.704100
29.862300
29.966425
30.060525
30.811725
30.941550
31.051850
31.177925
31.822275
31.876775
32.374825
32.417750
32.997550
33.591600
34.176350
34.206225
34.310975
34.383250
34.475850
34.546325
34.563950
34.868625
35.059200
35.592125
35.636225
35.765975
35.863175
35.927025
35.972000
36.084225
36.140400
36.208650
36.273875
36.742825
36.955975
37.123575
37.177975
37.317525
37.365375
37.463850
37.543025
37.585675
38.015600
38.441775
38.614800
38.636750
38.688275
38.868525
39.112375
39.153150
39.481475
39.522575
39.876350
39.925100
40.089000
41.076975
41.460400
41.501950
41.616950
41.625625
41.643125
42.441075
42.564825
42.684825
42.732550
42.832825
42.896650
42.983850
43.061175
44.103975
44.155475
44.164450
44.206325
44.297700
44.708950
44.730075
44.748325
44.829200
44.883525
44.919975
44.933425
45.316550
45.326200
45.350650
45.383650
45.446450
45.632500
46.118225
46.152550
46.250000
46.374175
46.573275
46.998375
47.076075
47.184350
47.193800
47.241925
47.309750
47.596925
47.638500
47.761150
48.016175
48.041750
48.132375
48.244250
48.287850
48.427150
48.629050
49.129325
49.346900
49.437400
50.080925
50.109625
50.115100
50.498650
50.745050
50.955875
51.250000
51.324875
51.743250
51.805950
51.880450
52.158600
52.170750
52.215800
52.227900
52.324200
52.372825
52.432025
52.703300
52.786200
52.820025
52.843900
53.667650
53.691850
53.787650
53.842750
53.895650
53.915975
53.996050
54.321675
54.431250
54.493300
54.777575
54.943725
55.230225
55.339125
55.584325
55.665425
55.693250
56.370650
56.465625
56.756675
57.514700
57.870050
57.944975
58.092750
58.432275
58.439400
58.515775
58.746650
58.913350
58.940825
59.099825
59.739450
60.098450
60.180500
60.246725
60.261275
60.359125
60.365675
60.396100
60.537700
60.549100
60.605775
60.816125
60.898775
60.973975
61.479450
62.009350
62.019650
62.067900
62.112300
62.204625
62.241025
62.643525
63.071550
63.083550
63.090700
63.131350
63.226100
63.276300
63.476400
63.661575
63.856600
64.248475
64.657725
64.706125
64.944375
65.114200
65.539300
66.047825
66.167925
66.204850
66.453375
66.790500
66.980625
67.055900
67.195250
67.223800
67.872875
67.970475
68.041250
68.088400
68.121800
68.311775
68.689250
68.839000
69.370275
69.427025
69.439775
70.029000
70.328775
70.546200
70.726200
70.754975
70.999000
71.518925
71.882550
71.904425
72.027100
72.157625
72.171300
72.349975
72.427275
72.455525
73.073300
73.164250
73.255450
73.339875
73.349925
73.889125
73.933850
73.988975
74.173425
74.214925
74.319425
74.350175
74.402000
74.504850
74.523775
74.531175
74.875900
74.931000
74.977150
75.034725
75.077675
75.405475
76.057925
76.267975
76.417450
76.492000
76.526650
76.562875
76.698875
77.113875
77.596350
78.090850
78.223600
78.258700
78.417825
78.537625
78.610525
78.866200
79.378550
79.411250
79.511450
79.604675
79.703250
80.191100
80.213300
80.829500
80.846100
80.910825
81.058775
81.087600
81.119475
81.302900
81.313475
81.361575
81.374375
81.947475
82.346475
82.463150
82.683175
82.954225
83.149225
83.219600
83.308850
83.321700
83.967525
83.989400
84.081175
84.101550
84.107600
84.170625
84.421250
84.612725
84.716425
85.062250
85.712300
85.721650
85.728650
85.749350
86.071825
86.455050
86.480600
86.506725
86.565425
86.645350
86.767075
87.170850
87.747175
87.905525
88.124575
88.136200
88.270175
88.740275
88.854775
88.920400
89.133150
89.140025
89.163175
89.174150
89.193650
89.279075
89.329000
89.458750
89.566025
89.623125
89.749000
89.799250
90.010825
90.255525
90.413225
90.508725
90.632675
90.659375
90.725275
90.820775
90.917050
90.937050
91.105175
91.465175
91.484975
91.626000
92.030300
92.562075
92.638250
92.729275
92.768175
92.815175
93.076125
93.162075
93.366950
93.430100
93.435425
93.439750
93.468350
93.471875
93.519200
93.562375
93.780325
93.880400
94.082100
94.647300
94.779050
95.015900
95.029525
95.041975
95.239900
95.577050
95.601250
95.678150
95.722275
95.886500
95.949050
96.107550
96.185450
96.282975
96.291750
96.316150
96.319175
96.465950
96.589875
96.624925
97.025775
97.597700
97.897025
97.936775
97.954425
97.965150
97.973775
98.008750
98.249000
98.472875
98.655500
98.737050
98.764100
98.856425
98.876500
99.113225
99.161575
99.235750
99.416275
99.487400
99.498500
99.618775
99.671175
99.762125
99.784650
100.317825
100.568875
100.607650
101.374275
101.508000
101.749025
101.808275
101.870475
102.235850
102.398625
102.669900
102.674175
102.823725
102.865350
103.075225
103.160750
103.247750
103.304575
103.320500
103.387600
103.573725
103.869500
104.049375
104.088150
104.174250
104.364000
104.471600
105.638225
105.947600
106.048625
106.252625
106.378800
106.398000
106.529550
106.568825
106.623300
106.674925
107.214850
107.347900
107.374650
107.662100
107.672400
107.977425
108.108275
108.118825
108.244125
108.302425
108.316600
108.525075
108.907950
109.047450
109.440675
109.503650
109.702700
109.729275
109.742675
109.772250
109.878200
110.029475
110.580100
110.806175
111.160950
111.582775
111.697900
111.720150
111.761100
111.925200
112.116075
112.159075
112.446875
112.885575
112.957500
112.972425
113.184975
113.554650
114.051450
114.139625
114.429800
114.440475
114.845225
115.285175
115.450800
115.999875
116.401975
116.428600
116.547575
116.710325
117.122050
117.523850
118.049450
118.391850
118.480975
118.625225
118.716650
118.821400
118.919725
119.039800
119.062425
119.988350
120.143875
120.345425
120.362900
120.757400
120.862600
120.936325
120.965575
121.061375
121.195000
121.339925
121.596350
121.624250
121.637325
121.684800
121.697350
121.985175
121.997775
122.021075
122.441350
122.599225
122.727050
122.755650
123.021400
123.262450
123.282000
123.617250
123.844250
124.876400
124.996100
125.087975
125.117300
125.164650
125.222725
125.452325
125.477375
125.491275
125.686850
125.767550
125.887500
126.454925
126.462975
126.469600
126.526200
126.587150
126.607575
126.707375
126.837825
126.853100
126.921825
127.309175
127.472675
127.574950
127.820250
128.260575
128.355900
128.914075
129.095425
129.323450
129.425550
129.538525
129.637600
129.754450
129.775500
129.817750
130.165350
130.297700
130.591400
130.608200
130.660900
130.919400
131.458800
131.587625
131.619900
131.685900
131.835525
132.008450
132.101425
132.263625
132.355725
132.577475
132.931925
133.095825
133.292550
133.343225
133.519800
133.634925
133.666250
134.225650
134.265950
134.409850
134.559975
134.764625
134.857325
135.180375
135.217725
135.296350
135.470325
135.754725
136.021600
136.523450
136.851400
137.528300
137.805150
137.825425
138.096100
138.594425
138.755925
138.784950
138.816800
139.023275
139.051025
139.060300
139.187550
139.204050
139.222225
139.306575
139.796425
140.047100
140.068550
140.300175
140.366800
140.441675
140.521825
140.548050
140.558725
140.874300
140.885850
141.156550
141.421225
141.608100
142.000950
142.022225
142.042550
142.076000
142.129750
142.498175
142.539200
143.055125
143.153075
144.542200
144.671100
144.844875
144.846900
145.017650
145.087375
145.248650
145.588150
146.008775
146.088050
146.209925
146.275950
146.379375
146.529650
146.640000
146.726150
146.743825
146.758750
146.906650
146.987825
147.045125
147.058375
147.064025
147.143650
147.158150
147.504175
147.866800
147.979500
148.245650
148.680200
148.737150
148.894250
148.966350
149.024825
149.078575
149.230775
149.281375
149.385700
149.792850
150.229950
150.252825
150.301425
150.373550
150.725375
151.019950
151.300175
151.427000
151.484875
151.504625
151.539175
151.595550
151.755425
152.375500
152.438600
152.774250
152.816375
152.890425
153.297750
153.434975
153.645200
153.814600
153.944525
153.969500
154.158750
154.167200
154.431875
154.730450
154.857125
155.041650
155.225050
155.339225
155.568675
155.613100
155.646275
155.835425
155.927300
156.183575
156.429100
156.438025
157.029650
157.053600
157.066425
157.246075
157.271825
157.651850
158.029050
158.800675
159.548200
159.588200
159.686750
159.692475
160.044250
160.277650
160.652200
160.743250
160.798750
160.807675
160.820750
160.865300
161.303575
161.410850
161.454625
161.574425
161.930350
161.950450
162.315475
162.419425
162.445300
162.533925
162.556000
162.706725
162.883150
163.483750
163.512000
163.521950
164.028675
164.064275
164.286675
164.413175
164.599050
164.999275
165.091600
165.281100
166.047825
166.090450
166.383175
166.488200
166.965700
167.463550
167.884300
168.157450
168.696625
169.155225
169.219600
169.345750
169.683350
169.836500
169.955550
170.141625
170.207825
170.296350
170.360275
170.552075
170.617425
170.753825
170.835550
170.986825
171.027925
171.658850
172.197425
172.828725
172.981400
173.308275
173.434100
173.559350
173.814175
174.994425
175.035225
175.174925
175.606950
176.132250
176.257800
176.644250
177.016850
177.077925
177.079150
177.088400
177.105000
177.233150
177.637075
177.748275
177.917450
178.053025
178.068625
178.509075
178.686825
179.121025
179.292600
179.333750
179.375325
179.419400
179.638425
179.882300
180.064750
180.885525
181.024000
181.224500
181.335875
181.487650
181.702925
182.038575
182.143150
182.305775
182.569875
182.795000
183.033975
183.381700
183.826450
183.896450
183.933000
184.107175
184.160525
184.426775
184.799150
184.864475
185.154675
185.299225
185.422550
185.653275
186.554925
186.872150
186.896575
187.154875
187.200750
187.290800
187.342225
187.643100
188.313175
189.735925
190.070775
190.196650
190.207675
190.242500
190.266475
190.293100
190.470675
191.168500
191.246600
191.482150
191.723250
192.130650
192.413175
192.594400
192.605475
192.683075
192.893125
193.177775
193.189975
193.229650
193.358925
193.475750
193.815475
193.842400
194.277150
194.317075
194.577350
194.675775
194.708700
195.015775
195.038650
196.069525
196.872675
197.047550
197.456300
197.703025
197.896275
198.112975
198.550325
198.620700
198.751150
199.306900
199.777350
200.028500
200.249900
200.828150
200.851675
200.858600
201.192350
202.091075
202.295200
202.480050
204.099000
204.323800
204.400725
204.768550
204.985000
205.805775
206.080800
206.155975
206.286075
206.538075
206.869150
207.421400
207.468500
208.172000
208.392150
208.771325
208.842275
210.273775
210.461350
210.670200
210.922450
210.929450
211.262625
211.273975
211.323600
211.493200
211.651500
211.686425
212.503700
212.544375
212.875425
213.039000
213.115400
213.508475
213.516950
213.851200
213.896300
214.044150
214.113600
214.266875
214.318800
214.384775
215.122400
215.264725
215.369475
215.421375
215.445950
215.557925
215.652300
215.695625
215.870650
215.990175
216.312200
216.412875
216.582475
216.713925
216.810600
217.016475
217.448425
217.485550
217.528225
217.558650
217.609600
217.979125
218.272350
218.408400
218.702950
218.902400
219.206850
219.353900
219.981450
220.082650
220.162450
220.187475
220.322200
220.835275
221.043500
221.372025
221.473775
221.560725
221.622800
221.910300
221.983425
222.084325
222.251525
222.575825
222.976175
223.013600
223.038050
223.398425
223.649225
224.115500
224.206725
224.420025
224.481875
224.720975
224.783975
224.955200
226.200300
226.914900
227.323475
227.478525
227.626900
227.737325
227.959850
228.136250
228.362525
228.475500
228.784875
228.956950
229.200225
229.303225
230.108925
230.198525
230.226125
230.432900
230.701250
230.938475
231.029200
231.298075
231.825100
231.881200
231.949150
231.956800
232.445675
232.523425
232.641900
233.033625
233.171425
234.383550
234.385075
234.828825
235.137100
235.186875
235.523125
235.533125
235.617075
236.405025
236.918475
237.476950
237.530075
237.621650
238.020675
238.783200
239.117100
239.439650
239.804675
239.888375
240.082675
241.145775
241.253800
241.333050
241.446350
241.477925
242.159600
242.232575
242.250400
242.378050
242.492125
242.514950
242.745450
242.968125
243.102575
243.315375
243.440100
243.664925
243.844050
244.475000
244.515025
245.000400
245.155850
245.862575
246.427750
246.463850
246.645875
247.058100
247.167575
247.215950
247.717250
248.077850
248.622850
248.946650
248.956650
249.370850
250.000200
250.211400
250.571875
250.717200
250.906775
250.938000
251.393800
251.771050
252.242825
252.260550
252.858400
252.896725
253.078950
253.677625
253.768050
254.007850
254.097350
254.113900
254.320075
254.750575
254.936425
255.059050
255.139925
255.645225
256.197000
256.770050
256.954500
256.990325
257.661550
257.706650
258.576325
258.929625
259.349400
259.605975
259.913700
260.002050
260.171425
260.824075
261.041625
261.156275
261.304150
261.667750
261.746225
261.821375
263.266400
263.314200
263.353600
264.665625
265.574925
265.745100
265.892875
265.945625
266.694925
266.832725
267.263025
267.383050
267.669650
267.854750
269.493750
270.819500
271.689250
271.739725
272.068025
272.145100
272.768275
273.377750
273.539450
273.703400
273.733225
273.785575
273.888775
274.300700
275.334525
275.720000
275.762625
275.770175
275.984675
276.182725
276.395775
276.470775
276.581000
276.824650
277.078950
277.102625
277.212450
277.466150
277.549150
277.905325
277.997100
278.052450
279.341000
280.199175
280.282275
280.432625
280.538575
280.664075
281.764175
281.807550
282.189675
282.201700
282.422850
282.485375
283.169700
283.484825
283.839750
284.416775
284.758100
285.048500
286.060225
286.346025
286.919625
287.009350
287.296825
287.540650
287.641500
287.795025
287.924075
287.982725
288.246000
288.302675
288.458025
288.579275
288.674400
289.407600
289.485600
289.555450
289.702325
290.005300
290.152175
290.600925
291.133575
291.308350
291.498425
291.834800
292.656650
293.044475
293.385550
293.492250
293.604425
293.864825
294.182875
294.558700
295.059650
297.240675
298.088250
298.241350
298.350025
298.462050
298.509875
298.557750
298.649125
298.993650
299.169325
299.486050
299.657150
299.781900
300.013325
300.021700
300.353600
300.450425
300.498825
300.586675
300.745075
301.135275
301.242600
301.477525
301.745525
301.762350
302.053875
302.059875
302.745650
303.113350
303.492575
303.824375
304.011450
304.284475
304.307050
304.400150
304.756975
304.904050
305.204150
305.481150
305.511425
305.577900
306.151925
306.627850
306.805700
306.842950
307.041350
307.093100
307.329275
307.407450
308.143200
308.551400
308.795800
309.124450
309.326575
310.137600
310.278900
310.825075
311.069425
311.091150
311.138725
311.166825
311.186450
311.299375
311.632675
312.190550
312.542700
312.593325
312.731850
313.120475
313.216825
314.367175
314.380550
314.790825
315.148475
315.200025
315.345450
315.466675
316.585525
316.723050
316.972100
317.249125
317.386075
317.406700
317.418525
317.613375
318.414600
318.604450
319.081775
319.142350
319.222600
319.381925
319.784900
319.979650
320.922925
321.221625
321.292425
321.859250
322.087050
322.510550
322.757450
322.769050
323.004600
323.238475
323.326525
323.425700
324.052950
324.140250
324.202600
324.328000
324.633100
324.763625
325.236850
325.804200
325.977775
326.862525
327.070775
327.231125
327.815750
328.978725
329.475475
330.312550
330.992500
331.906050
332.210525
332.847625
333.502350
334.046975
334.530550
334.545600
334.752825
335.033075
335.067750
335.314575
335.494325
335.659125
336.866325
337.193125
337.231100
337.245525
337.352575
337.593100
337.835900
338.027725
338.773175
338.874575
339.942400
340.491650
340.539025
340.604000
341.439375
342.336200
342.341000
342.379750
342.427800
342.890025
344.368075
345.364075
346.513425
347.223975
347.313275
347.867250
347.898325
349.346400
349.935125
351.899225
351.934050
352.086700
352.291225
352.770500
353.940350
356.498275
357.235525
357.683475
357.845000
358.104025
358.195800
358.326425
359.481950
360.172375
361.311600
361.799575
362.662425
362.693375
362.865875
363.434900
363.653700
363.945225
363.977775
364.699975
365.023025
365.160525
366.055400
367.063025
367.138425
367.937950
368.206625
368.549425
368.937025
369.163475
369.248075
369.270750
369.464300
369.610425
369.694650
370.381200
370.642075
370.658625
371.172575
372.259100
372.634350
372.898475
373.381000
373.847925
374.708500
374.889850
375.186625
376.112750
376.142500
376.428525
376.600175
377.355925
377.428925
378.340575
378.439625
379.509675
379.782225
380.038950
380.329775
380.688650
380.720900
380.749750
381.060525
381.850675
382.652875
383.250950
383.480175
384.136175
384.846875
385.598450
386.261350
387.349775
387.358050
387.775425
387.996500
388.123600
389.452475
389.715650
389.834625
390.210675
390.699025
393.175800
394.503925
394.519875
396.222950
396.296700
396.461725
397.986375
398.142750
398.209975
399.888525
