# # All spikes for Neuron
0.065250
0.100100
0.174625
0.203325
0.222375
0.234700
0.264500
0.302275
0.385125
0.416950
0.452150
0.500675
0.525575
0.563975
0.596550
0.640825
0.676900
0.702025
0.780875
0.828025
0.843950
0.881350
0.907325
0.926900
0.940225
0.998700
1.034325
1.095475
1.127500
1.207725
1.239475
1.279275
1.305675
1.331400
1.395000
1.446475
1.476300
1.535900
1.596125
1.637450
1.662600
1.760775
1.775600
1.798000
1.824875
1.835975
1.870025
1.931375
1.954850
1.986725
2.148950
2.227725
2.248325
2.286950
2.362050
2.460700
2.492950
2.561025
2.601100
2.624850
2.643925
2.664150
2.719700
2.766000
2.848675
2.901550
2.924675
2.964225
2.990050
3.031375
3.088600
3.112650
3.162425
3.219350
3.262275
3.326000
3.347150
3.378200
3.436325
3.462375
3.493250
3.506800
3.590650
3.610000
3.663575
3.861550
3.904875
4.001850
4.025575
4.038975
4.166075
4.214425
4.269175
4.305450
4.331750
4.361375
4.400825
4.455675
4.509525
4.531775
4.573925
4.584875
4.600575
4.712975
4.799625
4.866875
4.913750
4.957700
5.039000
5.134150
5.170500
5.232650
5.297175
5.317700
5.356025
5.394725
5.411750
5.459425
5.497225
5.543225
5.555800
5.606175
5.658675
5.688325
5.733675
5.775900
5.825600
5.860300
5.937125
5.963275
5.979650
6.112400
6.148450
6.160900
6.236850
6.262375
6.281550
6.306150
6.499100
6.538775
6.617800
6.629775
6.646200
6.932725
6.956975
7.029375
7.070725
7.130775
7.158975
7.183425
7.277375
7.354200
7.372925
7.422500
7.517525
7.555600
7.584075
7.596525
7.642700
7.664550
7.677975
7.824500
7.913425
7.980900
8.035050
8.056800
8.077375
8.206375
8.217075
8.233875
8.389700
8.533100
8.561675
8.598800
8.689550
8.781725
8.822875
8.883275
8.902875
8.935950
8.966025
8.984150
9.041725
9.054975
9.072150
9.145175
9.238850
9.290875
9.367750
9.396650
9.408600
9.428150
9.516525
9.580925
9.616300
9.648725
9.814250
9.835850
9.848925
9.939300
10.053200
10.158975
10.204000
10.258700
10.290975
10.306350
10.332600
10.401650
10.596500
10.674600
10.696050
10.717450
10.840825
10.885775
10.922575
11.249875
11.345275
11.365375
11.436000
11.465650
11.550850
11.632575
11.645050
11.687400
11.744400
11.752875
11.805325
11.817600
11.965600
12.031950
12.065675
12.125525
12.151650
12.400150
12.418425
12.493425
12.539150
12.550275
12.656800
12.834725
12.891500
13.043800
13.105700
13.174775
13.209250
13.224425
13.259575
13.315125
13.323350
13.385875
13.448175
13.479025
13.496750
13.535975
13.549825
13.583275
13.650325
13.741825
13.773750
13.864475
13.898025
13.915575
13.972775
14.066850
14.094350
14.227225
14.317775
14.339450
14.380075
14.400050
14.594150
14.624375
14.661875
14.701325
14.742600
14.797675
14.853875
14.928600
14.955050
14.980925
15.029375
15.059650
15.069875
15.162375
15.265350
15.305175
15.432375
15.640675
15.683475
15.774600
15.833275
15.844925
15.900425
15.922375
16.037000
16.095275
16.142175
16.247725
16.293325
16.372075
16.454300
16.493150
16.507250
16.527650
16.666425
16.687425
16.823700
16.863925
16.884625
16.910325
16.978225
17.009300
17.023350
17.051575
17.198125
17.267950
17.354175
17.416600
17.446850
17.464050
17.567650
17.588950
17.657125
17.674450
17.696175
17.738900
17.749550
17.779375
18.070100
18.159700
18.231275
18.267925
18.332625
18.356200
18.410700
18.582500
18.616700
18.745925
18.923225
19.098425
19.168200
19.251775
19.313350
19.404975
19.431000
19.464000
19.485400
19.513750
19.543200
19.594250
19.816050
19.944350
19.960650
20.046800
20.078425
20.088550
20.125250
20.157350
20.469725
20.524200
20.578725
20.626700
20.670425
20.683450
20.759425
20.787550
20.811650
20.842950
20.900425
20.921375
20.960875
20.980475
21.269425
21.438475
21.574375
21.652000
21.695350
21.724950
21.754950
21.812075
21.835975
21.845875
21.900025
21.987850
22.014600
22.042525
22.061925
22.109025
22.156475
22.216775
22.280000
22.306650
22.372800
22.426925
22.459975
22.508325
22.576250
22.622325
22.679800
22.767675
22.788075
22.824825
22.845275
23.005150
23.037725
23.075450
23.146425
23.218750
23.232125
23.277450
23.293225
23.320075
23.370950
23.403600
23.449700
23.467100
23.589700
23.695250
23.746825
23.760025
23.937800
24.117000
24.174500
24.310275
24.361925
24.391325
24.493175
24.565300
24.578225
24.639075
24.683675
24.819075
24.850850
24.867400
24.908550
24.956700
24.989350
25.128175
25.156450
25.208525
25.268575
25.357225
25.412750
25.463200
25.534450
25.608450
25.654875
25.692025
25.850475
25.877800
25.886200
25.903350
26.093275
26.114000
26.159825
26.248625
26.372700
26.401500
26.493425
26.545950
26.601800
26.615825
26.651525
26.675900
26.687650
26.742675
26.815100
26.835125
26.875225
26.888950
26.953950
27.044025
27.082600
27.199425
27.223350
27.246400
27.412950
27.607075
27.637125
27.656475
27.694275
27.727250
27.762175
27.787000
27.915725
27.962275
28.003275
28.232700
28.306700
28.430850
28.443275
28.482400
28.505250
28.649150
28.693075
28.712225
28.736025
28.975275
29.072500
29.180050
29.292025
29.356325
29.405250
29.440300
29.525000
29.645925
29.685150
29.705625
29.814175
29.873500
29.981250
30.010875
30.034125
30.078250
30.344675
30.394650
30.464675
30.479075
30.495225
30.673250
30.789825
30.829325
30.860075
30.894500
30.916250
30.963400
31.034950
31.084150
31.169925
31.219275
31.378375
31.445550
31.513775
31.550900
31.571400
31.859400
31.901775
31.951425
32.067450
32.121375
32.255675
32.328700
32.341825
32.491125
32.555200
32.582375
32.686925
32.796500
33.021725
33.135150
33.208175
33.221025
33.269225
33.283625
33.367775
33.451825
33.471500
33.555375
33.595075
33.689875
33.706725
33.758600
33.930450
33.959225
34.092775
34.118525
34.335150
34.368750
34.388575
34.561025
34.657225
34.735975
34.758675
34.785450
34.809475
34.834400
34.849775
35.051675
35.093200
35.229675
35.256775
35.409075
35.464650
35.607400
35.748325
35.843350
35.885375
35.955550
36.204300
36.273575
36.300875
36.415775
36.510075
36.627350
36.818975
36.946300
37.401275
37.579325
37.656850
37.725675
37.759975
37.781675
37.844375
38.079900
38.173300
38.338775
38.675175
38.706450
38.751975
38.796750
38.824525
38.840350
38.939200
39.029825
39.088500
39.107575
39.184300
39.475725
39.506650
39.549200
39.598625
39.630875
39.650800
39.665875
39.718275
39.728025
39.730625
39.772225
39.788500
39.805200
39.833775
39.951425
39.990600
40.057050
40.094650
40.279650
40.347450
40.398325
40.500275
40.712100
40.816200
41.009950
41.065100
41.174225
41.275875
41.445800
41.531325
41.554500
41.636075
41.686875
41.778900
41.823925
41.897300
41.985225
42.045775
42.201475
42.240125
42.263525
42.277375
42.328050
42.375175
42.436650
42.494225
42.731700
42.771450
42.847500
42.874800
42.905075
42.956050
42.981900
43.016125
43.027375
43.117875
43.158475
43.175300
43.186850
43.213250
43.262725
43.371575
43.524150
43.586975
43.668650
43.718000
43.749625
43.825175
43.839600
43.942325
44.005075
44.042875
44.166550
44.239800
44.329775
44.357025
44.406975
44.502775
44.548250
44.561225
44.595150
44.636050
44.651275
44.742175
44.756875
44.912775
44.975725
45.241225
45.657500
45.711425
45.770600
45.825025
45.891250
45.933675
45.964975
45.980200
45.989675
46.003850
46.031800
46.074900
46.139075
46.190225
46.222400
46.275700
46.300875
46.321950
46.342125
46.375375
46.453875
46.506975
46.548750
46.587850
46.620100
46.763325
46.798225
46.882525
46.896975
46.914150
46.960025
47.044350
47.064050
47.193000
47.240000
47.395875
47.424650
47.475650
47.527000
47.536875
47.553000
47.745575
47.802125
47.823600
48.036425
48.217000
48.297825
48.316800
48.395025
48.406550
48.477725
48.498550
48.568900
48.593500
48.614825
48.626525
48.749025
48.766650
48.786275
48.826200
48.910450
48.922925
48.999550
49.030975
49.102025
49.142400
49.162800
49.290700
49.306150
49.344400
49.358000
49.396375
49.455750
51.513175
59.310300
59.445475
59.522975
59.610300
59.721475
59.774450
59.843350
59.896600
59.971025
60.044425
60.083700
60.147800
60.230575
60.277325
60.350775
60.413875
60.518100
60.582100
60.642250
60.707450
60.845800
60.928800
60.973825
61.017750
61.087600
61.112625
61.157775
61.195300
61.252800
61.307250
61.341425
61.398700
61.464375
61.494875
61.565200
61.628525
61.700550
61.742550
61.808100
61.912725
61.994200
62.061400
62.105275
62.255400
62.314650
62.362175
62.386525
62.482450
62.546275
62.576400
62.623050
62.692750
62.731525
62.758450
62.786800
62.820750
62.901375
62.923550
63.004925
63.194450
63.244575
63.300150
63.332450
63.349575
63.379775
63.399950
63.469825
63.487725
63.506300
63.537900
63.567175
63.605400
63.765350
63.801550
63.827850
63.885350
63.919150
63.948700
63.988550
64.024050
64.031925
64.063875
64.081750
64.206675
64.220375
64.304800
64.332100
64.418400
64.493550
64.514625
64.555950
64.599200
64.644075
64.746500
64.831700
64.851975
64.914600
64.995150
65.029750
65.089100
65.100900
65.151725
65.182300
65.204050
65.250625
65.268850
65.323000
65.348900
65.401475
65.443000
65.487100
65.556225
65.588150
65.707850
65.742850
65.761475
65.845700
65.886625
65.931525
66.018750
66.090650
66.145525
66.183875
66.204825
66.225950
66.296800
66.319100
66.345900
66.403775
66.444150
66.467650
66.547150
66.594900
66.690125
66.748250
66.809350
66.842025
66.897825
66.919275
66.935800
66.967150
66.978050
67.011250
67.032775
67.062400
67.169025
67.240075
67.274000
67.285800
67.366475
67.443575
67.513950
67.600425
67.687550
67.705625
67.738975
67.782000
67.830625
67.844300
67.873550
67.921300
67.936700
67.962875
68.135400
68.282950
68.380300
68.467975
68.509000
68.565400
68.629650
68.662100
68.713675
68.756975
68.774900
68.787550
68.890675
68.937800
68.992275
69.018350
69.058725
69.110300
69.148025
69.181425
69.202725
69.259275
69.329375
69.346675
69.431325
69.447750
69.536500
69.596425
69.627850
69.706975
69.725500
69.855125
69.899100
69.929825
69.953600
69.987350
70.061250
70.096800
70.115475
70.149075
70.170575
70.206425
70.223750
70.245275
70.363250
70.429225
70.505850
70.517000
70.551400
70.634850
70.651650
70.692500
70.735675
70.768075
70.780625
70.841025
70.856425
70.872075
70.959925
70.990525
71.059750
71.082150
71.122850
71.158100
71.224975
71.277000
71.318975
71.349950
71.411475
71.575250
71.648000
71.717725
71.807000
71.928525
71.988725
72.014800
72.110400
72.144800
72.158675
72.184075
72.208875
72.233275
72.245825
72.255150
72.284100
72.329025
72.339625
72.518500
72.529525
72.598575
72.722125
72.744175
72.758000
72.773675
72.781950
72.866575
72.902075
72.939175
72.989575
73.012150
73.034100
73.079625
73.109725
73.161150
73.171925
73.192000
73.233325
73.395425
73.499525
73.529150
73.554725
73.629375
73.645875
73.691050
73.757250
73.791350
73.833675
73.851200
73.886125
73.938750
74.038200
74.069125
74.102650
74.139300
74.174800
74.214500
74.223875
74.301900
74.335025
74.598850
74.711700
74.825800
75.030550
75.101250
75.131125
75.190275
75.272875
75.321075
75.359400
75.392000
75.475550
75.516825
75.547175
75.572350
75.593775
75.624450
75.643625
75.661500
75.679475
75.757725
75.839725
75.856850
75.896900
75.913625
75.950625
75.992175
75.999150
76.090725
76.183700
76.216575
76.234225
76.245025
76.262975
76.352950
76.449050
76.493575
76.538100
76.556425
76.606250
76.641475
76.712725
76.869650
76.991350
77.019775
77.049275
77.082075
77.117575
77.183475
77.243875
77.276450
77.324000
77.335600
77.357175
77.393475
77.527725
77.585350
77.733925
77.808200
77.880500
77.911000
77.928725
77.967225
77.981025
78.003675
78.025100
78.044275
78.092650
78.106525
78.251350
78.267600
78.365800
78.424175
78.440475
78.453700
78.484450
78.520625
78.538500
78.571675
78.607125
78.630650
78.661600
78.893200
78.916825
79.024600
79.049675
79.095200
79.110450
79.120300
79.175700
79.312825
79.400675
79.417500
79.450650
79.470425
79.690175
79.734800
79.791075
79.799475
79.896275
79.931975
80.004025
80.016825
80.034325
80.157825
80.184675
80.275100
80.288025
80.336000
80.415875
80.435325
80.459425
80.476100
80.493050
80.659175
80.690100
80.755075
80.908175
80.947900
80.991900
81.062000
81.083475
81.173200
81.232875
81.300275
81.329750
81.431850
81.512075
81.597350
81.646350
81.672300
81.697850
81.783550
81.801925
81.816975
81.837575
81.857750
81.910800
81.938775
81.948100
82.001225
82.020825
82.045825
82.104475
82.129100
82.171175
82.252525
82.271625
82.304875
82.319150
82.452600
82.470925
82.559750
82.591000
82.621025
82.646700
83.019700
83.104500
83.164825
83.213425
83.241000
83.254775
83.288900
83.320225
83.336900
83.439150
83.482350
83.569300
83.731075
83.805850
83.828175
83.873100
83.937000
83.991150
84.012900
84.050375
84.074800
84.170650
84.201275
84.231950
84.239800
84.247875
84.271925
84.336825
84.433900
84.507725
84.528775
84.646550
84.689750
84.721725
84.749950
84.772800
84.818025
84.886025
84.968575
84.985750
85.074525
85.110175
85.174700
85.215650
85.227000
85.389450
85.422525
85.503525
85.526550
85.559375
85.589725
85.612125
85.666675
85.714725
85.790725
85.910525
85.942000
85.956800
86.012150
86.052075
86.081000
86.109225
86.122900
86.168825
86.219125
86.347275
86.369750
86.388925
86.434350
86.572300
86.607400
86.678500
86.700575
86.774925
86.880225
86.919575
86.961850
86.971875
87.001125
87.065000
87.353650
87.496500
87.523700
87.539275
87.578725
87.606300
87.619725
87.822825
87.860200
87.938750
88.007025
88.061625
88.098875
88.117000
88.151075
88.165625
88.201650
88.247275
88.313625
88.358100
88.456450
88.469350
88.660150
88.675625
88.850100
88.926125
88.976375
89.051525
89.082525
89.094450
89.135550
89.161575
89.426700
89.445950
89.465325
89.521800
89.556275
89.582725
89.674700
89.717125
89.797800
89.821225
89.853500
89.885950
89.901675
89.941225
90.128625
90.152175
90.275225
90.342650
90.373300
90.421025
90.435975
90.482825
90.551675
90.577850
90.589775
90.815400
90.874125
90.936125
90.982050
91.001375
91.055450
91.163925
91.216525
91.290175
91.347325
91.399050
91.436450
91.458025
91.501400
91.526350
91.594875
91.613250
91.652875
91.681400
91.881175
91.948625
92.270100
92.303450
92.388500
92.447550
92.469250
92.524175
92.541350
92.633325
92.842800
92.915425
92.977575
93.034400
93.090750
93.152975
93.197450
93.288475
93.370500
93.386400
93.413550
93.425450
93.612775
93.736225
93.813500
93.877000
93.893725
93.968300
93.988825
94.060050
94.144175
94.178400
94.201625
94.240850
94.271050
94.326975
94.368550
94.518050
94.582800
94.649725
94.663750
94.706750
94.724200
94.743150
94.841625
94.877100
95.110775
95.169175
95.208275
95.234525
95.250150
95.301350
95.313000
95.351775
95.665800
95.782200
95.813800
95.831975
95.910850
95.956900
95.976525
96.031925
96.092150
96.112950
96.156725
96.188525
96.358675
96.395050
96.448200
96.512950
96.585525
96.603350
96.677300
96.776775
96.853225
96.876650
96.938650
96.961450
97.360775
97.441950
97.504675
97.562625
97.586975
97.663800
97.688000
97.731325
97.766550
97.807050
97.824950
97.835400
97.860025
98.243700
98.314675
98.381375
98.436800
98.463450
98.499425
98.546750
98.594275
98.943775
99.031375
99.108925
99.168500
99.206275
99.246600
99.325550
99.344325
99.398475
99.450875
99.507275
99.558875
99.620625
99.664025
99.682125
99.701625
99.746650
99.887750
99.910725
100.271150
100.360525
100.415850
100.500400
100.523825
100.562250
100.596400
100.644650
100.678050
100.738750
100.760575
100.777575
100.814500
100.886200
100.922075
101.009225
101.040350
101.095725
101.131400
101.172450
101.217775
101.243825
101.298550
101.312750
101.341225
101.437525
101.465475
101.517825
101.814550
101.915550
102.021150
102.043000
102.057425
102.092600
102.164550
102.219250
102.247825
102.259100
102.367225
102.415725
102.567925
102.584425
102.924350
103.045725
103.076025
103.147775
103.198050
103.262550
103.274825
103.311075
103.443125
103.507550
103.603275
103.625875
104.098100
104.193800
104.294950
104.347350
104.363975
104.421075
104.446425
104.479975
104.511300
104.535150
104.548575
104.602950
104.673550
104.750425
104.804975
104.838000
104.889375
104.898425
104.932100
104.992175
105.142450
105.165150
105.221425
105.300750
105.357375
105.374725
105.393775
105.514175
105.537700
105.570900
105.635925
105.764600
105.806875
105.935450
105.969800
106.021900
106.054875
106.214175
106.279425
106.333325
106.391275
106.492450
106.567225
106.583575
106.621375
106.666700
106.694875
106.738475
106.757250
106.860075
106.985400
107.051975
107.068075
107.323225
107.337950
107.360925
107.455900
107.541075
107.601000
107.624825
107.691975
107.717525
107.752925
107.835275
107.883675
107.985775
108.002350
108.064225
108.086350
108.117725
108.257575
108.330425
108.411775
108.444450
108.588450
108.632675
108.742050
108.792425
108.860925
109.102000
109.295850
109.357925
110.460750
110.808375
119.225925
119.341500
119.433500
119.553475
119.633125
119.725100
119.808800
119.937975
119.995825
120.067500
120.133450
120.206875
120.315100
120.391175
120.452700
120.519625
120.569725
120.606025
120.660400
120.719075
120.769000
120.784225
120.828350
120.905450
120.988950
121.060925
121.125175
121.158500
121.203075
121.292150
121.320775
121.377325
121.417225
121.448225
121.558325
121.597575
121.623600
121.641375
121.690475
121.715950
121.728250
121.758650
121.775850
121.799850
121.880500
121.926375
121.970350
122.023350
122.099800
122.160925
122.251925
122.277450
122.301375
122.319350
122.364750
122.393300
122.407000
122.451925
122.475525
122.494850
122.510350
122.589325
122.638650
122.686175
122.698975
122.741525
122.748650
122.814425
122.957150
122.975950
123.030625
123.077350
123.129450
123.161850
123.204400
123.322525
123.361550
123.420875
123.443200
123.474675
123.529675
123.541700
123.556275
123.611225
123.628975
123.795425
123.827000
123.860775
123.937050
124.025900
124.074925
124.090075
124.139225
124.217775
124.240600
124.254750
124.277975
124.294950
124.333250
124.370350
124.399325
124.417775
124.453625
124.474175
124.496600
124.562350
124.585900
124.769725
124.882050
124.937325
124.977275
125.001650
125.067025
125.103000
125.129250
125.150075
125.193750
125.211925
125.299325
125.405750
125.460425
125.486025
125.503175
125.547800
125.564475
125.609150
125.641950
125.665550
125.715925
125.727800
125.783100
125.836125
125.858575
125.907625
126.117525
126.184050
126.202750
126.248975
126.297325
126.335575
126.352725
126.362400
126.415025
126.429000
126.493175
126.531500
126.554250
126.628975
126.696700
126.747200
126.769975
126.783150
126.802775
126.887000
126.971350
127.035125
127.058175
127.124150
127.149375
127.175075
127.203400
127.247475
127.271225
127.306175
127.400200
127.516500
127.599000
127.665850
127.697000
127.715600
127.764950
127.778200
127.867100
127.956000
128.003925
128.059550
128.117800
128.156825
128.181450
128.201825
128.477875
128.540975
128.552900
128.582900
128.603050
128.676225
128.705500
128.724125
128.736950
128.814600
128.858425
128.878900
128.913625
129.053250
129.067075
129.101675
129.232600
129.342825
129.406425
129.440300
129.451125
129.515950
129.569325
129.592425
129.626475
129.639600
129.879275
129.910625
129.965825
129.984950
130.017200
130.119675
130.169675
130.271350
130.397825
130.434875
130.465025
130.498475
130.561875
130.612950
130.652450
130.683025
130.740925
130.755025
130.775525
130.796575
130.858150
130.881025
130.912625
131.066250
131.213400
131.246400
131.314825
131.392450
131.444825
131.694550
131.772725
131.835450
131.895375
131.924150
132.022550
132.110900
132.171375
132.245375
132.345525
132.356650
132.405525
132.474925
132.497775
132.581825
132.672200
132.723375
132.764450
132.776625
132.845650
132.907025
132.950800
132.981050
133.046075
133.183950
133.226675
133.414050
133.453125
133.587700
133.650775
133.663325
133.702225
133.730600
133.769750
133.785050
133.803925
134.036250
134.140425
134.216875
134.290650
134.325475
134.348600
134.380375
134.430900
134.488300
134.502725
134.570975
134.647475
134.680825
134.746475
134.820550
134.867025
134.891025
135.217125
135.271650
135.296725
135.314450
135.329975
135.459425
135.476725
135.538175
135.605025
135.627725
135.662925
135.763000
135.799575
135.810725
135.851550
135.867450
135.939900
136.003950
136.043100
136.370600
136.406500
136.470325
136.516125
136.552500
136.571450
136.637650
136.666750
136.980275
137.104425
137.246425
137.265325
137.305200
137.316825
137.359725
137.430975
137.452875
137.463700
137.493875
137.522900
137.663075
137.894875
137.983000
138.009125
138.046300
138.085725
138.098975
138.235500
138.307875
138.376775
138.409000
138.421450
138.469950
138.579075
138.694900
138.730150
138.835625
138.948150
138.994825
139.028375
139.101850
139.119075
139.151775
139.200275
139.245000
139.296700
139.308500
139.492200
139.585525
139.605075
139.747525
139.818550
139.980600
140.023050
140.064475
140.139625
140.168075
140.219975
140.264050
140.279850
140.318100
140.360825
140.382475
140.404350
140.461650
140.532525
140.612250
140.672750
140.800550
140.835600
140.849250
140.931225
141.014100
141.044900
141.087850
141.119400
141.138825
141.156650
141.167600
141.318600
141.391275
141.460900
141.481950
141.540800
141.628000
141.683350
141.750575
141.814375
141.853775
141.865950
142.380350
142.413600
142.533650
142.562825
142.611725
142.716650
142.786525
142.844300
142.877875
142.937225
142.971775
142.987150
143.052075
143.114975
143.170725
143.228350
143.267700
143.290275
143.328125
143.362625
143.375300
143.437625
143.510100
143.524950
143.634775
143.651175
143.675850
143.845250
143.873275
143.912725
143.935625
143.958900
144.067800
144.186900
144.221175
144.289250
144.318000
144.517150
144.564025
144.643675
144.669200
144.696075
144.789850
144.811025
144.944725
145.000850
145.060350
145.090425
145.111850
145.365375
145.429525
145.493725
145.517850
145.537125
145.572150
145.636400
145.752100
145.790875
145.814325
145.865775
145.967725
145.984200
146.078075
146.106650
146.133850
146.232750
146.314100
146.337575
146.381600
146.575325
146.595925
146.651750
146.711725
146.768500
146.931975
146.955600
147.086400
147.199450
147.305050
147.375025
147.405675
147.430475
147.497250
147.528325
147.622975
147.677275
147.740275
147.837325
147.885250
147.955550
148.000225
148.039325
148.065175
148.134550
148.164500
148.300800
148.469500
148.529975
148.561100
148.594300
148.691000
148.723575
148.791950
148.850600
148.918850
148.955025
148.973625
149.008600
149.044800
149.098650
149.141950
149.231000
149.250600
149.325725
149.419150
149.435525
149.802950
150.014750
150.179175
150.289525
150.323075
150.353175
150.423250
150.461825
150.486075
150.522150
150.568400
150.634700
150.694850
150.723100
150.763600
150.805725
150.855850
150.895575
150.936075
150.995650
151.023825
151.080900
151.094200
151.159325
151.268275
151.324350
151.363225
151.600225
151.697875
151.770650
151.801675
151.919600
151.979625
152.025050
152.164425
152.204900
152.229300
152.244000
152.274175
152.287875
152.302375
152.401425
152.422400
152.502525
152.555600
152.725750
152.810200
152.862600
152.891575
152.923825
153.022475
153.150400
153.232675
153.247150
153.377750
153.555050
153.580525
153.599775
153.625025
153.641125
153.712200
154.088825
154.186625
154.260375
154.301425
154.316550
154.380700
154.408750
154.435025
154.513450
154.640800
154.677350
154.740200
154.758850
154.794650
154.887900
154.949800
154.997875
155.035775
155.074250
155.414600
155.490500
155.561200
155.610825
155.624275
155.659250
155.709850
155.727525
155.764550
155.790800
156.059600
156.132275
156.187950
156.218825
156.237000
156.265175
156.330950
156.422475
156.450250
156.498000
156.547125
156.590325
156.673475
156.736025
156.789350
156.942000
156.965975
157.001600
157.058050
157.253250
157.278675
157.294000
157.455000
157.511100
157.555425
157.614050
157.646650
157.982525
158.061500
158.208675
158.259200
158.288375
158.355575
158.405750
158.432075
158.459625
158.504675
158.596900
158.637575
158.647750
158.784525
158.828150
158.846800
158.897325
158.992375
159.013450
159.047375
159.057275
159.170425
159.252425
159.291950
159.308850
159.350900
159.386750
159.403300
159.470325
159.545125
159.583475
159.627825
160.057025
160.086150
160.151725
160.209875
160.240100
160.350900
160.381500
160.411050
160.438050
160.478600
160.520900
160.602975
160.641350
160.721575
160.798200
160.817625
160.845100
160.857850
161.077975
161.181700
161.320600
161.365850
161.399350
161.485600
161.506375
161.545700
161.584375
161.611900
161.927625
161.962425
161.989750
162.256575
162.399450
162.439775
162.564525
162.589100
162.630975
162.653100
162.673425
162.778625
162.805200
162.831650
163.004075
163.023450
163.138425
163.181975
163.210175
163.264925
163.284850
163.554025
163.606825
163.644575
163.768400
163.780375
163.836475
163.894525
163.919550
163.954100
164.062650
164.124300
164.188250
164.227950
164.504275
164.548875
164.638575
164.655875
164.676200
164.788800
164.828275
164.869375
164.942500
164.982875
164.997725
165.038650
165.201375
165.243100
165.296925
165.325900
165.410200
165.507100
165.855950
166.002375
166.024850
166.108025
166.127300
166.191550
166.211500
166.260825
166.322175
166.609400
166.650400
166.694875
166.711150
166.759125
166.778925
166.904650
167.001200
167.041550
167.150600
167.194225
167.311475
167.332825
167.419475
167.434425
167.480350
167.515325
167.956425
168.035350
168.068875
168.086450
168.112575
168.229250
168.289575
168.315950
168.363525
168.377725
168.445350
168.487325
168.650600
168.669275
168.892800
169.057750
169.139750
169.175275
169.201725
169.291325
169.330100
169.343350
169.453800
171.201925
179.356175
179.443825
179.541100
179.668300
179.740175
179.847150
179.954100
180.011600
180.093525
180.158925
180.263125
180.328525
180.391800
180.514625
180.575650
180.653200
180.692175
180.735425
180.803300
180.871125
180.945850
181.024925
181.076125
181.112625
181.162575
181.214225
181.264875
181.298450
181.341800
181.444675
181.498375
181.570350
181.648100
181.675000
181.700675
181.742300
181.819400
181.856250
181.904625
181.943175
181.995675
182.027425
182.094600
182.145325
182.201325
182.217700
182.260300
182.287050
182.319625
182.396750
182.422375
182.477000
182.514700
182.549975
182.563825
182.641625
182.671700
182.692175
182.721750
182.891800
182.980175
183.014525
183.031750
183.084900
183.123325
183.197800
183.216975
183.228450
183.260350
183.306150
183.324150
183.384625
183.444000
183.515750
183.553175
183.616950
183.676900
183.711100
183.739975
183.785775
183.829200
183.897150
183.947075
183.959175
183.986850
184.039500
184.072125
184.082925
184.104500
184.171925
184.209600
184.279450
184.324300
184.390400
184.417575
184.445350
184.472450
184.504500
184.518150
184.579075
184.591100
184.656725
184.696625
184.724275
184.737425
184.785550
184.801475
184.874100
184.959925
185.032850
185.046700
185.114350
185.153275
185.164450
185.212425
185.352850
185.382825
185.424675
185.459125
185.517375
185.570775
185.619550
185.643575
185.701200
185.717350
185.742200
185.791175
185.803500
185.868750
185.975975
186.039375
186.113225
186.141500
186.156025
186.165975
186.521925
186.583350
186.630300
186.660725
186.674375
186.707350
186.785650
186.800800
186.832325
186.882375
186.906025
186.942575
186.999100
187.045675
187.085025
187.121000
187.192725
187.223450
187.285725
187.296075
187.344225
187.460000
187.526400
187.564500
187.605275
187.670275
187.679650
187.705375
187.729725
187.739325
187.758900
187.778275
187.986950
188.072325
188.145500
188.181775
188.252700
188.270725
188.294425
188.325400
188.345825
188.461075
188.517025
188.570150
188.630100
188.658450
188.680400
188.697475
188.713025
188.739300
188.985050
189.039375
189.059725
189.130475
189.170225
189.202800
189.235150
189.257725
189.325075
189.376550
189.410725
189.435750
189.578600
189.650250
189.683600
189.696625
189.789625
189.814575
189.854100
189.983000
189.992200
190.077175
190.101400
190.171225
190.203150
190.219950
190.275850
190.283200
190.465225
190.574775
190.631175
190.640575
190.787075
190.809375
191.148500
191.174675
191.217850
191.258425
191.284400
191.330975
191.389275
191.681700
191.819400
191.893000
191.916175
191.994875
192.024575
192.057350
192.093075
192.172800
192.255650
192.284050
192.590750
192.629200
192.682875
192.699500
192.718675
192.902175
193.275925
193.331075
193.389300
193.444625
193.485575
193.509525
193.525725
193.710725
193.773425
193.859525
193.894475
193.914350
193.981825
194.034950
194.098150
194.118400
194.221425
194.251600
194.276075
194.309475
194.400200
194.461200
194.496375
194.576575
194.637650
194.785850
194.797850
195.162300
195.224625
195.299975
195.334875
195.416775
195.450125
195.469025
195.480300
195.564225
195.636800
195.654075
195.880625
195.897125
195.955725
195.968275
196.005675
196.118300
196.167225
196.208375
196.272000
196.371025
196.389375
196.436675
196.557450
196.623800
196.661000
196.909225
196.997475
197.032800
197.093000
197.201900
197.242900
197.257125
197.281700
197.295975
197.336650
197.581800
197.653025
197.754525
197.772300
197.819475
197.840150
197.873850
197.900000
197.976450
197.987550
198.107525
198.127375
198.153850
198.180450
198.230300
198.601025
198.709800
198.750325
198.775625
198.830375
198.856475
198.875050
199.001675
199.039550
199.067850
199.365225
199.419775
199.510925
199.539875
199.625075
199.665425
199.704500
199.724225
199.745950
199.779000
200.012375
200.091400
200.122725
200.172625
200.389100
200.476125
200.514775
200.530450
200.550225
200.635975
200.659725
200.734625
200.823650
200.875325
200.897875
201.009850
201.040925
201.067400
201.127425
201.199700
201.262200
201.390150
201.520425
201.595500
201.628100
201.713250
201.792475
201.825675
201.997725
202.124675
202.185125
202.236800
202.270725
202.362925
202.509075
202.857225
202.936150
202.997625
203.013850
203.046800
203.177350
203.205700
203.279500
203.312375
203.327800
203.507750
203.686175
203.759800
203.825625
203.879225
203.930250
203.944925
204.043925
204.101700
204.131800
204.187650
204.219675
204.480100
204.531450
204.565000
204.608550
204.707025
204.789850
204.872375
204.946975
204.993900
205.007275
205.111275
205.141850
205.163275
205.350275
205.417225
205.443550
205.512800
205.537325
205.590100
205.668375
205.699375
205.716025
205.757900
205.766925
205.939875
206.084675
206.132100
206.182275
206.223000
206.297225
206.371725
206.387525
206.416625
206.669450
206.721400
206.787175
206.817350
206.842600
206.939100
206.996550
207.025700
207.229750
207.241900
207.308800
207.329825
207.411175
207.433425
207.563500
207.816175
207.877750
207.904775
207.947075
207.995050
208.170750
208.228075
208.263450
208.291100
208.375775
208.458800
208.483075
208.510150
208.561525
208.602700
208.706975
208.720675
208.739225
209.141700
209.230100
209.328700
209.348275
209.406225
209.452000
209.572250
209.666450
209.708150
209.743025
209.758075
209.795400
209.870800
209.891850
209.917950
209.940475
210.090775
210.148375
210.158475
210.203275
210.249450
210.284975
210.405750
210.443650
210.843750
210.911750
211.073100
211.133825
211.176750
211.204075
211.231650
211.248700
211.268525
211.300150
211.416025
211.433400
211.500500
211.673375
211.694300
211.804700
211.854700
211.956100
212.019800
212.097000
212.155675
212.202075
212.321025
212.459725
212.497100
212.543550
212.590700
212.610175
212.639250
212.678100
212.800150
212.831275
212.890450
212.947100
213.003400
213.070375
213.150500
213.196075
213.246425
213.307650
213.367900
213.434075
213.466050
213.568050
213.657500
213.809800
213.824875
213.898850
213.922600
214.140425
214.237550
214.258600
214.338375
214.419725
214.540450
214.572175
214.595125
214.699600
214.731525
214.783700
214.820925
214.887150
214.906575
214.927075
215.048950
215.079550
215.350500
215.434525
215.496600
215.554150
215.579325
215.595600
215.697850
215.868950
215.910275
215.932500
215.948025
216.098425
216.400775
216.489375
216.520325
216.606600
216.628725
216.683925
216.755650
216.828250
216.896850
216.952700
216.964625
217.021625
217.037850
217.146975
217.222400
217.270775
217.319550
217.395150
217.433450
217.698775
217.772750
217.814800
217.924525
217.997525
218.030575
218.069075
218.218725
218.282750
218.304900
218.344250
218.364925
218.392900
218.498900
218.562850
218.591900
218.614025
218.636525
218.666375
218.701925
218.868700
218.910825
219.009950
219.066125
219.082050
219.102800
219.344975
219.389750
219.444900
219.498100
219.546975
219.607000
219.698625
219.728000
219.743800
219.760475
219.860300
219.928900
219.973750
220.030125
220.055500
220.096475
220.165500
220.196675
220.210300
220.451025
220.484925
220.518850
220.537700
220.623100
220.656425
220.734225
220.750650
220.915450
220.927575
221.010675
221.044675
221.241475
221.276275
221.333450
221.378425
221.443875
221.472175
221.745425
221.813825
221.830625
221.905250
221.958650
222.011400
222.115825
222.184775
222.199700
222.223650
222.409825
222.450025
222.474675
222.735775
222.778725
222.837600
222.923100
223.160475
223.301325
223.349025
223.404725
223.461850
223.524925
223.605075
223.628450
223.942150
224.055725
224.154075
224.204150
224.239400
224.270000
224.309200
224.397425
224.451450
224.470250
224.516600
224.558700
224.597125
224.646775
224.659400
224.831500
225.066100
225.162275
225.208050
225.296000
225.474900
225.521175
225.622975
225.661300
225.694425
225.755975
225.777650
225.825625
225.884375
226.068350
226.092425
226.171775
226.362050
226.427025
226.479475
226.491575
226.511650
226.596750
226.636025
226.694350
226.982650
227.063300
227.101475
227.184900
227.208725
227.286375
227.334650
227.389225
227.430375
227.717400
227.845800
227.911250
227.931450
227.982025
228.084250
228.180375
228.243000
228.277050
228.309950
228.385325
228.470375
228.565500
228.583200
228.596225
228.741150
228.786275
228.828125
228.883925
228.924675
228.997000
229.064900
229.129500
229.161250
229.250025
229.290875
229.300200
229.439400
229.498375
239.343525
239.419300
239.539200
239.659800
239.737125
239.834175
239.891275
239.951325
240.026750
240.143825
240.228550
240.274475
240.322125
240.419175
240.457775
240.562050
240.643700
240.706725
240.781875
240.870100
240.993750
241.061900
241.104325
241.142275
241.179800
241.234975
241.269250
241.297550
241.380475
241.400700
241.497850
241.528925
241.595300
241.675150
241.706975
241.748350
241.819925
241.881225
241.976300
242.005875
242.037525
242.063600
242.083425
242.155175
242.184025
242.197350
242.226750
242.256925
242.269500
242.330750
242.384675
242.403350
242.442400
242.523300
242.561875
242.628325
242.711150
242.759450
242.797275
242.830600
242.882575
242.934425
242.980175
242.994100
243.054500
243.078050
243.102650
243.133850
243.147200
243.189950
243.284850
243.354300
243.411575
243.465050
243.488375
243.554400
243.588925
243.618625
243.650375
243.708025
243.720625
243.766525
243.780450
243.813850
243.845375
243.872175
243.885625
244.016675
244.067225
244.103475
244.149500
244.269700
244.330025
244.394025
244.440425
244.455700
244.479000
244.503025
244.568375
244.591175
244.665025
244.728575
244.784975
244.809100
244.840525
244.915300
244.932925
244.987500
245.012875
245.083850
245.289800
245.331225
245.344600
245.361925
245.398975
245.413500
245.516775
245.534100
245.590975
245.605925
245.611825
245.617650
245.740000
245.872800
245.908675
245.963775
246.046950
246.060950
246.099450
246.145950
246.216725
246.348450
246.419875
246.469825
246.523450
246.566950
246.592725
246.743500
246.848525
246.868725
246.901175
246.923725
247.047975
247.111725
247.200950
247.263450
247.279000
247.305225
247.322875
247.354500
247.543425
247.606475
247.617700
247.686100
247.698350
247.797750
247.929850
247.961525
247.994350
248.029700
248.044500
248.064150
248.120050
248.401725
248.457300
248.497000
248.519675
248.567525
248.583325
248.619125
248.772025
248.896575
248.975725
249.060200
249.084050
249.119600
249.185700
249.262375
249.290575
249.304875
249.329300
249.345125
249.368750
249.396100
249.484975
249.514375
249.536050
249.619975
249.646125
249.677650
249.739000
249.842675
249.919575
249.964450
250.017400
250.041700
250.072025
250.253575
250.327800
250.401750
250.437300
250.460075
250.506050
250.515700
250.541600
250.670950
250.688300
250.740025
250.750575
250.825725
250.851500
250.927100
250.959350
250.988075
251.004425
251.019025
251.039125
251.364475
251.432200
251.464050
251.498175
251.517900
251.549100
251.610575
251.704350
251.729625
251.914475
251.996075
252.111250
252.181850
252.212925
252.226750
252.280775
252.340050
252.365925
252.391300
252.427400
252.673950
252.773650
252.826525
252.872125
252.946025
252.965500
253.007975
253.044425
253.073150
253.103450
253.318250
253.336450
253.420500
253.493450
253.511550
253.529400
253.558525
253.570800
253.672900
253.746075
253.785875
253.978700
254.014575
254.084825
254.245900
254.271750
254.297100
254.367900
254.396275
254.421925
254.522550
254.596975
254.891275
254.960750
255.050400
255.102975
255.127775
255.196775
255.215900
255.246700
255.306525
255.320800
255.366575
255.443650
255.474400
255.497725
255.555850
255.809450
255.940050
255.971375
256.012000
256.048950
256.077600
256.114100
256.137350
256.183475
256.198425
256.232700
256.265475
256.510275
256.669175
256.777250
256.832075
256.872050
256.925825
256.983825
257.085975
257.110225
257.168600
257.218375
257.273225
257.286175
257.370750
257.464575
257.564100
257.598900
257.667625
257.679275
257.716825
257.754750
257.858300
257.909575
257.974175
257.989875
258.012975
258.109400
258.343800
258.373950
258.408250
258.471350
258.580300
258.638150
258.659725
258.744700
258.794675
258.837075
258.848175
258.920800
258.952150
258.991525
259.025325
259.141650
259.214525
259.243700
259.313600
259.359550
259.415400
259.506875
259.544400
259.635225
259.666575
259.708625
259.815450
259.834625
259.915500
259.975075
260.002800
260.031900
260.043800
260.201375
260.274650
260.323075
260.360825
260.429200
260.458750
260.490075
260.510800
260.716675
260.819125
260.879450
260.965625
261.069875
261.095150
261.129725
261.148425
261.166400
261.476600
261.552250
261.586200
261.608125
261.623075
261.663650
261.830250
261.903600
261.921600
261.961425
261.978875
262.018525
262.179225
262.236225
262.293150
262.316675
262.376400
262.385425
262.443150
262.482425
262.507425
262.553950
262.818175
262.856250
262.948650
262.992700
263.101100
263.161250
263.199175
263.227800
263.253150
263.344375
263.374575
263.669050
263.715600
263.728850
263.775350
263.812975
263.918650
264.230050
264.321825
264.366275
264.411675
264.430750
264.516725
264.628950
264.671100
264.704625
264.761900
264.793325
264.843750
264.889325
264.938250
264.954250
265.153775
265.363450
265.412075
265.465875
265.476700
265.554850
265.610850
265.651225
265.674925
265.709150
265.757050
265.926225
265.987125
266.079825
266.151375
266.218525
266.290900
266.371150
266.409525
266.447625
266.476025
266.522475
266.607725
266.685175
266.709625
266.730675
266.743750
266.932000
266.962125
267.007575
267.052650
267.076575
267.103750
267.510300
267.602325
267.732475
267.784075
267.801625
267.833300
267.855075
267.906300
268.067550
268.094625
268.139575
268.164075
268.493275
268.535900
268.568525
268.660350
268.683900
268.725600
268.803250
268.841725
268.882700
268.903350
268.958175
268.994650
269.258775
269.331975
269.396050
269.413125
269.428950
269.572350
269.621675
269.722050
269.777475
269.805825
269.835950
269.858550
269.870800
270.002850
270.107050
270.150200
270.167100
270.222150
270.241575
270.418675
270.500200
270.552225
270.577600
270.648175
270.749575
270.769375
270.799075
270.887375
270.903200
270.941175
271.153125
271.175450
271.209775
271.265300
271.287250
271.352050
271.397225
271.417625
271.455350
271.781850
271.841375
271.898850
271.971625
272.021875
272.103675
272.137625
272.150125
272.467175
272.525675
272.552050
272.883025
272.958650
273.001050
273.047700
273.083500
273.126700
273.229150
273.256850
273.349875
273.385425
273.427275
273.459450
273.536700
273.555500
273.755900
273.784075
273.942600
273.984775
274.006800
274.205375
274.270300
274.306900
274.378825
274.432475
274.836550
274.882225
274.973450
275.032300
275.059950
275.083025
275.148000
275.174025
275.304450
275.370750
275.434575
275.487650
275.514625
275.556800
275.582425
275.643600
275.674750
275.704925
275.940825
276.027550
276.057725
276.111675
276.136075
276.176275
276.406025
276.501925
276.523375
276.579050
276.595150
276.646575
276.693625
276.727600
276.849750
277.030525
277.086125
277.154475
277.205450
277.222150
277.323000
277.640850
277.689050
277.748775
277.835825
277.998800
278.030025
278.074175
278.127775
278.175525
278.290000
278.309500
278.350725
278.380725
278.544800
278.574000
278.651900
278.817000
278.846225
278.885525
278.917600
278.953300
279.077475
279.108550
279.183575
279.262050
279.292900
279.340050
279.397400
279.418050
279.551275
279.597075
279.626900
279.698825
279.731850
279.930900
280.057725
280.075050
280.110975
280.511425
280.574900
280.676450
280.716025
280.738000
280.764700
280.827300
280.848575
280.959500
281.001775
281.023150
281.160150
281.267150
281.298375
281.310350
281.333550
281.500550
281.528850
281.556000
281.640600
281.838050
282.014150
282.064875
282.110125
282.124250
282.172125
282.214025
282.239500
282.340525
282.394425
282.421600
282.528850
282.559175
282.862175
282.904100
282.919575
282.959600
283.011825
283.058575
283.082825
283.157250
283.187175
283.226275
283.314275
283.345475
283.369550
283.385275
283.426750
283.545025
283.763100
283.819400
283.957350
284.337400
284.448900
284.482950
284.506050
284.563625
284.988000
285.037450
285.139525
285.214850
285.287100
285.309500
285.356350
285.377450
285.418250
285.522325
285.609350
285.922675
285.952875
285.994000
286.008750
286.627875
286.696625
286.782675
286.829800
286.864025
286.881600
286.960925
286.975450
287.321975
287.397725
287.454000
287.475750
287.531925
287.579625
287.607500
287.662900
287.706650
287.760525
287.807725
287.886800
287.911250
288.203325
288.264150
288.288200
288.310725
288.443175
288.555075
288.898000
288.929025
289.002225
289.015250
289.064875
289.122125
289.275975
289.287175
289.322275
299.295850
299.360900
299.431975
299.534525
299.594200
299.732975
299.824150
299.878350
299.946400
300.020600
300.130800
300.211900
300.285625
300.341925
300.461125
300.581275
300.638800
300.672325
300.722050
300.772450
300.861200
300.892300
300.964900
300.991750
301.044225
301.108075
301.161950
301.214375
301.253575
301.279625
301.326925
301.360475
301.372325
301.418325
301.504100
301.571750
301.652250
301.677900
301.721975
301.774450
301.831325
301.855175
301.875300
302.022575
302.050625
302.093125
302.121125
302.181775
302.220150
302.246500
302.299250
302.319825
302.412075
302.434275
302.480050
302.575000
302.654750
302.681350
302.699125
302.719625
302.745325
302.817650
302.842025
302.850025
302.947375
303.010125
303.065225
303.122100
303.152000
303.189800
303.209650
303.267125
303.327500
303.364475
303.389625
303.454475
303.506350
303.523350
303.545575
303.568800
303.749450
303.843325
303.904800
303.976025
304.002775
304.134275
304.162800
304.250125
304.333400
304.382550
304.411000
304.449050
304.490625
304.509200
304.520850
304.562950
304.580950
304.636250
304.782625
304.833525
304.894525
304.933225
305.039025
305.077975
305.096650
305.114650
305.193575
305.245300
305.299100
305.313225
305.429350
305.465250
305.487700
305.505125
305.622550
305.637400
305.695625
305.757300
305.832850
305.857600
305.885575
305.937975
305.960650
306.018500
306.036025
306.104450
306.158725
306.210225
306.268250
306.286725
306.348325
306.431775
306.476550
306.509075
306.522925
306.570575
306.581350
306.629475
306.640775
306.677850
306.781650
306.797125
306.823825
306.859825
306.866850
306.975825
307.049750
307.073325
307.087900
307.274750
307.299625
307.334725
307.427475
307.511800
307.539475
307.554650
307.575325
307.594750
307.632300
307.766950
307.804925
307.967050
308.124000
308.165275
308.192900
308.213375
308.249150
308.283100
308.347350
308.405900
308.443900
308.454650
308.473200
308.561200
308.590750
308.725825
308.774900
308.835075
308.867300
308.935750
309.013725
309.041625
309.059500
309.125650
309.189675
309.208575
309.245400
309.258225
309.286725
309.301225
309.491300
309.564400
309.655675
309.734500
309.777850
309.791450
309.825300
309.867075
309.902425
309.915225
310.024200
310.165775
310.196250
310.283825
310.359625
310.428275
310.444325
310.505550
310.561950
310.662650
310.815625
310.884500
310.940800
310.970375
311.049875
311.128225
311.159875
311.246525
311.320925
311.340225
311.362600
311.399375
311.417250
311.448500
311.480900
311.500200
311.539950
311.631725
311.645075
311.655800
311.978850
312.050925
312.068450
312.109550
312.202175
312.271625
312.296850
312.336475
312.356500
312.418625
312.453125
312.472775
312.522950
312.552125
312.679175
312.699575
312.743100
312.810275
312.966000
313.000775
313.054075
313.101575
313.152675
313.606625
313.647325
313.699000
313.768750
313.830725
313.880125
313.909275
313.994300
314.037975
314.068025
314.134700
314.149775
314.164550
314.284700
314.390975
314.443650
314.483775
314.500700
314.669950
314.719450
314.955625
314.990000
315.063425
315.130800
315.187450
315.307075
315.365950
315.423275
315.444400
315.489100
315.601800
315.612950
315.832850
315.889900
315.981725
316.022325
316.153100
316.203125
316.241425
316.257725
316.440375
316.560050
316.600200
316.620075
316.667650
316.682975
316.844775
316.894025
316.993225
317.138650
317.178975
317.194900
317.230675
317.313675
317.417675
317.451450
317.494625
317.575825
317.591050
317.641025
317.776375
317.795150
317.860350
318.000925
318.043875
318.080375
318.123600
318.144050
318.160975
318.172675
318.334375
318.530775
318.573975
318.592725
318.675350
318.760950
318.786450
318.806200
318.818750
318.887750
318.998575
319.057925
319.138825
319.383400
319.699900
319.825225
319.866925
319.958675
320.015850
320.100475
320.462975
320.549750
320.638675
320.663750
320.734600
320.778150
320.835425
320.884650
320.916000
320.962225
321.213300
321.332925
321.412200
321.453200
321.487075
321.515675
321.543200
321.564550
321.645100
322.074000
322.219150
322.268775
322.350900
322.434150
322.464675
322.492975
322.593400
322.642900
322.732475
322.798200
322.859550
322.880400
322.936250
322.960300
323.060500
323.105725
323.141900
323.252050
323.581950
323.633600
323.692500
323.829175
323.879850
323.959650
323.988450
324.019450
324.075850
324.091525
324.141700
324.350425
324.439200
324.484650
324.530025
324.541750
324.563200
324.608950
324.693725
324.713100
324.770400
324.838425
324.889325
324.914200
324.932725
325.177125
325.216275
325.245950
325.287975
325.370300
325.437050
325.494825
325.571275
325.592075
325.650725
325.679975
325.760275
325.802175
325.866250
325.990100
326.099375
326.165175
326.229475
326.292000
326.336150
326.376100
326.412425
326.562275
326.609700
326.656600
326.673125
326.727950
326.899975
326.927800
327.087000
327.147500
327.202050
327.241800
327.276950
327.290275
327.318125
327.369750
327.743950
327.768750
327.837000
327.903250
327.921200
328.006200
328.110875
328.192825
328.210325
328.288350
328.408100
328.431400
328.526400
328.582150
328.623675
328.648275
328.712400
328.750850
328.804575
328.843250
328.894250
328.904350
329.176050
329.222625
329.239250
329.287950
329.315950
329.461775
329.782325
329.845950
329.898200
329.956400
330.007375
330.037850
330.047875
330.211625
330.371150
330.517925
330.607050
330.643275
330.685000
330.697975
330.759125
330.765125
330.805675
330.834525
330.869025
330.893000
331.062100
331.086900
331.329075
331.369150
331.434200
331.552100
331.582900
331.625100
331.634325
331.654825
331.837875
331.911625
331.984175
332.008025
332.035175
332.045975
332.300000
332.366625
332.430775
332.559825
332.612125
332.636175
332.829025
332.916000
333.000775
333.009750
333.057075
333.082100
333.186575
333.247750
333.659525
333.782525
333.885300
333.923200
334.022125
334.272950
334.331475
334.366375
334.405800
334.432550
334.562675
334.608225
334.625075
334.658950
334.697900
334.721450
334.806525
334.828600
335.011625
335.035175
335.069900
335.110325
335.233425
335.279475
335.432025
335.516475
335.613475
335.686550
335.701650
335.764325
335.777025
335.800175
335.841025
335.878600
335.925150
336.003600
336.041500
336.082750
336.099175
336.166950
336.267000
336.324425
336.367650
336.409375
336.682275
336.799725
336.837625
336.876550
336.980325
337.033050
337.050775
337.102175
337.170375
337.355050
337.433600
337.567700
337.675325
337.739750
337.778300
337.821575
337.860900
337.879350
337.938175
337.954850
338.292375
338.374650
338.443850
338.525475
338.620725
338.666225
338.730200
338.755200
338.814075
338.922100
338.980500
339.001125
339.088525
339.127350
339.414350
339.481000
339.520000
339.576875
339.649850
339.687900
339.740625
339.785950
339.884150
339.920925
339.937950
340.147550
340.175600
340.225700
340.315325
340.387975
340.415450
340.679675
340.740775
340.781000
340.794675
340.825300
340.900225
341.045350
341.099275
341.126025
341.263950
341.608725
341.723150
341.768575
341.832950
341.910600
341.935575
342.010475
342.058525
342.078725
342.171625
342.398075
342.451125
342.555550
342.593650
342.618575
342.662050
342.710450
342.732350
342.760575
342.837800
342.895525
343.079950
343.225375
343.295400
343.336700
343.476675
343.819850
343.878725
343.901200
344.018925
344.076100
344.098675
344.156625
344.182150
344.243475
344.274500
344.313150
344.337700
344.462625
344.508575
344.570475
344.590275
344.703525
344.869950
344.885500
345.130350
345.169850
345.217100
345.305400
345.343300
345.367250
345.396425
345.494000
345.643600
345.890125
345.921525
346.005925
346.131175
346.193200
346.284225
346.321325
346.363100
346.585325
346.686100
346.784100
346.980725
347.073200
347.151050
347.187975
347.230125
347.301350
347.345600
347.369800
347.382300
347.517800
347.547775
347.559850
347.606850
347.622175
347.724950
347.803400
348.050075
348.119750
348.141325
348.417550
348.492800
348.505975
348.521075
348.557950
348.960900
349.024550
349.070675
349.267800
349.282550
349.325800
349.539550
357.089400
357.287125
358.688450
359.395725
359.474925
359.551050
359.653975
359.744025
359.817100
359.925075
360.052475
360.094525
360.145200
360.253400
360.322750
360.375275
360.482350
360.520325
360.543375
360.606300
360.704925
360.755050
360.783150
360.840925
360.876900
360.903150
360.979425
360.999475
361.035550
361.109875
361.181475
361.239775
361.275500
361.305200
361.350300
361.422500
361.477750
361.567900
361.611050
361.705850
361.802225
361.864825
361.919950
361.957625
362.041025
362.100025
362.155775
362.199025
362.229800
362.265025
362.359075
362.434100
362.473725
362.519925
362.558500
362.609500
362.690625
362.727600
362.766950
362.807925
362.890325
362.923000
362.972725
363.004500
363.056250
363.074500
363.136075
363.148100
363.179925
363.199575
363.347625
363.385875
363.456250
363.481975
363.569250
363.594400
363.660550
363.734950
363.763100
363.781300
363.783900
363.825800
363.877675
363.952950
364.039425
364.090300
364.137650
364.151050
364.171350
364.203775
364.219650
364.234750
364.393425
364.482500
364.589950
364.626475
364.711225
364.790950
364.834575
364.862375
364.927200
364.964000
365.037075
365.050675
365.065050
365.094200
365.227200
365.350600
365.400025
365.448550
365.494400
365.507300
365.534450
365.557725
365.597425
365.629150
365.674675
365.741375
365.795900
365.844875
365.863525
365.985650
366.070325
366.107750
366.130125
366.145700
366.164475
366.176825
366.272225
366.285825
366.331450
366.363075
366.394250
366.436350
366.567875
366.594300
366.618000
366.673850
366.689425
366.713425
366.731275
366.837250
366.904100
366.961700
366.998200
367.035475
367.055750
367.095400
367.167100
367.192375
367.208975
367.412850
367.459825
367.528700
367.554125
367.629250
367.651725
367.669975
367.698000
367.745400
367.812200
367.839050
367.912700
367.937975
368.041000
368.245350
368.414575
368.436075
368.489375
368.534950
368.580250
368.591350
368.683250
368.776700
368.811575
368.834350
368.944200
369.010750
369.140600
369.199150
369.265550
369.301925
369.369600
369.384925
369.421800
369.454800
369.515450
369.589900
369.643800
369.735900
369.765350
369.862825
369.895150
369.936675
370.026825
370.133125
370.183350
370.226125
370.256900
370.275500
370.301550
370.351625
370.366575
370.522225
370.572325
370.683625
370.737550
370.795700
370.816575
370.904050
370.936200
370.962550
371.049700
371.095325
371.138325
371.163775
371.212975
371.237025
371.250100
371.261225
371.276600
371.360375
371.422400
371.455975
371.481750
371.516475
371.581025
371.651850
371.686000
371.698975
371.803975
371.836350
371.852000
371.900325
371.922875
371.971850
371.988125
372.349825
372.468425
372.492675
372.539725
372.635300
372.659375
372.724425
372.750475
372.766525
372.786850
372.811750
372.864250
372.877175
372.975650
373.010075
373.025900
373.070425
373.101925
373.131750
373.443825
373.514325
373.549050
373.645400
373.668300
373.707600
373.783550
373.808025
373.872750
373.895850
374.038475
374.124900
374.145425
374.231075
374.273725
374.296300
374.319950
374.335325
374.372175
374.482900
374.583350
374.610375
374.644750
374.684525
374.733150
374.749925
374.856050
374.914100
374.955050
374.968825
375.002775
375.043750
375.061550
375.243500
375.364725
375.402700
375.455350
375.477000
375.513475
375.561500
375.773600
375.902425
376.004875
376.024725
376.042000
376.106450
376.160100
376.197300
376.244025
376.268400
376.287525
376.604600
376.737900
376.795375
376.828125
376.911475
376.959450
377.016500
377.123500
377.191675
377.230950
377.263750
377.355250
377.434450
377.482925
377.496925
377.527625
377.570225
377.630550
377.642600
377.690750
377.756150
377.942375
378.098250
378.148225
378.170925
378.189350
378.233000
378.268625
378.285825
378.367150
378.399050
378.411650
378.450425
378.526450
378.749075
378.802750
378.829975
378.848725
378.965750
378.988325
379.076225
379.098775
379.112550
379.179850
379.219650
379.254050
379.276150
379.346625
379.377975
379.633650
379.760675
379.799075
379.837850
379.895550
379.993300
380.035750
380.152325
380.187400
380.207525
380.288300
380.313450
380.337225
380.512525
380.571350
380.604575
380.625050
380.635825
380.692725
380.774400
380.785850
380.830850
380.904525
380.914775
380.937675
380.970875
381.077000
381.444250
381.497425
381.609950
381.656525
381.703200
381.753275
381.784400
381.814550
381.843900
381.934225
381.974775
382.032600
382.069275
382.095975
382.119900
382.148425
382.176850
382.208550
382.273450
382.330475
382.365975
382.396075
382.476600
382.515800
382.545850
382.581125
383.067175
383.115475
383.134700
383.149100
383.168250
383.237025
383.395000
383.493950
383.532175
383.548200
383.609100
383.645150
383.693275
383.785475
383.893575
384.078775
384.129600
384.151525
384.173150
384.213175
384.307650
384.377175
384.418175
384.453725
384.478675
384.503775
384.664850
384.753075
384.847125
384.873375
384.912875
384.952175
385.266075
385.316400
385.343025
385.371150
385.384025
385.455150
385.518225
385.547475
385.658625
385.681025
385.689475
385.708750
385.878425
385.927350
386.010675
386.047950
386.068875
386.233250
386.259075
386.376000
386.401525
386.483650
386.543825
386.562125
386.622200
386.650300
386.760625
386.780575
386.830825
386.938750
387.057700
387.070500
387.099800
387.130900
387.145350
387.296425
387.365700
387.394900
387.454750
387.517925
387.567975
387.611250
387.624675
387.662600
387.697550
387.948700
387.961250
388.006425
388.231425
388.276250
388.294825
388.347750
388.375200
388.417975
388.477675
388.512550
388.537700
388.573650
388.590350
388.805875
388.830325
388.912125
388.936150
389.076600
389.132175
389.199725
389.249125
389.296325
389.317700
389.337150
389.536775
389.668475
389.699750
389.719600
389.738150
389.857550
389.878875
389.952625
390.037500
390.392200
390.467650
390.497525
390.535600
390.616050
390.662275
390.729000
390.756300
390.772000
390.909425
391.210000
391.324125
391.371550
391.443000
391.522925
391.594575
391.668300
391.694175
391.730100
391.836175
391.873675
391.912775
391.975625
392.025475
392.083025
392.112800
392.358275
392.434675
392.476775
392.558525
392.636200
392.692525
392.739800
392.794175
392.810525
392.830100
392.868075
393.153100
393.187575
393.208775
393.443875
393.568575
393.640175
393.707175
393.764725
393.803600
393.829625
393.860150
393.978325
393.993175
394.332625
394.460150
394.513975
394.551925
394.649250
394.693000
394.776300
394.901975
394.984925
395.021750
395.056975
395.152225
395.173575
395.196625
395.248125
395.267650
395.319775
395.362125
395.439850
395.640350
395.682700
395.706100
395.773950
395.812700
395.823425
395.908500
395.974500
396.014025
396.049525
396.062375
396.255700
396.291275
396.372300
396.408725
396.430050
396.481125
396.617050
396.745650
396.798625
396.829950
396.879550
396.975650
396.990325
397.029800
397.064275
397.111225
397.126150
397.217325
397.275250
397.285675
397.522950
397.592800
397.665275
397.840950
397.877375
397.928450
397.946800
398.030900
398.046350
398.099400
398.138850
398.156725
398.332050
398.345125
398.492750
398.537025
398.548450
398.693800
398.710175
398.808125
398.885600
398.898925
398.981675
398.994000
399.158500
399.188600
399.239525
399.315450
399.364925
399.392000
399.450925
399.735150
399.806975
399.835200
399.851225
399.960725
399.999800
400.024450
400.111525
400.150475
400.183200
400.366075
400.390050
400.567625
400.638750
400.722700
400.787825
400.834550
400.971275
401.056325
401.187775
401.247775
401.299000
401.381450
401.450375
401.469975
401.518325
401.557250
401.584725
401.609075
401.645600
401.789475
401.810775
401.922600
401.957800
402.029600
402.045975
402.106700
402.141900
402.170300
402.229700
402.536625
402.618025
402.640725
402.746000
402.779275
402.829550
402.912475
402.955575
402.983200
403.040475
403.063375
403.249500
403.305900
403.370275
403.405250
403.478825
403.500775
403.592150
403.673625
403.765500
403.825675
403.872375
403.951450
403.988725
404.023450
404.048150
404.133900
404.231200
404.300875
404.314575
404.517050
404.596275
404.619875
404.739875
404.797725
404.818025
404.895450
404.932225
404.960050
405.107100
405.125925
405.353625
405.437100
405.492200
405.573300
405.632425
405.643475
405.771475
405.820075
405.865350
405.922975
405.956475
406.017600
406.036575
406.126425
406.175675
406.245200
406.289700
406.495875
406.523475
406.544675
406.699625
406.745450
406.773875
406.802800
406.840100
407.012250
407.048200
407.085150
407.099175
407.117175
407.141450
407.339525
407.371800
407.391925
407.517675
407.547100
407.666600
407.691100
407.715700
407.741925
407.811025
407.828175
407.836375
407.883100
407.933975
408.316050
408.363300
408.395175
408.460325
408.498950
408.595300
408.646500
408.709175
408.841225
408.919325
408.950400
409.006000
409.049950
409.076750
409.084175
409.155950
409.261675
409.272725
409.326350
410.583425
411.227750
412.534500
415.381025
415.587450
419.236400
419.328500
419.428750
419.516225
419.623000
419.760000
419.806375
419.886425
419.956225
420.090825
420.164750
420.237775
420.284225
420.312975
420.390525
420.470125
420.529550
420.569175
420.627800
420.659725
420.723275
420.772750
420.815375
420.844050
420.943300
420.996100
421.098625
421.138050
421.167775
421.230025
421.270025
421.318450
421.392325
421.501875
421.556850
421.586100
421.618050
421.636950
421.703400
421.773250
421.813500
421.878750
421.953725
422.036750
422.101625
422.187275
422.252200
422.316575
422.341525
422.395825
422.423500
422.478600
422.534400
422.556925
422.600925
422.629775
422.657550
422.676675
422.720450
422.755800
422.854650
422.885900
422.946500
423.012775
423.062700
423.090575
423.119950
423.185450
423.207850
423.236025
423.282325
423.338925
423.387975
423.440825
423.517875
423.562650
423.589150
423.596750
423.612300
423.667100
423.686050
423.716525
423.874825
423.927200
423.993500
424.022950
424.036875
424.048150
424.060775
424.124900
424.138875
424.164500
424.292125
424.350875
424.493050
424.521725
424.583000
424.701450
424.836225
424.885700
425.109800
425.164575
425.312875
425.345250
425.372250
425.541875
425.561075
425.580825
425.616550
425.656500
425.680200
425.696250
425.790050
425.855725
425.871650
426.146450
426.238050
426.309625
426.379675
426.432450
426.461550
426.475500
426.491150
426.610175
426.670825
426.880400
426.918575
427.084300
427.313500
427.410750
427.458825
427.492375
427.678700
427.748025
427.764750
427.848575
427.899375
427.946400
428.054425
428.132850
428.194225
428.243375
428.266850
428.305825
428.338250
428.393075
428.425625
428.441175
428.680175
428.739000
428.793575
428.816925
428.872200
428.955775
428.978725
429.202025
429.280675
429.343100
429.379500
429.407725
429.423075
429.456975
429.470275
429.649075
429.729200
429.805075
429.858650
429.901900
429.942450
429.975350
430.011800
430.313225
430.363575
430.446625
430.471300
430.504625
430.639375
430.669350
430.714750
430.940225
431.025375
431.044925
431.072750
431.195700
431.230100
431.393950
431.459925
431.482325
431.663025
431.752425
431.911800
431.962400
432.088400
432.120950
432.138625
432.238800
432.332225
432.367625
432.423025
432.503650
432.575225
432.594300
432.631250
432.677275
432.696650
432.738525
432.786475
432.917825
432.957150
432.990675
433.033925
433.103625
433.155500
433.189525
433.226250
433.372600
433.410025
433.518600
433.572025
433.655375
433.727850
433.926700
434.051375
434.071475
434.238950
434.290850
434.425200
434.452200
434.645925
434.676950
434.732300
434.766200
434.791175
434.863025
434.934600
434.982450
435.001925
435.271475
435.344275
435.356675
435.390675
435.406650
435.434500
435.753325
435.822950
436.001275
436.044275
436.072725
436.107275
436.130000
436.170875
436.249275
436.303525
436.422750
436.498625
436.538625
436.550525
436.627425
436.977225
436.994650
437.038800
437.271325
437.289250
437.437275
437.469650
437.493425
437.518700
437.847575
438.022975
438.070625
438.123775
438.237475
438.276325
438.300925
438.406400
438.432450
438.508850
438.546425
438.611825
438.682925
438.731000
438.754850
438.771950
439.094300
439.177100
439.268600
439.308475
439.374950
439.394925
439.421475
439.478925
439.495650
439.558950
439.583150
439.727300
439.803525
439.847725
439.981475
440.051000
440.086050
440.115975
440.188275
440.211875
440.228950
440.335450
440.432500
440.474625
440.509875
440.541275
440.772400
440.872225
440.893025
440.963800
440.980750
441.030150
441.084625
441.106300
441.132025
441.166675
441.357975
441.462050
441.514125
441.592925
441.642100
441.698075
441.717000
441.932375
441.959200
442.021200
442.076475
442.144200
442.198725
442.336875
442.412775
442.495275
442.525200
442.557800
442.744650
443.024225
443.075200
443.114675
443.153150
443.223325
443.359100
443.407875
443.643975
443.692400
443.795100
443.828400
443.847575
443.865550
443.904200
443.912975
444.216500
444.312625
444.429050
444.504600
444.535625
444.565325
444.691650
444.760200
444.889725
444.939325
444.952550
444.992700
445.278675
445.323650
445.371350
445.431850
445.449250
445.475400
445.514900
445.551050
445.660850
445.679475
445.850950
445.948825
446.017175
446.078650
446.203375
446.256650
446.310075
446.402900
446.437000
446.509300
446.761625
446.823925
446.877650
446.964875
446.986250
447.156725
447.215300
447.246675
447.294775
447.359125
447.445450
447.492050
447.682150
447.730375
447.861975
447.986350
448.007725
448.086275
448.126350
448.155775
448.213950
448.235900
448.322800
448.532000
448.640450
448.660550
448.707625
448.739225
448.791850
448.877975
448.913375
448.950600
449.000450
449.190775
449.291150
449.360650
449.387825
449.413500
449.621000
449.832125
449.916700
449.970250
450.024000
450.055175
450.101275
450.118825
450.147875
450.399375
450.453825
450.520050
450.618225
450.646125
450.721575
450.757600
450.795300
450.953025
450.968450
451.245325
451.310275
451.369750
451.454550
451.483125
451.566600
451.592625
451.617925
451.664850
452.266700
452.420675
452.448275
452.498725
452.548650
452.561575
452.581050
452.634375
452.716875
452.762225
452.839850
452.860925
452.961750
453.044750
453.072600
453.089925
453.154550
453.232225
453.348250
453.366650
453.405525
453.438250
453.508425
453.529450
453.620525
453.681450
453.714400
453.927650
453.995500
454.176450
454.243100
454.268850
454.341325
454.376100
454.413825
454.438550
454.466975
454.569750
454.595500
454.840000
454.891850
454.927025
455.014325
455.081650
455.136150
455.165800
455.241200
455.321875
455.438075
455.514300
455.639325
455.654800
455.730675
455.803675
455.836250
455.950200
456.032225
456.074425
456.225025
456.260275
456.346600
456.650200
456.745375
456.927775
456.961825
456.993675
457.022425
457.298875
457.309400
457.593625
457.627525
457.662575
457.704475
457.801000
457.969450
457.994600
458.031825
458.148475
458.468575
458.560575
458.636875
458.643250
458.687525
458.769925
458.805025
458.824100
458.878175
458.927525
458.966675
459.238400
459.333825
459.400575
459.455575
459.497625
459.544950
459.563875
459.637825
459.700500
459.844300
459.956275
460.019550
460.078325
460.104500
460.118050
460.299750
460.456700
460.510025
460.579150
460.654550
460.703575
460.746625
460.777575
460.818725
460.873025
460.936750
460.974650
460.986625
461.053475
461.332075
461.420250
461.469700
461.522675
461.590900
461.615925
461.673475
461.759625
461.821450
461.902425
461.958225
461.983600
462.104500
462.142475
462.176150
462.205325
462.327625
462.463625
462.494125
462.545000
462.839075
462.899750
462.987925
463.002475
463.032975
463.067450
463.353475
463.363475
463.723225
463.778025
463.819075
463.860550
463.960000
463.980950
464.063600
464.139825
464.160050
464.188675
464.303050
464.406850
464.448725
464.497000
464.517650
464.607575
464.661075
464.676400
464.740725
464.909425
465.044300
465.080900
465.105475
465.136975
465.304350
465.343400
465.435125
465.461450
465.511425
465.553200
465.693575
465.816650
466.234125
466.283150
466.362425
466.436075
466.493625
466.532400
466.591500
466.646100
466.704600
466.746575
466.789200
466.852075
466.882175
466.915825
466.962375
467.276825
467.332550
467.408325
467.515975
467.541675
467.610225
467.661225
467.842225
468.147325
468.247425
468.391350
468.457225
468.514950
468.573125
468.702575
468.728175
468.779725
468.816600
469.252425
469.269500
469.305200
469.315050
469.377450
470.631275
472.072500
475.880275
477.426025
477.630425
479.312650
479.365025
479.453475
479.522425
479.601250
479.700975
479.760425
479.873775
479.940300
480.004675
480.092350
480.126275
480.196225
480.305550
480.371650
480.461775
480.543150
480.597275
480.660650
480.711400
480.764525
480.837625
480.872575
480.956775
481.013600
481.028975
481.056825
481.118575
481.152725
481.234675
481.261500
481.297625
481.330450
481.410575
481.490600
481.541625
481.579725
481.605600
481.647650
481.680275
481.725975
481.752425
481.763975
481.866750
481.922025
481.950700
481.977925
481.997725
482.018875
482.088625
482.126750
482.217425
482.245525
482.261550
482.309225
482.356150
482.417750
482.468650
482.504100
482.555300
482.572525
482.626025
482.669700
482.681125
482.707325
482.891825
482.945350
482.998125
483.023550
483.043175
483.060950
483.118600
483.178625
483.192325
483.263375
483.298225
483.310225
483.320275
483.390275
483.416200
483.447500
483.485000
483.630500
483.717450
483.763975
483.797400
483.903425
483.980225
484.020975
484.091225
484.124750
484.190500
484.240425
484.279225
484.288775
484.327325
484.341375
484.365700
484.398375
484.426550
484.474750
484.536525
484.568625
484.624275
484.701925
484.763900
484.905775
484.947350
484.982625
485.020975
485.043900
485.075125
485.106750
485.344325
485.400900
485.445625
485.478250
485.513725
485.550525
485.662325
485.699800
485.724100
485.740075
485.759575
485.973300
486.012150
486.071800
486.132550
486.171875
486.196350
486.254025
486.265700
486.278125
486.300925
486.322700
486.374925
486.391700
486.409150
486.490225
486.509100
486.520900
486.578075
486.610425
486.721450
486.765425
486.821050
486.877000
486.929200
486.944625
487.028650
487.134300
487.278125
487.344700
487.385200
487.426750
487.441325
487.452425
487.489725
487.527725
487.578250
487.604200
487.637525
487.671900
487.802575
487.883775
487.947225
487.979775
488.038675
488.086375
488.130025
488.146650
488.175850
488.188125
488.270175
488.322500
488.406100
488.436800
488.599625
488.664575
488.710250
488.749275
488.928025
489.116925
489.168375
489.379600
489.436650
489.555400
489.617575
489.642425
489.668250
489.680325
489.819225
489.854050
489.885750
489.897975
489.980100
490.078575
490.183750
490.233525
490.275425
490.484000
490.613675
490.657125
490.749875
490.792925
490.814225
490.835175
490.991950
491.038575
491.100575
491.116925
491.210400
491.223225
491.642350
491.701125
491.771675
491.885775
491.914475
491.950475
491.995350
492.016750
492.066700
492.145725
492.168375
492.222825
492.244325
492.303450
492.358000
492.379900
492.421000
492.483750
492.515400
492.539700
492.751525
492.806075
492.838050
492.911025
492.959800
493.003875
493.093525
493.110200
493.181900
493.251575
493.283700
493.376500
493.399300
493.420350
493.552350
493.574675
493.617000
493.634850
493.655400
493.764925
493.854300
493.876400
493.930825
493.951575
493.975625
494.288275
494.363200
494.420925
494.480200
494.508450
494.598925
494.652675
494.679600
494.691700
494.721350
494.773300
494.817575
494.884500
495.111250
495.151000
495.169275
495.186200
495.206725
495.405925
495.506675
495.561475
495.618900
495.683700
495.740225
495.792325
495.808975
495.856925
495.869725
495.913775
496.100050
496.186500
496.246950
496.300900
496.377100
496.424675
496.470500
496.482650
496.575100
496.627250
496.658600
496.729800
496.742600
496.797700
496.823575
497.018975
497.087950
497.133975
497.197375
497.319125
497.345225
497.370475
497.396925
497.438575
497.452275
497.510275
497.534525
497.698625
497.777425
497.807050
497.858500
497.953775
498.004650
498.028825
498.140450
498.329275
498.413650
498.426100
498.486950
498.518775
498.581100
498.673625
498.742625
498.787425
498.807000
498.916475
499.043550
499.087550
499.098550
499.327575
499.388050
499.421550
499.446025
499.502500
499.535725
499.565450
499.901750
499.937750
499.962925
500.004500
500.070675
500.086625
500.167250
500.220825
500.341125
500.622825
500.655175
500.686950
500.702975
500.796350
500.845150
500.874625
500.902775
501.069150
501.141900
501.161025
501.176575
501.238150
501.297475
501.439725
501.513800
501.572675
501.593975
501.627825
501.677375
501.808850
501.837850
501.910100
502.005100
502.022675
502.110500
502.129375
502.149850
502.171475
502.478175
502.533825
502.580125
502.706350
502.753950
502.777175
502.791000
502.814100
502.904150
502.957850
503.027250
503.047900
503.073550
503.164575
503.180200
503.202400
503.226000
503.387175
503.480000
503.517125
503.535300
503.694050
503.724325
503.743850
503.757375
503.870675
503.905725
504.034450
504.064500
504.188250
504.237775
504.271400
504.311700
504.375375
504.682125
504.757350
504.827500
504.876575
504.932350
504.954175
505.059600
505.135600
505.199150
505.229025
505.352650
505.391925
505.418775
505.444125
505.668175
505.840975
505.953100
505.981700
505.996325
506.095250
506.123500
506.156300
506.336075
506.369825
506.406150
506.443300
506.485725
506.502225
506.577300
506.761150
506.852475
506.939450
506.980400
507.058650
507.080675
507.096725
507.296450
507.473550
507.539775
507.630000
507.685250
507.733925
507.803975
507.830700
507.858175
508.024325
508.046700
508.289000
508.359225
508.426375
508.458975
508.547375
508.574750
508.857275
509.000350
509.025750
509.138050
509.159625
509.176475
509.193650
509.256850
509.459750
509.538025
509.572025
509.755500
509.798925
509.835375
509.866100
509.927725
509.989050
510.091225
510.125450
510.154050
510.172075
510.229750
510.355250
510.393550
510.464650
510.478775
510.491450
510.521250
510.686950
510.722350
510.826450
510.886500
510.912150
511.008425
511.025325
511.058750
511.105700
511.143800
511.217275
511.332250
511.395200
511.505100
511.531250
511.570825
511.661500
511.858525
511.874925
511.899250
511.988225
512.007775
512.018600
512.028675
512.093025
512.305200
512.350475
512.368025
512.424425
512.441725
512.459600
512.501525
512.729750
512.792250
512.878375
512.897325
512.947425
512.959650
512.996475
513.181975
513.277325
513.331425
513.374575
513.417900
513.513050
513.567700
513.588075
513.825525
513.922725
513.966925
513.977125
514.002575
514.014600
514.293100
514.347325
514.392050
514.439550
514.483850
514.500025
514.536950
514.577325
514.623875
514.640100
514.817100
514.834525
514.924475
514.982500
515.049725
515.069800
515.111275
515.367975
515.418250
515.468925
515.500825
515.565400
515.579875
515.609850
515.671075
515.694300
515.878875
515.983400
516.117475
516.158200
516.205275
516.257025
516.285375
516.318000
516.352000
516.498325
516.556175
516.611475
516.658975
516.692650
516.709300
516.854575
516.924150
516.943200
516.956425
517.004275
517.085700
517.127425
517.153500
517.196775
517.368300
517.404375
517.429825
517.479750
517.494275
517.517750
517.773575
517.793275
517.818525
517.895825
517.914175
517.999375
518.028675
518.087625
518.112175
518.132775
518.190750
518.251675
518.358450
518.372100
518.393050
518.442700
518.606925
518.735300
518.792975
518.823175
518.869550
518.894300
518.932200
518.995950
519.037275
519.360600
519.423900
519.493125
519.550525
519.621675
519.720100
519.773675
519.856525
519.983575
520.015700
520.040975
520.082725
520.101975
520.157700
520.222150
520.252775
520.369975
520.416125
520.471650
520.488025
520.572800
520.662800
520.746350
520.785850
520.809975
520.836125
520.849350
520.975225
520.988975
521.069975
521.092875
521.105225
521.242200
521.336100
521.389075
521.445425
521.496825
521.672175
521.713300
521.765200
521.795200
521.883300
521.926675
522.121200
522.217500
522.240550
522.268550
522.460225
522.500250
522.565825
522.630575
522.685925
522.723875
522.761900
522.837225
522.883725
522.914500
523.023025
523.085800
523.131150
523.153325
523.296975
523.411450
523.479650
523.566300
523.639250
523.694525
523.794875
523.842975
523.870625
523.924050
523.934275
524.076775
524.101600
524.137950
524.201550
524.250450
524.379750
524.453025
524.636650
524.759425
524.787500
524.888225
524.954250
525.019125
525.061100
525.120525
525.138050
525.187250
525.207525
525.236150
525.249350
525.469475
525.494875
525.584200
525.636600
525.672050
525.698525
525.770850
525.799000
525.827675
525.907275
525.964650
526.006250
526.293900
526.337750
526.381875
526.506850
526.698500
526.771025
526.937725
526.974850
527.006425
527.053025
527.094875
527.193650
527.219400
527.244775
527.592575
527.709075
527.755400
527.792100
527.821375
527.956275
527.973275
528.042800
528.106050
528.127300
528.302850
528.480050
528.578700
528.616550
528.643300
528.672025
528.728475
528.995150
529.053550
529.072675
529.117700
529.258025
529.269575
529.298450
530.773850
531.977025
535.073525
537.676050
539.194175
539.319600
539.389225
539.446475
539.508000
539.597850
539.695450
539.748475
539.816750
539.867075
539.939925
540.001250
540.045100
540.113250
540.209525
540.254400
540.292375
540.374200
540.469175
540.529075
540.580650
540.658550
540.725300
540.815725
540.875875
540.913800
540.957075
541.003450
541.036650
541.070975
541.107075
541.144125
541.177775
541.242525
541.291725
541.330750
541.375875
541.433225
541.474300
541.511550
541.623625
541.677075
541.752025
541.818375
541.891450
541.916575
541.964925
541.976875
542.008550
542.036900
542.059050
542.099300
542.173100
542.184275
542.236100
542.253525
542.282575
542.326900
542.394650
542.405875
542.479200
542.498925
542.684300
542.785300
542.824725
542.862800
542.964650
543.004850
543.042275
543.214900
543.246275
543.277925
543.305750
543.398375
543.547050
543.603325
543.681650
543.727900
543.745975
543.793150
543.812025
543.830725
543.841450
544.018600
544.062300
544.294875
544.358150
544.400725
544.508475
544.543300
544.581100
544.605900
544.644375
544.666400
544.856150
544.917350
544.978025
545.050075
545.061100
545.084625
545.173200
545.293175
545.328350
545.378650
545.415575
545.722875
545.768225
545.789125
545.816525
545.833000
545.858125
545.936325
546.012425
546.035725
546.060350
546.155300
546.216675
546.277050
546.394225
546.416975
546.485775
546.511800
546.633375
546.672025
546.695350
546.706200
546.984075
547.036750
547.075550
547.096350
547.128125
547.197700
547.238675
547.259175
547.285525
547.331600
547.380125
547.429625
547.547925
547.611775
547.722900
547.750375
547.795575
547.846050
547.862275
547.920650
548.042550
548.297100
548.417350
548.625750
548.699950
548.775325
548.811050
548.834425
548.919300
548.970525
548.990625
549.221600
549.276000
549.323600
549.360375
549.379275
549.389450
549.419325
549.489675
549.534500
549.715775
549.745875
549.792525
549.820200
549.832075
550.025975
550.354475
550.450100
550.500075
550.536200
550.552700
550.820700
550.876475
550.942975
551.016325
551.035975
551.080075
551.108600
551.163450
551.243700
551.317350
551.423475
551.470500
551.655100
551.670500
551.808750
551.878025
551.974100
552.087425
552.145350
552.214650
552.245275
552.545300
552.587500
552.671975
552.697375
552.732325
552.924750
552.980000
553.023825
553.095050
553.123075
553.436175
553.499925
553.512225
553.555700
553.582850
553.609375
553.725225
553.887050
554.103350
554.388275
554.426525
554.459375
554.494400
554.820100
554.940100
554.965050
555.056675
555.117425
555.149050
555.190275
555.262250
555.300075
555.356850
555.416200
555.523125
555.541800
555.855700
555.926650
556.095600
556.185025
556.494900
556.558050
556.625450
556.670200
556.692075
556.734225
556.773350
556.860175
556.972775
556.993250
557.264750
557.368775
557.390750
557.692175
557.771025
557.820575
557.865000
557.924925
557.971325
558.007850
558.068225
558.086100
558.111250
558.341350
558.424000
558.508075
558.691825
558.828700
558.871275
558.985625
559.063400
559.109825
559.158275
559.216225
559.253900
559.317050
559.337375
559.525075
559.588625
559.808200
559.834825
559.896025
559.963875
559.988225
560.078025
560.114400
560.160950
560.197225
560.243375
560.409150
560.425675
560.583900
560.680475
560.766150
560.871650
560.911000
560.939650
561.369725
561.396350
561.454325
561.579225
561.635900
561.790125
561.896725
562.039075
562.070575
562.097250
562.190375
562.227600
562.662775
562.721675
562.744950
562.933425
563.067075
563.080925
563.121375
563.141600
563.552675
563.655350
563.730125
563.775050
563.844075
563.913475
564.416725
564.521325
564.580300
564.622600
564.639875
564.854550
564.885100
565.023800
565.058425
565.132975
565.311200
565.430450
565.492475
565.606875
565.638350
565.750200
566.027725
566.100100
566.378600
566.444600
566.494950
566.573275
566.621000
566.673050
566.730525
566.770075
566.809000
567.111900
567.135175
567.167775
567.343600
567.408975
567.631100
567.653675
567.697575
567.846000
567.971275
568.031625
568.108300
568.188475
568.213275
568.239800
568.468825
568.529400
568.584800
568.621150
568.783675
568.824750
568.856950
568.992075
569.053325
569.086025
569.112300
569.226500
569.273525
569.326875
569.560600
569.722750
569.824175
569.955525
570.021075
570.042725
570.127625
570.163575
570.263275
570.601000
570.703750
570.794575
570.858700
570.909700
570.943875
570.988325
571.164425
571.205575
571.241675
571.335525
571.369625
571.475300
571.513075
571.788100
571.842550
571.870525
571.904975
571.946525
572.188675
572.281825
572.325175
572.354150
572.387925
572.453350
572.487050
572.500750
572.684825
572.724275
572.798100
572.834700
572.950150
573.073100
573.191950
573.323600
573.381400
573.460700
573.649225
573.720475
573.900600
573.978750
574.023100
574.077525
574.369125
574.488225
574.538550
574.600375
574.732950
574.806300
574.844050
574.887775
574.944125
574.963225
574.996250
575.063150
575.117700
575.304650
575.537275
575.573725
575.600775
575.913400
575.988125
576.014525
576.062025
576.234500
576.436300
576.487500
576.520875
576.582625
576.637275
576.695300
576.754075
576.833175
577.000300
577.052875
577.079600
577.209225
577.280150
577.328925
577.363350
577.402050
577.525825
577.573250
577.633525
577.684450
577.740750
577.833625
577.856100
577.908925
577.916900
578.097450
578.157000
578.177700
578.193375
578.244275
578.477175
578.553025
578.667475
578.723225
578.794500
578.843175
578.870275
578.900075
579.002850
579.117575
579.169425
579.239075
579.306350
579.339900
579.595500
579.652825
579.709450
579.763150
579.793500
579.851750
579.942600
580.069550
580.161100
580.301450
580.344350
580.360325
580.400700
580.501525
580.527850
580.580775
580.910775
580.974025
581.040400
581.077600
581.143100
581.220100
581.250100
581.390925
581.621050
581.677350
581.794375
581.835275
581.861625
581.893650
581.960200
582.021225
582.238000
582.289675
582.309425
582.346325
582.637275
582.700050
582.714575
582.870200
582.995150
583.056450
583.097400
583.114225
583.141300
583.409375
583.518300
583.547075
583.580875
583.633450
583.650575
583.697600
583.713900
583.750625
583.837100
583.865500
583.933050
584.086275
584.142200
584.170250
584.196700
584.487850
584.529150
584.561550
584.583750
584.686700
584.800000
584.866575
584.941925
585.096300
585.305250
585.353750
585.379825
585.477925
585.498950
585.572425
585.586375
586.025275
586.058075
586.140925
586.171550
586.203450
586.405425
586.495600
586.541175
586.585300
586.602425
586.620375
586.899875
586.993775
587.040150
587.060250
587.097375
587.151025
587.227475
587.256900
587.486575
587.847975
587.919825
587.996900
588.072925
588.102550
588.133850
588.153225
588.198900
588.345900
588.474800
588.497775
588.539125
588.705525
588.928775
588.965900
588.991400
589.058000
589.251875
589.361725
589.614025
591.720675
597.417275
598.714275
599.239825
599.327625
599.403250
599.470850
599.562050
599.615325
599.672400
599.713275
599.781675
599.874025
599.899200
599.940925
600.022875
600.099175
600.123100
600.208700
600.244575
600.327925
600.379600
600.471525
600.510475
600.547600
600.584075
600.669875
600.712950
600.731925
600.782025
600.894125
600.935350
601.050400
601.082650
601.108025
601.129725
601.175975
601.191975
601.332450
601.385900
601.420775
601.438125
601.449675
601.536900
601.566225
601.604325
601.630775
601.652400
601.724075
601.767500
601.797050
601.843700
601.860050
601.907200
601.936150
601.981450
602.049700
602.083500
602.098875
602.139025
602.192100
602.263625
602.276375
602.295425
602.319075
602.455100
602.540600
602.614300
602.714925
602.776000
602.798600
602.816025
602.890450
602.929925
602.990800
603.027975
603.072150
603.108225
603.132325
603.145175
603.292350
603.359750
603.376700
603.425925
603.439950
603.512475
603.590900
603.637875
603.734725
603.923300
604.000875
604.153075
604.236500
604.265225
604.323800
604.377475
604.465400
604.534950
604.660625
604.694475
604.745375
604.790175
604.824850
604.846000
604.887900
604.972825
605.005975
605.075750
605.126350
605.164425
605.177850
605.216775
605.244250
605.254600
605.294250
605.316675
605.376375
605.545575
605.578300
605.630650
605.673025
605.712275
605.764725
605.777025
605.806375
605.861400
605.889725
605.937700
605.949450
606.014725
606.046375
606.362200
606.440050
606.553450
606.615325
606.654175
606.753550
606.779975
606.816575
606.851250
606.868975
606.896950
606.945525
607.010050
607.020775
607.071075
607.103375
607.131900
607.194700
607.232650
607.469450
607.514475
607.600125
607.618775
607.738300
607.767750
607.801100
607.822375
607.841025
607.865675
607.905650
608.035450
608.112650
608.182875
608.225200
608.246775
608.301650
608.336750
608.443350
608.493175
608.517950
608.540725
608.580575
608.645300
608.676825
608.723125
608.825700
608.998475
609.100100
609.135350
609.223550
609.269675
609.285525
609.314125
609.340100
609.516275
609.623800
609.754850
609.820575
609.849750
609.892550
609.944250
609.981825
610.000850
610.133150
610.221500
610.332225
610.414525
610.465100
610.501975
610.511925
610.533700
610.617975
610.629625
610.821900
610.867700
610.896900
610.908625
611.013025
611.041050
611.066750
611.235900
611.316875
611.362125
611.434525
611.486350
611.510775
611.532250
611.624575
611.665950
611.678025
611.699350
611.722275
611.861175
611.871300
611.888250
611.919200
611.964925
612.227900
612.308700
612.331375
612.380525
612.424700
612.462875
612.484475
612.537600
612.688300
612.726675
612.829925
612.914675
612.966975
612.991625
613.034400
613.057700
613.275400
613.334300
613.360175
613.403150
613.428825
613.503325
613.549650
613.578825
613.809575
613.884850
613.921775
613.951950
614.024175
614.192375
614.230000
614.302250
614.319475
614.391525
614.445100
614.500625
614.520950
614.539400
614.580825
614.663200
614.683025
614.794100
614.823425
614.868025
614.966300
614.974775
614.980125
614.993475
615.075275
615.120900
615.196700
615.247100
615.278450
615.300125
615.489575
615.559225
615.590450
615.614800
615.676025
615.698750
615.718675
615.827075
615.880175
616.045050
616.121725
616.153175
616.193275
616.414125
616.466425
616.525500
616.566000
616.605600
616.620575
616.701800
616.744100
616.807825
616.854200
616.872675
616.942450
616.976575
617.019575
617.125625
617.440600
617.578300
617.639075
617.730550
617.906225
617.956250
617.983100
618.024100
618.084100
618.123800
618.145175
618.164225
618.223700
618.235375
618.434325
618.608650
618.779850
618.843425
618.943600
618.961700
618.989175
619.027575
619.064050
619.231950
619.271525
619.404300
619.422225
619.441725
619.498350
619.547050
619.593500
619.749850
620.002775
620.117250
620.198775
620.230975
620.289025
620.319025
620.410275
620.682925
620.941250
621.018425
621.040125
621.081950
621.132800
621.149425
621.267825
621.307325
621.331725
621.415850
621.456400
621.539900
621.623850
621.710575
621.762350
621.805475
621.856075
621.871500
621.914975
621.960575
622.295975
622.330700
622.383650
622.463275
622.537950
622.592950
622.635100
622.689650
622.740200
622.773575
623.113975
623.181075
623.254975
623.285250
623.311975
623.327550
623.482475
623.592575
623.710000
623.772250
623.908800
624.238475
624.564700
624.658300
624.717550
624.743950
625.313725
625.349675
625.440175
625.475950
625.498725
625.640950
625.752775
626.059000
626.124100
626.162900
626.239950
626.401525
626.437000
626.483050
626.533225
626.817000
626.887500
626.949125
626.998875
627.171000
627.319825
627.720875
627.820700
627.861600
627.893800
627.979300
628.035000
628.066375
628.302175
628.414250
628.572525
628.603375
628.690875
628.724450
628.762400
628.815425
628.844925
628.884000
628.978050
629.016150
629.067375
629.159125
629.213425
629.312150
629.412850
629.521725
629.600400
629.794575
629.916775
630.039150
630.142425
630.157625
630.198400
630.244950
630.303650
630.503150
630.589225
630.601075
630.907375
631.019400
631.061350
631.078400
631.249675
631.386425
631.440900
631.672350
631.750850
631.877975
631.907975
631.932900
631.949025
632.107375
632.151075
632.165175
632.333325
632.385025
632.446600
632.456450
632.505950
632.704050
632.801400
632.825825
632.869050
633.047750
633.127125
633.193500
633.204875
633.500150
633.554575
633.600125
633.614950
633.646375
633.794825
633.912525
634.291325
634.402100
634.448975
634.491300
634.513875
634.584350
634.622375
634.666225
634.679075
634.736800
634.760825
634.890100
634.933500
635.007150
635.048525
635.089875
635.282500
635.361575
635.414825
635.522675
635.592800
635.613675
635.662100
635.703725
635.868550
635.955175
635.984275
636.055900
636.110925
636.181775
636.233625
636.264825
636.343700
636.434925
636.453650
636.518175
636.823850
636.929850
636.973500
636.990175
637.026975
637.053725
637.149300
637.201050
637.452000
637.530950
637.569925
637.661900
637.715375
637.732575
637.918325
638.276650
638.311500
638.361900
638.378850
638.398300
638.418750
638.467250
638.488125
638.543075
638.803275
638.892575
638.948150
639.039075
639.063300
639.103200
639.188150
639.216725
639.230000
639.524575
639.609525
639.691425
639.710275
639.755525
639.769725
639.826125
639.851525
639.893000
639.914950
639.974100
640.010375
640.030825
640.313850
640.378050
640.412000
640.430475
640.504275
640.630050
640.658425
640.708225
640.770400
640.791800
640.838725
640.858425
641.164750
641.250000
641.274750
641.326175
641.382675
641.406625
641.528150
641.600400
641.654850
641.739800
641.755225
641.789750
641.960650
642.163425
642.207450
642.296475
642.370675
642.421675
642.469450
642.500550
642.550375
642.622525
642.645075
642.709425
642.802625
642.850300
642.912775
642.923725
642.996400
643.211575
643.249250
643.264000
643.287300
643.326350
643.501900
643.975625
644.100725
644.166500
644.206800
644.245175
644.361775
644.414600
644.426000
644.469625
644.520200
644.541500
644.746525
644.811950
644.829325
644.933850
645.118575
645.190575
645.258825
645.320925
645.387325
645.496725
645.511350
645.551125
645.650625
645.702675
645.725100
645.781875
645.815000
645.894600
645.934950
646.083725
646.304675
646.371775
646.407400
646.427175
646.534650
646.592725
646.767300
647.049550
647.104200
647.184775
647.220625
647.275925
647.310975
647.329900
647.371475
647.398550
647.495900
647.595225
647.745700
647.791825
647.836650
647.945925
647.993075
648.023525
648.091025
648.117350
648.191900
648.288425
648.384925
648.413375
648.436100
648.768800
648.815525
648.908200
648.943800
648.973725
649.085700
649.116525
649.162375
649.302275
649.385775
649.456825
649.477225
649.543525
649.598625
650.001300
650.053325
650.115975
650.444200
650.474800
650.723100
650.809825
650.856925
650.881650
651.071075
651.198350
651.240425
651.281350
651.377050
651.403025
651.420100
651.507900
651.755600
651.804475
651.918350
651.947250
651.977900
652.025525
652.094675
652.125950
652.235625
652.270975
652.291200
652.351200
652.379575
652.463575
652.629650
652.762200
652.806800
652.973125
653.111025
653.164800
653.230400
653.298200
653.350750
653.472950
653.542925
653.601575
653.668675
653.709975
653.747500
653.909000
653.973900
654.083450
654.140075
654.442350
654.500150
654.551300
654.596675
654.670600
654.826500
654.974750
655.027725
655.075875
655.107575
655.146325
655.348550
655.375150
655.422450
655.469750
655.514775
655.648450
655.708100
656.061175
656.157200
656.184750
656.243000
656.294075
656.319475
656.331875
656.386625
656.512600
656.639100
656.661350
656.763250
656.797850
656.876575
656.964450
656.992875
657.061950
657.160775
657.230300
657.319975
657.543275
657.721275
657.820925
