# # All spikes for Neuron
0.007125
0.021700
0.046900
0.060075
0.100400
0.116025
0.168450
0.181875
0.227700
0.241400
0.259075
0.323475
0.353575
0.372625
0.429675
0.450000
0.483475
0.498750
0.513000
0.526800
0.539725
0.571850
0.623925
0.660575
0.678325
0.696675
0.719825
0.757550
0.798775
0.833625
0.870975
0.885800
0.941025
0.982775
1.002925
1.022050
1.038150
1.082925
1.102950
1.137300
1.191200
1.211625
1.248775
1.273500
1.298925
1.335725
1.356275
1.408625
1.428275
1.465225
1.484300
1.542750
1.586900
1.641700
1.755500
1.776550
1.800125
1.815875
1.838450
1.862925
1.899100
1.917525
1.954700
1.972100
1.997000
2.010350
2.026175
2.048400
2.067850
2.109075
2.168275
2.208100
2.226550
2.319450
2.347000
2.402350
2.418625
2.433325
2.457850
2.487050
2.512050
2.548175
2.562875
2.578325
2.597350
2.622125
2.639825
2.658725
2.693625
2.714100
2.741025
2.761300
2.778675
2.799350
2.816875
2.884350
2.901875
2.919475
2.969300
2.999750
3.061650
3.083875
3.101975
3.115200
3.132925
3.149775
3.171125
3.194050
3.210600
3.226350
3.240300
3.293525
3.308550
3.326450
3.355075
3.385725
3.402150
3.429100
3.442225
3.471700
3.487600
3.503475
3.518475
3.557250
3.571325
3.593675
3.648875
3.665350
3.701625
3.731825
3.750150
3.786425
3.803025
3.820250
3.839700
3.858725
3.877950
3.898425
3.962275
3.982875
4.004125
4.019475
4.033900
4.084675
4.105775
4.116700
4.155200
4.201075
4.229900
4.244900
4.321950
4.340075
4.359850
4.374275
4.428050
4.478425
4.504975
4.538800
4.585400
4.618250
4.653975
4.671800
4.764275
4.784700
4.797525
4.815500
4.888275
4.966425
5.006075
5.063025
5.076000
5.117250
5.147850
5.172650
5.195300
5.209800
5.240350
5.269825
5.328000
5.352550
5.374650
5.407500
5.422025
5.438000
5.453750
5.468975
5.552325
5.584800
5.612150
5.652175
5.682550
5.750125
5.808200
5.833475
5.890875
5.905075
5.921250
5.986650
5.999650
6.016325
6.045125
6.057275
6.089800
6.099775
6.111200
6.142550
6.214600
6.250600
6.281200
6.297000
6.343150
6.357525
6.393400
6.411425
6.433350
6.478700
6.506750
6.539500
6.557000
6.573950
6.595425
6.611400
6.652975
6.695250
6.737325
6.812125
6.827650
6.850900
6.867900
6.897150
6.912925
6.926650
6.941625
6.992675
7.012150
7.051425
7.070325
7.083050
7.105650
7.119550
7.213925
7.248700
7.270450
7.288375
7.339125
7.356175
7.370200
7.385675
7.401625
7.416825
7.430250
7.451725
7.464525
7.471925
7.482325
7.508650
7.532850
7.547325
7.581200
7.595375
7.610625
7.646750
7.691100
7.726125
7.751850
7.809625
7.852725
7.899450
7.916800
7.950825
7.965675
8.059300
8.069425
8.268700
8.300225
8.330275
8.366050
8.418350
8.432575
8.476775
8.491175
8.542175
8.553150
8.665925
8.693550
8.708875
8.766075
8.782550
8.794950
8.807675
8.825625
8.881650
8.897575
8.926475
8.953350
8.968250
8.981250
9.001425
9.017350
9.028275
9.047025
9.090600
9.104400
9.134025
9.150375
9.180600
9.195525
9.208475
9.224725
9.277125
9.310875
9.340450
9.354375
9.376175
9.381700
9.394350
9.397400
9.448625
9.465825
9.484900
9.505600
9.525225
9.539075
9.551425
9.566925
9.594400
9.610475
9.647525
9.667475
9.683100
9.703625
9.722400
9.742975
9.778525
9.794350
9.809800
9.823050
9.840325
9.853750
9.902875
9.957450
9.977225
9.995250
10.016325
10.034300
10.107925
10.129700
10.162750
10.181300
10.203350
10.241275
10.321500
10.338475
10.374500
10.399825
10.411775
10.425875
10.513050
10.530450
10.549075
10.559825
10.570000
10.589550
10.601925
10.630000
10.670200
10.690875
10.723475
10.782050
10.796350
10.850025
10.871625
10.912175
10.949125
10.988575
11.013400
11.038725
11.054800
11.120400
11.144350
11.171350
11.188600
11.204550
11.221700
11.278350
11.294150
11.308100
11.329900
11.344300
11.354100
11.365900
11.372700
11.417000
11.441775
11.467700
11.481700
11.497225
11.532075
11.548550
11.566475
11.636650
11.671875
11.697275
11.762900
11.808150
11.855000
11.892075
11.906200
11.966125
11.967825
11.977650
11.990300
12.008500
12.096300
12.150475
12.171800
12.209425
12.267600
12.295800
12.327975
12.361425
12.384375
12.408175
12.452150
12.478200
12.510000
12.523850
12.551675
12.638400
12.657500
12.727325
12.747600
12.796475
12.816600
12.835875
12.858275
12.878800
12.895825
12.946075
12.973525
13.005625
13.025600
13.038900
13.056125
13.076050
13.115500
13.142200
13.189800
13.202650
13.218875
13.235900
13.288850
13.350975
13.390725
13.475975
13.514425
13.535750
13.556300
13.637875
13.651250
13.699550
13.746275
13.766775
13.804675
13.830425
13.852700
13.896250
13.978300
14.044450
14.084700
14.132575
14.194175
14.227150
14.242200
14.296000
14.364875
14.414750
14.481275
14.511725
14.542250
14.625500
14.639700
14.655325
14.692525
14.711150
14.727400
14.744500
14.760675
14.776200
14.801925
14.822875
14.843375
14.914050
14.993600
14.997900
15.047625
15.087650
15.134300
15.176500
15.196650
15.223350
15.243950
15.275350
15.319725
15.418975
15.434225
15.476525
15.493350
15.533025
15.566250
15.605025
15.643225
15.697900
15.719525
15.833475
15.874875
15.889825
15.955675
16.011900
16.029350
16.047525
16.067900
16.133725
16.152050
16.182150
16.203250
16.220800
16.236600
16.255225
16.285700
16.302975
16.338600
16.353675
16.389625
16.425500
16.507275
16.558000
16.605025
16.614125
16.665925
16.678025
16.689150
16.746475
16.814425
16.871375
16.941850
16.969075
17.046900
17.061450
17.073875
17.129925
17.169800
17.182075
17.202075
17.217700
17.269775
17.287100
17.383875
17.397300
17.405000
17.413425
17.431400
17.445900
17.497775
17.561000
17.579250
17.597975
17.628775
17.660550
17.699425
17.710750
17.729425
17.759075
17.802900
17.836400
17.871425
17.891700
17.944525
17.984750
18.004925
18.023775
18.040075
18.056475
18.068750
18.103125
18.162675
18.190300
18.206125
18.223100
18.247700
18.261975
18.277325
18.307275
18.363625
18.403125
18.420425
18.436575
18.472800
18.490200
18.509150
18.525325
18.541250
18.559700
18.591425
18.674150
18.729550
18.746675
18.769775
18.814075
18.845750
18.884175
18.926850
18.943875
18.958500
19.007150
19.024700
19.061150
19.103375
19.118025
19.146425
19.206000
19.233825
19.251025
19.279425
19.304375
19.317850
19.331250
19.377150
19.395250
19.427375
19.437725
19.473450
19.493775
19.543725
19.563200
19.578850
19.600575
19.617375
19.643200
19.674425
19.717675
19.735050
19.789250
19.809775
19.826200
19.846800
19.875975
19.894325
19.934125
19.994475
20.007800
20.022125
20.035175
20.046350
20.067550
20.083400
20.122450
20.138825
20.151275
20.234875
20.253550
20.299850
20.316625
20.332325
20.386250
20.465025
20.477925
20.497000
20.518375
20.557675
20.593825
20.610775
20.625175
20.643900
20.658750
20.709350
20.729050
20.793600
20.807800
20.817300
20.878475
20.909400
20.924100
20.982125
21.003550
21.015800
21.045975
21.060350
21.075025
21.095200
21.113425
21.141225
21.247825
21.282175
21.302850
21.318025
21.330800
21.344375
21.395475
21.441475
21.460500
21.497950
21.518925
21.549550
21.563475
21.574700
21.594075
21.628950
21.642550
21.713100
21.726075
21.752175
21.796875
21.822175
21.840925
21.861800
21.927400
21.993075
22.007950
22.027175
22.045400
22.072675
22.092275
22.112350
22.128350
22.147800
22.179200
22.196850
22.222425
22.248775
22.282450
22.300125
22.428125
22.459925
22.474925
22.508075
22.521125
22.538500
22.550675
22.573750
22.589450
22.606225
22.626625
22.679650
22.710325
22.725500
22.761600
22.781525
22.796425
22.896425
22.912600
22.932600
22.950975
22.969750
23.011925
23.028675
23.045175
23.060125
23.094650
23.137575
23.170675
23.200300
23.216525
23.228150
23.243375
23.260475
23.315000
23.332925
23.349050
23.379850
23.416300
23.435150
23.452700
23.497700
23.517325
23.538300
23.557275
23.584375
23.670475
23.685050
23.696800
23.714175
23.742700
23.759225
23.773900
23.787075
23.831700
23.846050
23.861500
23.896550
23.909925
23.927625
23.946150
23.959100
23.972525
24.006525
24.022000
24.035450
24.066850
24.079775
24.102850
24.114425
24.162325
24.175750
24.192500
24.206450
24.221450
24.235350
24.253025
24.287000
24.317375
24.354275
24.395125
24.418400
24.423550
24.439050
24.457575
24.474775
24.495900
24.511625
24.535275
24.553225
24.572350
24.621700
24.639950
24.692350
24.716700
24.736400
24.772625
24.792325
24.812000
24.827350
24.844500
24.857950
24.882175
24.893000
24.906700
24.932025
24.958650
25.103975
25.127325
25.146100
25.166350
25.181000
25.199250
25.216325
25.230350
25.248825
25.343925
25.357250
25.379075
25.396475
25.413975
25.465250
25.480825
25.500025
25.511825
25.519050
25.531350
25.564650
25.612300
25.628100
25.640700
25.715075
25.780175
25.824925
25.888200
25.958125
25.986500
26.001175
26.012150
26.047650
26.074825
26.111750
26.199550
26.228725
26.294025
26.368575
26.375550
26.415775
26.510500
26.694100
26.811525
26.847325
26.862575
26.976925
27.014275
27.056250
27.157250
27.174675
27.303150
27.316400
27.397700
27.431400
27.464350
27.517575
27.556375
27.603275
27.623150
27.641275
27.744400
27.783625
27.806425
27.821700
27.843550
27.878950
27.941600
27.959500
27.974275
27.988750
28.003725
28.042725
28.059300
28.100800
28.120275
28.158800
28.192850
28.211200
28.297300
28.328450
28.346200
28.396725
28.428425
28.442800
28.474825
28.567400
28.608675
28.626500
28.644725
28.660600
28.711025
28.727275
28.780725
28.799175
28.811300
28.817700
28.834375
28.855125
28.888425
28.983875
29.016500
29.037900
29.062125
29.102100
29.119900
29.151700
29.204475
29.221100
29.239400
29.244400
29.273400
29.290075
29.305475
29.331700
29.350700
29.437625
29.463875
29.494975
29.516000
29.549750
29.565025
29.583375
29.601825
29.618300
29.634350
29.670875
29.692000
29.712150
29.744475
29.761075
29.814025
29.868275
29.881275
29.901775
29.915650
29.971325
30.010850
30.032225
30.081150
30.102500
30.121175
30.143575
30.161450
30.178050
30.192825
30.222500
30.259075
30.294950
30.313250
30.328100
30.342800
30.369100
30.393275
30.426500
30.444775
30.457250
30.476275
30.514225
30.541950
30.576950
30.624900
30.639300
30.666675
30.705375
30.726675
30.774850
30.830450
30.852325
30.903150
30.916575
30.945175
30.957575
30.989600
31.018800
31.054175
31.089100
31.123350
31.137750
31.151525
31.202175
31.229225
31.239225
31.251800
31.316000
31.336025
31.441375
31.533075
31.673575
31.683125
31.741025
31.760075
31.771575
31.787125
31.820850
31.838300
31.880075
31.886750
31.921575
31.960175
31.975375
32.132925
32.142550
32.162275
32.168900
32.214450
32.268025
32.311675
32.315750
32.364400
32.375950
32.428150
32.465425
32.485700
32.515525
32.521025
32.592250
32.771850
32.792150
32.821700
32.831275
32.862300
32.965950
33.026450
33.065975
33.126775
33.173625
33.182425
33.215325
33.313975
33.323525
33.369500
33.380575
33.391175
33.434075
33.483400
33.492250
33.529300
33.537825
33.563950
33.580000
33.642875
33.665500
33.777225
33.816175
33.821850
33.831525
33.841625
33.916350
33.940825
33.974050
33.987325
34.017750
34.067800
34.075175
34.125600
34.182900
34.190850
34.218475
34.316100
34.328725
34.340750
34.381200
34.390275
34.430475
34.477625
34.526200
34.587550
34.629325
34.672750
34.683725
34.691950
34.730000
34.781700
34.834750
34.926500
34.934000
34.961525
34.974250
35.030425
35.042575
35.067250
35.088300
35.136950
35.188525
35.214825
35.222325
35.278275
35.336625
35.374950
35.415825
35.422200
35.478675
35.490200
35.516150
35.523950
35.570925
35.616575
35.629050
35.672025
35.690200
35.769175
35.832025
35.838525
35.869525
35.878375
35.885625
35.982025
36.028825
36.087450
36.134650
36.278650
36.290200
36.367175
36.375175
36.389475
36.417675
36.429450
36.435075
36.471850
36.485400
36.514100
36.590150
36.620050
36.627125
36.637475
36.688850
36.713825
36.761400
36.779875
36.787525
36.889700
36.938175
36.966525
36.990875
37.017850
37.116050
37.125450
37.133250
37.141300
37.173750
37.181475
37.217700
37.230025
37.234250
37.271225
37.326200
37.378700
37.390300
37.420475
37.434550
37.465800
37.519350
37.533825
37.542300
37.565175
37.666875
37.838600
38.280225
38.318025
38.420175
38.434500
38.483050
38.578325
38.584825
38.713000
38.719525
38.773400
38.820875
38.867800
38.878225
38.939350
38.963575
38.971300
38.983475
39.029750
39.064550
39.076950
39.119175
39.139625
39.185225
39.270750
39.278475
39.390300
39.421325
39.475750
39.522025
39.537650
40.474050
40.492350
40.511925
40.525100
40.543100
40.588950
40.594225
40.626075
40.677500
40.690275
40.719525
40.728450
40.734275
40.777000
40.812725
40.829975
40.836700
40.876925
40.882850
40.915100
40.923875
40.929575
40.944775
41.016625
41.021850
41.045075
41.082125
41.122775
41.132500
41.139500
41.160875
41.173475
41.178800
41.185750
41.227400
41.241400
41.265100
41.275275
41.282075
41.288900
41.361750
41.377375
41.384025
41.411900
41.430350
41.440250
41.469625
41.484875
41.495825
41.510225
41.519550
41.529750
41.538025
41.546675
41.580400
41.595850
41.627475
41.639725
41.680875
41.688750
41.729075
41.761475
41.769325
41.784650
41.818600
41.907000
42.012500
42.038750
42.053200
42.065025
42.079350
42.090425
42.102175
42.129525
42.167875
42.188500
42.254250
42.323150
42.397525
42.456700
42.540250
42.555850
42.590575
42.611400
42.629850
42.636750
42.676425
42.708600
42.775075
42.790700
42.821125
42.838175
42.862000
42.922675
42.962475
42.977875
43.020725
43.080050
43.107900
43.146375
43.181250
43.224425
43.290100
43.314525
43.330075
43.348325
43.367475
43.406625
43.424700
43.475875
43.515675
43.526900
43.560950
43.577375
43.595875
43.618200
43.637050
43.652725
43.688150
43.724075
43.738025
43.772425
43.791300
43.803025
43.816975
43.832575
43.873650
43.892350
43.929875
43.948275
43.966700
43.983550
44.039750
44.060650
44.076550
44.169450
44.190125
44.206550
44.239175
44.305150
44.319500
44.334600
44.347075
44.364075
44.379900
44.432900
44.464975
44.483000
44.539225
44.556200
44.603950
44.623650
44.656650
44.658100
44.674875
44.691700
44.709650
44.728900
44.795700
44.859200
44.875975
44.912550
44.928600
45.021225
45.057450
45.092375
45.105075
45.119800
45.139125
45.189375
45.210025
45.245525
45.265575
45.305075
45.334400
45.345650
45.363950
45.402850
45.450000
45.482550
45.500000
45.507950
45.534275
45.559275
45.572850
45.673350
45.689700
45.720100
45.770175
45.788375
45.811275
45.865225
45.928800
45.943250
45.996325
46.016025
46.042800
46.058175
46.075100
46.090150
46.108850
46.129325
46.146250
46.163525
46.178125
46.219375
46.288200
46.333075
46.362375
46.407625
46.426650
46.448325
46.470900
46.483250
46.585050
46.617950
46.626125
46.637000
46.666900
46.731200
46.736775
46.759400
46.777750
46.783175
46.796525
46.846350
46.875375
46.913025
46.920300
46.990000
47.032375
47.076250
47.118550
47.130075
47.175000
47.214600
47.249775
47.318900
47.360750
47.369275
47.411000
47.423650
47.435950
47.473675
47.494675
47.535325
47.547650
47.603275
47.665075
47.677475
47.744425
47.747225
47.812725
47.829275
47.877575
47.920150
47.960650
48.071900
48.121525
48.136350
48.150750
48.155375
48.163625
48.198775
48.224300
48.234600
48.247375
48.260225
48.356275
48.411975
48.471775
48.484975
48.495250
48.509275
48.524800
48.572450
48.604750
48.635050
48.662675
48.676425
48.728575
48.747975
48.778400
48.796350
48.840350
48.851250
48.932825
48.947525
48.964875
48.980225
49.023550
49.050125
49.132900
49.153650
49.224750
49.245125
49.259700
49.275400
49.288300
49.306250
49.325150
49.351200
49.385350
49.432875
49.455250
49.551225
49.593800
49.621550
49.665450
49.716275
49.744925
49.804375
49.876275
49.972075
49.981750
49.991050
50.012300
50.052575
50.137950
50.235200
50.246000
50.421350
50.464600
50.496925
50.512275
50.528450
50.576975
50.670725
50.701300
50.715450
50.763075
50.777250
50.800850
50.814525
50.842475
50.854275
50.890325
50.901450
51.007600
51.111950
51.126750
51.156625
51.215250
51.227125
51.276550
51.287675
51.313850
51.375525
51.382300
51.390900
51.419600
51.474675
51.485150
51.530300
51.569125
51.671175
51.703500
51.755350
51.808025
51.829475
51.839800
51.901175
52.030925
52.085475
52.100775
52.131550
52.169425
52.255950
52.341625
52.366175
52.415800
52.435375
52.459300
52.483125
52.498875
52.792950
52.814100
52.827175
52.899025
52.939775
53.003900
53.015625
53.062075
53.083800
53.114250
53.129775
53.160475
53.261325
53.277150
53.291750
53.303675
53.316250
53.395425
53.433975
53.486675
53.578325
53.604325
53.631800
53.663750
53.673225
53.761000
53.791200
53.881875
53.924775
53.941100
54.044525
54.061275
54.086325
54.184525
54.194950
54.259075
54.306525
54.374700
54.389300
54.417900
54.494400
54.508925
54.525125
54.555825
54.595125
54.635325
54.679075
54.758600
54.773350
54.800650
54.813750
54.923575
54.997200
55.041875
55.064375
55.077775
55.090200
55.103125
55.117550
55.145825
55.160750
55.203450
55.215325
55.231325
55.256675
55.272050
55.284950
55.299075
55.362625
55.426475
55.475650
55.522300
55.526275
55.532600
55.566000
55.613825
55.638525
55.652675
55.666625
55.679200
55.719275
55.814375
55.893700
55.949325
55.975500
56.015750
56.079525
56.098325
56.114025
56.126700
56.141250
56.185650
56.284900
56.356550
56.367375
56.406825
56.448700
56.496675
56.511525
56.613800
56.627075
56.652925
56.666500
56.678400
56.704500
56.718450
56.732275
56.747375
56.763300
56.778900
56.783175
56.818400
56.886250
56.986525
57.062225
57.076650
57.092600
57.110325
57.140175
57.156325
57.223700
57.277775
57.309275
57.319275
57.395250
57.404975
57.442775
57.499575
57.564275
57.658300
57.676975
57.696800
57.853975
58.026350
58.230675
58.306475
58.315575
58.375100
58.457275
58.523250
58.595575
58.616325
58.709575
58.747750
58.816325
58.888175
58.926625
58.963850
58.976000
59.017475
59.041150
59.055850
59.071900
59.108150
59.120375
59.133225
59.144575
59.180150
59.224875
59.298100
59.411350
59.476325
59.556175
59.918650
59.933825
59.962500
60.005000
60.019250
60.149400
60.160225
60.177275
60.210750
60.252850
60.266375
60.317050
60.395650
60.422500
60.437675
60.468000
60.486450
60.501000
60.517125
60.583250
60.605375
60.621925
60.635225
60.695525
60.726975
60.758475
60.796600
60.823050
60.849250
60.984775
60.997600
61.012200
61.045075
61.080750
61.124625
61.188325
61.235125
61.289675
61.293300
61.343625
61.357325
61.390175
61.404025
61.504550
61.541950
61.573075
61.641650
61.654575
61.668375
61.707275
61.725550
61.799150
61.812275
61.901475
61.920325
61.958375
61.981675
61.994725
62.029350
62.073300
62.105575
62.119100
62.186200
62.239575
62.429775
62.445575
62.486450
62.504775
62.553325
62.568200
62.638100
62.769375
62.793450
62.803650
62.819500
62.834775
62.870000
62.990000
63.003675
63.019150
63.039025
63.053825
63.191575
63.203425
63.263600
63.291050
63.320825
63.334075
63.412850
63.471525
63.512125
63.556825
63.568975
63.621950
63.668825
63.683950
63.719450
63.767925
63.822600
63.863075
63.884775
63.903200
64.012600
64.032925
64.050550
64.128450
64.149700
64.163850
64.235975
64.270375
64.281500
64.342425
64.386400
64.399125
64.410975
64.412675
64.418600
64.470875
64.493125
64.499125
64.544725
64.567825
64.591450
64.604350
64.619550
64.692800
64.891200
64.909625
64.929725
64.973325
65.032075
65.096925
65.119450
65.127275
65.180825
65.431375
65.477475
65.495900
65.544800
65.593800
65.626225
65.670400
65.684350
65.720200
65.733300
65.799250
65.846850
65.910850
65.954075
65.968125
66.011250
66.084425
66.190650
66.246850
66.270075
66.281500
66.315700
66.366450
66.502975
66.509350
66.520675
66.617075
66.703100
66.711025
66.718075
66.731425
66.800550
66.937975
66.975225
67.030175
67.045600
67.170775
67.212350
67.345650
67.434025
67.447125
67.459400
67.523850
67.560300
67.634625
67.686800
67.705375
67.718525
67.732325
67.769200
67.848175
68.095600
68.129875
68.138675
68.287950
68.447300
68.512625
68.583225
68.599150
68.612800
68.638375
68.646700
68.681800
68.697150
68.721550
68.733350
68.862550
68.870425
68.908400
68.991550
68.999575
69.223425
69.260250
69.310000
69.429200
69.545175
69.567625
69.622525
69.639000
69.737100
69.911200
69.923625
69.986700
70.189200
70.356925
70.659500
70.679425
70.711125
70.750275
70.825850
70.873825
70.889600
70.954400
71.001950
71.019875
71.079150
71.465300
71.626000
71.763175
71.809200
71.879050
71.898275
72.019700
72.038525
72.083025
72.142875
72.229900
72.260825
72.271375
72.340800
72.370950
72.517750
72.594675
72.702250
72.931175
72.959225
72.989500
73.130300
73.310750
73.494550
73.503750
73.555575
73.565000
73.664475
73.693225
73.714525
73.856275
73.890725
73.905950
73.964450
73.973725
73.987175
74.004075
74.209675
74.231775
74.426225
74.487250
74.509150
74.594600
74.645825
74.666075
74.743375
74.760050
74.798650
74.810775
74.854075
74.972350
75.001775
75.020225
75.039900
75.114100
75.247225
75.286375
75.339225
75.348850
75.375225
75.497250
75.515975
75.601650
75.714950
75.760925
75.894175
75.935375
75.955000
76.017000
76.097650
76.136450
76.183675
76.342625
76.402250
76.510875
76.612175
76.792400
76.828450
76.841275
76.899975
76.915400
76.934750
76.952400
77.055675
77.071950
77.106300
77.255850
77.309325
77.386400
77.457900
77.505325
77.511325
78.047325
78.097425
78.265475
78.296725
78.321150
78.330325
78.380725
78.580350
78.721200
78.864325
78.891950
78.914300
78.944675
78.955600
78.971550
79.011075
79.026500
79.058300
79.123525
79.193200
79.263475
79.353975
79.431850
79.443875
79.523625
79.546150
79.625375
79.634500
79.658800
79.776325
79.790225
79.797225
79.826625
79.897825
79.935750
80.052350
80.065900
80.234600
80.243300
80.272275
80.298200
80.309900
80.358925
80.385800
80.465075
80.483100
80.503150
80.518225
80.551400
80.599525
80.616775
80.702175
80.824150
80.867275
80.898675
81.072575
81.096100
81.112925
81.177550
81.241975
81.257300
81.283250
81.320050
81.337700
81.411875
81.422675
81.434375
81.472775
81.478400
81.486275
81.510100
81.515525
81.521150
81.568950
81.606975
81.612450
81.617400
81.675225
81.833075
81.916875
81.934800
81.960025
82.113575
82.126550
82.135500
82.160300
82.179150
82.213250
82.231125
82.265200
82.270225
82.288825
82.632275
82.662925
82.676775
82.718100
82.763325
82.813850
82.838025
82.861550
82.873300
82.880750
82.912500
82.918525
83.027550
83.033975
83.039050
83.113425
83.125125
83.275650
83.331650
83.359625
83.472275
83.480275
83.562050
83.662675
83.931300
83.938175
83.973400
84.008925
84.064275
84.125725
84.132100
84.173650
84.181975
84.218775
84.275725
84.284175
84.331475
84.375350
84.408600
84.436500
84.518150
84.621475
84.662750
84.679900
84.717325
84.878800
85.013275
85.174025
85.216225
85.235675
85.268350
85.305725
85.317975
85.463025
85.563950
85.623850
85.667175
85.816325
85.882775
86.084050
86.235775
86.329950
86.368025
86.374175
86.632875
86.669725
86.707500
86.773050
86.922475
87.036625
87.329525
87.370525
87.386175
87.427650
87.475650
87.529250
87.668475
87.677875
87.768650
87.787475
87.875050
87.908875
87.931825
87.965525
88.011525
88.023625
88.034375
88.071075
88.082450
88.107750
88.125725
88.163975
88.169600
88.222100
88.267650
88.318400
88.324425
88.330475
88.415975
88.438900
88.482900
88.507175
88.519050
88.563075
88.573425
88.585125
88.662525
88.690250
88.713500
88.728250
88.772300
88.832075
88.839050
88.911750
88.917750
88.963425
89.087525
89.110850
89.158800
89.185925
89.215925
89.267725
89.272700
89.311850
89.367125
89.374950
89.420225
89.428225
89.435350
89.462075
89.531375
89.609600
89.625975
89.633475
89.664275
89.678150
89.725500
89.887250
90.623625
90.640225
90.661600
90.683400
90.709350
90.770400
90.816375
90.822625
90.834950
90.907975
90.913550
90.932000
90.962075
90.967675
90.988025
91.059125
91.075100
91.112850
91.119525
91.160575
91.164975
91.171700
91.190725
91.222650
91.386900
91.401925
91.410025
91.429175
91.435475
91.448225
91.454700
91.465075
91.554350
91.568800
91.583800
91.589725
91.644300
91.652225
91.684175
91.704275
91.732150
91.743825
91.776900
91.803675
91.813600
91.928475
91.941725
91.955925
92.001600
92.070525
92.164750
92.220850
92.332500
92.358525
92.413375
92.427400
92.441825
92.519375
92.548125
92.890025
92.966750
93.014225
94.056775
94.483425
95.222800
95.248300
95.269400
95.559975
95.601525
95.838725
96.036950
96.083425
96.195675
97.251625
97.528125
98.322825
98.385275
98.788625
98.833175
98.869625
98.926600
98.954575
99.098725
99.356875
99.367500
99.902425
99.937400
100.141050
100.234375
100.244825
101.350750
101.382950
101.432475
101.646650
101.696550
102.142775
102.245325
102.265675
102.279375
102.328875
102.330300
102.395350
102.647000
102.672325
102.692125
102.710050
102.724350
103.008000
103.053350
103.154150
103.240025
103.307800
103.369050
103.808350
104.056325
104.349025
104.392800
104.408500
104.521075
104.662100
104.791325
104.870200
104.917350
104.972000
105.231125
105.459325
105.571550
105.583600
105.599225
105.618925
105.637625
105.648275
105.698800
105.790875
105.841975
105.875200
105.920175
105.948325
105.968075
106.050050
106.112750
106.188600
106.252925
106.284100
106.298150
106.321575
106.328775
106.440875
106.597225
106.655025
106.724900
106.742725
106.787100
106.818175
106.854100
106.870625
106.878825
106.889400
106.908325
106.916200
106.966650
106.978525
107.002850
107.094700
107.120575
107.154250
107.220575
107.306725
107.327425
107.612700
107.690400
107.713575
107.924625
107.984500
108.045775
108.124700
108.138075
108.167700
108.190725
108.212375
108.285150
108.329500
108.342700
108.356050
108.374400
108.419050
108.577975
108.593200
108.672250
108.688000
108.700100
108.750050
108.777375
108.824850
108.832400
108.849725
109.173500
109.227950
109.262525
109.285850
109.293975
109.339100
109.351300
109.371925
109.774150
109.794300
109.803425
109.992325
110.058850
110.083575
110.201850
110.240125
110.300175
110.308300
110.362250
110.413425
110.446925
110.489725
110.594175
110.640275
110.695025
110.745500
110.849225
110.940200
110.950625
110.966175
110.979150
110.993800
111.020950
111.069600
111.380425
111.409450
111.460225
111.604475
111.641275
111.739300
111.747825
111.781425
111.852725
111.890300
112.000725
112.013900
112.062100
112.075125
112.134550
112.246225
112.249375
112.411225
112.520600
112.552925
112.596125
112.608025
112.658775
112.836300
112.875850
112.954875
113.029725
113.060150
113.122925
113.133600
113.177050
113.207575
113.221600
113.253275
113.265400
113.304700
113.332800
113.392975
113.409275
113.467775
113.481800
113.559800
113.576950
113.605100
113.705575
113.947000
114.010175
114.041450
114.071025
114.185450
114.201650
114.250200
114.308850
114.376900
114.402850
114.463500
114.529175
114.656025
114.686525
114.705475
114.738325
114.754400
114.772700
114.829950
114.844250
114.874575
114.991275
115.008375
115.022725
115.046475
115.100050
115.125875
115.208650
115.275200
115.307900
115.417200
115.437950
115.471075
115.499975
115.514175
115.556000
115.610025
115.642100
115.704550
115.744800
115.760275
115.794800
115.842775
115.855900
115.886000
115.936400
115.950150
116.049700
116.062725
116.123975
116.306975
116.311475
116.356350
116.409275
116.442175
116.498700
116.659750
116.760625
116.886050
116.901100
116.927650
116.951725
116.966150
116.982300
116.995475
117.040700
117.221050
117.241400
117.292950
117.340775
117.392075
117.402200
117.417800
117.433100
117.446725
117.468725
117.472150
117.483525
117.492200
117.517950
117.533950
117.551375
117.600025
117.624250
117.712150
117.748175
117.760600
117.778925
117.799575
117.850825
117.945900
117.952050
117.988425
118.015500
118.044775
118.099450
118.123200
118.148525
118.160600
118.169250
118.178425
118.344700
118.371525
118.396650
118.456125
118.479675
118.510875
118.560050
118.573450
118.587125
118.683300
118.766025
118.830725
118.846300
118.877600
118.914275
118.935975
118.966275
118.996375
119.025650
119.069075
119.101925
119.194625
119.307200
119.380625
119.447825
119.464900
119.492275
119.598150
119.633625
119.652850
119.682325
119.728025
119.745200
119.753875
119.807575
119.870975
119.937500
119.988325
120.089150
120.114750
120.138150
120.231275
120.254200
120.279125
120.297675
120.314850
120.346275
120.400600
120.419125
120.478425
120.507425
120.535025
120.549150
120.568900
120.589350
120.606125
120.621325
120.639675
120.695925
120.715250
120.734475
120.765125
120.800625
120.817375
120.907300
121.072775
121.091550
121.125975
121.169550
121.213300
121.231350
121.249650
121.266475
121.340650
121.359900
121.376750
121.396250
121.474875
121.494025
121.510925
121.542800
121.559900
121.574250
121.590175
121.605625
121.623700
121.661775
121.691950
121.705675
121.722325
121.815250
121.841500
121.942250
121.960125
122.029975
122.066975
122.123775
122.156450
122.199400
122.224700
122.237300
122.254250
122.284175
122.296225
122.376675
122.396425
122.440000
122.453725
122.482650
122.579950
122.600050
122.616325
122.647800
122.682600
122.698000
122.758450
122.773200
122.821125
122.839125
122.852925
122.904400
122.947400
122.961325
122.976250
123.036950
123.096725
123.143625
123.190400
123.203000
123.232950
123.243025
123.247325
123.260175
123.292650
123.315000
123.350200
123.367675
123.395850
123.409725
123.426425
123.465825
123.477025
123.490575
123.502200
123.549775
123.591100
123.605650
123.636275
123.699100
123.724425
123.738625
123.752125
123.764250
123.796200
123.930625
123.989275
124.046725
124.058425
124.073350
124.088600
124.104275
124.121425
124.138325
124.179525
124.211400
124.262650
124.301825
124.335175
124.362375
124.376650
124.451025
124.460975
124.466925
124.521850
124.542325
124.555950
124.588750
124.598050
124.634850
124.664375
124.701300
124.725800
124.753950
124.772625
124.813800
124.825700
124.872200
124.885625
124.889975
124.917775
124.929925
124.941825
124.961100
124.971000
125.105200
125.131400
125.144850
125.162400
125.172775
125.187775
125.219525
125.231800
125.244550
125.263050
125.316300
125.370125
125.446475
125.477300
125.503150
125.573425
125.614875
125.625625
125.706925
125.720025
125.733700
125.759075
125.788825
125.805425
125.883900
125.904125
125.937350
125.952425
125.992975
126.038225
126.056225
126.070700
126.097725
126.116475
126.147950
126.155875
126.183375
126.200825
126.215350
126.262300
126.299825
126.411150
126.422675
126.476400
126.535300
126.547050
126.584475
126.599525
126.624650
126.638850
126.657275
126.696850
126.725125
126.773000
126.807075
126.845100
126.859975
126.896550
126.948250
126.959900
126.988525
127.007450
127.038900
127.057200
127.091500
127.104375
127.147625
127.233750
127.239475
127.408525
127.421000
127.434750
127.446800
127.485100
127.524100
127.533225
127.545650
127.588600
127.732475
127.750450
127.769000
127.827575
127.848375
127.909250
127.959500
127.994300
128.015050
128.106575
128.118625
128.134425
128.148700
128.163575
128.174625
128.247050
128.264575
128.276200
128.290200
128.320325
128.337025
128.375400
128.414450
128.493325
128.543100
128.556300
128.579950
128.600250
128.652750
128.664275
128.704250
128.761100
128.777050
128.806425
128.849475
128.887450
128.900850
128.999575
129.005575
129.104700
129.122975
129.163275
129.218850
129.234725
129.268275
129.283475
129.297500
129.311250
129.339725
129.366300
129.382500
129.491675
129.521425
129.595475
129.610850
129.639325
129.690250
129.734650
129.751075
129.800200
129.828550
129.841875
129.901025
129.908425
129.918450
129.946775
129.991675
130.032175
130.047925
130.108325
130.154200
130.180625
130.208050
130.259325
130.310825
130.334750
130.349550
130.362375
130.374225
130.426725
130.435975
130.476900
130.524875
130.590750
130.641100
130.727825
130.752750
130.799850
130.854075
130.907375
130.921700
130.932825
130.963425
130.976800
130.994475
131.024100
131.103175
131.137675
131.204650
131.223200
131.257275
131.530925
131.576400
131.626875
131.714725
131.727200
131.775775
131.783975
131.829400
131.927525
131.971000
132.034050
132.222700
132.666425
132.777275
132.829650
132.881125
132.902050
132.920650
132.929225
132.960800
132.965650
132.969675
132.978325
133.002525
133.007475
133.013100
133.060300
133.067950
133.078850
133.105475
133.114750
133.156575
133.180775
133.206300
133.213300
133.234000
133.253225
133.258500
133.278150
133.309325
133.326700
133.354125
133.370025
133.420275
133.459250
133.465675
133.482975
133.513800
133.579500
133.584300
133.605875
133.628975
133.668425
133.707625
133.734425
133.760275
133.765475
133.827050
133.915775
133.973375
133.982025
134.005475
134.011200
134.063275
134.071525
134.129000
134.153850
134.166250
134.172675
134.212425
134.255550
134.260150
134.272200
134.306700
134.382175
134.402650
134.413550
134.425300
134.468775
134.511300
134.605275
134.616450
134.657100
134.664375
134.670375
134.684650
134.704775
134.709425
134.728200
134.763400
134.768700
134.859000
134.879675
134.918225
134.922900
134.957450
134.973400
134.980275
135.005350
135.023150
135.167100
135.202450
135.213550
135.266750
135.277800
135.325775
135.331675
135.363625
135.368325
135.478525
135.519150
135.581125
135.681825
135.728500
135.812325
135.913675
135.973775
136.022300
136.030900
136.101725
136.128625
136.134675
136.180350
136.217675
136.274625
136.310325
136.320275
136.362550
136.467950
136.557250
136.613825
136.621875
136.668175
136.683100
136.721700
136.805175
136.809100
136.867875
136.919900
136.928825
136.979400
137.012100
137.060675
137.082200
137.113650
137.160900
137.167425
137.217175
137.283625
137.320425
137.327075
137.358250
137.368525
137.372100
137.378650
137.465975
137.471025
137.507425
137.518000
137.530250
137.564100
137.577225
137.606650
137.628725
137.634575
137.708150
137.717550
137.719725
137.724200
137.730450
137.803800
137.809975
137.870675
137.908350
137.917200
137.965800
137.979225
138.012375
138.126425
138.132825
138.159825
138.180850
138.283625
138.383850
138.425625
138.511675
138.531800
138.621600
138.721325
138.771925
138.815600
138.829000
138.834525
138.922300
138.956150
138.965300
139.016200
139.064025
139.074900
139.080950
139.113700
139.124125
139.154850
139.221625
139.230675
139.269775
139.274825
139.311300
139.325000
139.370800
139.383650
139.411975
139.526425
139.557600
139.573900
139.603600
139.609675
139.614975
139.624350
139.673750
139.706425
139.765200
139.810050
139.980350
140.015175
140.107900
140.214650
140.275800
140.312700
140.335025
140.373075
140.458300
140.471700
140.527250
140.576175
140.583400
140.606925
140.615475
140.654525
140.660500
140.683325
140.719800
140.730525
140.761400
140.775475
140.859750
140.881200
140.911675
140.919675
140.963100
141.035600
141.121725
141.129875
141.159475
141.175300
141.221500
141.262875
141.291950
141.314525
141.349075
141.362550
141.370700
141.382550
141.389775
141.414850
141.428600
141.576000
141.619375
141.680700
141.757550
141.772525
141.787300
141.807800
141.834700
141.911675
141.948525
141.990800
142.003125
142.014575
142.051725
142.071500
142.083375
142.109475
142.126200
142.340600
142.390925
142.457075
142.510250
142.523200
142.537850
142.577575
142.582150
142.618525
142.670575
142.682675
142.697775
142.766375
142.831325
142.847050
142.858225
142.918675
142.947800
142.969425
143.007750
143.039425
143.061125
143.093125
143.108100
143.129975
143.167475
143.201400
143.224000
143.256425
143.269375
143.282850
143.296075
143.308900
143.323700
143.354900
143.385875
143.406200
143.490350
143.508425
143.533000
143.547725
143.587700
143.640375
143.659325
143.699500
143.717975
143.729800
143.763850
143.820300
143.836550
143.855450
143.910650
143.952325
143.983875
144.022025
144.072250
144.091425
144.106650
144.120600
144.137875
144.214200
144.245475
144.265275
144.289875
144.321850
144.379000
144.395575
144.490775
144.529000
144.558500
144.574375
144.591175
144.608625
144.627200
144.645250
144.679350
144.740075
144.780000
144.842850
144.857450
144.896300
144.964225
144.992050
144.994575
145.017250
145.148375
145.161800
145.201700
145.225775
145.244725
145.260525
145.305075
145.318025
145.449300
145.483825
145.502150
145.555500
145.615500
145.624850
145.651600
145.666325
145.677875
145.707400
145.794625
145.859150
145.872725
145.897500
145.924900
145.952775
145.976925
145.988600
146.001700
146.019275
146.042225
146.081550
146.093975
146.172125
146.185900
146.217375
146.275775
146.290300
146.380675
146.395325
146.423975
146.472325
146.482900
146.522475
146.568125
146.594450
146.617375
146.648625
146.661400
146.676925
146.734500
146.766300
146.777800
146.792600
146.826300
146.837475
146.870600
146.895325
146.913925
146.939050
146.961300
146.973775
146.993950
147.035400
147.058750
147.093800
147.169475
147.241425
147.295900
147.319475
147.345750
147.372425
147.403125
147.452725
147.583625
147.602050
147.610475
147.632950
147.644775
147.738000
147.762275
147.783325
147.820275
147.834275
147.846250
147.879150
147.891100
147.900500
147.956050
147.993825
148.008525
148.035550
148.047200
148.071600
148.122625
148.135975
148.169875
148.180575
148.191525
148.249875
148.287475
148.352800
148.361375
148.379450
148.393775
148.403975
148.420025
148.459450
148.470750
148.507675
148.530950
148.554375
148.593950
148.603925
148.642750
148.660275
148.674375
148.722075
148.733525
148.841550
148.887225
148.939250
149.069450
149.110025
149.119125
149.165050
149.207825
149.223700
149.235450
149.260925
149.340950
149.385425
149.409525
149.842675
150.030600
150.094650
150.630700
150.689475
150.725600
150.941200
151.048525
151.099525
151.131925
151.164850
151.231150
151.301325
151.355400
151.431350
151.469275
151.626025
151.641550
151.678725
151.740850
151.870050
151.974150
151.993525
152.033575
152.046850
152.083775
152.164125
152.420000
152.510850
152.529925
152.643425
152.674225
152.778400
152.933900
153.016375
153.221500
153.265475
153.272050
153.831150
153.842775
153.972225
154.092175
154.200750
154.231175
154.360025
154.376950
154.396925
154.600575
154.682850
154.809975
154.836425
154.997850
155.020975
155.080850
155.160150
155.290325
155.365975
155.516350
155.679100
155.701300
155.751375
155.766700
155.775225
155.873425
155.891675
155.937575
156.021575
156.335525
156.346675
156.415550
156.477650
156.488950
156.509500
156.566950
156.577700
156.741275
156.759850
156.766175
156.823875
156.864575
156.895400
156.926600
156.946825
156.985400
157.047125
157.107325
157.230125
157.319125
157.393225
157.479500
157.564075
157.597125
157.624925
157.666500
157.679550
157.765075
157.803475
157.899550
158.202525
158.384125
158.463225
158.602175
158.665200
158.776850
158.801350
158.823000
158.918725
158.969100
159.029725
159.067600
159.126600
159.146475
159.206625
159.229675
159.253650
159.273325
159.389825
159.403000
159.405850
159.457025
159.516750
159.553925
159.579700
159.594875
159.638425
159.664300
159.676000
159.707350
159.725675
159.738525
159.750825
159.781200
159.848500
159.895100
159.963050
160.004850
160.060550
160.086900
160.159250
160.213175
160.241375
160.263725
160.303075
160.315625
160.437350
160.446700
160.454825
160.484225
160.494425
160.508000
160.556575
160.577475
160.710275
160.714900
160.739425
160.749125
160.759425
160.840475
160.853875
160.934525
160.953725
160.977675
160.998625
161.011175
161.021075
161.052650
161.131875
161.173250
161.200000
161.209150
161.219750
161.283075
161.295575
161.309400
161.326850
161.385225
161.422200
161.472775
161.501400
161.592350
161.602700
161.612600
161.812125
161.848325
161.865925
161.871175
161.898175
161.963275
162.001225
162.013500
162.034000
162.049925
162.084700
162.145950
162.156800
162.171525
162.313400
162.356400
162.368375
162.636525
162.659425
162.693225
162.702075
162.822875
162.874000
162.885975
163.029575
163.074925
163.140375
163.236075
163.252525
163.285550
163.332200
163.457875
163.470175
163.491150
163.595575
163.622275
163.795750
163.825775
163.909600
163.947750
163.981750
164.035825
164.072550
164.087800
164.097625
164.200800
164.279175
164.338050
164.348925
164.358450
164.383550
164.408900
164.413825
164.420625
164.431900
164.448775
164.484025
164.504900
164.534200
164.591025
164.604050
164.879375
164.909225
164.972700
164.984875
164.997775
165.038400
165.213200
165.218700
165.239275
165.273450
165.276675
165.328625
165.380925
165.410825
165.435000
165.462800
165.481000
165.489950
165.507625
165.530050
165.542600
165.563625
165.579200
165.598300
165.632275
165.687525
165.709575
165.753250
165.769175
165.805400
165.841025
165.879975
165.891725
165.917050
165.959100
165.992725
166.007975
166.017900
166.055750
166.068075
166.089900
166.120225
166.150925
166.161525
166.213400
166.222325
166.315350
166.335975
166.400050
166.455175
166.474650
166.484725
166.508200
166.520500
166.561800
166.620100
166.727050
166.804200
166.893575
167.027350
167.048950
167.134150
167.148750
167.163725
167.170450
167.356725
167.386600
167.398175
167.557625
167.595450
167.599175
167.687650
167.749100
167.796450
167.811800
167.830775
167.853450
167.870600
167.927525
167.993925
168.080450
168.143125
168.179925
168.192525
168.286575
168.302550
168.354150
168.379725
168.460200
168.697150
168.766025
168.942875
169.057850
169.096950
169.101125
169.118550
169.166300
169.185225
169.231025
169.249500
169.277300
169.316650
169.322825
169.361225
169.368350
169.401750
169.414400
169.434950
169.446525
169.477175
169.523700
169.577700
169.612125
169.641425
169.652550
169.806400
169.869450
169.907575
169.929200
170.294150
170.351175
170.671750
170.695800
170.701175
170.714625
170.740000
170.781550
170.803775
170.848450
170.923750
171.003275
171.025050
171.082800
171.133075
171.181375
171.249875
171.326225
171.344225
171.352850
171.440675
171.448775
171.541500
171.563275
171.574700
171.611325
171.625625
171.650425
171.765125
171.794625
171.844350
171.877900
171.896400
171.908025
171.919100
171.948525
172.031650
172.048025
172.104350
172.262175
172.277550
172.324050
172.551175
172.565475
172.595900
172.616850
172.639075
172.714725
172.748875
172.759250
172.766475
172.776075
172.823050
172.859400
172.880700
172.921975
172.925275
173.082050
173.133425
173.203175
173.347625
173.432525
173.445125
173.528125
173.548125
173.555600
173.571675
173.594150
173.618125
173.670475
173.691300
173.706400
173.738925
173.794200
173.821475
173.854800
173.900600
173.916225
173.938600
173.953225
173.965500
173.986700
174.000675
174.085650
174.096825
174.109250
174.155650
174.170750
174.199025
174.233950
174.301600
174.319925
174.331650
174.346150
174.383300
174.402575
174.433100
174.447075
174.457625
174.488850
174.497150
174.548100
174.558200
174.578250
174.586725
174.636725
174.648775
174.692900
174.757300
174.809125
174.851450
174.938975
175.013400
175.032925
175.064775
175.117375
175.146000
175.182200
175.198600
175.237650
175.252725
175.263150
175.277175
175.291575
175.321075
175.343950
175.356100
175.380675
175.422525
175.490025
175.500775
175.516800
175.591250
175.603250
175.651850
175.667200
175.680700
175.762625
175.792550
175.820500
175.862050
175.903350
175.914450
175.925350
175.939800
175.954425
175.980950
175.997100
176.008450
176.027975
176.039600
176.134650
176.251525
176.312775
176.336300
176.353875
176.514425
176.528125
176.539800
176.591550
176.658675
176.682175
176.718900
176.744875
176.769600
176.799175
176.814425
176.839125
176.888200
176.910125
176.944050
176.965700
177.059600
177.075850
177.115200
177.174500
177.232075
177.278400
177.354475
177.412350
177.459125
177.482925
177.542225
177.576125
177.595400
177.620850
177.665075
177.703275
177.787800
177.798550
177.812400
177.831100
177.857150
177.948750
178.017850
178.026450
178.029625
178.056175
178.092125
178.105475
178.118500
178.157700
178.173750
178.257700
178.291350
178.318900
178.447700
178.511350
178.567625
178.652775
178.706125
178.719125
178.771550
178.800800
178.814400
178.865925
178.898700
178.933525
178.945525
178.961625
178.975050
179.016950
179.041450
179.160925
179.305650
179.318900
179.333250
179.362300
179.424950
179.489475
179.527100
179.558225
179.581750
179.625675
179.638500
179.649775
179.690500
179.738425
179.750350
179.763925
179.833025
179.859625
179.883950
179.900550
179.917125
180.047350
180.099975
180.117950
180.196150
180.300800
180.336775
180.346900
180.354900
180.363775
180.371450
180.386375
180.418000
180.441125
180.489225
180.495925
180.515400
180.541150
180.550975
180.578825
180.630100
180.638225
180.649075
180.681225
180.700350
180.711750
180.781825
180.801075
180.920075
180.934600
180.947675
180.959125
180.986125
181.008025
181.081725
181.114525
181.128825
181.152950
181.189150
181.249700
181.272675
181.326625
181.413875
181.806650
181.877400
181.929400
181.976250
181.998275
182.001750
182.003350
182.010725
182.020950
182.058025
182.108725
182.119750
182.130450
182.159950
182.161225
182.166175
182.266875
182.273475
182.304075
182.308700
182.361075
182.402875
182.407350
182.412900
182.423750
182.451550
182.570600
182.577150
182.609675
182.674100
182.773625
182.797975
182.823000
182.863625
182.901750
182.907175
182.911950
182.966125
183.018825
183.024575
183.053900
183.112500
183.168550
183.179150
183.250550
183.265375
183.352800
183.367175
183.450600
183.458300
183.470975
183.510800
183.565425
183.571075
183.576500
183.601925
183.628775
183.654350
183.672225
183.756200
183.770825
183.776300
183.802500
183.821900
183.825300
183.853775
183.876750
183.907450
183.964425
183.969175
183.976600
184.023425
184.028425
184.055350
184.125975
184.152750
184.202200
184.258950
184.265175
184.309725
184.354225
184.374575
184.415225
184.426050
184.512000
184.527025
184.555050
184.564975
184.572450
184.602800
184.610975
184.630450
184.649825
184.664875
184.671575
184.709250
184.715675
184.759025
184.802425
184.807425
184.828050
184.854425
184.903550
184.912075
184.930300
184.977725
184.999975
185.011450
185.018050
185.059025
185.172050
185.207325
185.269125
185.354400
185.369200
185.402525
185.430375
185.460550
185.471850
185.501775
185.516650
185.525175
185.529150
185.564250
185.575475
185.621300
185.627925
185.664000
185.730150
185.760075
185.876125
185.907825
185.954700
185.969675
186.023925
186.120125
186.158800
186.174325
186.205525
186.214150
186.253500
186.275900
186.302700
186.325225
186.353250
186.361025
186.366725
186.409125
186.411800
186.423825
186.458600
186.463475
186.469725
186.501175
186.509650
186.517375
186.529525
186.560550
186.572125
186.579400
186.652175
186.804225
186.898225
186.954100
187.004950
187.016000
187.028000
187.069700
187.077600
187.097525
187.164800
187.256000
187.418300
187.471625
187.556025
187.565300
187.575375
187.616975
187.663150
187.722750
187.761275
187.976300
188.064675
188.068950
188.078925
188.104050
188.149125
188.215375
188.221125
188.273475
188.318925
188.357450
188.364375
188.375350
188.400550
188.412825
188.422000
188.429225
188.448100
188.480300
188.519275
188.676925
188.703450
188.727475
188.780925
188.919150
188.962800
188.971625
188.977375
189.072225
189.116725
189.152175
189.163975
189.202700
189.220525
189.363275
189.409225
189.619475
189.814575
190.169650
190.270000
190.312400
190.352975
190.369525
190.376425
190.403425
190.408950
190.427925
190.465575
190.528275
190.557675
190.563775
190.575475
190.622650
190.657225
190.711200
190.717600
190.722975
190.764425
190.772375
190.780125
190.812850
190.823950
190.860725
190.909550
190.923675
190.964800
191.020525
191.057100
191.070350
191.103050
191.154200
191.168775
191.221500
191.294775
191.300675
191.306900
191.338225
191.408350
191.437700
191.451400
191.462650
191.535800
191.550400
191.565050
191.571425
191.578750
191.586200
191.598975
191.652975
191.661925
191.716100
191.767600
191.780550
191.839975
191.993875
192.045950
192.055650
192.076725
192.172175
192.219175
192.359100
192.369025
192.409750
192.418075
192.459450
192.518250
192.571900
192.608775
192.656225
192.682600
192.826575
192.865125
192.893450
192.922175
192.942075
192.968175
192.981075
193.026225
193.152875
193.160200
193.190075
193.231875
193.287200
193.365975
193.390875
193.408100
193.453025
193.477700
193.500500
193.590500
193.608700
193.664750
193.686725
193.736475
193.802850
193.864400
193.894450
193.959325
194.087825
194.109225
194.147650
194.295125
194.325775
194.342300
194.381600
194.393500
194.489350
194.575475
194.588325
194.674575
194.692550
194.862525
194.893450
194.917550
194.945725
194.961575
194.980500
195.029200
195.117325
195.173750
195.414275
195.482250
195.548725
195.891125
195.937250
196.059875
196.075750
196.092825
196.170000
196.222075
196.268875
196.286575
196.307050
196.326825
196.380500
196.433975
196.451525
196.478800
196.495575
196.537350
196.554200
196.634150
196.673525
196.772075
196.792675
196.805750
196.832575
196.853325
196.893950
196.908025
196.993525
197.015075
197.088325
197.161325
197.184950
197.234750
197.297425
197.309450
197.378175
197.409900
197.482250
197.514100
197.534925
197.562825
197.601675
197.653250
197.675175
197.694925
197.797725
197.822550
197.861575
197.881275
197.900325
197.924300
198.004925
198.042200
198.077500
198.109550
198.121425
198.134450
198.167250
198.255350
198.270225
198.281975
198.370950
198.410350
198.452925
198.519300
198.560300
198.591400
198.623075
198.697600
198.759450
198.771725
198.800925
198.850450
198.903225
198.929750
198.968025
199.010500
199.027500
199.082325
199.164675
199.226825
199.255400
199.281950
199.350325
199.407700
199.452425
199.471825
199.483300
199.491925
199.502425
199.524675
199.536225
199.596925
199.612425
199.627400
199.647475
199.661825
199.677650
199.699850
199.725925
199.770475
199.783175
199.845325
199.855100
199.885175
199.898100
199.910225
199.920725
199.960575
199.975875
199.982550
199.999325
200.014925
200.032925
200.038850
200.054650
200.082050
200.122250
200.174950
200.237950
200.253950
200.301175
200.319325
200.395350
200.432200
200.515575
200.623500
200.643700
200.651175
200.690700
200.805600
200.828175
200.903525
200.950375
201.054625
201.156975
201.164825
201.175950
201.229975
201.252100
201.282225
201.378150
201.411225
201.464350
201.475475
201.496800
201.514575
201.555250
201.630575
201.667350
201.811225
201.824875
201.956100
201.968975
201.998250
202.108425
202.211825
202.223375
202.342825
202.480625
202.531125
202.653900
202.754375
202.882175
202.893925
203.065350
203.121225
203.159775
203.215300
203.236975
203.334775
203.360500
203.386225
203.427175
203.454150
203.468350
203.507000
203.581550
203.604350
203.614275
203.664375
203.696900
203.701625
203.727150
203.773025
203.796750
203.809350
203.833700
203.857800
203.876850
203.908600
203.929875
203.939025
203.970625
204.006025
204.053600
204.065100
204.076050
204.196150
204.416850
204.458800
204.478825
204.498575
204.560500
204.611975
204.687975
204.822875
204.946625
205.028200
205.172150
205.243700
205.276650
205.359800
205.429050
205.459975
205.472550
205.523150
205.588725
205.614400
205.635400
205.673975
205.696475
205.729925
205.808700
205.820600
205.837475
205.876100
205.885375
205.935750
206.020075
206.066850
206.077250
206.089150
206.128750
206.201900
206.223225
206.259900
206.280600
206.325875
206.392850
206.394675
206.570425
206.616525
206.651525
206.845875
206.872575
206.882225
206.902025
206.966600
207.008925
207.075075
207.126725
207.189100
207.201575
207.299175
207.359775
207.395800
207.423800
207.444675
207.628975
207.659050
207.776475
207.847600
208.028250
208.113975
208.166550
208.203275
208.620825
208.743025
208.765800
208.935750
208.951975
208.993650
209.203100
209.350675
209.461025
209.498475
209.504025
209.853075
209.880600
209.953725
209.971250
210.099300
210.125875
210.450825
211.307575
211.547475
211.778525
212.275925
212.465825
213.001775
213.034550
213.223150
213.748200
214.053600
214.512500
215.367875
215.486125
215.997175
216.072250
216.102125
216.427600
216.654700
216.764700
216.856325
216.871750
216.939550
217.015475
217.042625
217.253175
217.321475
217.352475
217.442750
217.508500
217.609325
217.672775
217.926450
218.052675
218.148975
218.176700
218.270400
218.357400
218.453900
218.474750
218.654725
218.719250
218.833625
218.846600
219.010450
219.290825
219.465950
219.662150
219.741575
219.782400
219.789125
219.821950
219.855725
219.919050
220.046675
220.137725
220.210975
220.373725
220.483325
220.493250
220.560050
220.578100
220.611100
220.719650
220.747250
220.809875
220.830725
220.845150
220.858625
220.872400
220.890300
221.123400
221.296475
221.615625
221.666700
221.765475
221.773250
221.791700
221.903125
221.938550
222.034800
222.147350
222.167275
222.227175
222.369550
222.439950
222.483250
222.508875
222.861025
222.870675
223.021625
223.147350
223.306925
223.366925
223.390475
223.624875
223.634225
223.671975
223.680625
223.799425
223.805100
223.859550
223.871125
223.891150
223.958050
223.988675
224.100400
224.123250
224.206075
224.337225
224.371125
224.387350
224.673900
224.864775
224.917500
224.924250
225.059950
225.101525
225.287375
225.469350
225.480700
225.519100
225.656225
225.671950
225.744700
225.777275
225.792200
226.116425
226.192550
226.248350
226.288375
226.309375
226.355825
226.555575
226.635550
226.648525
226.707150
226.722075
226.904375
226.921550
226.945350
227.102300
227.132550
227.172300
227.224750
227.294625
227.321475
227.485050
227.538125
227.565250
227.582175
227.764700
227.776375
227.803575
227.833300
228.044275
228.293000
228.338700
228.428175
228.476100
228.555975
228.643700
228.731275
228.754625
228.786900
228.833725
228.843175
228.900425
228.916975
229.066875
229.083175
229.133800
229.216825
229.251650
229.369925
229.561475
229.581050
229.684075
229.844425
229.854300
229.892000
229.906725
229.924125
230.065900
230.075100
230.082325
230.104650
230.138800
230.162975
230.212900
230.332500
230.364725
230.409975
230.422725
230.514925
230.539125
230.544425
230.709225
230.761450
230.818350
230.837925
230.869750
230.963425
230.989450
231.005775
231.046525
231.104375
231.120575
231.174275
231.175475
231.234525
231.324875
231.450450
231.520100
231.546525
231.550700
231.591875
231.596425
231.798100
231.847525
231.923325
232.066300
232.473100
232.505675
232.563275
232.700150
232.720250
232.747125
232.798300
232.801125
232.812975
232.872850
232.962325
233.014675
233.052900
233.104500
233.147325
233.195725
233.214050
233.266475
233.297750
233.302200
233.309950
233.326150
233.345800
233.356800
233.397800
233.511500
233.600150
233.604425
233.725125
233.746675
233.799300
233.913350
234.014500
234.103125
234.199675
234.207525
234.306625
234.424500
234.465150
234.502225
234.514325
234.611475
234.644675
234.721850
234.769950
234.849075
234.872225
234.910650
234.951925
234.973675
234.998925
235.097350
235.220675
235.254025
235.299575
235.413300
235.495425
235.500400
235.505025
235.569925
235.602925
235.747650
235.758450
235.898475
236.005725
236.010000
236.021475
236.107525
236.113025
236.123350
236.145200
236.154500
236.250700
236.298700
236.304725
236.393575
236.414200
236.444850
236.461025
236.499600
236.519475
236.543725
236.616400
236.709250
236.747675
236.900775
236.909175
236.921575
237.064675
237.155225
237.164000
237.168800
237.199950
237.204850
237.225925
237.255550
237.307350
237.355875
237.396625
237.449525
237.548550
237.569000
237.575125
237.666350
237.722650
237.758750
237.767875
237.825100
237.867350
237.954075
237.965125
238.123750
238.222625
238.268225
238.304200
238.320850
238.354150
238.410525
238.502575
238.521900
238.564450
238.612200
238.656050
238.672300
238.707800
238.754675
238.802525
238.860325
238.917200
238.957325
239.002075
239.311175
239.362075
239.602575
239.619875
239.675300
239.715325
239.752475
239.860250
240.070175
240.123550
240.169975
240.454650
240.502800
240.523050
240.559125
240.571100
240.620450
240.650925
240.659375
240.709750
240.749375
240.770575
240.802525
240.818275
240.901675
240.951550
240.956425
240.963975
240.968150
241.022750
241.053850
241.103800
241.154650
241.199025
241.203925
241.226025
241.257175
241.292100
241.337525
241.393475
241.406700
241.419200
241.457525
241.473550
241.493900
241.570425
241.606375
241.636625
241.765400
241.802725
241.871100
242.161225
242.205650
242.311400
242.574200
242.608000
242.692200
242.897200
243.082700
243.179675
243.241150
243.256675
243.286125
243.352750
243.373650
243.435725
243.445575
243.526900
243.733675
243.827425
243.835825
243.864250
243.887825
243.909600
244.022575
244.238375
244.444650
244.482200
244.491025
244.618300
244.661475
244.780275
244.920000
245.003400
245.094675
245.115000
245.125775
245.160375
245.367775
245.389150
245.403725
245.835750
245.860225
245.871875
245.877550
245.891450
245.952000
245.970000
246.096925
246.305350
246.429575
246.480975
246.631025
246.810125
246.818075
246.873550
246.924050
246.962975
247.011125
247.032250
247.052525
247.203150
247.266875
247.296975
247.379600
247.410475
247.479125
247.638300
247.706125
247.724700
247.772550
247.824350
247.940300
247.963150
247.986650
248.052700
248.113400
248.146825
248.176425
248.305625
248.380650
248.429300
248.443025
248.471800
248.521725
248.552275
248.574350
248.594825
248.726125
248.954150
249.063375
249.102900
249.141400
249.251550
249.279600
249.338225
249.551625
249.687725
249.793250
249.937250
249.960275
250.208875
250.218125
250.225825
250.236450
250.257900
250.267150
250.374750
250.389025
250.454425
250.646100
250.775850
250.791050
250.849700
251.046125
251.080750
251.372200
251.428675
251.687425
251.833475
251.897375
251.935200
251.995700
252.027725
252.127950
252.150850
252.162700
252.176350
252.200200
252.217550
252.228975
252.279175
252.298150
252.444900
252.523450
252.531850
252.578800
252.589825
252.611425
252.624950
252.631150
253.122525
253.181400
253.549225
253.572700
253.653450
253.785125
253.802350
253.837650
253.897450
253.930075
253.942875
253.973175
254.072150
254.155900
254.257050
254.281025
254.396725
254.407025
254.528125
254.598100
254.631375
254.796700
254.895525
254.912075
254.955175
255.002700
255.085300
255.119350
255.148175
255.257225
255.325625
255.392300
255.510575
255.567650
255.607350
255.769800
255.779500
256.041925
256.099200
256.125000
256.159400
256.284575
256.505025
256.700350
256.702175
256.721850
256.739475
257.569725
257.610850
257.830525
257.920725
258.014050
258.101150
258.146725
258.157350
258.198700
258.320775
258.358575
258.375475
258.632475
258.935075
259.124075
259.264000
259.310450
259.323800
259.522325
259.736900
259.789350
260.094475
260.125600
260.228400
260.329975
260.633350
260.734000
261.439200
261.634325
261.759725
261.815500
262.087025
262.446950
262.459150
262.607400
262.895875
262.932900
263.002575
263.053825
263.065800
263.163875
263.194975
263.202250
263.219075
263.369000
263.399600
263.432450
263.669550
263.753525
263.769675
263.864975
263.869275
263.972450
264.044025
264.098150
264.117050
264.344575
264.389950
264.447775
264.493000
264.507150
264.521550
264.563675
264.612550
264.712575
264.792025
264.886525
264.937650
264.953925
264.965525
265.008750
265.021575
265.037300
265.104650
265.172700
265.194725
265.230050
265.390775
265.405475
265.443475
265.658525
265.704600
265.741650
265.751975
265.764700
265.789650
265.895600
265.945400
265.959800
265.990225
266.060300
266.127875
266.226825
266.240325
266.285150
266.309500
266.415100
266.454400
266.513575
266.531175
266.585950
266.599025
266.668500
266.791800
266.860625
266.864925
267.035200
267.081475
267.220750
267.231850
267.278950
267.291750
267.394825
267.459825
267.499050
267.563425
267.575025
267.592550
267.643300
267.656000
267.710050
267.743625
267.850975
267.890125
267.909650
267.926050
267.941500
267.973250
267.988625
268.062300
268.114150
268.160550
268.173625
268.189025
268.215500
268.282725
268.311250
268.335450
268.350625
268.424600
268.530175
268.544425
268.572800
268.657125
268.696425
268.744225
268.782800
268.850475
268.857625
268.896200
268.962250
268.975900
269.029650
269.106025
269.176450
269.194725
269.209950
269.291775
269.334650
269.354650
269.475450
269.570600
269.624175
269.640950
269.656850
269.675825
269.704075
269.728450
269.759700
269.800175
269.889125
269.915075
269.955025
270.012450
270.039575
270.056225
270.099150
270.110450
270.185400
270.210850
270.344450
270.439350
270.504000
270.514600
270.526650
270.568000
270.609650
270.625750
270.657075
270.688125
270.700425
270.831725
270.888075
270.957925
270.991975
271.016325
271.041075
271.146525
271.165050
271.176150
271.238500
271.315900
271.330975
271.342300
271.389800
271.414275
271.516475
271.694975
271.708400
271.745800
271.796175
271.808550
271.847150
271.883400
272.013000
272.075000
272.096775
272.211200
272.223425
272.237525
272.308700
272.330900
272.350075
272.398450
272.438175
272.499125
272.501750
272.524250
272.544275
272.558375
272.590800
272.604600
272.719925
272.757775
272.786775
272.808975
273.090300
273.168450
273.195325
273.389575
273.429925
273.463400
273.604975
273.823875
273.847400
273.861700
273.873450
273.926300
273.950050
274.033775
274.143850
274.154950
274.200025
274.222750
274.297450
274.311775
274.320825
274.498275
274.519625
274.566625
274.763900
274.791125
274.873975
275.058900
275.120000
275.133500
275.191375
275.260150
275.305575
275.314275
275.333400
275.389600
275.394000
275.405575
275.506375
275.523375
275.576150
275.640750
275.665550
275.757475
275.841850
275.946550
275.963525
275.977250
276.016875
276.151050
276.254825
276.414650
276.424425
276.433400
276.440350
276.455925
276.466025
276.506550
276.517900
276.540225
276.577350
276.631450
276.650675
276.678275
276.758425
276.800075
276.814100
276.851800
276.906450
276.945825
276.999800
277.018075
277.059425
277.122100
277.223500
277.237800
277.252425
277.276125
277.287000
277.303050
277.335325
277.363925
277.440675
277.451100
277.541325
277.568300
277.574750
277.615450
277.621625
277.647125
277.669475
277.690175
277.726075
277.730425
277.810175
277.904950
278.018850
278.029050
278.075375
278.105675
278.248725
278.269525
278.294350
278.303575
278.344050
278.352925
278.416725
278.432475
278.453475
278.467675
278.555325
278.584150
278.649850
278.848275
278.914075
279.036825
279.094450
279.105750
279.147900
279.176150
279.193625
279.270475
279.322675
279.352375
279.623600
279.660925
279.697025
279.705225
279.720975
