9.452575
9.923425
13.460550
13.683325
14.752975
23.312925
25.564400
25.817025
27.448000
30.546075
31.662450
34.802925
34.943300
36.166375
40.605800
40.951575
42.812700
44.752225
45.299200
46.131375
47.023500
47.538175
47.649550
50.230425
50.299150
50.370825
51.024250
51.352150
51.513875
51.732900
51.759925
54.628100
54.895950
56.177575
60.167000
62.010625
62.562850
63.653300
63.901400
64.194275
69.176150
70.467225
75.444500
75.642500
78.408575
80.410100
81.491275
82.663350
86.127350
87.228350
87.783175
87.966325
89.079600
92.343625
92.818325
93.168025
102.304125
102.375200
103.663650
103.750125
105.896500
108.311400
109.086925
111.658800
