5.860925
6.084900
10.863375
12.743425
13.430350
25.529775
25.586850
26.275250
28.693775
28.812800
28.977150
29.275300
29.402575
29.741175
30.834025
30.989625
31.025425
32.601450
33.254325
33.408625
33.512800
33.539475
34.163100
34.250975
34.682325
34.835575
36.270050
36.340100
37.895575
37.926625
37.949200
37.999125
39.293675
39.512600
39.634600
39.783375
41.287475
41.580475
42.071800
42.085475
44.008375
45.329850
46.056575
46.683500
46.727475
46.820675
46.880725
47.189250
48.002725
48.259075
48.380900
48.416075
48.447775
48.857925
49.194900
50.737950
51.746800
51.888500
51.916550
51.956850
51.976775
52.040225
52.112000
52.484600
52.911200
53.277850
53.326350
53.343600
54.101100
54.167750
54.247525
54.423775
54.537875
54.578225
54.639800
54.652350
54.872600
55.020975
55.201675
55.228400
55.613825
55.670925
56.638900
56.858550
56.941000
57.128450
60.392750
60.759650
61.922575
62.487200
63.109750
63.186025
63.215425
63.332350
64.208750
64.358325
64.647300
64.786750
65.154900
65.206725
65.279650
65.341725
65.391950
65.548850
65.628250
65.753775
65.804825
65.992950
66.029025
66.113125
66.248275
66.298050
66.431700
66.524475
66.777900
67.173400
67.223675
67.311350
67.344425
67.387550
67.654875
67.724650
67.748300
67.856500
67.970000
68.573575
68.921575
68.978775
69.093300
69.147100
69.202500
69.253050
69.326075
69.638725
69.973375
70.118300
70.470375
70.640050
70.923825
70.982875
71.227525
71.582825
71.994700
72.045525
72.144300
72.490800
73.135575
73.193175
73.261725
73.392850
73.441525
73.740650
73.959725
74.080650
74.205400
74.461575
74.546125
74.571300
74.601300
74.683850
75.113100
75.181475
75.216900
75.272750
75.454450
75.598150
75.851775
75.927000
76.741775
77.078450
77.101075
77.440950
77.491375
77.519825
77.553800
77.577125
77.931000
77.938925
77.965550
78.046125
78.095000
78.381925
78.480050
78.650450
79.377250
80.585175
80.648150
80.696750
81.031800
81.361150
81.756250
82.089925
82.416925
82.649900
82.831075
83.209050
83.223275
83.280400
83.341025
83.352575
83.406550
83.433550
83.511150
83.658650
83.755000
83.810200
84.233925
84.264300
84.302375
84.358150
84.630575
84.714650
84.805975
85.494825
85.842800
86.239750
87.332675
87.466800
87.912200
88.485200
88.571875
88.663625
88.815000
89.057000
89.094050
89.121675
89.152050
89.303850
89.331800
89.649150
89.700075
89.751750
89.838475
89.857150
89.884150
89.965425
89.985300
90.020625
90.092700
90.176575
90.496950
90.899550
91.281400
91.552325
91.607000
91.644500
92.426825
92.884750
93.024775
93.359425
93.407275
93.507125
93.831500
93.851200
93.882975
93.929825
94.293225
94.604975
94.661825
94.740300
95.525800
95.927250
95.998950
96.253800
96.341425
97.132050
97.801850
98.371000
98.685050
98.719975
99.077225
100.110825
100.862800
100.927425
100.960275
100.995350
101.045200
101.202800
101.367475
101.397775
101.428850
102.035725
102.129100
102.691450
102.734625
102.767300
102.808275
102.895175
103.158575
103.242550
104.596675
106.313675
106.480850
106.590700
106.636350
106.710700
106.744925
106.781300
106.870575
107.058050
107.134500
107.199825
107.751850
107.885525
107.961375
108.334800
108.434425
108.661875
109.161025
109.648650
110.593550
110.651100
110.867400
111.142950
111.161275
112.500850
112.620775
112.645625
113.247025
113.778175
114.398050
114.461300
114.489725
114.537825
114.558750
114.607775
115.845425
116.098875
116.142650
116.193975
116.253600
116.295025
116.398300
117.210925
117.935075
118.468700
119.021050
119.040475
119.236275
119.485175
119.556650
120.096375
120.158150
120.245000
120.284850
120.416250
120.552050
121.103275
121.169350
122.307875
122.603550
122.668475
123.372050
123.421475
123.451800
123.566800
123.828925
123.879325
123.913175
123.943675
124.003025
124.301850
124.375600
125.029000
125.138175
125.786850
126.101750
126.148275
126.542575
126.605075
126.631225
126.697300
126.775725
127.068000
127.129425
127.154200
127.218525
127.286200
128.257150
128.735825
129.608925
129.846275
129.921500
129.937925
129.955650
129.982825
130.030150
130.116425
130.346500
130.375875
130.395075
130.437975
130.518925
130.618050
130.795800
131.170300
131.641500
131.670350
131.723000
132.006025
132.063775
132.106025
132.471825
132.889050
133.113275
133.162975
133.232150
133.505425
133.548250
133.596350
133.976225
134.228200
134.295275
134.640650
134.685950
134.702500
135.176350
135.666275
135.735525
135.996175
136.030700
136.554775
137.680600
138.464575
138.541025
139.021150
139.053475
139.111675
139.150425
139.277075
139.493600
139.671600
140.097450
140.236125
140.253600
140.299450
140.412575
140.592375
140.695500
140.876450
141.068550
141.521575
142.313475
142.791350
142.874125
142.975275
143.089050
143.608775
144.079100
144.415150
144.439875
144.475925
144.898725
145.347325
145.915950
146.430000
146.549150
146.761550
147.005200
147.054975
148.138300
148.441600
148.483575
148.631150
149.053925
149.357475
149.808900
149.831800
149.894675
149.929650
149.950650
150.094800
150.379525
150.856350
151.539675
151.562425
151.624400
151.668650
152.842325
152.913475
153.291575
153.350525
153.406275
153.765100
155.014450
155.280375
155.731625
155.817125
156.396450
156.802400
156.835675
157.535150
157.961975
157.983900
158.010900
158.110675
158.138225
158.765675
158.786800
158.801925
158.821575
161.266300
161.522350
161.917375
161.940300
161.988050
162.239100
162.728075
162.780925
163.416750
163.440075
163.496775
163.552675
163.869100
164.311350
164.856650
164.899625
164.928475
166.430075
166.516250
166.974575
167.076500
167.507000
168.128825
168.182725
168.726675
168.749750
169.194975
169.693325
169.743125
169.761975
169.790575
169.869575
170.321100
170.353050
170.820800
170.872300
172.535000
172.579550
172.620175
172.629100
172.657200
173.132875
174.335600
174.703025
174.778525
174.874675
175.254050
175.274275
175.330025
175.700375
176.151550
176.525975
176.568200
176.956500
177.774525
178.117250
178.182700
178.271450
178.730975
179.232700
179.521275
179.556475
179.596475
179.700650
180.074750
181.753150
182.371575
182.435175
182.637325
182.661250
183.266350
183.894675
184.253050
184.316000
184.366750
184.376200
184.403675
184.488825
185.395775
185.838325
187.587050
188.379850
188.453850
188.556575
188.682025
189.547775
189.831875
189.993925
190.039925
190.047775
190.064050
190.075800
190.116300
190.150150
190.169725
190.251750
190.284300
190.305775
190.737525
190.861425
190.930650
190.968775
191.026400
191.097525
191.134100
191.155200
191.201350
191.404900
191.553025
191.585725
191.651125
191.672275
191.716000
191.758700
191.800075
191.860525
191.925000
191.975925
192.004875
192.047250
192.078475
192.220825
192.247075
192.332425
192.371975
192.424475
192.480700
192.681125
194.155975
194.181675
194.267700
194.692750
194.809650
194.954400
195.476125
195.560650
195.571050
195.614100
195.639225
195.652000
195.874675
196.182900
196.305300
196.340825
196.374825
196.426775
196.883425
197.750650
198.469100
198.489200
198.528450
