# # All spikes for Neuron
0.126425
0.209450
0.251950
0.367550
0.542800
0.684850
0.737475
0.830500
0.858450
0.911550
0.957225
0.993450
1.055575
1.081050
1.097625
1.137150
1.205850
1.225475
1.244750
1.280650
1.319125
1.381975
1.443400
1.459900
1.469225
1.500950
1.540100
1.597900
1.641000
1.677450
1.699025
1.720600
1.816175
1.851950
1.864175
1.890500
1.937125
1.984125
2.013850
2.108375
2.162175
2.198450
2.231975
2.261700
2.358875
2.402725
2.430825
2.493250
2.602975
2.625475
2.637550
2.746000
2.812625
2.850975
2.881050
2.905025
2.995975
3.073000
3.095050
3.140350
3.176925
3.185550
3.420475
3.523975
3.594850
3.647925
3.714775
3.793800
3.828875
3.869225
3.937925
4.020350
4.112125
4.182100
4.216900
4.233275
4.279700
4.310000
4.399000
4.421025
4.451100
4.510050
4.530425
4.611875
4.666450
4.701075
4.722075
4.818325
4.910950
5.035100
5.072675
5.146000
5.226300
5.295350
5.353675
5.379850
5.392825
5.436250
5.464250
5.578925
5.598475
5.645650
5.660600
5.675425
5.803025
5.861600
5.910700
5.990125
6.024425
6.050300
6.119725
6.197900
6.269375
6.346650
6.398825
6.417650
6.459575
6.477700
6.510025
6.528450
6.722325
6.767575
6.810975
6.888425
6.941300
6.976275
6.989900
7.059150
7.102225
7.148800
7.212750
7.274000
7.291175
7.454150
7.483450
7.542900
7.578275
7.621925
7.661750
7.723550
7.733525
7.800850
7.850750
7.869425
7.892850
8.053375
8.091250
8.123875
8.172725
8.243725
8.263575
8.295025
8.357450
8.439500
8.483975
8.571325
8.615200
8.650850
8.711150
8.751625
8.774100
8.849525
8.903350
8.954700
9.071650
9.087075
9.125875
9.173975
9.212375
9.263825
9.341525
9.397400
9.411575
9.448550
9.475925
9.500400
9.647775
9.874650
10.044150
10.056625
10.096225
10.130825
10.189650
10.236725
10.282850
10.342975
10.548800
10.568025
10.630600
10.671725
10.747525
10.774750
10.809575
10.821225
10.993525
11.055775
11.100150
11.154425
11.243925
11.264400
11.336950
11.343400
11.405775
11.443225
11.487275
11.629675
11.678900
11.737500
11.767075
11.845825
11.904575
11.912000
12.088050
12.120750
12.194175
12.224400
12.261000
12.314525
12.360600
12.396675
12.452775
12.485175
12.559800
12.578225
12.592975
12.598100
12.766375
12.841100
12.878275
12.956425
13.144200
13.191050
13.246275
13.306025
13.347975
13.435825
13.469100
13.519850
13.563400
13.595550
13.660575
13.684400
13.735625
13.765500
13.833225
13.983700
14.043850
14.071150
14.161300
14.325450
14.369200
14.648275
14.717675
14.840300
14.864325
15.045175
15.193475
15.474450
15.522375
15.594875
15.623800
15.662400
15.803375
15.903150
15.991300
16.042025
16.147175
16.230525
16.298350
16.418425
16.498375
16.569325
16.783225
16.895250
16.964400
17.052950
17.221150
17.434025
17.501225
17.746850
17.855975
17.973500
18.072525
18.118575
18.204550
18.292175
18.360050
18.428425
18.595325
18.743350
18.816725
18.894825
19.026900
19.076925
19.143725
19.193800
19.248400
19.317275
19.339325
19.444850
19.531825
19.592700
19.650725
19.687350
19.772375
19.850675
19.923350
19.925275
19.978275
20.032375
20.085475
20.143675
20.179300
20.231675
20.313450
20.328800
20.402300
20.437875
20.484850
20.540350
20.585575
20.641125
20.706600
20.714925
20.751525
20.810075
20.870000
20.936825
20.969700
20.988975
21.004250
21.116550
21.137675
21.198100
21.253925
21.303900
21.449125
21.485700
21.600725
21.640625
21.673500
21.688050
21.735350
21.788575
21.870075
21.901925
21.993650
22.024225
22.166575
22.235000
22.351600
22.424450
22.511225
22.576500
22.687250
22.755975
22.791275
22.821125
22.894150
22.976900
23.141000
23.251900
23.321150
23.432950
23.501400
23.582425
23.657650
23.714200
23.761350
23.845650
23.908775
23.963150
24.025750
24.145450
24.220925
24.300675
24.334750
24.485575
24.583475
24.644550
24.688850
24.729025
24.779000
24.852850
24.898175
24.992550
25.047600
25.161300
25.260425
25.291075
25.307125
25.337475
25.348075
25.356700
25.412200
25.455775
27.448475
29.954375
32.856700
35.272325
35.358600
35.418850
35.435425
35.516325
35.646750
35.720675
35.812225
35.928350
36.006950
36.082800
36.119375
36.133050
36.589500
36.654575
36.837900
36.925625
37.074925
37.143550
37.231000
37.304075
37.360950
37.424975
37.573075
37.648825
37.831225
37.877050
37.957600
38.005975
38.050875
38.169600
38.229925
38.271425
38.341150
38.436725
38.552600
38.642450
38.688425
38.732200
38.766000
38.801750
38.841575
38.917900
38.988150
39.078700
39.111150
39.182375
39.191450
39.253275
39.265575
39.322400
39.408650
39.462875
39.548425
39.569425
39.616175
39.700775
39.737725
39.823750
39.851425
39.916500
39.997825
40.052950
40.106300
40.128925
40.146875
40.180775
40.215650
40.277625
40.336400
40.393750
40.519475
40.570525
40.712625
40.800175
40.851450
40.867250
40.924475
40.993425
41.094125
41.133850
41.266250
41.326350
41.421400
41.470050
41.521500
41.583800
41.648400
41.696350
41.719125
41.762800
41.800425
41.858325
41.936150
42.014650
42.078750
42.109175
42.173925
42.218300
42.288700
42.359250
42.482375
42.507975
42.547175
42.572025
42.662850
42.675225
42.772975
42.851200
42.897450
42.951800
43.007775
43.075000
43.108850
43.225675
43.242725
43.288325
43.323675
43.432700
43.490600
43.530075
43.567400
43.615400
43.670525
43.766225
43.832325
43.857400
43.937500
43.969825
43.988000
44.043450
44.089900
44.130900
44.187625
44.217900
44.236675
44.276225
44.393125
44.457950
44.485350
44.533175
44.584300
44.624650
44.667175
44.763700
44.798550
44.915225
45.003450
45.032825
45.084025
45.105800
45.151825
45.212650
45.298275
45.338500
45.385075
45.423525
45.465325
45.517125
45.597825
45.650800
45.704475
45.802850
45.925800
45.989100
46.032475
46.077675
46.215550
46.282500
46.317325
46.362800
46.420850
46.519000
46.558775
46.595850
46.645775
46.689375
46.723525
46.818950
46.860600
46.913375
46.998050
47.060825
47.100375
47.127700
47.184175
47.252450
47.301375
47.374350
47.423175
47.457425
47.521825
47.582475
47.592875
47.794550
47.844025
47.975450
48.092700
48.235725
48.378950
48.467400
48.509200
48.548800
48.609575
48.668350
48.701750
48.762125
48.813825
48.860325
48.883900
48.985525
49.018300
49.066450
49.118375
49.150300
49.213300
49.352275
49.489250
49.525450
49.538300
49.613725
49.678675
49.738700
49.762100
49.784550
49.870775
49.898225
49.922825
49.952475
49.986950
50.035200
50.075900
50.194800
50.250475
50.297750
50.346950
50.353375
50.407600
50.463325
50.550725
50.567100
50.577725
50.604675
50.691575
50.705300
50.793325
50.843475
50.874050
50.941650
50.995150
51.110025
51.150025
51.181625
51.286975
51.338050
51.448900
51.537025
51.672800
51.755225
51.920550
51.976825
51.998700
52.115375
52.261300
52.312250
52.389475
52.444625
52.475700
52.586600
52.702875
52.802925
52.894325
52.949725
53.054325
53.085725
53.335050
53.400000
53.536100
53.627350
53.685025
53.693125
53.822700
54.002225
54.062400
54.119525
54.172750
54.252450
54.313200
54.491450
54.520900
54.606450
54.649800
54.686900
54.780000
54.862725
55.046475
55.205825
55.318600
55.389425
55.425150
55.452625
55.529125
55.617325
55.781525
55.877575
55.924775
56.002850
56.070375
56.150425
56.220550
56.289025
56.391900
56.438725
56.538900
56.579600
56.666925
56.728125
56.790225
56.814700
56.889375
56.988925
57.121025
57.158050
57.210475
57.279450
57.378825
57.442025
57.502150
57.593325
57.636400
57.648750
57.721275
57.868125
57.915700
58.036400
58.061425
58.102700
58.170150
58.243425
58.331150
58.427975
58.480400
58.624625
58.661075
58.903050
58.935700
59.003275
59.060600
59.110875
59.175550
59.224450
59.271925
59.391900
59.505500
59.565550
59.627575
59.709550
59.796600
59.919725
59.995225
60.081500
60.129175
60.168325
60.333225
60.421450
60.468850
60.584075
60.627150
60.686275
60.862350
60.920400
61.010275
61.089200
61.188350
61.267650
61.350575
61.443025
61.502000
61.548050
61.619800
61.719425
61.822300
61.885900
61.908550
61.965000
62.035950
62.098450
62.193550
62.205650
62.325525
62.376200
62.527000
62.589500
62.655175
62.748625
62.783825
62.826500
62.871125
62.937375
62.990200
63.025150
63.061425
63.104775
63.176800
63.234475
63.390875
63.511450
63.555525
63.599475
63.698250
63.752900
63.775325
63.814200
63.892550
64.014900
64.088775
64.116425
64.188675
64.249375
64.303675
64.383700
64.440325
64.507825
64.593925
64.623775
64.668850
64.678925
64.714525
64.794350
64.847650
64.900975
64.927225
65.045275
65.103675
65.159600
65.221050
65.274775
65.319075
65.460625
65.514775
65.591050
65.653600
65.735575
65.797125
65.918350
66.010750
66.060025
66.283100
66.421350
66.489475
66.546750
66.614475
66.712725
66.777025
66.826250
66.858225
66.904650
67.016250
67.099600
67.171200
67.287150
67.423900
67.456750
67.479825
67.545750
67.591450
67.749400
67.792400
67.826750
67.913150
67.970400
68.014225
68.059825
68.090500
68.136725
68.188775
68.345100
68.493725
68.570350
68.718350
68.919625
69.016925
69.251825
69.366975
69.398200
69.472525
69.578650
69.632450
69.687550
69.727900
69.814300
69.854350
69.861925
70.040250
70.062800
70.155225
70.180675
70.301000
70.361350
70.436700
70.476550
70.654325
70.712350
70.835650
70.868450
70.981350
71.014600
71.249400
71.340700
71.465350
71.689275
71.747350
71.801500
71.836400
71.849025
71.882775
71.963050
72.011900
72.059300
72.130225
72.199175
72.273675
72.330750
72.396125
72.410825
72.465600
72.542475
72.604900
72.655350
72.683800
72.754275
72.800750
72.888400
73.091350
73.206900
73.270425
73.330975
73.413950
73.423100
73.472725
73.537950
73.569875
73.617000
73.709575
73.984125
74.086000
74.141400
74.188525
74.226575
74.281925
74.316950
74.405150
74.443325
74.464175
74.532700
74.581525
74.634250
74.654450
74.692200
74.866925
74.990450
75.051175
75.090325
75.122650
75.299775
75.426800
75.570675
75.639650
75.704025
75.764050
75.847525
75.887650
75.945725
76.014975
76.064300
76.089300
76.198775
76.431125
76.690275
76.739450
76.802375
76.861325
76.898700
76.935075
77.029525
77.088275
77.140125
77.249375
77.384750
77.598950
77.617150
77.897700
78.059325
78.105225
78.183100
78.329725
78.422825
78.482300
78.536350
78.725875
78.962350
79.017525
79.057300
79.123900
79.190200
79.241450
79.354450
79.372725
79.481550
79.696275
79.832225
79.978300
80.033550
80.126475
80.174500
80.279400
80.329400
80.548250
80.577950
80.630150
80.709825
80.846625
80.903300
80.943075
81.219750
81.284725
81.405800
81.481075
81.511350
81.666725
81.799425
81.901375
81.930425
82.078750
82.147525
82.197725
82.281300
82.404300
82.455500
82.529775
82.558200
82.789850
82.841500
82.885775
82.930875
83.028700
83.067975
83.170700
83.191975
83.239575
83.269750
83.356800
83.378400
83.508275
83.623200
83.631225
83.759575
83.833725
83.877675
83.921500
83.975050
84.037150
84.177600
84.238600
84.360925
84.410600
84.536525
84.573100
84.599175
84.640050
84.674350
84.711750
84.830275
84.885350
85.009475
85.147650
85.175575
85.251225
85.284750
85.302575
85.456375
85.706125
86.459275
94.692850
95.250275
95.299100
95.337925
95.361075
95.429800
95.432950
95.507700
95.546325
95.635550
95.695025
95.868325
96.082750
96.189025
96.305850
96.411150
96.542950
96.623450
96.649500
96.760300
96.842475
96.883275
96.952950
97.122325
97.217000
97.309700
97.376300
97.436775
97.500525
97.668200
97.747075
97.843250
98.126500
98.238500
98.297350
98.356575
98.427575
98.488275
98.539400
98.615825
98.662550
98.695350
98.723075
98.724625
98.790000
98.836950
98.901825
98.935050
98.969325
99.022650
99.092450
99.158200
99.243050
99.272975
99.467200
99.506775
99.728700
99.765200
99.821200
99.836825
99.890500
100.009100
100.040025
100.109775
100.248750
100.325350
100.416700
100.487775
100.559900
100.621825
100.650850
100.680800
100.729550
100.791800
100.851925
100.875000
100.923525
101.007550
101.059575
101.114500
101.175325
101.204200
101.241850
101.287175
101.351475
101.397275
101.447250
101.501800
101.608025
101.663550
101.779600
101.841225
101.896950
101.958950
102.024900
102.069450
102.094950
102.147925
102.211875
102.267850
102.305050
102.342600
102.384450
102.465325
102.525175
102.620000
102.667975
102.730025
102.815700
102.852050
102.914225
102.969850
103.050600
103.101525
103.142350
103.230300
103.273775
103.349500
103.402875
103.448125
103.506400
103.533450
103.542400
103.714100
103.792425
103.834775
103.855950
103.910450
103.953000
104.001100
104.044425
104.153625
104.202675
104.247750
104.249775
104.293625
104.308575
104.364575
104.460775
104.547425
104.599350
104.642875
104.705475
104.750200
104.795300
104.825675
104.869000
104.905900
104.950700
105.020675
105.051375
105.070250
105.112000
105.210550
105.261150
105.315725
105.366925
105.407575
105.444525
105.522050
105.560700
105.633400
105.710175
105.798400
105.867675
105.935900
106.033000
106.063075
106.094925
106.377925
106.465875
106.496425
106.545150
106.583400
106.640450
106.653150
106.689950
106.731825
106.806125
106.831000
106.906675
106.937125
106.959800
107.047650
107.102750
107.129125
107.194500
107.263000
107.321025
107.356600
107.404950
107.428875
107.469025
107.489225
107.553100
107.646325
107.687350
107.734225
107.818325
107.915775
107.961100
108.024375
108.076150
108.130875
108.186375
108.240150
108.369775
108.439875
108.523450
108.618425
108.665000
108.726500
108.771850
108.798925
108.875275
108.950725
109.040425
109.159825
109.188625
109.217175
109.241950
109.292275
109.330550
109.352700
109.405300
109.554825
109.651875
109.708875
109.786975
109.797025
109.844300
109.884075
109.913125
109.951950
110.019800
110.052425
110.131200
110.175450
110.265200
110.272975
110.297900
110.325375
110.379525
110.388575
110.536525
110.595600
110.646175
110.716025
110.795875
110.828325
110.876125
110.930250
111.121625
111.180425
111.288450
111.292275
111.517200
111.576500
111.644875
111.703525
111.779375
111.927125
111.980800
112.021425
112.104550
112.163325
112.207525
112.213475
112.362150
112.460975
112.513825
112.540325
112.675075
112.754250
112.811425
112.867075
112.960575
113.023350
113.076275
113.129550
113.187725
113.265675
113.316975
113.348975
113.421800
113.476950
113.535300
113.598675
113.667075
113.826050
113.900425
113.987700
114.037375
114.071650
114.106050
114.160150
114.218300
114.308500
114.351100
114.397125
114.483800
114.512350
114.581875
114.639325
114.694475
114.779075
114.828825
114.932600
114.990350
115.115200
115.181850
115.225025
115.281400
115.408875
115.488275
115.549575
115.606450
115.670625
115.758800
115.823925
115.834100
115.923500
115.981675
116.057450
116.128925
116.209000
116.255400
116.322800
116.393800
116.452400
116.492750
116.649750
116.735050
116.797075
116.831725
116.881225
117.027250
117.057150
117.123975
117.223300
117.348475
117.396425
117.458150
117.492600
117.588875
117.653725
117.730875
117.829775
117.911675
117.919600
117.991575
118.018975
118.034675
118.125800
118.184475
118.251250
118.348750
118.418850
118.457425
118.515375
118.571850
118.702825
118.785075
118.882650
118.946300
118.986475
119.059025
119.105575
119.156250
119.320725
119.375100
119.459625
119.650675
119.712025
119.859925
119.876725
119.898700
119.986150
120.074300
120.148800
120.223525
120.260125
120.326250
120.375250
120.406175
120.463975
120.562050
120.630775
120.707875
120.771375
120.867075
120.937900
120.973700
121.022025
121.108600
121.178575
121.216175
121.264375
121.327200
121.421625
121.469700
121.502775
121.617775
121.695475
121.765900
121.895625
121.925200
121.977350
122.005275
122.100925
122.173600
122.245825
122.287100
122.420250
122.469375
122.499900
122.556075
122.617125
122.680075
122.824500
122.926450
123.022175
123.081800
123.213225
123.490450
123.555825
123.631675
123.677150
123.702125
123.777425
123.801325
123.867300
123.987750
124.018550
124.325000
124.365375
124.594350
124.668400
124.748950
124.837925
124.949200
125.038100
125.118075
125.216925
125.306850
125.395000
125.440825
125.511625
125.536775
125.645225
125.724125
125.819875
125.880275
125.997025
126.034050
126.100125
126.151375
126.236325
126.308075
126.354275
126.436425
126.470400
126.536350
126.568025
126.615425
126.669200
126.721150
126.775125
126.847900
126.894550
126.946025
127.023450
127.108550
127.185000
127.258725
127.313725
127.502900
127.572325
127.660500
127.706675
127.815075
127.919825
128.050700
128.089300
128.102000
128.148700
128.215225
128.299725
128.447775
128.491600
128.591650
128.695600
128.730700
128.777675
128.905725
129.050000
129.114150
129.229025
129.280575
129.407400
129.488450
129.575050
129.675050
129.743850
129.807900
129.905075
130.028450
130.054800
130.132150
130.264200
130.344425
130.394550
130.496525
130.549975
130.611275
130.666950
130.773350
130.852450
130.958575
131.004775
131.067300
131.219075
131.300450
131.355125
131.399825
131.455500
131.503900
131.558600
131.633450
131.692525
131.784050
131.819300
131.906975
131.957600
132.025750
132.077975
132.135100
132.197175
132.312325
132.362725
132.407375
132.454350
132.519075
132.558025
132.571950
132.631475
132.708025
132.803275
132.873350
132.967475
133.008150
133.069075
133.129250
133.184425
133.246100
133.316250
133.395275
133.552925
133.769700
133.835375
133.868775
133.943550
134.046275
134.102000
134.242950
134.284800
134.347200
134.411275
134.463550
134.485550
134.567150
134.629975
134.670900
134.718600
134.787500
134.886850
134.957600
134.999475
135.066275
135.115325
135.239975
135.340975
135.381650
135.592500
135.688650
135.759500
135.852625
135.902000
135.963850
136.040525
136.111200
136.229600
136.267350
136.359000
136.432775
136.476400
136.522875
136.643775
136.712375
136.742600
136.819975
136.838575
136.878675
136.952225
136.982925
137.016775
137.045400
137.268850
137.337200
137.406275
137.504175
137.538275
137.646050
137.732925
137.809075
137.942750
138.218650
138.322050
138.376700
138.512650
138.594750
138.655125
138.713100
138.745400
138.818375
138.855050
138.964750
139.041875
139.330525
139.398600
139.515775
139.675900
139.762300
139.795425
139.844225
140.001275
140.094725
140.143250
140.169975
140.211200
140.252725
140.296125
140.411200
140.481100
140.584100
140.667375
140.738550
140.894325
141.017950
141.071525
141.121050
141.182400
141.307975
141.375925
141.441175
141.500350
141.555225
141.589900
141.609625
141.688300
141.799850
141.835050
141.888175
141.965725
142.037875
142.095375
142.172600
142.319875
142.359600
142.452675
142.588650
142.931975
143.008525
143.109775
143.197375
143.278325
143.305700
143.469800
143.568350
143.620700
143.657150
143.777125
143.806800
143.811625
143.899650
143.954050
144.035275
144.080975
144.236075
144.321300
144.360375
144.430050
144.501575
144.627175
144.671825
144.725075
144.775925
144.815050
144.927800
145.008625
145.078450
145.179750
145.282550
145.293875
145.329225
155.315875
155.370500
155.646575
155.785925
155.840525
155.894525
156.086000
156.264075
156.333250
156.422075
156.654825
156.723750
156.830525
156.932875
157.008575
157.130200
157.211325
157.330350
157.425475
157.492000
157.538075
157.720925
157.825875
157.971300
158.073000
158.218025
158.305450
158.343700
158.375225
158.451200
158.508100
158.558650
158.602725
158.617375
158.708875
158.758750
158.820625
158.873525
159.000100
159.062025
159.064525
159.155175
159.224000
159.308625
159.374125
159.409725
159.463900
159.589400
159.679425
159.748725
159.804575
159.894100
159.935950
160.067125
160.076425
160.102625
160.146750
160.210400
160.254425
160.341500
160.414475
160.499975
160.550250
160.595575
160.688325
160.716300
160.772075
160.824250
160.858600
160.892725
160.949325
161.112650
161.176300
161.233650
161.282850
161.321100
161.399950
161.442100
161.553150
161.606025
161.690750
161.750700
161.796075
161.851175
161.899400
161.919800
161.927475
161.967125
162.011850
162.042300
162.105225
162.129300
162.239975
162.269500
162.373200
162.424700
162.468100
162.518650
162.612825
162.658450
162.837875
162.898850
162.954500
162.984125
163.054225
163.056250
163.141375
163.188675
163.245250
163.305250
163.343500
163.376025
163.406875
163.458150
163.545400
163.599700
163.663525
163.711925
163.805075
163.838000
163.867900
163.894225
163.951725
163.988650
164.010350
164.054400
164.162475
164.206025
164.223800
164.324125
164.369825
164.441000
164.470900
164.510400
164.546150
164.585700
164.627900
164.695300
164.736700
164.800350
164.841225
164.893575
164.940375
165.012350
165.063800
165.101400
165.125525
165.193775
165.239800
165.277000
165.300750
165.342875
165.389350
165.435575
165.458425
165.488500
165.529025
165.544875
165.599975
165.632500
165.676825
165.759775
165.790700
165.894450
165.943850
166.072500
166.121050
166.157500
166.201850
166.222150
166.268575
166.368450
166.462825
166.479325
166.510175
166.559650
166.582025
166.639350
166.687975
166.719550
166.764400
166.805000
166.829425
166.885800
166.938250
166.997100
167.058775
167.100575
167.145275
167.177250
167.213975
167.250350
167.272300
167.354800
167.423450
167.455025
167.526225
167.611150
167.669150
167.740300
167.828125
167.880450
167.937300
167.985250
168.056150
168.146225
168.191875
168.265300
168.320200
168.361700
168.414875
168.446300
168.492025
168.540725
168.620475
168.680150
168.722025
168.749700
168.797550
168.836025
168.898550
168.941800
168.977325
169.018625
169.075925
169.194300
169.230900
169.285775
169.343850
169.408425
169.443825
169.481400
169.534750
169.538500
169.604275
169.747125
169.822650
169.877400
169.959175
170.005700
170.042725
170.094325
170.160875
170.217325
170.266150
170.311200
170.342625
170.391275
170.450450
170.474875
170.501575
170.567450
170.685750
170.753100
170.812175
170.859100
170.921725
170.987550
171.013300
171.087225
171.154600
171.219925
171.270175
171.302500
171.405025
171.449725
171.488100
171.510125
171.570875
171.620475
171.659325
171.717650
171.764625
171.838350
171.907700
171.980175
172.026350
172.080400
172.117900
172.157675
172.202000
172.276575
172.338450
172.389650
172.449475
172.503575
172.571475
172.640450
172.693975
172.763175
172.795750
172.818700
172.872975
172.932550
172.985625
173.094925
173.220175
173.281350
173.345775
173.388975
173.470500
173.563250
173.602000
173.637225
173.703275
173.804525
173.842700
173.921100
173.999300
174.038100
174.200175
174.328550
174.422400
174.439775
174.495375
174.551675
174.698875
174.811650
174.871600
175.004425
175.076700
175.133025
175.302400
175.377125
175.427000
175.492675
175.536700
175.688300
175.739100
175.869950
175.960800
176.058850
176.347475
176.402975
176.469825
176.525675
176.602950
176.682150
176.714850
176.730075
176.741850
176.806750
176.853350
176.905375
176.974200
177.015325
177.052775
177.098025
177.162200
177.211525
177.251450
177.281725
177.372500
177.490875
177.530125
177.586875
177.693975
177.747100
177.797400
177.864550
177.983725
178.191200
178.279125
178.381875
178.495425
178.690875
178.762100
178.923725
178.986725
179.154850
179.262350
179.418650
179.508375
179.556475
179.619875
179.719225
179.786125
179.895325
180.031075
180.100025
180.162350
180.254125
180.354425
180.411875
180.483325
180.528325
180.595275
180.675800
180.774125
180.822325
180.881800
180.964400
181.021225
181.086325
181.131350
181.178225
181.240125
181.280725
181.378400
181.419825
181.450200
181.540600
181.587100
181.660075
181.731850
181.782450
181.995725
182.047425
182.110925
182.156700
182.194150
182.266275
182.315500
182.357500
182.384925
182.411900
182.467100
182.500125
182.551575
182.615575
182.636525
182.690000
182.725600
182.769800
182.798600
182.884700
182.942075
182.995025
183.042725
183.177950
183.348175
183.370500
183.418475
183.551550
183.619150
183.677400
183.859800
183.907600
184.022575
184.069525
184.135300
184.218200
184.299300
184.369825
184.416275
184.537925
184.588575
184.698850
184.755475
184.886975
184.933000
185.026550
185.098275
185.150750
185.218300
185.396850
185.513650
185.554625
185.692025
185.740025
185.792025
185.845400
185.951725
186.024475
186.112875
186.196550
186.366975
186.411550
186.463800
186.524650
186.558200
186.611325
186.692625
186.755375
186.775775
186.867600
187.002225
187.039700
187.069700
187.198225
187.261150
187.299700
187.374425
187.403000
187.423825
187.463175
187.487100
187.557625
187.606100
187.699875
187.757725
187.827925
187.865700
188.072725
188.165250
188.280200
188.322025
188.368000
188.406850
188.470675
188.555425
188.618100
188.702900
188.794400
188.826875
188.839200
188.929750
188.950750
188.982175
189.045475
189.058075
189.198150
189.263925
189.328525
189.376525
189.410800
189.454625
189.534850
189.565900
189.726950
189.760225
189.886475
189.907350
189.987425
190.065975
190.167725
190.229700
190.321800
190.375525
190.437450
190.471175
190.544450
190.576025
190.600525
190.620900
190.651350
190.679850
190.735925
190.747475
190.839375
190.873275
190.880125
191.000200
191.034975
191.105450
191.161925
191.235325
191.330225
191.393775
191.489075
191.623725
191.675125
191.720125
191.863275
191.924625
191.965550
192.029050
192.093550
192.202750
192.253625
192.622325
192.727175
192.802075
192.843600
192.931800
192.999925
193.183700
193.248125
193.334550
193.448175
193.550550
193.603900
193.663850
193.743100
193.838600
193.882350
193.949250
194.019575
194.089200
194.189950
194.242875
194.312200
194.416200
194.644650
194.740400
194.846600
194.906100
194.948175
195.046400
195.089925
195.149975
195.234000
195.303075
195.359250
195.512650
195.582950
195.612525
195.656275
195.749000
195.856350
195.974450
196.027050
196.099375
196.143975
196.203000
196.366500
196.450875
196.522175
196.576925
196.651275
196.801300
196.919900
197.028475
197.086375
197.183325
197.212725
197.267600
197.384925
197.424925
197.522350
197.648325
197.709100
197.788125
197.910350
197.969825
198.060100
198.137975
198.173325
198.207100
198.440075
198.488375
198.605175
198.677925
198.844200
198.899850
198.977850
199.047525
199.127725
199.312450
199.467775
199.528050
199.702450
199.818200
199.909625
199.976950
200.075825
200.150975
200.216925
200.252950
200.277250
200.378450
200.486650
200.543800
200.690725
200.754775
200.953275
201.101000
201.155400
201.287325
201.368375
201.399450
201.569850
201.615625
201.646575
201.804050
201.905875
201.967175
202.064850
202.208200
202.283200
202.354050
202.442875
202.526825
202.645350
202.737050
202.773050
202.841750
202.906300
203.086875
203.140175
203.229825
203.276075
203.295775
203.381300
203.392050
203.461700
203.529025
203.577725
203.646775
203.697950
203.738675
203.800775
203.819800
203.873125
203.913275
203.939025
204.005475
204.081825
204.154400
204.214300
204.297375
204.360575
204.438300
204.607375
204.658650
204.696675
204.751675
204.825875
204.889100
204.982175
205.049150
205.121175
205.162050
205.243250
205.275725
205.293775
205.345075
205.499675
212.652750
212.752600
215.297400
215.340675
215.454200
215.523850
215.589275
215.787200
215.935050
216.086225
216.299900
216.367450
216.430400
216.610075
216.678775
216.963375
217.209700
217.349225
217.458400
217.527500
217.607550
217.686175
217.768400
217.827800
217.930450
217.988500
218.118625
218.275675
218.329150
218.437775
218.486775
218.498425
218.642350
218.704125
218.760275
218.797675
218.850450
218.940125
219.014975
219.055825
219.131775
219.165700
219.212000
219.288625
219.324525
219.376950
219.429675
219.534525
219.599575
219.649025
219.753400
219.856125
219.938750
220.015750
220.101325
220.149125
220.193400
220.209425
220.320625
220.341325
220.373325
220.402000
220.559900
220.616125
220.647950
220.727225
220.762525
220.790125
220.873250
220.907775
220.920300
221.001250
221.045925
221.088575
221.137100
221.184900
221.224325
221.272950
221.298325
221.346175
221.408850
221.459675
221.502050
221.554975
221.626850
221.656575
221.708925
221.782225
221.809050
221.838700
221.986100
222.074700
222.183550
222.218525
222.255125
222.298600
222.338775
222.360975
222.383800
222.485975
222.534250
222.593725
222.640150
222.697500
222.763600
222.830175
222.898000
222.947625
223.005225
223.040700
223.062625
223.069425
223.117250
223.206425
223.295650
223.349025
223.441500
223.498700
223.559775
223.606250
223.668300
223.735200
223.824125
223.886875
223.947500
223.980750
224.032600
224.074375
224.107775
224.169150
224.208300
224.272900
224.327525
224.369175
224.426500
224.465475
224.492250
224.515275
224.549075
224.615600
224.661325
224.712900
224.755650
224.802550
224.852800
224.899300
224.964500
225.009750
225.040575
225.064450
225.123200
225.178175
225.211900
225.244500
225.292925
225.361125
225.401625
225.461225
225.501700
225.525900
225.557475
225.600225
225.656150
225.689100
225.787500
225.871600
225.906550
225.922975
225.945075
225.978850
226.035225
226.077425
226.142225
226.198325
226.224425
226.272600
226.304575
226.384400
226.388650
226.426725
226.464350
226.503475
226.520475
226.576100
226.640550
226.688350
226.734975
226.800700
226.847725
226.897025
226.951750
226.984900
227.037650
227.084450
227.113675
227.185700
227.200975
227.242575
227.296475
227.338725
227.365425
227.421625
227.488050
227.524075
227.551925
227.563700
227.601000
227.635925
227.683400
227.733850
227.815100
227.849575
227.918225
227.952775
227.987225
228.064425
228.115900
228.155400
228.205375
228.244975
228.282525
228.378825
228.417600
228.468150
228.495875
228.529525
228.576225
228.607725
228.694775
228.723500
228.755750
228.799375
228.898850
228.957725
229.035575
229.076275
229.111850
229.209850
229.262400
229.369375
229.469775
229.527350
229.583825
229.648275
229.685075
229.699775
229.747550
229.796850
229.858225
229.909350
229.960825
229.994975
230.043900
230.153175
230.207975
230.283075
230.317450
230.363550
230.461000
230.508575
230.546625
230.595100
230.623500
230.633050
230.655850
230.752700
230.812025
230.881700
230.935975
230.970475
231.043600
231.102400
231.166325
231.206550
231.346375
231.393175
231.500700
231.544275
231.567900
231.606025
231.648550
231.711925
231.798275
231.863675
231.904250
231.928300
232.003000
232.080450
232.137425
232.155500
232.225225
232.272775
232.390150
232.439725
232.478350
232.555900
232.645575
232.716125
232.779375
232.829925
232.893625
232.980950
233.062100
233.104400
233.178625
233.233800
233.306350
233.346350
233.375975
233.470300
233.517675
233.535025
233.579900
233.652025
233.726525
233.883900
233.950250
234.055325
234.117600
234.151325
234.347375
234.419975
234.484850
234.622275
234.718175
234.769025
234.836900
234.923600
235.028875
235.105975
235.149950
235.228175
235.279575
235.325975
235.444275
235.495675
235.551150
235.647575
235.689600
235.750850
235.801475
235.885675
235.966225
236.171250
236.266925
236.323775
236.399300
236.450025
236.508175
236.567000
236.722375
236.790425
236.950000
236.990025
237.140725
237.189275
237.244350
237.315900
237.379425
237.460250
237.510175
237.604675
237.698550
237.811250
237.880675
237.976575
238.025575
238.110550
238.171025
238.227025
238.275600
238.354650
238.398425
238.438425
238.606125
238.672075
238.760100
238.797175
238.837900
238.934925
238.999150
239.071150
239.119025
239.172400
239.354350
239.393500
239.461300
239.521525
239.610200
239.649325
239.702650
239.764350
239.819675
239.857750
239.973000
240.020175
240.085375
240.124000
240.247525
240.312325
240.416325
240.442350
240.582750
240.670000
240.939925
240.966725
241.131025
241.283325
241.368350
241.457250
241.523875
241.602425
241.695600
241.759375
241.906875
242.032975
242.151125
242.255600
242.309875
242.356200
242.409725
242.529100
242.572500
242.652225
242.757000
242.815650
242.879325
242.932675
243.006650
243.190425
243.260500
243.361725
243.437800
243.526350
243.627500
243.691675
243.745600
243.900625
243.998250
244.045275
244.092525
244.129250
244.170800
244.208200
244.282875
244.327350
244.543700
244.604050
244.639200
244.684975
244.790375
244.857475
244.926400
244.979550
245.040075
245.078150
245.125450
245.258150
245.322475
245.345125
245.406100
245.447450
245.517875
245.675300
245.755975
245.864075
245.910275
245.985225
246.100900
246.184550
246.239050
246.282025
246.337750
246.400025
246.470475
246.553250
246.633550
246.699925
246.731900
246.748925
246.785825
246.881575
247.032975
247.177375
247.237050
247.307975
247.382825
247.421150
247.473650
247.534925
247.569700
247.658650
247.686375
247.797225
247.881150
247.987400
248.046075
248.156025
248.255825
248.348875
248.428075
248.523750
248.596750
248.677625
248.769650
248.874550
248.968100
249.025200
249.131650
249.240375
249.386700
249.436600
249.545000
249.597850
249.654500
249.729275
249.787200
249.876875
250.035825
250.126950
250.231475
250.304675
250.369250
250.471600
250.581225
250.649775
250.758650
251.013400
251.097825
251.295250
251.413775
251.506000
251.630800
251.739650
251.901675
251.948975
251.969650
252.042575
252.168550
252.227050
252.305450
252.372900
252.433550
252.545975
252.717400
252.891600
252.987800
253.069525
253.243200
253.282225
253.359250
253.491050
253.554000
253.568000
253.609775
253.665825
253.709775
253.752050
253.868800
253.931125
254.214325
254.379050
254.464075
254.524775
254.676325
254.892100
254.994925
255.148250
255.219975
255.340800
255.528825
255.765900
255.970750
256.117275
256.247575
256.338950
256.579375
256.774925
256.882575
256.981325
257.394750
257.516925
257.545625
257.632850
257.775300
257.890950
257.947600
258.167300
258.409000
258.656475
258.725200
259.166500
259.179850
259.294275
259.456325
259.517300
259.632500
259.680175
259.712550
259.762600
259.824850
259.902750
260.013000
260.163900
260.300400
260.489375
260.573175
260.917525
261.088000
261.120150
261.347200
261.410775
261.451800
261.618775
261.694825
261.765200
261.912600
262.050175
262.206350
262.381550
262.548800
262.716975
262.939800
262.967700
263.057300
263.182125
263.248400
263.302100
263.371275
263.419000
263.469225
263.701825
263.802600
263.864025
263.996700
264.190700
264.291350
264.489225
264.692025
264.819600
264.889000
264.951325
265.056025
265.160200
265.239225
265.273650
265.287975
265.326825
275.228825
275.342800
275.410450
275.626225
275.764125
275.870575
275.964325
276.270425
276.348800
276.466725
276.548625
276.686750
276.746275
276.848975
276.983025
277.070450
277.159925
277.286500
277.365175
277.418025
277.451600
277.512025
277.613875
277.723875
277.797450
277.849775
277.909300
278.053175
278.131400
278.152825
278.241875
278.331150
278.370200
278.490475
278.536725
278.610125
278.649025
278.726400
278.786400
278.833825
278.902425
278.956900
279.012825
279.073550
279.170675
279.209625
279.251850
279.320950
279.355750
279.469975
279.505500
279.554900
279.594275
279.641000
279.693650
279.717700
279.777875
279.828200
279.868575
279.907225
279.952125
280.022500
280.079750
280.136025
280.216850
280.291450
280.352475
280.400775
280.454500
280.517600
280.568550
280.601400
280.687475
280.750250
280.807200
280.847075
280.899125
280.957975
281.010950
281.064050
281.149500
281.241600
281.269775
281.362700
281.392425
281.444925
281.486750
281.640975
281.645475
281.700950
281.734275
281.764875
281.813975
281.841375
281.947475
281.982425
282.006550
282.066750
282.112325
282.172700
282.229525
282.274650
282.297375
282.339775
282.406125
282.439800
282.453925
282.468550
282.504875
282.570200
282.581975
282.654150
282.686525
282.743450
282.778525
282.804675
282.858775
282.894450
282.918150
282.959400
283.001800
283.040650
283.076075
283.111550
283.206800
283.342350
283.361250
283.433775
283.445250
283.455150
283.515825
283.631900
283.709225
283.769050
283.819875
283.966900
284.032800
284.068975
284.111225
284.183875
284.223175
284.274600
284.322875
284.379100
284.418425
284.437400
284.465800
284.514900
284.570575
284.627025
284.719600
284.773900
284.862675
284.899000
284.926525
284.954025
284.982250
285.037075
285.073175
285.132475
285.213925
285.246975
285.365175
285.425625
285.472675
285.495975
285.559175
285.614225
285.693300
285.748450
285.779950
285.837450
285.876525
285.937225
285.978550
286.030475
286.067800
286.173800
286.242550
286.278325
286.309550
286.342300
286.431225
286.476275
286.534550
286.581375
286.589400
286.610425
286.696900
286.765050
286.795025
286.839800
286.879325
286.949275
287.009500
287.078750
287.138300
287.181825
287.254725
287.303475
287.350950
287.383875
287.422575
287.443475
287.510250
287.616225
287.690500
287.725650
287.782800
287.828275
287.882625
287.932050
288.075950
288.130350
288.208400
288.259875
288.297250
288.364775
288.417375
288.477675
288.539825
288.582875
288.640775
288.776825
288.826900
288.903975
288.957700
288.975750
289.050150
289.120575
289.217700
289.318825
289.418175
289.621300
289.693100
289.756250
289.812000
289.861150
289.913525
289.969850
290.018350
290.040500
290.115950
290.179325
290.258700
290.347025
290.497000
290.572825
290.636150
290.666850
290.710950
290.765700
290.834975
290.866175
290.939550
290.991900
291.118350
291.187500
291.235500
291.313775
291.361075
291.438600
291.518000
291.584875
291.722400
291.783975
291.849675
291.997825
292.066300
292.148325
292.226900
292.314825
292.337175
292.396825
292.445125
292.532975
292.596375
292.668825
292.777675
292.837700
293.043650
293.092500
293.227350
293.354025
293.416900
293.508650
293.539075
293.659225
293.727725
293.815350
293.914775
293.991575
294.112975
294.142300
294.240725
294.325475
294.467850
294.475000
294.545550
294.571875
294.614600
294.715350
294.807925
294.902725
294.976275
295.055375
295.169800
295.260225
295.318675
295.383650
295.470275
295.551350
295.639875
295.696775
295.826450
295.949950
296.021175
296.078050
296.132975
296.256125
296.440975
296.628225
296.862425
296.983575
297.077850
297.253875
297.339500
297.461675
297.557650
297.681525
297.830925
297.988850
298.233200
298.348175
298.436600
298.508550
298.639450
298.712975
298.767075
298.882725
298.977475
299.075975
299.229625
299.346875
299.398125
299.425025
299.486525
299.595125
299.674125
299.856500
299.911775
299.947700
300.026000
300.102000
300.180450
300.260250
300.344600
300.497775
300.595800
300.716850
300.795250
300.946900
300.978175
301.029050
301.114925
301.177550
301.253425
301.326975
301.451825
301.595425
301.676075
301.753550
301.818575
301.918225
302.029575
302.128775
302.197275
302.277475
302.473375
302.611550
302.756300
302.825100
302.902375
302.968200
303.042800
303.072625
303.130675
303.223525
303.312600
303.635550
303.709600
303.763500
303.844675
303.962150
304.001750
304.068750
304.145050
304.176450
304.322475
304.394550
304.485850
304.586175
304.678500
304.800225
304.906100
305.098325
305.211300
305.314750
305.550800
305.603050
305.699225
305.780600
305.969000
306.011825
306.108450
306.220375
306.322450
306.336650
306.410025
306.540825
306.636850
306.731650
306.759225
306.864500
306.960475
306.962675
307.026950
307.127825
307.284075
307.427850
307.507275
307.750025
307.902450
308.060875
308.157625
308.219750
308.385525
308.461500
308.574100
308.739425
308.838475
308.953325
309.034050
309.125475
309.258000
309.331250
309.490525
309.635925
309.724175
309.821500
309.949675
310.065525
310.210375
310.396225
310.512100
310.680050
310.725250
310.763575
310.767950
310.813175
310.875825
310.940825
311.068875
311.219050
311.347675
311.608800
311.732525
311.818175
311.927000
312.067500
312.175350
312.298900
312.410625
312.555325
312.719300
312.793675
312.875125
312.999175
313.064350
313.111275
313.188500
313.261700
313.397100
313.466950
313.594475
313.944950
313.976475
314.232050
314.405575
314.541050
314.610575
314.633625
314.676550
314.746550
314.766525
314.900525
315.058025
315.220750
315.396775
315.541450
315.642925
316.073925
316.280125
316.332225
316.441100
316.664750
316.848625
316.921500
316.975675
317.134975
317.369000
317.469850
317.577725
317.587950
317.798025
318.051450
318.053325
318.157650
318.267800
318.402975
318.480425
318.556450
318.691450
318.761775
318.804575
318.899100
319.000425
319.114000
319.223525
319.267825
319.339450
319.413825
319.531700
319.611925
319.717625
319.781175
319.883075
319.989525
320.067200
320.149425
320.222300
320.283700
320.343300
320.452550
320.549450
320.686300
320.789950
320.876800
320.936500
321.151050
321.285600
321.397525
321.598325
321.717150
321.778700
321.880725
321.926400
322.051475
322.081800
322.287850
322.526000
322.591525
322.777150
322.833750
323.016250
323.163750
323.280250
323.374075
323.479375
323.569900
323.673375
323.801675
324.133200
324.265325
324.376825
324.477675
324.645025
324.784525
324.892450
324.981475
325.157650
325.266725
325.326150
335.347350
335.429950
335.503525
335.704625
335.804150
335.973950
336.106250
336.251300
336.305650
336.505550
336.799725
336.967850
337.062525
337.134950
337.233325
337.313750
337.379225
337.453050
337.548950
337.610900
337.773425
337.827450
337.890675
337.938125
337.984900
338.065775
338.132500
338.178225
338.243200
338.284900
338.331925
338.397375
338.449175
338.498625
338.563300
338.615950
338.689250
338.767750
338.809025
338.904800
339.023025
339.120025
339.185175
339.231175
339.279550
339.385575
339.452450
339.506875
339.567300
339.641750
339.706200
339.765400
339.810275
339.891975
339.921825
340.025275
340.069075
340.144600
340.195525
340.253000
340.353275
340.415925
340.502850
340.517525
340.577675
340.657550
340.713475
340.752300
340.866800
340.902125
340.952900
340.993575
341.100150
341.154000
341.228875
341.251325
341.306875
341.380550
341.421300
341.467900
341.521575
341.538975
341.578600
341.626300
341.678700
341.715875
341.761025
341.831000
341.883625
341.906450
341.924175
342.030575
342.059250
342.124600
342.163350
342.217450
342.229050
342.249350
342.343975
342.388900
342.435075
342.490825
342.522525
342.592675
342.673350
342.708700
342.839700
343.021975
343.039600
343.083600
343.157325
343.216300
343.259250
343.315200
343.363375
343.412850
343.464425
343.521450
343.588575
343.650125
343.712725
343.794575
343.877950
343.936100
343.964250
343.999425
344.039375
344.125275
344.164300
344.220100
344.246175
344.278200
344.386800
344.437150
344.466750
344.503375
344.552675
344.599375
344.642700
344.697950
344.785625
344.862475
344.917225
344.947675
344.972800
345.083525
345.116950
345.127100
345.139575
345.143275
345.191000
345.258125
345.303300
345.400050
345.438750
345.503800
345.547525
345.595725
345.629175
345.634700
345.671825
345.719375
345.756325
345.770875
345.840075
345.882725
345.918300
345.983525
346.013850
346.054525
346.092575
346.123100
346.133950
346.179675
346.214675
346.289725
346.371550
346.402475
346.471225
346.499450
346.543050
346.578425
346.640400
346.652475
346.700700
346.743650
346.771750
346.879575
346.899850
346.941425
347.004025
347.030150
347.089450
347.148050
347.201750
347.234450
347.281650
347.350225
347.416850
347.458100
347.491700
347.526400
347.574350
347.640925
347.677275
347.718775
347.766400
347.806125
347.877650
347.915575
347.947450
347.984300
348.006100
348.077650
348.129650
348.179550
348.213825
348.245450
348.281900
348.347125
348.388775
348.448625
348.510000
348.582725
348.649250
348.698975
348.753650
348.813325
348.841250
348.901425
348.938550
348.970525
349.033800
349.046175
349.119700
349.162775
349.204075
349.254975
349.296875
349.342700
349.369900
349.455700
349.500275
349.548175
349.576925
349.614750
349.657025
349.690575
349.712525
349.717400
349.795550
349.852475
349.891350
349.961425
349.997700
350.041500
350.074975
350.116500
350.244400
350.294150
350.327025
350.383675
350.455100
350.510150
350.575300
350.596950
350.669025
350.831150
350.882650
350.919575
350.930300
351.012025
351.095900
351.143850
351.195675
351.239950
351.305250
351.384850
351.452850
351.481925
351.509750
351.606025
351.637275
351.717650
351.843275
351.926100
352.010125
352.221975
352.265150
352.299150
352.361575
352.448750
352.486775
352.539975
352.619950
352.693650
352.736225
352.815375
352.848475
352.919350
353.089825
353.158375
353.235550
353.310700
353.389225
353.444150
353.523725
353.622025
353.694150
353.740350
353.896750
354.020625
354.057825
354.122900
354.217325
354.320900
354.398575
354.590550
354.676400
354.958725
355.043825
355.195700
355.249950
355.295050
355.492250
355.640375
355.737300
355.878375
355.953450
356.297425
356.365775
356.552550
356.640150
356.762200
356.831300
356.931625
357.087650
357.253850
357.317675
357.359650
357.409175
357.516525
357.550125
357.653425
357.728025
357.864575
357.910350
357.987250
358.115925
358.204600
358.272625
358.392300
358.544625
358.622925
358.748325
358.826125
358.866900
359.046500
359.184000
359.253025
359.340725
359.434875
359.586650
359.661825
359.805800
359.846250
359.937400
360.011400
360.131525
360.184400
360.406225
360.558025
360.711100
360.779875
360.833100
360.941550
361.121200
361.317725
361.346050
361.382175
361.575175
361.698050
361.819675
362.014050
362.121075
362.253000
362.349725
362.431125
362.503325
362.530125
362.635925
362.708475
362.793550
362.854175
362.975700
363.073900
363.144250
363.312725
363.643050
363.771525
363.846900
363.925575
363.963000
364.014200
364.111575
364.276675
364.380500
364.410075
364.609325
364.672125
364.747775
364.827650
364.930100
365.011375
365.111100
365.196900
365.294600
365.334900
365.361300
365.528175
365.639275
365.833575
365.936950
366.003600
366.075200
366.157900
366.220900
366.315375
366.426200
366.514150
366.614425
366.657950
366.706275
366.760100
366.863075
366.943650
367.072925
367.135625
367.238425
367.345775
367.463900
367.646025
367.687075
367.840600
367.931425
368.022075
368.143575
368.283775
368.331575
368.410825
368.483275
368.609375
368.724150
368.793825
368.831500
368.900825
368.985350
369.079375
369.138200
369.242225
369.379150
369.449475
369.527525
369.630700
369.724725
369.790150
369.883550
369.968725
370.050250
370.111350
370.270175
370.326525
370.420825
370.499375
370.546525
370.604625
370.857325
370.980725
371.067925
371.138150
371.247375
371.287900
371.355025
371.456700
371.513475
371.624025
371.665400
371.758200
371.928025
372.035775
372.083175
372.123625
372.198025
372.272100
372.369800
372.479400
372.563800
372.664475
372.810475
372.923100
372.973625
373.064550
373.140550
373.266000
373.369325
373.449225
373.506875
373.656350
373.717750
374.006600
374.076850
374.139700
374.209475
374.258325
374.283550
374.339025
374.488500
374.549250
374.723750
374.883600
374.908725
374.976450
375.105875
375.124050
375.189625
375.209100
375.240075
375.330150
375.478075
375.536725
375.670125
375.755625
375.810650
375.870525
375.975725
376.068975
376.187625
376.386850
376.503725
376.622475
376.720375
376.993200
377.069500
377.219675
377.296500
377.438525
377.533200
377.631450
377.725975
377.841550
377.964300
378.125175
378.195525
378.307900
378.392025
378.473200
378.533475
378.536675
378.663350
378.803025
378.851800
378.977850
379.313750
379.355250
379.516250
379.690475
379.918775
379.991800
380.045025
380.136400
380.232800
380.358750
380.524025
380.578700
380.632025
380.883475
380.956900
381.091400
381.162925
381.229325
381.310650
381.418525
381.583500
381.694750
381.833750
381.882250
381.999725
382.066425
382.122400
382.215350
382.278225
382.316750
382.400300
382.483600
382.545450
382.619450
382.666150
382.733525
382.812900
382.963075
383.027800
383.101525
383.157800
383.225375
383.281300
383.402025
383.468250
383.561325
383.673300
383.776250
384.070000
384.134425
384.218975
384.292400
384.379875
384.423825
384.554150
384.677100
384.795200
384.925475
385.006600
385.050950
385.140850
385.265975
385.281650
385.318300
395.282600
395.395000
395.620400
395.715700
395.798350
395.943400
396.126650
396.254050
396.550850
396.639900
396.748525
396.845400
396.999725
397.060050
397.298650
397.413225
397.511325
397.691900
397.805425
397.922925
398.036375
398.127550
398.244275
398.321050
398.368225
398.456250
398.539175
398.619600
398.687950
398.760850
398.814800
398.862450
398.935075
398.993175
399.117900
399.207325
399.246275
399.312550
399.350400
399.385525
399.427675
399.507575
399.540050
399.595275
399.654850
399.700325
399.746975
399.770300
399.801625
399.906500
399.979775
400.061150
400.110925
400.201750
400.264850
400.340575
400.408075
400.464225
400.513425
400.585875
400.645750
400.686225
400.716225
400.764375
400.810025
400.848800
400.934550
401.034400
401.106725
401.129675
401.176625
401.237075
401.277000
401.358950
401.440950
401.490950
401.548375
401.602300
401.682850
401.721000
401.788725
401.872500
401.913300
401.972450
402.033325
402.119900
402.194625
402.242475
402.285225
402.363450
402.427125
402.482050
402.532475
402.573925
402.601575
402.657525
402.748750
402.787125
402.820425
402.873850
402.939200
402.972450
403.015400
403.069500
403.114175
403.180325
403.214450
403.272525
403.319375
403.372825
403.437800
403.513925
403.583025
403.633500
403.671675
403.737500
403.827600
403.926650
403.982800
404.042100
404.120825
404.161825
404.207275
404.303675
404.348150
404.429075
404.474075
404.522125
404.573400
404.614400
404.666000
404.707725
404.793500
404.818875
404.895075
404.965225
405.001525
405.031775
405.118250
405.189950
405.244700
405.302100
405.400950
405.458500
405.501075
405.556625
405.620250
405.663775
405.819850
405.879450
405.938750
405.993775
406.050900
406.088000
406.124675
406.160575
406.217450
406.261200
406.318500
406.347775
406.382400
406.433300
406.475725
406.513450
406.543750
406.572125
406.614400
406.657600
406.697175
406.715100
406.760600
406.789750
406.830275
406.903250
406.966450
407.015900
407.055575
407.103400
407.170050
407.240650
407.273300
407.336350
407.384075
407.441675
407.494300
407.517050
407.551525
407.571225
407.613750
407.655325
407.713675
407.751975
407.767425
407.816900
407.857450
407.879475
407.918900
407.954675
407.977300
408.007200
408.124125
408.162700
408.214950
408.253950
408.286925
408.301950
408.338450
408.367350
408.439900
408.479425
408.506775
408.563575
408.614050
408.640675
408.692500
408.754075
408.786475
408.836525
408.871475
408.921000
408.952075
409.008850
409.033325
409.095775
409.171900
409.220450
409.276750
409.325725
409.345725
409.396550
409.433600
409.486775
409.557200
409.622500
409.697725
409.768775
409.798925
409.867750
409.911550
409.955975
409.998700
410.029975
410.046075
410.095925
410.115100
410.210450
410.244400
410.274125
410.352650
410.386325
410.446750
410.527575
410.563175
410.597825
410.642550
410.670750
410.689600
410.710025
411.000925
411.120325
411.198675
411.284250
411.333425
411.408300
411.445225
411.495175
411.550875
411.587825
411.673800
411.755375
411.819625
411.870150
411.909000
412.054275
412.122575
412.150125
412.239725
412.294475
412.364725
412.469550
412.564975
412.646775
412.681200
412.732375
412.788300
412.852325
412.915100
412.976975
413.038650
413.107075
413.149600
413.268875
413.345100
413.396725
413.458275
413.527650
413.575850
413.739975
413.848100
413.935500
414.028850
414.098950
414.144725
414.212850
414.278350
414.353600
414.433300
414.494100
414.547675
414.605350
414.651400
414.703375
414.759200
414.828700
414.868550
414.885525
414.955125
415.027350
415.081675
415.166925
415.216925
415.246750
415.279125
415.332625
415.398150
415.462200
415.515550
415.580150
415.614550
415.667100
415.736450
415.799925
415.891425
415.949725
416.094725
416.187075
416.232825
416.356425
416.434950
416.494525
416.568400
416.661100
416.769375
416.863150
416.904050
416.970575
417.052800
417.211975
417.457700
417.473125
417.631050
417.670725
417.811550
417.922825
418.020950
418.128575
418.143725
418.187150
418.239675
418.277125
418.324900
418.408300
418.448575
418.474325
418.509450
418.605800
418.670525
418.721300
418.769375
418.867000
418.894200
418.980125
419.008275
419.125000
419.176500
419.242675
419.322725
419.523550
419.586150
419.657625
419.727000
419.774200
419.827275
419.895650
419.977875
420.028950
420.118975
420.199500
420.305225
420.397275
420.485000
420.544275
420.624550
420.689100
420.739725
420.828125
420.917150
421.010575
421.074400
421.176925
421.206300
421.296300
421.383325
421.430675
421.467275
421.522375
421.557475
421.600650
421.668675
421.765475
421.794075
421.808275
421.824750
421.910575
421.985825
422.110250
422.174750
422.239325
422.332475
422.428950
422.526675
422.560500
422.631625
422.675050
422.728525
422.814100
422.845300
422.905925
422.911250
422.933075
422.938375
423.250725
423.416650
423.431950
423.553900
423.679725
423.800825
423.850850
423.922775
424.006125
424.141025
424.201975
424.344475
424.418700
424.573400
424.762950
424.825450
424.909550
424.964775
425.075550
425.133275
425.231925
425.282000
425.359300
425.434500
425.473125
425.545375
425.583725
425.724650
425.760325
425.848875
425.898900
425.981025
426.027550
426.100750
426.198475
426.267300
426.314550
426.373050
426.436050
426.577075
426.703325
426.751975
426.808750
426.858450
426.921475
426.978975
427.024000
427.091025
427.169875
427.253150
427.321725
427.373575
427.461925
427.542000
427.618250
427.697800
427.792600
427.864800
427.883500
427.914075
427.941100
427.978725
428.001675
428.051900
428.083950
428.176400
428.243475
428.290600
428.351550
428.433425
428.478100
428.571600
428.631075
428.720850
428.774675
428.854925
428.902150
428.951750
429.108250
429.214775
429.378125
429.452850
429.540575
429.596900
429.678775
429.759675
429.840000
429.967125
430.056750
430.125200
430.202125
430.350400
430.397475
430.496025
430.605050
430.679725
430.745675
430.918850
430.957550
431.176425
431.244125
431.346225
431.399950
431.527400
431.577700
431.651425
431.696600
431.806625
431.897325
431.960200
432.026600
432.087950
432.195325
432.309500
432.428625
432.520725
432.595625
432.647350
432.696275
432.812400
432.868250
432.915550
432.985725
433.042675
433.084050
433.142925
433.186950
433.263700
433.326625
433.455525
433.628225
433.717475
433.768425
433.818350
433.857475
433.927500
434.118025
434.173325
434.239100
434.270300
434.303375
434.360150
434.444325
434.567450
434.680900
434.737150
434.841050
435.098450
435.310850
435.398400
435.443925
435.492300
435.594425
435.645500
435.708525
435.773175
435.927400
436.015925
436.063025
436.158750
436.255650
436.292775
436.390550
436.455575
436.495450
436.701825
436.826050
436.920300
437.003150
437.099325
437.190150
437.272325
437.320600
437.399425
437.492750
437.542725
437.639350
437.717500
437.787050
437.845800
437.888150
437.908550
437.996550
438.039500
438.083850
438.191900
438.236425
438.276675
438.379600
438.451150
438.530525
438.584025
438.642125
438.698050
438.783475
438.860550
438.915525
439.038200
439.281350
439.392975
439.484175
439.571475
439.665875
439.723125
439.751800
439.864000
439.935300
439.972875
440.035025
440.124150
440.257450
440.316250
440.349300
440.404275
440.469550
440.531875
440.655000
440.765850
440.873000
440.948625
441.025550
441.098375
441.141575
441.154875
441.169600
441.256525
441.299125
441.385425
441.531925
441.600025
441.693900
441.767625
441.866825
442.009575
442.114825
442.187075
442.244325
442.295350
442.363925
442.431200
442.513475
442.575625
442.689500
442.739050
442.784725
442.861950
442.895550
442.993525
443.086925
443.152925
443.262125
443.369400
443.432750
443.485300
443.540775
443.610225
443.682500
443.736200
443.773375
443.894275
443.931400
443.992600
444.061475
444.149675
444.268600
444.350450
444.417375
444.435550
444.557975
444.603625
444.703225
444.773575
444.842975
444.913975
445.018825
445.089300
445.176425
445.257925
445.276625
445.304075
445.311250
445.328300
445.420525
445.554550
445.779950
454.431450
455.259850
455.290725
455.347575
455.457275
455.811475
455.966700
456.075475
456.129950
456.294225
456.417225
456.633250
456.812975
456.860500
456.910725
457.028525
457.125000
457.230525
457.312075
457.477700
457.563950
457.628200
457.713575
457.809325
457.887150
457.996275
458.053425
458.136875
458.220125
458.299775
458.357325
458.464225
458.500700
458.562750
458.593725
458.648475
458.807625
458.871100
458.940525
458.973050
459.062600
459.130000
459.171050
459.219600
459.333150
459.364625
459.442225
459.514675
459.596775
459.670400
459.743600
459.786850
459.807275
459.850425
459.931850
459.997650
460.065025
460.128025
460.193500
460.253100
460.306775
460.351050
460.508500
460.558900
460.615650
460.674775
460.738400
460.784925
460.840750
460.984200
461.026625
461.096600
461.172900
461.231775
461.276575
461.359075
461.409300
461.467750
461.567450
461.659250
461.704025
461.751875
461.801475
461.868925
461.923175
461.991325
462.070375
462.124650
462.158900
462.197100
462.302300
462.343775
462.425525
462.459550
462.518325
462.576625
462.624925
462.665575
462.720025
462.753150
462.811275
462.891625
462.946800
463.037575
463.077975
463.164725
463.216950
463.263900
463.340275
463.396725
463.451800
463.508125
463.559925
463.611250
463.640950
463.685700
463.752150
463.782975
463.835700
463.922800
463.986825
464.027525
464.078650
464.141575
464.198500
464.249775
464.286575
464.312150
464.368525
464.417425
464.446225
464.492450
464.569550
464.663000
464.701275
464.806925
464.848175
464.870375
464.930025
464.976200
465.027175
465.085000
465.136100
465.224125
465.257200
465.309275
465.380175
465.444225
465.465550
465.491250
465.528375
465.585500
465.659700
465.726400
465.769600
465.808575
465.863325
465.898325
465.966300
466.032675
466.061025
466.098375
466.206650
466.271400
466.301275
466.357625
466.434950
466.488900
466.548425
466.601950
466.665025
466.703400
466.751775
466.863150
466.922275
466.961925
466.995750
467.032875
467.094950
467.137450
467.197300
467.234600
467.311300
467.372400
467.439575
467.471675
467.603225
467.697175
467.727050
467.781900
467.843825
467.899875
467.948100
468.008375
468.073400
468.140650
468.198450
468.268175
468.313650
468.359025
468.405025
468.447350
468.508475
468.548975
468.622700
468.641350
468.699700
468.771325
468.813600
468.877300
468.929600
468.980500
469.110300
469.134500
469.157200
469.193450
469.253925
469.307600
469.358650
469.385925
469.438925
469.508850
469.587425
469.654025
469.665050
469.719600
469.749425
469.788600
469.817250
469.824375
469.885000
469.972850
470.012050
470.052225
470.082550
470.156525
470.203750
470.271525
470.316075
470.355575
470.374875
470.393975
470.435200
470.489250
470.546925
470.651950
470.735125
470.796850
470.818175
470.866300
470.911950
470.976125
471.023150
471.090300
471.145000
471.204225
471.275850
471.314325
471.392650
471.418675
471.467750
471.526100
471.559925
471.587625
471.627175
471.668300
471.741700
471.863975
471.891075
471.938550
471.963600
472.032675
472.051800
472.116875
472.187075
472.250650
472.306325
472.423850
472.450925
472.481650
472.504750
472.585675
472.639925
472.698900
472.744250
472.807275
472.837825
472.903050
472.977725
473.026225
473.057750
473.076150
473.116400
473.164825
473.209925
473.293200
473.334900
473.393025
473.418175
473.488875
473.544000
473.600025
473.698850
473.759300
473.818425
473.872775
473.929875
473.959950
474.011950
474.167625
474.231625
474.303275
474.380050
474.474250
474.522750
474.564925
474.585500
474.729350
474.802975
474.860925
474.906650
474.956550
475.017375
475.093000
475.125300
475.180750
475.217125
475.288125
475.335425
475.357425
475.434675
475.493250
475.550325
475.562950
475.657675
475.710400
475.772175
475.819175
475.909250
475.953850
475.990725
476.121625
476.182600
476.238800
476.262575
476.288175
476.348650
476.477800
476.552875
476.621475
476.724400
476.906375
476.956775
477.030250
477.130525
477.239075
477.298600
477.384725
477.474425
477.551525
477.595350
477.649200
477.730725
477.816650
477.860125
477.918750
477.961875
478.034400
478.112325
478.162125
478.291300
478.352125
478.424075
478.488350
478.527925
478.562200
478.668800
478.733700
478.766700
478.784925
478.843800
478.886925
478.911675
478.967725
479.056825
479.076775
479.193825
479.293125
479.351025
479.454000
479.498675
479.519925
479.572225
479.663025
479.705825
479.744700
479.787375
479.877700
479.928125
479.998925
480.081200
480.161575
480.274150
480.340375
480.372325
480.403925
480.430200
480.498600
480.542500
480.608225
480.722525
480.764350
480.882075
480.938825
481.000700
481.041225
481.091675
481.097650
481.211700
481.276450
481.360575
481.390975
481.469250
481.531825
481.607450
481.628975
481.664700
481.726150
481.784950
481.837300
481.876225
481.910700
482.042350
482.102050
482.179825
482.278800
482.332550
482.379775
482.462275
482.588400
482.703900
482.744875
482.829800
482.873900
482.933025
482.966575
483.013300
483.074050
483.143700
483.201100
483.262675
483.289750
483.371950
483.443150
483.533000
483.581750
483.636050
483.668700
483.728125
483.743250
483.830075
483.869800
483.940075
483.991675
484.112525
484.198050
484.223975
484.278075
484.333450
484.448000
484.525575
484.570600
484.643250
484.668875
484.745150
484.789925
484.816350
484.893525
484.987850
485.040525
485.092025
485.268900
485.378400
485.450850
485.516350
485.591525
485.614625
485.704325
485.733525
485.781525
485.836675
485.882375
486.014750
486.103375
486.146500
486.167500
486.275350
486.422950
486.475225
486.511625
486.540900
486.569825
486.640525
486.677975
486.705075
486.777250
486.861300
486.889075
486.932025
487.003475
487.057775
487.128625
487.187275
487.235975
487.287950
487.360150
487.416025
487.473775
487.503600
487.544400
487.578775
487.621275
487.698625
487.780375
487.851825
487.907950
487.969375
488.040925
488.069350
488.108450
488.154975
488.218950
488.271250
488.319975
488.342200
488.407075
488.469100
488.501250
488.588425
488.661800
488.712125
488.790700
488.850875
488.896000
488.942475
489.031100
489.107950
489.196450
489.263475
489.457100
489.491550
489.521550
489.592600
489.660475
489.715000
489.760300
489.810500
489.831900
489.936050
489.994150
490.029975
490.099750
490.155700
490.220800
490.268825
490.350700
490.413575
490.433875
490.442700
490.490425
490.515500
490.573700
490.601425
490.618550
490.635250
490.735250
490.788975
490.859475
490.887775
490.945775
491.014750
491.074450
491.135600
491.159900
491.236275
491.354275
491.390625
491.473350
491.511100
491.557525
491.599200
491.642450
491.694675
491.779900
491.848600
491.904900
492.048175
492.103850
492.191625
492.213425
492.219100
492.230675
492.454825
492.476200
492.513725
492.627250
492.661675
492.692625
492.704025
492.719950
492.805050
492.881150
492.912600
492.968675
492.977525
493.013900
493.065650
493.110225
493.197650
493.277550
493.412775
493.501875
493.543875
493.628375
493.712575
493.751075
493.826550
493.862450
493.909225
493.953275
494.018750
494.086800
494.167625
494.283700
494.297500
494.399750
494.441225
494.616625
494.662925
494.702825
494.831200
494.923150
495.003400
495.047750
495.130625
495.215075
495.308375
495.452000
495.522475
495.600175
495.701350
495.951100
496.024650
496.112000
496.191425
496.306850
496.360475
496.408075
496.561725
496.683675
496.728150
496.808425
496.916925
496.978400
497.066150
497.104600
497.187200
497.239875
497.353950
497.540950
497.602500
497.722200
497.797475
497.806200
497.876875
497.916250
497.927150
498.004825
498.084275
498.142850
498.185100
498.307575
498.390625
498.448800
498.637250
498.737450
498.863900
498.950500
499.039150
499.159450
499.273575
499.315225
499.452100
499.531525
499.629750
499.754975
499.806750
499.824550
499.935700
500.004850
500.103175
500.115775
500.164925
500.216500
500.257300
500.294650
500.386575
500.469300
500.499325
500.644300
500.742250
500.847250
500.974575
501.103500
501.327750
501.482175
501.592225
501.716550
501.763975
501.856775
501.910450
502.013000
502.063050
502.165875
502.222525
502.286750
502.305675
502.352500
502.388300
502.443600
502.489150
502.586950
502.618225
502.722425
502.771675
502.868775
502.988150
503.025425
503.120825
503.227200
503.417150
503.598625
503.719425
503.900825
504.071725
504.134475
504.183025
504.247250
504.305325
504.382475
504.500900
504.585000
504.632225
504.681075
504.713475
504.734475
504.844175
504.868100
504.891725
504.946525
504.991925
505.025075
505.072375
505.136075
505.245000
505.264350
505.272700
505.297375
514.373775
515.326475
515.444250
515.536100
515.657950
515.717375
516.014625
516.146900
516.362800
516.542825
516.791725
516.844750
517.087075
517.188125
517.319600
517.382425
517.477975
517.506125
517.558000
517.660275
517.725750
517.810075
517.946150
518.036900
518.119800
518.164975
518.236325
518.366275
518.413450
518.498275
518.564625
518.678600
518.771750
518.848300
518.888800
519.041200
519.090175
519.134725
519.227825
519.360425
519.405925
519.463725
519.535850
519.598175
519.650575
519.748475
519.805100
519.861125
519.915475
520.002550
520.067900
520.130100
520.166425
520.267000
520.375550
520.427425
520.488200
520.544075
520.642375
520.702650
520.724975
520.761425
520.829750
520.895250
520.949450
521.036125
521.107175
521.182550
521.237550
521.265500
521.322250
521.358625
521.397250
521.456875
521.505375
521.647000
521.681725
521.704950
521.755925
521.793575
521.898250
522.030625
522.108750
522.184300
522.226100
522.296850
522.436275
522.471800
522.538200
522.593850
522.660325
522.705300
522.755400
522.831000
522.885975
522.933400
522.973850
523.039875
523.096500
523.148750
523.195300
523.253650
523.283600
523.375350
523.409750
523.442575
523.513800
523.544050
523.559175
523.583325
523.725325
523.751275
523.811325
523.865525
523.908125
524.051300
524.100000
524.125825
524.163275
524.214875
524.261625
524.306500
524.320300
524.381950
524.436650
524.477375
524.526950
524.576925
524.648350
524.702800
524.747600
524.791900
524.879600
524.953400
524.987050
525.041450
525.085150
525.151425
525.203675
525.249850
525.297000
525.316650
525.351150
525.407775
525.483650
525.530425
525.572350
525.591150
525.632125
525.669400
525.714000
525.765600
525.825400
525.901425
525.932350
525.989025
526.036450
526.093700
526.122750
526.171400
526.293750
526.330850
526.373125
526.380625
526.440725
526.470975
526.494575
526.527675
526.578650
526.626625
526.684575
526.725625
526.749375
526.799075
526.836775
526.868825
526.897600
526.939825
526.980450
527.055625
527.115175
527.161300
527.176100
527.198575
527.244850
527.256125
527.317625
527.373650
527.430375
527.445125
527.461375
527.522625
527.559150
527.592175
527.635400
527.677325
527.710525
527.800925
527.859275
527.944175
528.011100
528.054325
528.120125
528.181175
528.242100
528.306825
528.357275
528.399525
528.458600
528.476400
528.503200
528.517850
528.586675
528.641750
528.676100
528.718575
528.772500
528.831775
528.852850
528.885025
528.928225
528.974600
528.988050
529.026025
529.098050
529.127425
529.147325
529.185250
529.226750
529.263100
529.288275
529.320500
529.421075
529.481775
529.516975
529.559200
529.606925
529.652100
529.712700
529.743575
529.798875
529.825725
529.854825
529.912950
530.023075
530.182125
530.227800
530.294150
530.335725
530.396725
530.432325
530.503875
530.543550
530.584075
530.656200
530.718175
530.756100
530.792700
530.832175
530.865150
530.930725
531.054900
531.185125
531.234750
531.265775
531.299675
531.322975
531.342350
531.382625
531.435650
531.479825
531.532275
531.639775
531.715175
531.782425
531.821500
531.873350
531.902150
531.978050
532.018325
532.063825
532.120900
532.182525
532.212125
532.241875
532.296125
532.326875
532.377325
532.420575
532.466025
532.492075
532.529650
532.594300
532.606400
532.678625
532.743225
532.906650
533.030500
533.061125
533.122850
533.173350
533.240675
533.283400
533.296450
533.352600
533.431150
533.467075
533.537650
533.557700
533.580950
533.599575
533.791125
533.873800
533.903675
533.946875
533.968750
534.011750
534.022775
534.077750
534.112525
534.178150
534.213850
534.251975
534.299575
534.378450
534.425550
534.488125
534.541150
534.625600
534.691925
534.734300
534.772200
534.832225
534.904000
534.965225
535.011950
535.056525
535.114750
535.181800
535.276450
535.349225
535.441350
535.486550
535.536550
535.632000
535.696250
535.771825
535.804225
535.831525
535.912275
535.959350
536.000675
536.129075
536.147475
536.185450
536.234100
536.296875
536.363350
536.400700
536.456675
536.562200
536.620575
536.667500
536.712450
536.784200
536.891275
536.927325
536.974600
537.037625
537.072150
537.126025
537.181875
537.217350
537.253375
537.316675
537.397400
537.418875
537.565225
537.601750
537.637425
537.692350
537.728225
537.810525
537.873050
537.933425
537.978650
538.041150
538.119150
538.198450
538.246975
538.317100
538.349375
538.499900
538.597875
538.670300
538.725950
538.824050
538.861550
538.880025
538.988550
539.046275
539.124125
539.171650
539.287975
539.366925
539.401125
539.429875
539.462950
539.508250
539.568375
539.639375
539.725575
539.754825
539.772050
539.809100
539.854850
539.875400
539.882575
539.959675
540.191800
540.229450
540.273050
540.340475
540.377725
540.424925
540.438650
540.474525
540.514000
540.551575
540.624925
540.658500
540.709575
540.768925
540.835075
540.883825
540.965700
541.037450
541.085975
541.161350
541.299800
541.381700
541.433125
541.503900
541.563575
541.606200
541.654150
541.687250
541.719675
541.783350
541.871750
541.906975
542.011100
542.090050
542.134125
542.172275
542.245100
542.345325
542.413550
542.467900
542.507400
542.585750
542.640375
542.658725
542.732425
542.782025
542.826400
542.865625
542.963450
543.011800
543.063875
543.101175
543.196000
543.216975
543.338125
543.387100
543.430225
543.474800
543.525975
543.590775
543.674825
543.714300
543.775725
543.833500
543.892300
543.944175
544.027475
544.087675
544.163150
544.235475
544.292550
544.310725
544.368950
544.413625
544.479525
544.553425
544.606325
544.660825
544.708925
544.759475
544.852650
544.885400
544.911925
544.966275
545.012825
545.195725
545.336575
545.397050
545.517625
545.563600
545.658300
545.719450
545.762675
545.855200
545.909925
545.995275
546.067800
546.128750
546.193625
546.262400
546.338325
546.385475
546.538100
546.598425
546.681250
546.777925
546.818825
546.844750
546.906800
546.942775
546.947900
546.991575
547.031975
547.055750
547.075425
547.220825
547.377225
547.464825
547.499600
547.547325
547.578150
547.603825
547.639000
547.707725
547.814175
547.861325
547.923050
548.037800
548.115700
548.182975
548.290050
548.362675
548.414950
548.444150
548.510575
548.623650
548.713300
548.775175
548.822875
548.869650
548.905125
549.008100
549.080850
549.144150
549.221750
549.293050
549.388925
549.431950
549.495800
549.593375
549.652425
549.718975
549.756500
549.820875
549.869175
549.930850
549.968150
549.990875
550.032725
550.101850
550.116825
550.130975
550.143875
550.201325
550.322925
550.370125
550.452275
550.544925
550.566200
550.618375
550.684850
550.707800
550.745925
550.786025
550.849575
550.883800
551.011050
551.060925
551.124600
551.192600
551.212225
551.253800
551.318175
551.335175
551.459075
551.473350
551.519125
551.663400
551.728450
551.806550
551.851850
551.930225
552.015850
552.051225
552.101975
552.154900
552.206175
552.252925
552.324925
552.392750
552.478050
552.526575
552.599925
552.719825
552.786300
552.865875
552.958775
553.028850
553.069175
553.125125
553.208600
553.258325
553.375350
553.403975
553.514050
553.607075
553.677550
553.726750
553.812900
553.865675
553.912125
553.968775
553.999500
554.092650
554.107400
554.123775
554.328325
554.400575
554.480700
554.521925
554.585350
554.656725
554.790900
554.866975
554.957700
555.025150
555.106625
555.164850
555.238325
555.280400
555.393525
555.505775
555.561225
555.602325
555.705200
555.779450
555.815100
555.889800
555.959600
555.984025
556.056725
556.165025
556.291100
556.375525
556.422300
556.451725
556.561950
556.645075
556.711800
556.771950
556.861525
556.914775
557.017350
557.088425
557.185075
557.245025
557.294375
557.336475
557.407175
557.458950
557.543575
557.614550
557.670175
557.716250
557.765450
557.814900
557.860050
557.907600
557.994625
558.050325
558.154175
558.208600
558.293100
558.347700
558.391250
558.451075
558.502050
558.576250
558.634350
558.698425
558.780800
558.919200
558.980175
559.087500
559.118375
559.190800
559.250900
559.285550
559.377325
559.455850
559.524200
559.599925
559.644075
559.740950
559.815375
559.880275
559.948550
560.067800
560.138250
560.233100
560.311525
560.374150
560.407950
560.458550
560.538525
560.654625
560.689750
560.731750
560.741575
560.806650
560.836325
560.865425
560.919200
560.965700
561.070800
561.124250
561.167925
561.221200
561.322150
561.358750
561.457325
561.493125
561.608375
561.674775
561.729275
561.797600
561.891025
561.950575
562.005000
562.173775
562.234500
562.293675
562.317325
562.431000
562.469375
562.529450
562.585375
562.647750
562.698075
562.722525
562.802875
562.892750
562.973475
563.006600
563.057025
563.108750
563.148425
563.262650
563.355050
563.396275
563.450900
563.519050
563.591425
563.628900
563.688725
563.832225
563.888875
564.017450
564.116600
564.288375
564.364800
564.494275
564.593450
564.716900
564.811850
564.925025
564.962625
564.999900
565.060150
565.213175
565.261475
565.358350
565.412275
565.667300
566.717000
575.255575
575.325575
575.420375
575.507950
575.600475
575.629575
575.689375
575.835875
575.886775
576.007075
576.248075
576.562250
576.653325
576.842525
576.912525
577.018650
577.282300
577.383875
577.470525
577.620425
577.696450
577.828850
577.979075
578.067800
578.119250
578.229750
578.425100
578.458675
578.540925
578.708325
578.769450
578.841400
578.953100
579.105800
579.198050
579.299725
579.344100
579.406175
579.445425
579.547075
579.614275
579.690625
579.735675
579.845425
579.908050
579.973200
579.982900
580.020500
580.039925
580.088675
580.128200
580.162475
580.223525
580.286525
580.328700
580.388200
580.470575
580.502525
580.586675
580.629675
580.697300
580.743950
580.818150
580.880450
580.938375
580.985325
581.019300
581.079425
581.183100
581.241025
581.272425
581.325850
581.394900
581.480350
581.585525
581.637100
581.683075
581.747925
581.788050
581.870700
581.970325
582.013850
582.054450
582.110375
582.168550
582.208350
582.223625
582.302825
582.356200
582.399275
582.467250
582.506650
582.531925
582.562150
582.612850
582.652725
582.695100
582.745250
582.768475
582.815650
583.117275
583.156925
583.186500
583.288150
583.342675
583.390825
583.433000
583.499350
583.622225
583.673300
583.751925
583.913350
583.925475
583.961700
584.011600
584.063275
584.120950
584.163275
584.212350
584.244400
584.277025
584.367750
584.428025
584.454275
584.485550
584.508175
584.572575
584.648325
584.710700
584.741050
584.841575
584.886300
584.921750
584.952675
584.975825
585.092700
585.176525
585.239650
585.273750
585.348050
585.408400
585.452625
585.499875
585.544725
585.640175
585.688200
585.764825
585.809925
585.837125
585.884050
585.954200
585.986075
586.027425
586.052275
586.071625
586.137375
586.198850
586.245075
586.273675
586.310800
586.352200
586.388325
586.453925
586.510200
586.578875
586.608600
586.659300
586.702050
586.736250
586.812075
586.855850
586.906850
586.969900
587.038650
587.126975
587.176975
587.212900
587.263125
587.287075
587.335050
587.446800
587.495975
587.561500
587.630225
587.684775
587.736675
587.767475
587.840425
587.911600
587.954600
588.057850
588.089600
588.152350
588.190450
588.242725
588.268875
588.312350
588.356425
588.410650
588.458125
588.492450
588.540575
588.590300
588.661250
588.717125
588.774500
588.795850
588.875875
588.920675
588.963825
589.005875
589.051025
589.158025
589.199700
589.251450
589.303000
589.328300
589.401875
589.458750
589.523500
589.556400
589.576425
589.617250
589.653350
589.780025
589.808825
589.873550
589.903100
589.929800
589.982125
590.036000
590.071450
590.105350
590.170625
590.198450
590.251875
590.296350
590.366850
590.414575
590.502275
590.577075
590.627425
590.695950
590.711100
590.739475
590.814075
590.843675
590.883650
590.942225
590.971975
591.006950
591.075925
591.108600
591.191575
591.217725
591.266250
591.320375
591.378000
591.438950
591.496275
591.586200
591.621675
591.659350
591.694975
591.730000
591.876475
591.933650
591.990175
592.022125
592.068675
592.099825
592.109925
592.155225
592.251825
592.306800
592.357425
592.472775
592.526775
592.567275
592.619900
592.661275
592.695925
592.733250
592.804400
592.867200
592.945950
592.980475
593.049450
593.108850
593.145350
593.187775
593.238000
593.309475
593.390575
593.470150
593.525550
593.586125
593.632250
593.683125
593.728375
593.818225
593.880750
593.913650
593.951725
594.081625
594.104050
594.258450
594.289900
594.335900
594.361800
594.396700
594.413200
594.469800
594.548175
594.581925
594.641625
594.723175
594.790575
594.884025
594.916825
594.997750
595.068725
595.089025
595.121650
595.199025
595.278150
595.381050
595.459800
595.482650
595.541975
595.594075
595.633825
595.697475
595.735725
595.799950
595.822950
595.859550
595.952500
596.007950
596.065875
596.120525
596.182900
596.284625
596.315075
596.407350
596.447425
596.507550
596.541050
596.619175
596.675225
596.722975
596.767875
596.887100
596.953500
597.003125
597.050000
597.173150
597.234600
597.333275
597.382325
597.439450
597.499675
597.545400
597.648475
597.718725
597.783975
597.859675
597.923075
597.969925
598.005050
598.044800
598.075850
598.113375
598.151550
598.161050
598.357500
598.500200
598.605325
598.672650
598.716500
598.790975
598.846900
598.910350
599.096600
599.133925
599.158750
599.200900
599.245275
599.415275
599.435625
599.483125
599.524425
599.576600
599.625325
599.692475
599.753200
599.776750
599.839275
599.912400
600.024200
600.064700
600.119775
600.187325
600.239150
600.281475
600.307200
600.397525
600.450200
600.508750
600.553200
600.592525
600.630675
600.696950
600.765600
600.786425
600.791850
600.820075
600.896975
600.951650
601.030250
601.074700
601.265250
601.321050
601.374150
601.479550
601.543150
601.612100
601.766625
601.800650
601.897675
601.975750
602.052825
602.117425
602.226425
602.243675
602.340175
602.374050
602.428850
602.520550
602.689300
602.728025
602.803575
602.889150
602.945400
603.006675
603.048400
603.087950
603.214125
603.260350
603.331725
603.382100
603.428925
603.483675
603.519075
603.563675
603.622900
603.665625
603.720525
603.844550
603.920475
603.971925
604.021075
604.086375
604.202950
604.232175
604.408200
604.466000
604.520700
604.652700
604.695150
604.747950
604.819650
604.830225
604.851425
604.919425
604.984300
605.012300
605.070300
605.126625
605.211625
605.226200
605.279275
605.361100
605.411675
605.473400
605.547000
605.599225
605.658075
605.706675
605.775200
605.819525
605.909225
605.970900
606.032000
606.133325
606.173575
606.286175
606.343875
606.450300
606.499950
606.572375
606.646150
606.693825
606.765400
606.898050
607.021775
607.088850
607.161800
607.211275
607.294800
607.348775
607.418450
607.489825
607.525050
607.658025
607.687450
607.703975
607.831275
607.864925
607.938500
608.052925
608.129825
608.184675
608.205975
608.247975
608.342975
608.414800
608.481550
608.541700
608.597775
608.649650
608.719875
608.792500
608.824375
608.888025
608.966425
609.038450
609.123650
609.202800
609.263150
609.299200
609.341000
609.415400
609.523225
609.580650
609.626150
609.668700
609.714075
609.770100
609.896625
609.946250
610.000200
610.038700
610.084800
610.135650
610.256900
610.287025
610.333125
610.381925
610.484875
610.535300
610.640025
610.701675
610.888000
610.946775
611.021175
611.087450
611.116875
611.166375
611.233825
611.340600
611.407100
611.451025
611.522400
611.568700
611.583175
611.621125
611.636500
611.734250
611.777025
611.833650
611.893025
611.950075
611.964550
612.018875
612.067275
612.141000
612.198150
612.235825
612.292700
612.433250
612.489600
612.553725
612.559675
612.615125
612.690425
612.767550
612.865125
612.895025
612.920450
612.996100
613.077300
613.128475
613.162700
613.226850
613.240625
613.313600
613.376325
613.510900
613.601650
613.689650
613.762975
613.791325
613.863425
613.955925
614.007675
614.105825
614.261775
614.384000
614.488050
614.596175
614.704525
614.896725
614.965175
615.004700
615.040425
615.171375
615.290100
615.342825
615.403775
615.465250
615.505150
615.547050
615.614400
615.656500
615.680300
615.726625
615.733850
615.889650
616.031550
616.111350
616.163600
616.232950
616.304600
616.413375
616.487950
616.563725
616.614925
616.746000
616.874025
616.981925
617.082750
617.137525
617.270000
617.337425
617.434725
617.509950
617.611375
617.763325
617.814050
617.842225
617.857900
617.865275
618.148775
618.221325
618.272900
618.362325
618.430025
618.625025
618.691075
618.786300
618.868125
618.959175
619.043575
619.105200
619.162100
619.226600
619.281350
619.317200
619.415750
619.611800
619.715700
619.776775
619.891675
620.078775
620.191600
620.236925
620.330750
620.410900
620.538000
620.609350
620.710900
620.783325
620.845500
620.913950
620.987800
621.077925
621.083050
621.220175
621.330650
621.446225
621.491725
621.561925
621.627450
621.667775
621.797225
621.863275
621.923425
621.997875
622.075425
622.133925
622.204925
622.248325
622.294800
622.337175
622.446450
622.634250
622.730175
622.783550
622.888075
622.959725
623.063100
623.146650
623.200400
623.248150
623.423225
623.549750
623.597150
623.726875
623.772050
623.809275
623.839050
623.879225
623.946450
623.975550
624.037150
624.068575
624.140875
624.188225
624.198350
624.303250
624.368450
624.523125
624.553075
624.600625
624.629050
624.683050
624.725725
624.776075
624.829750
624.863200
624.902825
624.982625
625.021450
625.044975
625.153900
625.228375
625.322375
625.379475
625.451050
625.490350
625.530325
625.695125
625.762925
625.803100
625.889550
625.973275
626.064500
626.133200
626.168850
626.214800
626.278375
626.359025
626.588700
626.677975
626.741825
626.842750
626.889600
626.962525
627.034325
627.171600
627.339250
627.443950
627.517350
627.693700
627.726125
627.807600
627.918175
628.015750
628.112625
628.190600
628.259025
628.361825
628.459325
628.547075
628.637425
628.716225
628.808375
628.857275
628.951700
629.002225
629.087525
629.177225
629.251675
629.308550
629.337700
629.436075
629.519075
629.551750
629.576450
629.644825
629.688125
629.756500
629.801700
629.886575
629.953975
630.007350
630.090125
630.212775
630.284025
630.404625
630.514900
630.596475
630.656175
630.819575
630.888325
631.073250
631.126200
631.215500
631.311825
631.408550
631.703800
631.828000
631.987775
632.102900
632.230400
632.267625
632.358525
632.399075
632.515600
632.573425
632.630975
632.762100
632.811425
632.940800
632.987725
633.134500
633.190650
633.260475
633.268100
633.368825
633.471525
633.565450
633.625475
633.755750
633.798950
633.851325
