0.010900
0.406175
0.659525
0.947775
1.156575
1.521325
1.960575
2.231725
2.292700
2.797175
3.076375
3.168600
3.355325
3.448200
3.675175
3.828425
3.978525
4.117200
4.535425
4.774250
5.077825
5.414900
5.642800
6.033150
6.556375
6.690400
6.948325
7.079875
7.324900
8.684775
8.858725
9.747100
10.006800
10.259075
10.423575
10.745550
10.873975
10.982775
11.429800
11.481375
11.518975
12.431625
13.050175
13.100575
13.229775
13.283525
13.401875
13.503275
13.528625
13.743175
13.810425
14.267325
14.640975
14.658600
14.762850
14.871950
14.941050
15.221025
16.263675
16.410400
16.632175
16.769250
17.109200
17.440250
17.577325
17.731300
17.815000
18.236925
18.500700
18.676025
18.950700
19.335675
19.677775
19.690150
20.040925
20.312075
20.347675
20.535050
21.320925
21.737050
21.837825
21.945825
21.959275
22.035900
22.236725
22.521250
22.656050
22.920600
22.977975
23.208825
23.625275
23.721475
24.113850
24.259600
24.279625
24.656475
25.156275
25.223525
25.573225
25.642175
25.740000
25.982225
26.244425
26.397450
26.524825
26.753650
27.019525
27.222100
27.504000
27.888475
28.748250
29.304900
29.648775
29.906475
30.301075
30.422500
30.541850
30.908925
31.281125
31.342325
31.739750
31.885450
32.099275
32.119000
33.009600
33.451725
34.127950
34.220750
34.250675
34.310125
34.476650
34.508725
34.798625
35.265025
35.462825
35.801650
36.420450
37.019700
37.192150
37.272325
37.950975
38.154150
38.188450
38.888650
39.239875
39.315725
39.444275
40.712150
40.792375
41.003750
41.276025
41.545600
41.692125
41.971025
41.999075
42.323800
42.454575
42.545050
42.563400
43.333775
43.834150
43.976825
44.257250
44.296600
44.551650
44.616500
44.639300
44.663550
44.788475
44.869750
44.948475
45.786975
46.026800
46.070625
46.452375
46.483925
46.579775
46.682475
46.791575
47.322925
47.787175
47.993825
48.001675
48.241575
48.324750
48.463475
48.758950
49.388550
49.440675
49.563350
49.776725
49.892700
49.954275
49.999975
50.276500
50.900075
51.764225
52.589725
52.644075
52.927275
53.012850
53.130575
53.164950
53.273000
54.032000
54.198725
54.427250
54.499325
54.653375
54.905350
54.988275
55.061900
55.220700
55.398650
55.479825
55.555675
56.280025
56.322950
56.352775
56.773300
56.787650
56.822075
57.060525
57.071625
57.360850
58.226600
58.319800
58.403075
58.558725
58.638175
58.894625
59.721175
60.346950
60.581225
61.006975
61.276875
61.914575
61.998625
62.463750
62.747600
62.842875
62.933100
63.989050
64.516775
64.740300
65.647925
65.860850
66.024750
66.137550
67.217175
67.249725
67.369650
67.442575
67.763050
67.907825
68.545250
68.639825
68.663375
68.685675
70.054325
70.163400
70.171600
70.626575
70.960900
71.198775
71.221525
71.241475
72.013850
72.585400
72.833925
73.282375
73.484875
73.797625
74.193550
74.360575
74.567300
74.908500
75.190300
76.246175
76.445275
76.922200
77.132425
77.626775
77.943825
78.005725
78.279550
78.457200
78.894725
79.326000
79.682075
80.963750
82.004200
82.739375
83.393625
83.604450
83.676200
83.866025
84.588575
85.527675
85.603150
85.616150
85.861700
85.983100
86.076150
86.650250
86.802400
87.184925
87.451275
88.683250
88.765350
88.987550
89.078850
89.106075
89.165950
89.325175
89.557875
89.896000
90.234275
90.376600
90.907900
90.973650
91.417300
91.537000
92.014300
92.020750
92.090250
92.109975
92.683900
93.567600
94.095400
94.310850
94.439375
94.774825
95.206475
95.830750
95.914350
97.104950
97.355725
97.475225
97.556975
99.064125
99.489100
99.672625
100.805775
100.885425
101.302575
101.538900
101.645750
101.804625
101.988275
102.407275
102.659300
103.044200
103.202900
103.844925
104.678725
104.842750
105.162075
107.050625
107.253650
107.273000
107.576850
108.139250
108.281450
108.622125
108.681275
108.966800
109.145750
109.747025
109.864400
109.950325
110.015650
110.687500
110.758200
110.891550
111.306750
111.942325
112.183025
112.436075
113.768325
114.437325
115.218825
115.352500
115.670875
116.040175
116.515850
117.698975
117.755750
118.026075
118.232100
118.542700
118.883750
119.181050
119.854175
120.253150
121.789925
122.610500
123.961950
124.318775
124.544825
125.401375
126.286250
126.292125
127.854300
128.674125
128.768825
129.384650
129.585225
129.833300
130.516300
130.764125
132.059750
132.108700
132.365950
132.398900
133.023475
133.610075
133.814475
133.833825
133.939000
134.799250
134.846650
135.222800
135.236625
135.910500
136.074650
136.230950
136.537750
136.837475
136.975400
137.583425
138.260675
138.651950
138.936800
138.972375
139.127725
139.342050
139.379450
140.013650
140.761650
141.070600
141.721650
141.865300
142.033925
143.397550
143.648700
143.956700
144.045025
146.398150
146.983200
147.187000
147.337675
147.464625
147.803000
148.516825
149.095875
149.326575
149.731675
149.828775
150.145225
151.051500
151.208575
151.419800
151.523700
152.136200
152.640300
153.422125
153.610975
153.751625
154.600225
155.026775
155.662025
156.668675
158.611950
159.025850
159.203900
159.612325
159.779725
159.847275
160.102675
160.152525
160.247425
160.445500
160.537675
160.903050
160.980600
161.129425
161.259950
161.674225
161.798000
162.019050
162.059500
162.278050
162.982850
163.042125
163.087000
163.442775
163.535150
163.676150
163.816700
164.080800
164.298450
164.307950
164.566675
164.590925
165.341525
165.458500
165.698475
165.753400
165.850825
165.999500
166.984175
167.852500
168.010800
168.185600
168.245450
168.923800
169.306675
170.801125
171.433600
171.564900
172.034475
172.242175
173.671100
174.128925
174.177200
175.469350
175.482775
175.705800
175.731425
175.785175
179.015175
179.162425
180.166600
180.459425
180.523300
180.792925
183.343950
183.490200
183.659200
184.077425
184.823100
185.090475
186.320675
186.773500
186.801975
187.000700
187.930250
188.024150
188.910550
190.218925
190.613850
190.675825
191.040500
191.556000
191.704625
191.739925
192.576225
192.743850
193.155750
193.254675
193.797600
194.767400
195.445650
196.685700
197.490900
198.621150
198.626100
198.686050
200.731300
200.986175
201.037575
202.389325
202.834400
203.860725
204.013975
204.271175
204.410850
204.596425
204.997000
207.522725
208.392950
208.475350
208.818025
209.257000
210.834700
210.960000
211.298125
211.677625
211.998050
211.999375
213.002625
213.649400
213.726950
213.751175
214.044825
214.299900
214.790525
216.445250
216.803525
217.147950
218.250075
218.457250
218.752450
219.081650
219.987900
220.143225
220.751450
220.841525
221.258275
224.203250
224.610125
226.090650
226.110525
226.792475
228.201600
228.545650
229.429100
229.631225
230.804350
230.964775
231.043675
231.145725
231.321325
231.549200
231.675125
231.959925
233.590000
233.635925
234.297350
234.484075
234.636675
234.683000
234.995450
235.052050
236.364975
236.421825
236.710925
237.001250
237.154800
237.335050
237.720650
237.993875
238.770000
239.015325
239.133225
239.897025
243.331275
244.369775
245.275750
245.740325
246.053575
246.643675
247.284550
247.350450
247.370450
247.731500
248.187325
249.234925
249.574575
249.714500
249.793550
250.225175
250.736050
251.103475
251.237450
251.524275
253.001275
253.960300
254.475525
254.666200
255.673750
256.538100
256.603525
256.893425
257.905550
258.912525
259.037675
260.262525
262.788150
263.049125
263.967000
264.655925
264.884725
266.379275
267.147225
267.976125
268.850425
269.448075
269.472800
270.282075
270.765875
270.900075
271.109575
271.138800
271.225925
271.256550
271.767650
272.208200
272.210175
273.133025
273.244050
275.047525
275.193275
276.614900
276.657700
277.325800
278.307700
278.409275
279.130050
280.093975
280.403800
281.055075
281.119425
281.640975
282.189975
282.568300
282.671125
282.713000
284.617825
285.191725
285.986075
286.148600
287.056025
288.063875
288.324125
288.504400
289.723275
289.994700
292.409275
292.424050
292.792950
292.992975
294.207625
294.604950
294.915350
295.100975
295.636950
296.005750
296.133050
296.985200
297.426450
299.051100
299.228050
299.233525
299.703525
299.913250
