0.059425
0.184200
0.224775
0.255500
0.434575
0.522925
0.628250
0.701975
0.751350
0.757250
0.847100
1.073125
1.284925
1.655850
1.707225
1.909850
1.981125
2.033650
2.100675
2.212075
2.314600
2.470450
2.495525
2.610875
2.643650
2.659825
2.703400
2.727900
2.729375
2.852100
3.240100
3.418450
3.515050
4.058525
4.248250
4.291850
4.377975
4.460025
4.515175
4.566100
4.714325
4.835125
4.878775
4.915350
4.992700
5.020650
5.108900
5.159100
5.301050
5.611500
5.704375
5.749425
5.793150
5.845200
5.906275
6.016150
6.217325
6.282275
6.323250
6.434125
6.702400
6.904975
6.944300
7.122250
7.341325
7.566950
7.595300
7.618000
7.694300
7.775800
7.795000
7.874350
7.889350
7.908750
7.969550
7.974425
8.105675
8.297550
8.357925
8.376350
8.389125
8.539375
8.733775
8.765075
9.275800
9.319000
9.379475
9.454725
9.646850
10.082525
10.160775
10.179800
10.371100
10.396875
10.510200
10.537400
10.645400
10.661050
10.726500
10.925025
10.966400
11.072000
11.169250
11.176725
11.431275
11.568500
11.737025
11.774575
11.875625
11.901475
11.932750
12.040725
12.118100
12.175575
12.191850
12.228150
12.274200
12.284550
12.367250
12.484475
12.525250
12.783800
12.866850
13.163925
13.313900
13.421700
13.465900
13.547675
13.603150
13.628825
13.900675
14.004000
14.162225
14.418075
14.490150
14.570550
14.621200
14.658600
14.674700
14.904250
14.955600
15.006225
15.215975
15.290625
15.388700
15.417675
15.449825
15.468975
15.546250
15.572600
15.741900
15.781825
16.047150
16.155550
16.266750
16.313650
16.463750
16.520300
16.557050
16.577375
16.718825
16.862775
16.890750
16.932550
17.267550
17.327975
17.366650
17.413550
17.454600
17.474300
17.483300
17.664200
18.168750
18.202975
18.213700
18.273600
18.374350
18.396625
18.574225
18.843950
18.880525
18.923650
19.025075
19.034800
19.074325
19.174875
19.462925
19.483400
19.655450
19.857275
20.117625
20.225275
20.376525
20.399200
20.520175
20.529450
20.689525
20.706125
20.761325
20.798450
20.838475
20.852475
20.866725
20.890650
20.938675
21.079800
21.123875
21.157250
21.192775
21.214050
21.375575
21.485600
21.598500
21.621625
21.628925
21.631900
21.936250
21.964725
21.983675
22.008600
22.089700
22.317075
22.432525
22.454975
22.491425
22.720125
23.050350
23.069750
23.148300
23.179250
23.191475
23.348350
23.436225
23.440300
23.927125
23.970525
24.005975
24.020575
24.051550
24.210075
24.292075
24.331175
24.351025
24.508925
24.589650
24.630500
24.906100
25.022675
25.159725
25.623175
25.750175
25.810175
25.828475
25.977750
26.039725
26.212450
26.323925
26.439800
26.462650
26.596525
26.711225
26.898075
27.042050
27.098950
27.275300
27.312700
27.380000
27.550250
27.574775
27.618275
27.880775
27.887425
28.120725
28.146450
28.220025
28.302150
28.379000
28.397600
28.411350
28.764325
28.823900
28.838575
28.937075
29.039425
29.127075
29.189875
29.289250
29.519525
29.682150
29.923250
29.991525
30.058525
30.133400
30.197150
30.387800
30.788475
30.906950
30.939250
30.971400
31.021900
31.140725
31.184975
31.222600
31.283050
31.369000
31.402750
31.455700
31.475000
31.496150
31.633700
31.666375
31.680050
31.788400
31.863700
31.967150
32.457700
32.514725
32.687650
32.737525
32.739400
32.839875
32.868925
32.970875
33.004025
33.112575
33.142950
33.225825
33.324300
33.360925
33.439850
33.475575
33.486150
33.506000
33.548025
33.569525
33.588700
33.609050
33.647075
33.686950
33.900825
34.179400
34.292150
34.442325
34.474925
34.503700
34.806475
34.944725
35.177550
35.228050
35.425575
35.502250
35.605700
35.807350
35.922700
35.937650
36.121950
36.193675
36.252600
36.715800
36.818125
37.039325
37.116775
37.293775
37.370125
37.379475
37.563125
37.652650
37.755525
37.781400
37.795700
37.830925
37.853625
37.908175
37.931550
37.952025
38.076500
38.157150
38.209825
38.232900
38.418725
38.444975
38.826775
38.936850
38.982350
39.106000
39.213775
39.342825
39.393000
39.458025
39.520175
39.648950
39.799175
39.803225
39.838425
40.104350
40.221000
40.235100
40.272875
40.283800
40.310450
40.550050
40.699975
40.874150
40.919275
41.045500
41.054675
41.065375
41.106025
41.420850
41.473350
41.516675
41.570925
41.717650
41.918025
41.955550
41.995575
42.036300
42.047275
42.051550
42.068650
42.117625
42.324575
42.347350
42.422275
42.505825
42.578450
42.584600
42.845075
42.906975
42.983425
43.015025
43.106800
43.151275
43.333025
43.379425
43.522250
43.591325
43.659400
43.673975
43.769025
43.813725
43.836425
43.842050
43.906000
44.021225
44.214750
44.317575
44.588575
44.817025
44.862200
44.904525
44.950050
44.978400
45.030325
45.077200
45.099500
45.191400
45.252700
45.333225
45.404175
45.559800
45.705650
45.896450
45.968000
45.992600
46.025325
46.114225
46.137775
46.345775
46.539575
46.575950
46.600875
46.763475
46.907725
47.010575
47.034850
47.085350
47.103575
47.150875
47.196100
47.242000
47.453200
47.533725
47.572875
47.590625
47.618050
47.688025
47.773275
47.851350
48.018475
48.119900
48.182700
48.273525
48.366925
48.438300
48.505900
48.654775
48.781675
48.807100
48.872225
49.192450
49.294400
49.359625
49.375775
49.441150
49.459325
49.497275
49.564200
49.607250
49.720800
49.747300
49.801425
49.838400
49.919750
50.222450
50.259850
50.266200
50.345050
50.400025
50.508350
50.685750
50.710100
50.763750
50.889800
51.053950
51.076075
51.169775
51.360700
51.392050
51.397175
51.569950
51.660550
51.699750
51.755000
51.784000
51.822350
51.941050
52.189975
52.234200
52.390525
52.573425
52.787625
52.791800
52.860800
53.177075
53.263650
53.382800
53.649225
53.674125
53.744075
53.961550
54.079650
54.194475
54.310300
54.350675
54.509225
54.536350
54.618475
54.640125
54.680900
54.736650
54.763175
54.797150
54.809300
54.914675
54.989525
55.197300
55.234575
55.335700
55.459350
55.487825
55.800450
55.955925
56.100100
56.159950
56.188550
56.263425
56.275100
56.288200
56.347025
56.426325
56.471800
56.518200
56.779900
56.845325
56.858000
56.883725
56.952875
56.986925
57.002550
57.097250
57.151025
57.162000
57.202450
57.278250
57.499175
57.523200
57.608600
57.621075
57.656125
58.037825
58.183900
58.191975
58.268800
58.325825
58.513250
58.596700
58.631250
58.645675
58.668975
58.809975
58.942150
59.046150
59.158150
59.244675
59.284700
59.382400
59.390425
59.416975
59.659575
59.675800
59.764800
59.814475
59.856750
60.199075
60.240900
60.251300
60.269500
60.312975
60.582275
60.609825
60.673550
60.734475
60.747050
60.799775
60.884050
60.961425
61.048275
61.105725
61.144550
61.159575
61.181575
61.207125
61.252750
61.374000
61.447000
61.479500
61.505150
61.643150
61.654600
61.884900
62.004950
62.084925
62.105850
62.173200
62.258500
62.316775
62.408950
62.480275
62.507525
62.583150
62.629650
62.656425
62.779150
62.791850
62.855575
62.889550
62.902200
63.014375
63.018250
63.074525
63.135725
63.275850
63.315475
63.352800
63.465575
63.575100
63.584725
63.610500
63.698950
63.747750
63.864050
63.938525
64.067850
64.183025
64.217075
64.330475
64.528400
64.578175
64.603975
64.754500
64.858700
64.897900
65.048350
65.231650
65.288700
65.445650
65.488525
65.520975
65.713375
65.798000
65.825700
65.876900
65.936000
65.963125
66.070600
66.129950
66.143450
66.189750
66.246025
66.348200
66.427725
66.528350
66.532800
66.551025
66.639275
66.659175
66.721600
66.815150
66.958250
67.081750
67.125000
67.145600
67.335675
67.413550
67.432800
67.446000
67.456400
67.519275
67.532075
67.599075
67.660200
67.734925
67.808375
67.880300
67.894100
67.943125
68.011575
68.054950
68.098075
68.192475
68.264875
68.271900
68.433150
68.576475
68.633850
68.729600
68.754100
68.786650
68.947975
68.986750
69.167025
69.261500
69.571475
69.601275
69.617125
69.633975
69.669800
69.810500
69.858125
70.105200
70.145425
70.276425
70.441450
70.549625
70.580975
70.651000
70.727000
70.924275
70.941075
71.004450
71.042750
71.148925
71.273725
71.291150
71.339500
71.476025
71.507350
71.672800
71.701925
71.735675
71.801575
71.853475
71.924425
71.966900
71.990650
72.065000
72.101775
72.153225
72.267300
72.307925
72.336025
72.378075
72.398250
72.596475
72.677075
72.774575
72.825125
72.972600
73.093925
73.119375
73.139650
73.251550
73.548475
73.623925
73.675675
73.910100
73.988275
74.050875
74.118425
74.357550
74.671675
74.713825
74.812700
74.838975
74.877325
74.897150
74.975200
75.168825
75.207450
75.224775
75.413475
75.436175
75.556675
75.640350
75.780625
75.807600
75.849400
75.907600
75.995300
76.028100
76.134700
76.205300
76.246875
76.476625
76.498975
76.597075
76.626175
76.684475
76.724275
76.747875
76.765875
76.793650
76.891375
76.938050
76.968350
77.083525
77.086425
77.308000
77.341900
77.391250
77.534050
77.618700
77.725100
77.879600
77.894100
78.017125
78.095100
78.110150
78.172350
78.359425
78.373300
78.435675
78.530425
78.597575
78.725575
78.766200
78.894025
78.936200
79.017200
79.086050
79.129800
79.186700
79.244600
79.284250
79.287025
79.300025
79.302200
79.304300
79.395350
79.505025
79.544475
79.790500
79.934075
81.443425
81.662300
81.700200
81.838675
81.879375
82.179500
82.210325
82.290850
82.339100
82.367150
82.467575
82.523600
82.525200
82.678500
82.721250
82.797250
82.915225
82.980450
83.004575
83.134375
83.199250
83.211125
83.224350
83.285750
83.360625
83.477975
83.673625
83.732675
83.764225
83.796000
83.862075
83.878450
83.979475
84.082950
84.170975
84.200250
84.309525
84.330100
84.365500
84.393550
84.470000
84.620650
84.826400
84.961225
84.998275
85.108075
85.116825
85.241925
85.284425
85.360925
85.443800
85.488325
85.639400
85.691925
85.797375
85.857575
85.869150
86.081850
86.125675
86.141350
86.153325
86.173425
86.215475
86.246600
86.268750
86.314975
86.464200
86.477600
86.538150
86.601775
86.628925
86.702200
86.824350
86.862475
86.983350
86.996875
87.098875
87.109025
87.152950
87.306825
87.324200
87.376350
87.439975
87.652750
87.688475
87.754950
87.789750
87.972525
88.018775
88.065650
88.087650
88.158025
88.199450
88.234350
88.577625
88.647125
88.738075
88.774400
88.806000
88.962800
88.989875
89.033150
89.089625
89.130425
89.236000
89.272750
89.301800
89.346300
89.386200
89.459400
89.515325
89.558150
89.704050
89.741525
89.791975
89.803200
89.826975
89.928700
89.995950
90.046625
90.129400
90.195775
90.203550
90.284600
90.430350
90.448625
90.705125
90.865950
90.949425
90.991575
91.034000
91.090350
91.301600
91.308500
91.328850
91.356775
91.420000
91.463300
91.520550
91.547025
91.560400
91.568425
91.683500
91.718200
91.753000
91.791850
91.888175
91.975925
92.005200
92.076275
92.108700
92.154225
92.163625
92.207075
92.268650
92.294750
92.320600
92.341900
92.470125
92.505200
92.586125
92.618925
92.782450
92.824400
92.866800
92.975800
93.053375
93.131325
93.152300
93.171675
93.207650
93.258975
93.278775
93.284400
93.370550
93.532450
93.660875
93.693575
93.743225
93.810725
93.920675
94.012325
94.063600
94.114375
94.180475
94.336425
94.351850
94.410725
94.817150
94.940200
94.981700
95.025625
95.134725
95.188150
95.238475
95.305625
95.316650
95.372275
95.401775
95.481050
95.682950
95.762825
95.787100
95.830025
95.869025
95.892675
95.953550
95.966000
96.091950
96.186875
96.217075
96.362175
96.374025
96.388875
96.404400
96.463850
96.525150
96.652350
96.688850
96.801050
97.016275
97.152550
97.188700
97.219175
97.311775
97.337850
97.473125
97.522750
97.565175
97.597425
97.633050
97.804500
97.850750
98.059150
98.148225
98.387800
98.511525
98.643700
98.734800
98.757975
98.868375
99.124550
99.179175
99.236225
99.266300
99.304250
99.346000
99.375450
99.404250
99.446275
99.475050
99.575525
99.612350
99.636525
99.657125
99.701900
99.719300
99.963925
99.989925
100.059775
100.107600
100.123600
100.198150
100.413050
100.438600
100.503175
100.578175
100.686750
100.704250
100.746700
100.826150
100.925425
100.957875
100.990375
101.057300
101.212800
101.308800
101.375325
101.411200
101.444425
101.553300
101.657650
101.670850
101.744850
101.842875
101.918225
101.923375
101.940025
101.989050
102.018600
102.091550
102.164650
102.241550
102.324400
102.410350
102.447225
102.487350
102.571025
102.596525
102.682150
102.750825
102.783925
102.805200
102.875675
102.920350
102.961075
102.983675
103.004200
103.199925
103.246200
103.318125
103.334575
103.404200
103.506025
103.599825
103.698250
103.783175
103.864325
103.973950
104.005475
104.020500
104.123150
104.135975
104.171900
104.211650
104.238100
104.275850
104.317725
104.351650
104.375025
104.406800
104.439350
104.476650
104.479825
104.597075
104.682700
104.716075
104.725675
104.820700
104.888750
104.943500
105.104075
105.155675
105.186175
105.262900
105.350475
105.388650
105.418225
105.501950
105.570175
105.636975
105.678425
105.712275
105.756850
105.881525
105.976350
106.048525
106.291550
106.347575
106.371600
106.458675
106.510450
106.513350
106.614550
106.685250
106.808150
106.824825
106.849950
106.886800
106.947050
106.998150
107.064825
107.238550
107.261250
107.274125
107.336800
107.441775
107.465275
107.556450
107.818600
107.842650
107.883875
107.978125
108.057900
108.239625
108.318700
108.389875
108.485700
108.733375
108.793900
108.825550
108.836950
108.883300
108.951175
108.958525
108.973600
109.012050
109.274175
109.289450
109.316100
109.420150
109.517800
109.539825
109.547950
109.600675
109.612325
109.656300
109.711350
109.727125
109.779650
110.028550
110.097125
110.150850
110.230575
110.290800
110.345025
110.541700
110.586225
110.638400
110.765325
110.819825
110.924075
111.043125
111.052375
111.158175
111.297775
111.333975
111.364000
111.365150
111.434900
111.479675
111.521000
111.698475
111.770600
111.839775
111.893250
111.899525
111.931575
111.966425
112.003325
112.034975
112.052575
112.175175
112.210050
112.344250
112.680725
112.701225
112.768175
113.134700
113.166975
113.271750
113.292200
113.309550
113.322125
113.353825
113.421375
113.476050
113.615950
113.635600
113.665075
114.221150
114.264550
114.473325
114.516550
114.597375
114.616925
114.656900
114.837250
114.906875
114.986300
115.009975
115.054125
115.082300
115.158725
115.179000
115.273875
115.297350
115.302975
115.350425
115.426800
115.475100
115.501850
115.518900
115.543850
115.730200
115.789125
115.923150
116.136000
116.282375
116.434700
116.472100
116.494450
116.531925
116.565475
116.582900
116.595350
116.657225
116.729850
116.790275
116.853000
116.893300
117.027750
117.112375
117.165900
117.213400
117.297500
117.416375
117.621975
117.643600
117.665900
117.711225
117.733525
117.761050
117.833675
117.972425
118.015150
118.133025
118.147275
118.182125
118.237625
118.371325
118.396300
118.556950
118.633575
118.665575
118.767450
118.790575
118.811300
118.840050
119.017300
119.066000
119.103750
119.149325
119.166300
119.201000
119.238425
119.396575
119.414525
119.453350
119.609100
119.652125
119.749525
119.950825
119.959725
120.033350
120.085975
120.116125
120.288400
120.394875
120.527150
120.672075
120.731400
120.821500
120.860925
121.108650
121.135900
121.155425
121.203750
121.248400
121.274975
121.549925
121.608675
121.655400
121.689200
121.719175
121.764750
121.766900
121.794700
121.909550
121.962175
121.963375
122.029625
122.034650
122.115900
122.142250
122.295150
122.299300
122.378750
122.413150
122.476925
122.792375
122.826200
122.970875
123.104850
123.121575
123.144100
123.212850
123.239050
123.288525
123.294725
123.335675
123.514550
123.590725
123.828200
123.856850
123.872950
123.917275
123.951025
124.234000
124.391250
124.414400
124.492750
124.496625
124.561225
124.638775
124.737150
124.797575
124.815025
124.824650
124.883225
124.929150
124.955925
125.025025
125.072675
125.119900
125.145025
125.168750
125.182700
125.268525
125.329625
125.403350
125.432375
125.452800
125.477350
125.503475
125.619875
125.640950
125.691125
125.785200
126.008100
126.009800
126.019700
126.092475
126.162600
126.203325
126.308425
126.474750
126.610875
126.639225
126.785675
126.987300
127.026200
127.031225
127.065925
127.111850
127.210400
127.284900
127.381950
127.439325
127.499275
127.571925
127.592100
127.632300
127.693875
127.872625
127.962375
128.002350
128.082250
128.308600
128.326925
128.343975
128.383425
128.426825
128.484625
128.570350
128.593875
128.774625
128.969725
129.186550
129.362475
129.440750
129.532450
129.599175
129.692425
129.839400
129.904550
129.936025
130.012275
130.110250
130.184575
130.349800
130.601200
130.626550
130.675125
130.689375
130.720900
130.757000
130.925850
130.963725
131.021500
131.193050
131.249475
131.277900
131.301400
131.377000
131.430700
131.450950
131.580100
131.611925
131.618100
131.656250
131.773125
131.828175
131.857225
132.098325
132.146650
132.168075
132.222200
132.255850
132.281275
132.316625
132.343050
132.417000
132.444975
132.599275
132.672375
132.724125
132.924775
132.936050
133.118400
133.174700
133.257475
133.275950
133.484900
133.716750
133.727525
133.773675
133.783150
133.846350
133.958275
134.054500
134.196225
134.240925
134.293375
134.326775
134.589350
134.660775
134.805650
134.987325
135.168350
135.198075
135.261725
135.381075
135.470025
135.526675
135.541850
135.588750
135.616000
135.655525
135.786150
135.813925
135.877225
135.936750
136.079450
136.096175
136.097300
136.121325
136.201600
136.333600
136.400350
136.520700
136.571825
136.588550
136.621700
136.675550
136.797000
136.923550
136.993600
137.020200
137.193000
137.426125
137.497150
137.511675
137.541825
137.598575
137.608550
137.644875
137.789075
137.883125
137.893950
137.924650
137.967525
138.037675
138.064150
138.184475
138.221825
138.348950
138.350075
138.357075
138.689250
138.764250
138.838775
138.852475
138.910725
138.953200
139.101775
139.242725
139.249900
139.303550
139.372850
139.386850
139.424675
139.436100
139.492075
139.542600
139.603650
139.639700
139.730250
139.771900
139.847900
139.967775
140.070975
140.105775
140.247750
140.269100
140.307775
140.347375
140.366475
140.447400
140.461075
140.504775
140.657925
140.667900
140.726600
140.782650
140.801175
140.900525
141.014500
141.076750
141.148725
141.177000
141.188100
141.269425
141.324150
141.386475
141.441975
141.507700
141.533975
141.576450
141.603150
141.753725
141.772300
141.795050
141.875000
141.929050
141.986700
142.206175
142.324000
142.541175
142.552475
142.787350
142.901850
142.984000
143.009875
143.093650
143.269775
143.303750
143.328250
143.383775
143.387300
143.634425
143.714750
143.729600
143.773400
143.856500
143.931100
144.067900
144.120625
144.169450
144.284025
144.318000
144.376575
144.435575
144.461350
144.520525
144.572450
144.682725
144.709350
144.768975
144.903825
144.963450
145.160075
145.210575
145.227500
145.315425
145.435475
145.519250
145.564750
145.597125
145.627125
145.666975
145.758450
145.824875
145.918750
145.984875
146.062225
146.081125
146.099275
146.186850
146.244725
146.286475
146.321950
146.444350
146.492725
146.571300
146.630450
146.691625
146.791350
146.809425
146.823650
146.886675
147.001750
147.057475
147.086325
147.208100
147.288375
147.400225
147.411375
147.541300
147.551300
147.569425
147.735375
147.790600
147.934100
147.952825
148.206900
148.246850
148.291375
148.319225
148.358300
148.363375
148.540900
148.651775
148.700725
148.720600
148.767175
148.807750
148.855700
148.934400
149.007775
149.081050
149.169225
149.203850
149.241150
149.254175
149.280325
149.302550
149.335650
149.774825
149.800075
149.829825
149.900050
150.083275
150.105100
150.150275
150.220350
150.438300
150.493275
150.536450
150.555250
150.645125
150.788125
150.810450
150.863400
150.980475
151.055950
151.148875
151.416250
151.523100
151.597700
151.651225
151.739225
151.769850
151.793850
151.836700
151.981950
151.985050
152.002525
152.099425
152.291550
152.321975
152.355475
152.418775
152.513875
152.794475
152.907325
153.142825
153.186325
153.223950
153.269600
153.302675
153.329575
153.418875
153.630450
153.747150
153.788825
153.819050
153.868075
153.876650
153.894250
153.990700
154.009600
154.019025
154.175275
154.217275
154.265200
154.338850
154.457350
154.563150
154.569350
154.736950
154.805400
154.817050
154.821800
154.862100
154.883300
155.027950
155.063475
155.084425
155.096425
155.112475
155.145100
155.174550
155.204650
155.276225
155.305050
155.327500
155.393125
155.394850
155.423275
155.457400
155.563925
155.689400
155.714000
155.738775
155.884975
155.970325
156.028350
156.035025
156.060450
156.107225
156.142300
156.171975
156.190175
156.219525
156.385100
156.397700
156.478750
156.504475
156.528800
156.572350
156.610775
156.647700
156.720875
156.809875
156.859450
156.889300
156.908400
156.987450
157.006500
157.032975
157.075800
157.119050
157.318050
157.524500
157.528000
157.582500
157.611925
157.665425
157.709725
157.761250
157.874325
157.928400
158.031775
158.066425
158.129025
158.167875
158.185025
158.255575
158.303975
158.317750
158.404300
158.450075
158.485225
158.573975
158.597125
158.770300
158.838300
158.883050
158.988425
158.992050
159.075200
159.108075
159.196225
159.232000
159.246725
159.314525
159.332100
159.338300
159.418800
159.437350
159.543150
159.606150
159.614175
159.761225
159.775800
159.782100
159.805625
159.864900
159.952125
160.047925
160.125500
160.151175
160.174725
160.250850
160.299950
160.301700
160.311400
160.485725
160.526150
160.603475
160.630025
160.670600
160.711550
160.796100
160.820325
160.837425
160.999425
161.023525
161.106775
161.116500
161.188625
161.226775
161.254475
161.366750
161.400975
161.417550
161.572125
161.605575
161.784550
161.820950
161.874725
161.911150
161.995425
162.005075
162.020625
162.040475
162.055225
162.064950
162.185475
162.259675
162.305275
162.397975
162.432400
162.568050
162.829525
162.870975
162.879875
162.944600
163.024750
163.168350
163.221575
163.381700
163.428150
163.504725
163.541150
163.562025
163.631200
163.665200
163.743550
163.910200
164.003950
164.193350
164.218200
164.366900
164.413150
164.481200
164.495625
164.542525
164.858725
164.860500
164.951575
164.969000
165.000375
165.041900
165.092650
165.149650
165.187700
165.192025
165.245600
165.310875
165.340150
165.395325
165.611925
165.673775
165.679475
165.792275
165.851075
165.919975
165.987400
166.047700
166.158350
166.212950
166.562375
166.662200
166.902975
166.940300
167.089900
167.124975
167.300875
167.466100
167.472300
167.500850
167.592500
167.619650
167.632975
167.696250
167.709425
167.880375
167.959775
167.987550
168.115475
168.150475
168.314750
168.341800
168.379550
168.413300
168.670675
168.695400
168.749975
168.813875
168.837050
168.868275
168.896300
168.953325
169.099475
169.105525
169.214725
169.230650
169.240675
169.348525
169.386250
169.406225
169.485425
169.521675
169.558900
169.715025
169.725450
169.770425
169.823950
169.950425
169.968075
170.052350
170.158400
170.203525
170.239000
170.287650
170.322750
170.370450
170.403450
170.499375
170.598825
170.650950
170.686200
170.748375
170.801525
170.948825
170.994800
171.019600
171.106375
171.132725
171.151200
171.220900
171.249150
171.284725
171.319850
171.437350
171.489350
171.522225
171.542750
171.555725
171.701600
171.784875
171.878175
172.020525
172.050600
172.237100
172.312075
172.677800
172.738600
172.814175
172.904975
172.914600
173.206900
173.215600
173.245075
173.268425
173.289475
173.451225
173.677850
173.884800
174.004525
174.234300
174.258225
174.284400
174.368000
174.378250
174.598800
174.914050
175.065525
175.127125
175.187525
175.194200
175.382700
175.446075
175.451725
175.474925
175.522225
175.528750
175.561950
175.600700
175.810850
175.879700
175.941725
175.973875
176.163475
176.215900
176.232575
176.284100
176.314450
176.369875
176.452675
176.558850
176.677050
176.731600
176.796350
176.852400
176.885175
176.969475
177.088450
177.280625
177.375550
177.425725
177.513200
177.599800
177.708025
177.730200
177.775975
177.790700
177.845200
177.874975
177.942875
177.967775
178.090825
178.199475
178.221700
178.273925
178.602575
178.741975
178.841075
178.884550
178.934425
178.978775
179.186925
179.214000
179.250075
179.277925
179.311400
179.336425
179.360575
179.372025
179.469050
179.544050
179.575925
179.603225
179.645950
179.667125
179.704250
179.736300
179.748925
179.835525
179.860050
179.908400
179.931100
179.955750
180.036850
180.096500
180.119200
180.139850
180.293000
180.306025
180.357575
180.381850
180.769400
180.879575
180.969250
181.023200
181.043225
181.095075
181.508675
181.681450
181.847275
182.051425
182.293975
182.518950
182.577800
182.869975
182.931625
183.001300
183.045475
183.066175
183.091150
183.117100
183.281775
183.328575
183.354125
183.437775
183.499825
183.515350
183.535525
183.623275
183.675875
183.851925
183.856550
183.952875
184.043650
184.088825
184.135375
184.218950
184.319650
184.337600
184.388150
184.403075
184.451625
184.540450
184.610275
184.668275
184.860175
184.883800
185.009100
185.130575
185.210700
185.219125
185.284825
185.306100
185.502000
185.528675
185.615825
185.656375
185.751225
185.807225
185.900525
185.920500
185.948475
185.994400
186.070475
186.149325
186.355675
186.606575
187.058600
187.098300
187.179325
187.248725
187.290750
187.367225
187.377425
187.476075
187.498450
187.520525
187.553125
187.627500
187.697075
187.750275
188.041425
188.076225
188.142925
188.195925
188.314425
188.499675
188.628100
188.652250
188.735850
188.916275
189.030325
189.104750
189.138425
189.147950
189.174175
189.365825
189.394975
189.499800
189.550275
189.559000
189.719750
189.751000
189.892750
189.907400
189.935475
189.977750
190.005025
190.087650
190.250425
190.271525
190.311675
190.439175
190.499300
190.544575
190.617250
190.705875
190.729150
190.758925
190.806850
190.852200
190.869200
190.916950
190.990425
191.048350
191.087700
191.120850
191.191250
191.217725
191.236875
191.265675
191.346100
191.352600
191.421200
191.482900
191.514825
191.522175
191.578025
191.637725
191.703075
191.765775
191.809325
191.904025
191.907850
191.915850
192.106025
192.148000
192.311675
192.335550
192.416075
192.430450
192.497550
192.547250
192.548675
192.648475
192.709750
192.833650
192.853825
192.869075
192.918225
192.974725
193.048475
193.103825
193.212725
193.494150
193.571625
193.588050
193.623575
193.706375
193.734800
193.754450
193.761675
193.813300
193.846425
193.879450
193.906125
193.936150
193.991425
194.001150
194.019750
194.130875
194.145300
194.241225
194.268375
194.324750
194.344175
194.381375
194.402600
194.430500
194.470350
194.570550
194.606950
194.633400
194.684100
194.709325
194.723950
194.750075
194.804725
194.907025
194.940175
194.974050
195.014325
195.061000
195.092750
195.121625
195.213600
195.258325
195.286175
195.329525
195.358650
195.423750
195.451450
195.489100
195.563475
195.613450
195.647650
195.656625
195.699550
195.717000
195.776475
195.806225
195.910875
195.935300
195.982800
196.024400
196.043400
196.174725
196.314425
196.363125
196.405600
196.464675
196.594575
196.653750
196.674900
196.699750
196.733175
196.738325
196.948325
197.002200
197.090775
197.186450
197.386825
197.447975
197.518125
197.536875
197.568500
197.666525
197.745325
197.808225
197.857275
197.919850
197.961275
198.043300
198.052900
198.094750
198.124375
198.167950
198.297025
198.408700
198.467575
198.501475
198.528450
198.556900
198.639600
198.663450
198.666175
198.750925
198.754000
198.786650
198.853125
198.896700
198.933500
199.035175
199.093525
199.160775
199.206725
199.214150
199.321600
199.336275
199.418825
199.428300
199.448375
199.566250
199.638150
199.687025
199.759450
199.830700
199.913875
200.022225
200.064250
200.108625
200.209300
200.323325
200.343500
200.383300
200.441175
200.472775
200.503800
200.527575
200.554400
200.636925
200.800525
200.823100
200.947400
201.026975
201.052225
201.064775
201.106225
201.111525
201.145175
201.168475
201.210725
201.320675
201.389900
201.431350
201.539700
201.546600
201.661350
201.666300
201.734550
201.917600
201.937650
201.945275
201.973325
202.026650
202.061800
202.236675
202.279825
202.362800
202.392325
202.465900
202.569275
202.737725
202.744400
202.754525
202.939100
203.033375
203.145325
203.256375
203.331625
203.526000
203.571300
203.584550
203.691675
203.722950
203.740975
203.779650
203.860950
203.903200
204.032925
204.067350
204.102025
204.165950
204.180525
204.202100
204.263350
204.330775
204.351100
204.370350
204.395350
204.442025
204.478900
204.528150
204.550225
204.611275
204.617975
204.841325
204.865100
204.907525
204.929275
204.955550
204.994150
205.037125
205.190900
205.287100
205.400475
205.525250
205.546600
205.569900
205.706550
205.715525
205.758575
205.800600
205.836275
205.997500
206.101525
206.136300
206.219450
206.234575
206.333200
206.353975
206.457475
206.560000
206.608625
206.616100
206.659600
206.852375
206.949000
206.970025
206.984025
207.073550
207.079375
207.153200
207.220525
207.241375
207.278175
207.294900
207.349500
207.395400
207.553250
207.665875
207.672175
207.762975
207.808200
207.843850
207.869150
207.918075
207.933600
207.993150
207.996975
208.085750
208.120825
208.180200
208.190825
208.240250
208.249450
208.293575
208.332275
208.352100
208.420125
208.444675
208.506300
208.535025
208.612950
208.655425
208.696300
208.740775
208.802125
208.886200
209.033100
209.076550
209.110250
209.137425
209.172525
209.184675
209.210300
209.261525
209.288375
209.326800
209.366775
209.397750
209.442500
209.468100
209.511650
209.677375
209.701650
209.737975
209.790700
209.807250
209.868000
209.934125
209.964200
210.033900
210.056525
210.068400
