0.050875
0.274925
0.554575
0.843925
1.693200
2.142125
2.204875
2.529875
2.536150
2.590350
2.655775
2.739875
2.829350
3.172225
3.261750
3.434800
3.595250
3.712950
3.903950
4.132350
4.476250
5.094625
5.434850
6.225375
6.842800
6.995850
7.195000
7.266100
7.311650
7.371325
7.894650
8.160750
8.224575
8.503725
8.772475
9.168800
9.385050
9.389200
9.851600
10.181425
10.769150
10.823175
10.902475
10.999325
11.268650
11.364050
11.382825
11.518000
11.592025
11.603700
11.714075
11.727250
11.813600
11.854325
11.855950
12.017650
12.111100
12.185375
12.374800
12.419350
12.549325
12.559675
12.620975
13.398075
13.838900
13.926725
14.352225
14.656850
15.215900
15.267475
15.495500
15.556825
15.633550
18.866925
18.911100
18.980100
19.196475
19.848550
19.879775
20.031900
20.149950
20.174725
20.209750
20.553650
20.719425
21.023100
21.164625
22.158925
22.883025
23.773275
24.140525
25.494250
25.824575
26.023575
26.505475
26.703250
26.939750
26.941000
27.006325
27.221900
27.242225
28.212225
29.856475
29.875550
29.983675
30.464800
30.626875
31.073775
31.203300
31.322175
32.402425
32.551900
32.709775
32.774875
32.877400
32.905350
33.032750
33.046950
33.746975
33.816100
34.196775
34.513025
34.762175
34.924650
34.960100
35.469225
35.859475
35.980675
36.205950
36.683825
37.066650
37.299900
37.876675
38.118125
38.811525
39.807875
39.987725
40.938200
40.995850
41.415175
41.462925
41.627150
41.723925
41.905550
42.051625
42.231750
42.328375
42.580275
42.623475
42.706875
43.240400
44.663450
44.780900
44.924525
45.417550
45.513900
46.060075
46.086000
46.364600
46.738300
46.762050
46.786950
47.062850
47.618775
48.439825
49.086225
50.511500
50.542225
50.568125
51.292025
51.298050
51.629075
51.879325
52.018650
52.070250
52.145425
53.974400
53.994675
54.004450
54.090275
54.128525
54.442850
54.498550
54.656500
55.939650
55.971325
56.588775
56.757800
57.449250
57.477075
58.808000
58.834125
59.030675
59.701325
60.174000
60.552500
60.707725
63.993725
64.020450
64.311725
64.442025
64.598725
65.177175
65.202000
65.580550
66.773200
67.163750
67.337775
67.717275
68.410600
68.449850
68.632350
68.988950
69.601875
69.675125
69.710250
69.759725
70.228450
70.376725
70.692925
70.753700
70.877325
71.221450
71.379150
71.487350
71.572550
73.775350
74.381675
74.821625
75.111900
75.755325
75.975125
76.063950
76.108425
76.221025
76.686050
76.947375
77.125600
77.799050
78.530800
80.175850
80.364475
81.447500
82.461500
83.519125
85.479900
85.828725
86.249575
86.661375
86.892925
87.071300
87.157950
87.346800
90.763000
90.879275
91.227025
91.446875
91.756650
91.885950
92.063525
92.567950
92.733150
92.975675
93.500900
93.818250
93.943200
96.125275
96.174300
96.344150
96.792425
98.821625
99.004325
100.555575
100.988675
101.230300
101.621950
101.670225
101.758125
102.024125
102.785275
104.421100
104.645425
104.681725
105.053925
105.387075
105.858450
105.937225
107.260200
107.674300
108.637050
108.747550
108.924300
108.942425
108.985775
109.151275
109.744875
110.265400
110.959350
112.117500
112.130625
112.296775
112.349450
112.378450
113.439225
113.695200
113.741675
113.795525
114.719450
115.202175
115.392475
115.735425
116.965525
117.507100
119.382125
119.479375
119.640600
119.932900
119.986525
120.028275
120.259775
120.378075
120.961325
121.437500
121.591900
122.140175
122.328125
122.737950
123.490200
124.309100
124.387800
124.431025
124.442025
125.028275
125.235400
126.092625
127.598400
127.999150
128.139625
128.209675
128.362625
128.542225
128.614350
128.815125
129.365825
132.911800
133.556475
133.641975
133.928300
134.031950
134.217675
136.598175
136.643800
136.681225
136.807600
136.832275
137.591825
139.206775
140.631575
140.673150
140.771225
141.320100
141.409175
141.501425
141.885150
141.967550
146.574925
146.683500
146.892575
147.347700
147.466900
147.847325
151.946900
152.045975
152.476625
152.844600
155.650625
155.852450
155.858025
155.906075
156.063450
156.185625
156.713975
159.465325
159.739550
160.029450
160.912475
161.200850
164.410300
164.508100
166.528500
166.857600
166.966425
167.016450
167.051100
168.138050
169.985300
170.311250
170.478325
170.624900
171.241850
173.010575
177.364225
178.023200
178.910250
180.297150
181.159450
181.405825
182.692850
183.381650
184.156750
184.204700
184.285725
184.587125
184.738250
184.804700
189.453325
189.532725
189.700325
189.844475
189.869925
190.471450
191.148025
191.736825
192.239600
192.302500
194.995975
196.539750
199.777825
