0.013025
0.068600
0.162775
0.183750
0.215600
0.245450
0.298150
0.328950
0.364025
0.397625
0.451150
0.481550
0.507300
0.539750
0.572775
0.604525
0.636575
0.680200
0.758725
0.784225
0.812575
0.850650
0.876225
0.922025
1.024025
1.041550
1.070925
1.089775
1.245525
1.281125
1.372475
1.407175
1.462450
1.476025
1.503925
1.554725
1.607300
1.633075
1.668950
1.743875
1.840525
1.866475
1.940425
1.989825
2.119650
2.189550
2.210625
2.258000
2.274200
2.312825
2.349875
2.541550
2.576900
2.606175
2.641975
2.670350
2.718550
2.742225
2.794250
2.847025
2.881500
2.914600
2.943075
2.979925
3.009425
3.087950
3.105725
3.133150
3.145700
3.184525
3.234050
3.266100
3.325250
3.357600
3.390575
3.438750
3.513000
3.543375
3.592825
3.620725
3.653775
3.679600
3.705475
3.782975
3.799100
3.835325
3.856025
3.887300
3.914550
3.956975
4.014675
4.054750
4.082250
4.091550
4.171800
4.193725
4.215075
4.237100
4.240950
4.264625
4.297900
4.377550
4.418575
4.428625
4.447600
4.463925
4.498775
4.545475
4.564825
4.631375
4.679325
4.771625
4.850650
4.879625
4.943200
5.013125
5.050150
5.078200
5.126675
5.154900
5.193700
5.248725
5.291850
5.357750
5.435375
5.464975
5.548450
5.572650
5.618275
5.654925
5.682775
5.718575
5.756925
5.801050
5.834225
5.879025
5.977100
6.028850
6.057350
6.083250
6.107675
6.138725
6.168100
6.210900
6.224900
6.270850
6.304025
6.358750
6.460150
6.505450
6.550175
6.574225
6.603675
6.656500
6.696600
6.794575
6.820450
6.841600
6.867075
6.898375
6.920000
6.984250
7.028525
7.055775
7.115375
7.186450
7.205250
7.250175
7.380475
7.413600
7.439600
7.465875
7.502800
7.522700
7.552500
7.606000
7.686725
7.730175
7.762300
7.816950
7.823825
7.876550
7.917225
7.931675
7.948325
7.963925
7.981525
8.037300
8.075550
8.106425
8.130300
8.160825
8.170275
8.195525
8.211650
8.225350
8.240125
8.288050
8.300450
8.328625
8.367075
8.399900
8.475725
8.577025
8.599550
8.645450
8.691475
8.716200
8.737650
8.763100
8.804400
8.861050
8.886750
8.915775
8.951625
8.983000
9.009100
9.054050
9.094975
9.115375
9.152850
9.187650
9.245000
9.271025
9.301875
9.340825
9.415825
9.454850
9.480575
9.510525
9.543400
9.597300
9.649650
9.675000
9.712650
9.745175
9.782200
9.808250
9.828900
9.837225
9.963150
10.008000
10.046675
10.095625
10.138625
10.196675
10.221875
10.248325
10.268750
10.300775
10.365275
10.433850
10.438050
10.476825
10.526825
10.557900
10.570175
10.595625
10.620150
10.686175
10.721675
10.742475
10.794700
10.814650
10.835375
10.870525
10.895450
10.915625
10.926950
10.949500
10.969525
11.053075
11.094125
11.116400
11.146250
11.174350
11.227875
11.243400
11.374400
11.403600
11.416075
11.439700
11.458100
11.501700
11.546275
11.600250
11.653500
11.680900
11.774850
11.798925
11.819225
11.852850
11.893675
11.922000
11.951800
12.039150
12.068950
12.093900
12.130825
12.159450
12.223700
12.242375
12.276000
12.292125
12.332625
12.366225
12.465875
12.489125
12.529375
12.565800
12.578800
12.610750
12.624150
12.752375
12.795950
12.833525
12.847100
12.885050
12.920825
12.937450
12.984450
13.025175
13.070475
13.108400
13.139075
13.156350
13.199500
13.230750
13.275325
13.318475
13.345125
13.380525
13.425375
13.515200
13.538775
13.581875
13.610050
13.647900
13.690075
13.718600
13.757200
13.794350
13.812650
13.874225
13.890750
13.926875
13.960425
13.974750
14.053150
14.073725
14.111875
14.136750
14.163600
14.213600
14.282775
14.319975
14.398950
14.422650
14.436725
14.515750
14.553800
14.573100
14.621350
14.650925
14.687375
14.726425
14.784250
14.799125
14.844325
14.898175
14.917950
14.984475
15.020000
15.070700
15.101325
15.128125
15.174250
15.210150
15.254475
15.289125
15.326525
15.352475
15.390050
15.404300
15.452750
15.554600
15.595500
15.618675
15.700625
15.729400
15.738000
15.766425
15.808675
15.879150
15.931575
15.960375
15.989875
16.044450
16.079125
16.106375
16.141450
16.158525
16.187275
16.194825
16.201100
16.296775
16.332625
16.361650
16.419300
16.460275
16.485550
16.514275
16.566800
16.603700
16.641700
16.695300
16.732775
16.751350
16.775525
16.804175
16.861350
16.877150
16.924725
16.938200
16.967725
16.982175
17.027450
17.086050
17.102450
17.132950
17.169350
17.217775
17.250475
17.270425
17.303050
17.328400
17.352375
17.367750
17.387400
17.430675
17.477100
17.516675
17.580575
17.593975
17.621325
17.656450
17.703625
17.731400
17.757825
17.790875
17.827975
17.848100
17.863150
17.902150
17.963650
17.995600
18.037250
18.084075
18.113525
18.145475
18.183175
18.213575
18.231950
18.258250
18.294500
18.325125
18.360450
18.388150
18.423600
18.442975
18.471650
18.503550
18.543175
18.571625
18.648575
18.669700
18.726550
18.750475
18.800375
18.836275
18.863550
18.879050
18.896925
18.956850
18.978500
19.001950
19.016875
19.059350
19.088825
19.093275
19.106725
19.121300
19.153075
19.202350
19.242475
19.261300
19.304275
19.323275
19.372200
19.387650
19.451150
19.486150
19.518625
19.549850
19.584825
19.637975
19.658400
19.703875
19.745950
19.773875
19.790500
19.826850
19.867850
19.901900
19.965125
19.998450
20.063475
20.090825
20.123000
20.156575
20.202775
20.261550
20.284950
20.312850
20.348750
20.387675
20.402275
20.427875
20.458150
20.482700
20.517100
20.549050
20.574700
20.602625
20.621725
20.630075
20.669325
20.708075
20.745600
20.765000
20.770950
20.819600
20.843475
20.859825
20.879225
20.904250
20.918600
20.940100
21.016225
21.036675
21.067050
21.092050
21.110150
21.137175
21.184925
21.228575
21.295300
21.334025
21.346800
21.364450
21.389325
21.407575
21.430450
21.434900
21.458025
21.477150
21.497175
21.504350
21.529000
21.546275
21.579500
21.601075
21.615950
21.645950
21.683100
21.712775
21.730750
21.745675
21.767075
21.782900
21.839625
21.891650
21.923850
21.945850
21.976025
21.997500
22.013600
22.035325
22.061725
22.086300
22.134875
22.181100
22.215050
22.249800
22.269650
22.302175
22.319500
22.339125
22.363050
22.388925
22.422275
22.457900
22.485800
22.513350
22.528925
22.568000
22.597875
22.625475
22.631400
22.708100
22.742750
22.760275
22.790150
22.818375
22.881575
22.895575
22.921150
22.946800
22.973950
23.009200
23.034550
23.064325
23.111375
23.142500
23.184775
23.201550
23.222025
23.256225
23.276875
23.302600
23.351900
23.389200
23.434025
23.465550
23.483000
23.536925
23.582975
23.604300
23.629575
23.687525
23.718750
23.745525
23.762475
23.807825
23.833700
23.879775
23.918100
23.978450
24.027150
24.054350
24.089925
24.124975
24.186025
24.205225
24.246100
24.290150
24.310200
24.356675
24.391175
24.426050
24.449975
24.471400
24.504950
24.540650
24.567275
24.596250
24.612525
24.659300
24.670900
24.688300
24.728375
24.745975
24.780825
24.798325
24.831925
24.850825
24.876575
24.902250
24.941875
24.993925
25.023800
25.051600
25.076975
25.126850
25.147125
25.175250
25.208250
25.230800
25.268350
25.306050
25.330725
25.383425
25.419500
25.448325
25.483500
25.526250
25.547500
25.566875
25.591750
25.611625
25.631275
25.664600
25.700675
25.742150
25.765925
25.770925
25.821700
25.881050
25.901300
25.932875
25.960875
26.002375
26.032875
26.051575
26.057650
26.095250
26.127875
26.170525
26.189975
26.218725
26.239700
26.294850
26.322025
26.362475
26.381900
26.423375
26.446200
26.483200
26.501750
26.541100
26.575475
26.599000
26.614275
26.633650
26.669475
26.697075
26.725400
26.801975
26.886350
26.924350
26.946600
26.974825
27.005275
27.037900
27.058950
27.095700
27.123275
27.150000
27.162825
27.221300
27.252300
27.291900
27.318575
27.350400
27.427625
27.453200
27.490150
27.514750
27.531950
27.549275
27.579475
27.597375
27.624125
27.666800
27.681275
27.718300
27.747225
27.752300
27.765450
27.800650
27.810625
27.851350
27.880725
27.901725
27.924825
27.973550
27.994250
28.029575
28.058725
28.108275
28.135175
28.167125
28.201725
28.221425
28.271050
28.287475
28.317825
28.364025
28.368900
28.390575
28.416100
28.472600
28.497125
28.525025
28.557725
28.574325
28.616900
28.644125
28.662325
28.676425
28.705625
28.754400
28.794250
28.832200
28.852900
28.900875
28.939175
29.012400
29.029850
29.061775
29.086225
29.105100
29.139675
29.160775
29.189350
29.210200
29.229200
29.278975
29.332400
29.351100
29.388325
29.416500
29.450275
29.466900
29.515275
29.556550
29.585550
29.658075
29.683225
29.698275
29.765225
29.806900
29.833025
29.860175
29.887400
29.923125
29.948175
29.978425
30.010150
30.041475
30.069675
30.096575
30.126800
30.143875
30.176700
30.212075
30.246175
30.286600
30.327850
30.367375
30.409750
30.446975
30.472800
30.490450
30.510975
30.527650
30.558625
30.578050
30.584275
30.605500
30.640725
30.646925
30.704675
30.733000
30.768450
30.803525
30.829050
30.849275
30.893275
30.930300
30.956825
30.988950
31.011875
31.044775
31.064325
31.090400
31.116250
31.137500
31.166975
31.191775
31.242275
31.275750
31.300950
31.334375
31.364500
31.400200
31.431200
31.478400
31.515725
31.537975
31.568850
31.599050
31.609850
31.678700
31.711000
31.736100
31.772525
31.788825
31.849775
31.887675
31.920100
31.950475
31.969250
31.996100
32.027475
32.054025
32.078150
32.122425
32.170075
32.195750
32.228625
32.265575
32.294875
32.326700
32.352150
32.362425
32.393200
32.411425
32.443650
32.464925
32.478925
32.549600
32.593300
32.630025
32.668500
32.681125
32.720450
32.744825
32.762550
32.793925
32.829450
32.882400
32.925525
32.937200
32.968075
32.977700
32.999450
33.027875
33.053925
33.094275
33.100225
33.126700
33.194700
33.225975
33.272125
33.300000
33.326625
33.348325
33.381250
33.398925
33.411250
33.422625
33.441525
33.468550
33.495550
33.520325
33.563400
33.587475
33.628050
33.664100
33.689200
33.779650
33.801400
33.828575
33.872325
33.906925
33.922800
33.942225
33.958925
33.992000
34.020250
34.067350
34.097000
34.141175
34.179400
34.259700
34.298625
34.329450
34.359125
34.392475
34.425300
34.460875
34.482825
34.520225
34.554575
34.586525
34.614175
34.638575
34.674125
34.695350
34.713250
34.743300
34.776150
34.798125
34.828725
34.876800
34.898725
34.932750
34.963800
34.992025
35.024500
35.053250
35.087975
35.112175
35.149825
35.179200
35.218350
35.257525
35.292875
35.310675
35.351100
35.388400
35.474675
35.497900
35.524000
35.558000
35.578600
35.598675
35.623950
35.648750
35.671050
35.712175
35.777325
35.836875
35.896350
35.966250
36.011200
36.048000
36.098475
36.139125
36.174750
36.209350
36.234200
36.283775
36.325825
36.341775
36.433950
36.466000
36.489200
36.513700
36.523900
36.577750
36.605350
36.626800
36.649550
36.673750
36.706750
36.724150
36.758800
36.779625
36.794000
36.827525
36.850775
36.881225
36.901700
36.932225
36.984725
37.025675
37.046000
37.084175
37.110225
37.149125
37.177600
37.193150
37.217600
37.254525
37.281750
37.303525
37.326150
37.350425
37.373075
37.399575
37.438750
37.475425
37.509025
37.535950
37.592050
37.614725
37.632725
37.664450
37.716675
37.744975
37.758400
37.791250
37.818875
37.870000
37.887875
37.902575
37.926150
37.954000
37.984650
38.030750
38.070350
38.128575
38.166075
38.199675
38.237200
38.255450
38.279325
38.309000
38.330725
38.358100
38.399000
38.434600
38.460200
38.471075
38.502025
38.522525
38.540650
38.552725
38.579475
38.602525
38.631550
38.678925
38.699025
38.717800
38.743525
38.772225
38.809875
38.842725
38.892600
38.931850
38.972500
39.009950
39.059725
39.091100
39.113400
39.132325
39.158825
39.184975
39.226625
39.241075
39.256550
39.283500
39.298250
39.329700
39.340625
39.368300
39.400400
39.427500
39.453000
39.480975
39.512650
39.527425
39.604225
39.675325
39.704850
39.735400
39.755875
39.774175
39.789250
39.821000
39.847975
39.860575
39.886275
39.896350
39.927725
39.944175
39.996475
40.006975
40.026900
40.049600
40.110550
40.138750
40.171000
40.210825
40.248750
40.279575
40.300400
40.356975
40.375500
40.413925
40.438075
40.450675
40.514050
40.535550
40.550425
40.555375
40.587225
40.608575
40.636600
40.673425
40.680625
40.771575
40.779475
40.818125
40.852700
40.881800
40.904050
40.941750
40.979425
40.998800
41.029300
41.040150
41.078650
41.117325
41.125700
41.168775
41.190525
41.208975
41.252500
41.282225
41.313875
41.350275
41.366400
41.402650
41.425800
41.457975
41.490775
41.524725
41.547125
41.595425
41.627950
41.632925
41.662600
41.672750
41.727300
41.750350
41.780050
41.816225
41.840475
41.885800
41.909250
41.964475
41.988300
42.014650
42.033950
42.067100
42.116050
42.153450
42.225425
42.244750
42.270175
42.292675
42.318350
42.346300
42.365950
42.391925
42.418000
42.427700
42.451900
42.453125
42.470025
42.499600
42.543975
42.547100
42.567625
42.590700
42.616175
42.624650
42.673900
42.689425
42.712975
42.754450
42.786725
42.796850
42.833750
42.861525
42.885175
42.978925
42.993900
43.008700
43.032125
43.056600
43.083225
43.116875
43.136950
43.194775
43.209650
43.250225
43.314575
43.331950
43.337825
43.355775
43.386475
43.423675
43.439000
43.465925
43.492675
43.503625
43.527950
43.546550
43.557975
43.581250
43.610450
43.671900
43.698850
43.739500
43.757500
43.771800
43.792225
43.833550
43.862675
43.877625
43.908375
43.930925
43.950850
43.965525
43.985725
44.002600
44.032275
44.063275
44.081625
44.101650
44.193150
44.200900
44.238850
44.259075
44.280725
44.292925
44.325500
44.351550
44.366550
44.401725
44.423050
44.443100
44.459100
44.479950
44.514900
44.550350
44.571675
44.592550
44.642775
44.663925
44.699325
44.761750
44.785625
44.824925
44.864400
44.908275
44.930300
44.961025
45.012075
45.042750
45.064650
45.088125
45.125050
45.169050
45.194725
45.217825
45.240350
45.261425
45.293025
45.304725
45.339900
45.370325
45.395450
45.422125
45.442125
45.457150
45.483350
45.505875
45.513450
45.531475
45.566725
45.588650
45.631950
45.656125
45.684475
45.725100
45.763075
45.795550
45.828100
45.859800
45.880950
45.916750
45.932850
45.992550
46.010800
46.043850
46.056875
46.089100
46.112475
46.153550
46.189875
46.212625
46.248100
46.278100
46.302875
46.339200
46.376725
46.392650
46.423100
46.469450
46.498575
46.536500
46.542475
46.592975
46.630875
46.680650
46.709075
46.726250
46.739575
46.757725
46.777200
46.812650
46.835725
46.868275
46.900775
46.938825
46.966500
46.981750
47.061550
47.085375
47.129725
47.167500
47.180275
47.199250
47.224925
47.245575
47.272775
47.292450
47.323200
47.348375
47.371175
47.407950
47.464025
47.488250
47.534650
47.558750
47.603550
47.630800
47.647800
47.678825
47.707350
47.722550
47.775900
47.807175
47.821775
47.835600
47.861850
47.869350
47.897600
47.913825
47.956650
47.978325
48.003475
48.024475
48.039550
48.075475
48.098000
48.110075
48.149700
48.177175
48.201275
48.229000
48.270000
48.311575
48.337900
48.366675
48.400475
48.419800
48.458075
48.484000
48.518175
48.568125
48.598625
48.623225
48.656475
48.672550
48.708325
48.738850
48.774050
48.810825
48.844150
48.874075
48.910325
48.956450
48.991400
49.003775
49.037225
49.071625
49.098925
49.134650
49.163750
49.180600
49.224450
49.284125
49.299950
49.353275
49.392525
49.442150
49.464675
49.505925
49.537300
49.562800
49.589650
49.602525
49.616975
49.658325
49.684350
49.693125
49.749400
49.781450
49.798950
49.826775
49.853600
49.861875
49.881550
49.918325
49.946275
49.968425
49.994600
50.039175
50.077700
50.098075
50.138800
50.194800
50.218500
50.239975
50.286375
50.305875
50.340075
50.359450
50.370050
50.407350
50.426575
50.451500
50.483800
50.501100
50.535825
50.566700
50.591450
50.621875
50.674175
50.751650
50.769550
50.792300
50.822025
50.860150
50.875125
50.912475
50.935825
50.959050
50.987600
50.999200
51.036475
51.054700
51.093075
51.119225
51.155125
51.208050
51.243900
51.267525
51.301600
51.347000
51.374050
51.389075
51.436700
51.457600
51.494750
51.532525
51.579675
51.600875
51.641350
51.678175
51.703550
51.739375
51.767350
51.791700
51.830900
51.858225
51.880850
51.910175
51.961300
51.988850
52.047650
52.095175
52.119675
52.141975
52.169050
52.194100
52.244125
52.277150
52.284525
52.302200
52.322475
52.339825
52.372550
52.405275
52.435725
52.471425
52.490725
52.527925
52.556950
52.568800
52.607425
52.618150
52.659475
52.684075
52.721925
52.747200
52.786550
52.818750
52.850150
52.870575
52.898625
52.913525
52.948275
52.977175
53.027725
53.089950
53.150775
53.194225
53.229250
53.246550
53.264100
53.306325
53.356300
53.420775
53.442200
53.484600
53.513600
53.546975
53.580050
53.616450
53.628575
53.657675
53.681775
53.738225
53.763275
53.801225
53.825475
53.851925
53.867400
53.901350
53.935175
53.963125
53.986300
54.027325
54.057775
54.083200
54.095700
54.138225
54.157850
54.178200
54.209825
54.243350
54.267075
54.273675
54.309300
54.328400
54.347975
54.368125
54.396400
54.424125
54.448525
54.469850
54.505600
54.520500
54.541375
54.548325
54.581525
54.612150
54.634450
54.673550
54.717950
54.769025
54.791675
54.820225
54.838375
54.869700
54.901250
54.915850
54.943125
55.019475
55.064550
55.102875
55.121800
55.145050
55.156625
55.172350
55.184250
55.229575
55.253300
55.277500
55.328275
55.375675
55.417900
55.451675
55.477000
55.499150
55.517950
55.544775
55.562700
55.589350
55.608475
55.635900
55.657125
55.696925
55.722775
55.779450
55.843475
55.883450
55.909700
55.923000
55.947500
55.979375
56.003125
56.026700
56.052625
56.079575
56.100575
56.112100
56.142050
56.170725
56.190525
56.222550
56.247675
56.318350
56.346900
56.394225
56.430050
56.446850
56.470275
56.534600
56.562250
56.569325
56.599700
56.625425
56.642075
56.679050
56.706775
56.729175
56.769300
56.803175
56.857775
56.896550
56.924575
56.970775
57.003650
57.025950
57.054850
57.074275
57.101775
57.132025
57.154825
57.166925
57.219550
57.262400
57.309025
57.383950
57.425325
57.455225
57.515950
57.552650
57.587525
57.612300
57.651250
57.674100
57.698200
57.720400
57.768750
57.783200
57.822500
57.850850
57.904275
57.969250
57.993775
58.029075
58.038825
58.049075
58.072900
58.087800
58.112550
58.151650
58.174675
58.206325
58.226725
58.257800
58.269900
58.299100
58.312750
58.343525
58.357525
58.395875
58.419350
58.448850
58.467625
58.508175
58.577950
58.607750
58.655325
58.693950
58.727550
58.763350
58.821625
58.844000
58.905200
58.940150
58.977400
59.011675
59.056375
59.100550
59.117650
59.134425
59.174600
59.201975
59.245150
59.267100
59.296775
59.313650
59.336775
59.358850
59.374950
59.394925
59.427400
59.453875
59.480900
59.509025
59.544925
59.576250
59.604525
59.667975
59.707050
59.736200
59.778900
59.798425
59.822975
59.862775
59.872450
59.880450
59.919475
59.953925
59.980475
60.004375
60.037050
60.052175
60.096000
60.117400
60.182650
60.204000
60.238850
60.264800
60.307225
60.324850
60.365950
60.392500
60.413950
60.469175
60.507500
60.531600
60.543600
60.571200
60.590000
60.617725
60.645175
60.669175
60.689325
60.714650
60.721550
60.749925
60.813600
60.839575
60.873675
60.916825
60.950550
60.999975
61.040775
61.062950
61.093400
61.119850
61.143625
61.173050
61.195675
61.216275
61.242625
61.298425
61.329825
61.355425
61.388275
61.427425
61.473750
61.494275
61.533925
61.573750
61.609675
61.641200
61.662925
61.692200
61.725200
61.773750
61.806875
61.840475
61.859000
61.903050
61.924725
61.972875
62.003425
62.018325
62.049925
62.109125
62.143175
62.167750
62.202075
62.210800
62.269625
62.287175
62.314650
62.347050
62.387425
62.432200
62.461600
62.502575
62.537675
62.606375
62.660275
62.703350
62.726825
62.759900
62.787975
62.834150
62.844075
62.885650
62.926650
62.953350
62.997275
63.026300
63.048575
63.100575
63.114925
63.181725
63.201625
63.213825
63.229325
63.255000
63.283725
63.307175
63.332425
63.384700
63.403850
63.411050
63.449500
63.487500
63.503550
63.530200
63.549675
63.573925
63.605175
63.625575
63.647125
63.690775
63.750000
63.764950
63.810300
63.829625
63.862250
63.897175
63.934775
63.971800
64.020350
64.055400
64.083700
64.096125
64.126175
64.148225
64.195250
64.216325
64.236450
64.259025
64.284475
64.325825
64.356050
64.379475
64.401800
64.435500
64.456800
64.486550
64.512825
64.558675
64.585875
64.615900
64.661725
64.679850
64.703150
64.722700
64.764475
64.785325
64.824750
64.851400
64.880200
64.918850
64.973350
65.024975
65.049275
65.063400
65.070950
65.077325
65.096875
65.146450
65.195825
65.215250
65.251125
65.274700
65.292475
65.313350
65.342425
65.360275
65.394750
65.405100
65.438150
65.468575
65.490650
65.511425
65.543850
65.572200
65.597250
65.620075
65.633975
65.677050
65.687675
65.712150
65.744200
65.762350
65.798075
65.831350
65.866950
65.909150
65.955900
66.013675
66.045625
66.076775
66.094175
66.120525
66.165850
66.197325
66.218900
66.246575
66.281950
66.319000
66.348800
66.379100
66.409800
66.455075
66.474675
66.489300
66.512025
66.549625
66.565975
66.619075
66.642575
66.671125
66.697325
66.735950
66.784450
66.803825
66.833425
66.863075
66.902550
66.912175
66.931600
66.957325
66.993325
67.011100
67.034050
67.097625
67.142150
67.214225
67.255875
67.280050
67.333000
67.343425
67.369100
67.383500
67.409950
67.432150
67.451625
67.469550
67.492025
67.528475
67.566975
67.594200
67.617275
67.635950
67.654050
67.672150
67.688725
67.717750
67.744225
67.773575
67.794075
67.807975
67.829100
67.845600
67.860000
67.877825
67.900475
67.925850
67.956625
67.963600
67.989325
68.009825
68.049750
68.073550
68.092075
68.096675
68.132075
68.136625
68.164575
68.200725
68.245975
68.269425
68.303625
68.345825
68.385375
68.398875
68.418275
68.433950
68.471475
68.499825
68.527450
68.557825
68.580825
68.609600
68.620925
68.640850
68.663750
68.692900
68.722275
68.752175
68.779300
68.810925
68.837550
68.861575
68.895225
68.928725
68.982500
69.031225
69.069000
69.092600
69.123925
69.205850
69.240825
69.258850
69.295225
69.307275
69.324750
69.352775
69.370800
69.406525
69.421900
69.460525
69.488050
69.507175
69.553575
69.582475
69.659225
69.705425
69.777425
69.804350
69.824375
69.865900
69.886725
69.913700
69.939775
69.957525
69.972375
69.993925
70.021025
70.044800
70.068075
70.073775
70.111250
70.124725
70.147925
70.165100
70.193375
70.230675
70.266125
70.290925
70.308325
70.340525
70.367625
70.414325
70.445000
70.482725
70.510250
70.522925
70.530700
70.550550
70.577375
70.603050
70.644325
70.660450
70.682375
70.704775
70.724875
70.761775
70.776550
70.804225
70.842100
70.868400
70.878750
70.902250
70.939250
70.966275
70.990225
71.023175
71.056325
71.082825
71.115850
71.143150
71.176700
71.221575
71.250525
71.269750
71.307475
71.343050
71.358925
71.391000
71.420475
71.467775
71.493250
71.514075
71.551350
71.580725
71.605450
71.632175
71.647900
71.683925
71.714900
71.752325
71.777750
71.809625
71.861550
71.899625
71.925675
71.937325
71.967125
71.984600
72.003325
72.026900
72.055100
72.073250
72.085575
72.112750
72.142375
72.167750
72.195550
72.254775
72.285425
72.333825
72.367950
72.413800
72.427775
72.473575
72.529150
72.554525
72.589975
72.625200
72.664125
72.703050
72.749550
72.775900
72.806775
72.840325
72.868750
72.925900
72.973225
73.008825
73.042600
73.081850
73.130025
73.168000
73.215700
73.239675
73.272675
73.323175
73.370225
73.478800
73.499450
73.517150
73.545925
73.563625
73.583725
73.609350
73.634475
73.655100
73.687225
73.716950
73.725100
73.755975
73.774825
73.808375
73.840025
73.861475
73.893650
73.919200
73.955825
74.011275
74.028725
74.064725
74.099400
74.140250
74.180975
74.205275
74.276850
74.327050
74.360625
74.388950
74.420425
74.445525
74.478300
74.504475
74.531050
74.562950
74.576800
74.624950
74.651750
74.676300
74.711225
74.746800
74.779800
74.808475
74.852200
74.885125
74.937875
74.957000
74.975375
74.983825
75.008400
75.047675
75.071575
75.095350
75.115125
75.134175
75.154250
75.177975
75.203375
75.232650
75.253400
75.285450
75.297950
75.337375
75.361750
75.386275
75.417125
75.441250
75.468825
75.495075
75.520200
75.545075
75.571600
75.589750
75.630125
75.646200
75.679675
75.704700
75.725725
75.764875
75.831250
75.860000
75.881200
75.902875
75.933800
75.972750
76.072375
76.134650
76.185175
76.218525
76.261175
76.283925
76.310675
76.363050
76.392525
76.410675
76.441400
76.476250
76.503600
76.532150
76.568275
76.597000
76.622825
76.657575
76.687475
76.707325
76.774425
76.813150
76.825150
76.876725
76.965350
76.990075
77.010775
77.046725
77.073075
77.083750
77.111850
77.122350
77.160775
77.192950
77.236825
77.267200
77.297075
77.319675
77.376750
77.405575
77.422575
77.434575
77.477450
77.516050
77.540850
77.565375
77.591075
77.612800
77.633500
77.665525
77.679875
77.711850
77.736850
77.757350
77.793800
77.820000
77.847050
77.862100
77.903225
77.921725
77.967400
78.002900
78.030100
78.084525
78.188675
78.210975
78.276625
78.310250
78.362275
78.394475
78.424875
78.454075
78.492950
78.539425
78.567100
78.579000
78.622000
78.652025
78.687825
78.727500
78.751525
78.818700
78.837475
78.859100
78.872975
78.899900
78.923675
78.956400
78.964800
79.009900
79.041075
79.066475
79.087525
79.102600
79.118725
79.137250
79.148675
79.193325
79.211225
79.238675
79.284875
79.303125
79.331000
79.367925
79.404500
79.442125
79.489475
79.518675
79.549300
79.573175
79.598950
79.632375
79.656125
79.681625
79.705200
79.741000
79.790750
79.848775
79.888125
79.925125
79.966700
79.993275
80.030050
80.067725
80.090150
80.110100
80.140200
80.178700
80.217825
80.239350
80.272175
80.309200
80.319125
80.357525
80.375200
80.384450
80.425125
80.445125
80.455200
80.480475
80.511050
80.547500
80.576575
80.595425
80.629450
80.682575
80.718375
80.754100
80.799075
80.809575
80.844575
80.865550
80.897725
80.928100
80.958675
80.976025
81.002825
81.026925
81.057450
81.082300
81.112050
81.141975
81.162000
81.215900
81.277000
81.319000
81.345000
81.384625
81.426925
81.460725
81.476500
81.492725
81.501075
81.525275
81.554150
81.592250
81.609375
81.638825
81.651575
81.681225
81.703700
81.729650
81.745100
81.773850
81.795175
81.829175
81.848100
81.881500
81.906850
81.953650
81.981700
82.031525
82.061600
82.094100
82.119925
82.137625
82.166075
82.190900
82.202250
82.212525
82.227825
82.239975
82.258025
82.287550
82.305875
82.343975
82.369225
82.394375
82.408750
82.434625
82.452925
82.475800
82.502250
82.526225
82.557075
82.588925
82.647025
82.669275
82.710225
82.744200
82.770925
82.809225
82.874375
82.930900
82.957775
82.997775
83.022375
83.040025
83.064175
83.101125
83.126000
83.147750
83.169850
83.198175
83.228700
83.248825
83.284150
83.294325
83.322150
83.348575
83.367175
83.397825
83.427950
83.453000
83.480600
83.520950
83.563775
83.590725
83.663175
83.670275
83.681600
83.707275
83.719275
83.752350
83.792750
83.820925
83.843000
83.866900
83.892050
83.925800
83.955075
83.989200
84.027325
84.050475
84.096750
84.143725
84.204225
84.231150
84.269650
84.301400
84.325050
84.362175
84.382575
84.417225
84.460450
84.501675
84.525525
84.554575
84.587675
84.615500
84.635300
84.654600
84.686825
84.710750
84.754750
84.801550
84.822550
84.839675
84.857900
84.879150
84.903825
84.933675
84.940775
84.972200
85.002275
85.039050
85.085575
85.127700
85.164875
85.187950
85.258950
85.286850
85.302450
85.329400
85.355200
85.375950
85.414000
85.437625
85.455975
85.481550
85.500600
85.530050
85.556300
85.588100
85.614250
85.653575
85.708375
85.719575
85.740800
85.767425
85.826025
85.842575
85.868025
85.878375
85.910850
85.926675
85.963125
85.987175
86.003600
86.030250
86.043100
86.067100
86.108775
86.150000
86.177550
86.211525
86.231900
86.256075
86.287525
86.312475
86.353525
86.377700
86.412800
86.440925
86.466525
86.510425
86.531975
86.564750
86.589875
86.625150
86.644350
86.678500
86.697350
86.710325
86.729375
86.761050
86.793900
86.813225
86.823425
86.867950
86.884700
86.911075
86.924925
86.947350
86.974625
86.993175
87.017350
87.049850
87.068025
87.095475
87.118825
87.156100
87.179150
87.218650
87.240150
87.262950
87.319500
87.342050
87.383350
87.411225
87.442125
87.458450
87.462900
87.490425
87.517500
87.547125
87.573700
87.617550
87.655250
87.704300
87.727925
87.762600
87.773550
87.795550
87.850075
87.864450
87.883050
87.896050
87.943550
87.964975
87.976350
88.009875
88.045550
88.068900
88.101825
88.141625
88.181425
88.226575
88.253900
88.282025
88.315075
88.337775
88.376850
88.396075
88.415000
88.446425
88.475225
88.504700
88.517425
88.546125
88.569775
88.593850
88.639850
88.693850
88.720225
88.753650
88.770275
88.792950
88.820350
88.833875
88.865250
88.893225
88.917750
88.932375
88.945875
88.982900
88.996625
89.021400
89.042525
89.071300
89.098400
89.119175
89.138750
89.150325
89.183300
89.206425
89.224525
89.255950
89.279525
89.310150
89.342850
89.376875
89.463825
89.515750
89.540200
89.550350
89.564725
89.577450
89.612000
89.648875
89.662425
89.676025
89.703325
89.716150
89.744700
89.755050
89.760950
89.784950
89.799375
89.819800
89.838850
89.859925
89.875575
89.895375
89.917450
89.934750
89.960500
89.986250
90.025625
90.035975
90.068600
90.107450
90.127825
90.153850
90.177150
90.221925
90.258600
90.295975
90.328775
90.358100
90.374550
90.391700
90.424775
90.446400
90.469900
90.489225
90.502950
90.528500
90.545825
90.552975
90.569225
90.579325
90.599100
90.641775
90.660625
90.676675
90.710075
90.741400
90.763600
90.789075
90.822475
90.827875
90.860850
90.878725
90.904950
90.936225
90.977325
91.004600
91.030700
91.069875
91.085700
91.095350
91.118300
91.148800
91.165225
91.197825
91.217825
91.241875
91.265800
91.291975
91.323050
91.340375
91.363725
91.382900
91.410775
91.430825
91.453600
91.480175
91.543275
91.579500
91.615300
91.640250
91.677800
91.686325
91.704525
91.749600
91.753625
91.778875
91.792700
91.809850
91.816450
91.835825
91.844575
91.853800
91.875400
91.892275
91.896725
91.918450
91.926050
91.931550
91.946450
91.961075
91.987900
92.010525
92.051075
92.068550
92.096150
92.112525
92.140275
92.151000
92.190575
92.227300
92.241925
92.274475
92.318925
92.381875
92.421375
92.460925
92.483400
92.509675
92.515925
92.591175
92.645550
92.676700
92.734850
92.787775
92.812325
92.833850
92.844775
92.865550
92.875450
92.901400
92.906575
92.931000
92.942375
92.963500
92.973575
92.981175
92.995150
93.023100
93.038225
93.055875
93.076600
93.097975
93.122825
93.129825
93.147100
93.179700
93.198450
93.225300
93.255275
93.272775
93.317650
93.363575
93.387150
93.406075
93.417425
93.429225
93.449825
93.472450
93.496400
93.511700
93.530175
93.563825
93.597950
93.608300
93.635025
93.657000
93.673400
93.711175
93.767175
93.787750
93.818825
93.856550
93.874675
93.883100
93.895000
93.913150
93.957650
93.993550
94.019675
94.048025
94.068550
94.101650
94.152300
94.184825
94.203925
94.228325
94.246275
94.302100
94.323150
94.349225
94.385325
94.405525
94.438075
94.457700
94.479075
94.501275
94.534350
94.575475
94.607650
94.639625
94.677450
94.703175
94.729775
94.767600
94.795875
94.833675
94.858050
94.873950
94.948925
94.980650
95.064875
95.096675
95.133600
95.194525
95.232300
95.258275
95.298125
95.348575
95.386325
95.402375
95.442775
95.488075
95.520300
95.558725
95.577450
95.637375
95.683225
95.738750
95.763550
95.785800
95.813700
95.826300
95.856200
95.870850
95.901400
95.936750
95.978075
96.007650
96.042325
96.057650
96.059100
96.079400
96.106675
96.128125
96.155550
96.184275
96.189975
96.206275
96.209525
96.249850
96.265325
96.285075
96.292850
96.322425
96.347175
96.362750
96.386000
96.407325
96.443350
96.501175
96.519500
96.539850
96.567650
96.589150
96.619300
96.641075
96.677250
96.714075
96.763800
96.784275
96.811750
96.824600
96.862175
96.892175
96.921175
96.927950
96.960475
96.986375
97.014700
97.056950
97.074075
97.118550
97.154525
97.197450
97.252850
97.286425
97.321650
97.337025
97.352175
97.386925
97.408950
97.443800
97.460050
97.469425
97.497525
97.527725
97.540550
97.547700
97.591325
97.618700
97.646950
97.680225
97.707375
97.766175
97.790600
97.835375
97.882200
97.927950
97.961575
98.005950
98.019350
98.035200
98.095425
98.127025
98.146200
98.176650
98.191175
98.228100
98.254100
98.282075
98.313325
98.332225
98.361075
98.380650
98.417425
98.443850
98.469525
98.506850
98.540150
98.583900
98.633800
98.683475
98.713025
98.744875
98.765925
98.801500
98.832025
98.876350
98.911825
98.931850
98.954800
98.982275
98.984800
99.000200
99.015825
99.033125
99.069325
99.093000
99.115750
99.125975
99.181325
99.205050
99.267675
99.335350
99.365050
99.410725
99.454925
99.480050
99.508575
99.536975
99.562100
99.593225
99.653800
99.687275
99.728850
99.762550
99.827400
99.873100
99.886575
99.902025
99.920100
99.962225
100.009475
100.025575
100.060700
100.087900
100.124425
100.153200
100.178225
100.209475
100.229650
100.282000
100.335725
100.363850
100.436700
100.462775
100.489025
100.518225
100.555200
100.566100
100.579850
100.616200
100.653925
100.673900
100.723225
100.795950
100.857375
100.881650
100.906450
100.928750
100.947800
100.959425
100.985200
101.006400
101.025775
101.032900
101.058800
101.096675
101.123725
101.149650
101.198475
101.206275
101.251725
101.295200
101.323025
101.368450
101.417800
101.454125
101.479275
101.505725
101.538725
101.576425
101.619200
101.661025
101.692450
101.734725
101.768950
101.802950
101.816775
101.863200
101.906050
101.958050
101.996750
102.025275
102.061600
102.098375
102.140975
102.196375
102.249525
102.267675
102.288475
102.340900
102.365775
102.384025
102.424200
102.455500
102.461375
102.498825
102.524175
102.542625
102.561750
102.589675
102.622850
102.652850
102.679175
102.721525
102.750375
102.783875
102.809500
102.842600
102.860200
102.889075
102.907575
102.936750
102.964275
102.979975
103.006575
103.030725
103.065275
103.077000
103.115400
103.142175
103.208025
103.244125
103.283450
103.300600
103.307550
103.335525
103.350800
103.372425
103.384925
103.402900
103.419075
103.440550
103.462725
103.473900
103.493750
103.507375
103.518425
103.522250
103.534075
103.547625
103.574275
103.608825
103.631500
103.659075
103.689250
103.710750
103.737775
103.786350
103.821675
103.898325
103.917000
103.951550
103.985275
104.008675
104.044850
104.088325
104.108100
104.138800
104.162475
104.187150
104.210100
104.238900
104.261150
104.283375
104.295775
104.317175
104.329675
104.342775
104.367200
104.387400
104.409675
104.437550
104.492000
104.514050
104.535025
104.557050
104.591200
104.605125
104.639475
104.662150
104.687300
104.706775
104.729150
104.750925
104.788325
104.826700
104.842200
104.870075
104.901125
104.931425
104.967800
104.993650
105.010350
105.036475
105.059600
105.081875
105.111675
105.131400
105.158100
105.176700
105.200225
105.225350
105.255500
105.284125
105.305800
105.338425
105.359875
105.384475
105.413975
105.440575
105.463375
105.500100
105.520625
105.555175
105.588275
105.608425
105.640175
105.653650
105.699075
105.727850
105.757350
105.801025
105.816325
105.852525
105.877425
105.911175
105.926100
105.942800
106.000900
106.024575
106.049175
106.092100
106.117275
106.138450
106.155825
106.159900
106.199050
106.215000
106.245650
106.258600
106.276450
106.296775
106.325550
106.348450
106.371025
106.383425
106.401750
106.427075
106.446400
106.475700
106.487250
106.494725
106.521700
106.529500
106.556250
106.566550
106.595425
106.603225
106.654775
106.681575
106.703800
106.723275
106.752575
106.781525
106.809200
106.825675
106.859200
106.885450
106.900150
106.914850
106.919425
106.943775
106.964050
106.972675
106.982475
107.004700
107.025825
107.050950
107.082400
107.092350
107.122625
107.159375
107.178250
107.210500
107.226125
107.253025
107.286225
107.308675
107.329200
107.343950
107.362725
107.381325
107.406825
107.436925
107.487525
107.499475
107.520975
107.544450
107.566925
107.587275
107.605275
107.620000
107.633425
107.650925
107.655200
107.681850
107.710575
107.719225
107.780225
107.800025
107.823325
107.834925
107.852150
107.880000
107.896175
107.908875
107.933950
107.952625
107.993025
108.017250
108.042950
108.077925
108.095800
108.121100
108.123475
108.145125
108.159450
108.187375
108.212300
108.229875
108.240250
108.251900
108.295450
108.317250
108.339350
108.357775
108.381725
108.410425
108.437775
108.447300
108.475950
108.508175
108.532725
108.568000
108.592300
108.618950
108.638525
108.663850
108.670775
108.702075
108.725075
108.757000
108.777600
108.795625
108.829125
108.846725
108.891475
108.913725
108.932350
108.964250
108.992100
109.006550
109.023300
109.038425
109.063475
109.087725
109.123200
109.146025
109.159525
109.174900
109.193325
109.213200
109.231600
109.267025
109.308125
109.314500
109.351575
109.371625
109.389200
109.421950
109.440075
109.474075
109.497825
109.516000
109.538100
109.555675
109.583675
109.606900
109.620600
109.657825
109.686250
109.700875
109.728550
109.745625
109.748975
109.787300
109.806550
109.825850
109.842775
109.869025
109.913000
109.938375
109.974050
109.992400
110.007950
110.025550
110.048775
110.067500
110.084125
110.111550
110.134650
110.163375
110.169325
110.194800
110.214875
110.221500
110.239950
110.258475
110.286175
110.319050
110.326200
110.348075
110.376925
110.415300
110.432400
110.449625
110.465400
110.490000
110.509200
110.535600
110.569325
110.604125
110.626725
110.649050
110.675950
110.704100
110.717325
110.734425
110.748750
110.766100
110.771250
110.779675
110.786950
110.807875
110.847575
110.871600
110.898925
110.913675
110.937525
110.958950
111.020625
111.066775
111.081475
111.136325
111.150525
111.178925
111.208175
111.224225
111.263750
111.287025
111.314150
111.356700
111.396525
111.412925
111.442025
111.458800
111.510225
111.528650
111.544925
111.563775
111.580575
111.590975
111.612100
111.626925
111.633150
111.647800
111.679475
111.702250
111.728250
111.745300
111.761200
111.799400
111.811675
111.835875
111.851425
111.870400
111.923775
111.936725
111.970575
112.009250
112.029800
112.044175
112.081800
112.105175
112.125125
112.149275
112.165900
112.186975
112.213325
112.227700
112.247950
112.279600
112.306575
112.330475
112.340975
112.372225
112.401800
112.428125
112.475300
112.517625
112.536225
112.545475
112.604000
112.628675
112.659775
112.669850
112.695325
112.724525
112.756100
112.772050
112.788075
112.813125
112.825425
112.846475
112.870150
112.877250
112.893875
112.907650
112.934200
112.971050
113.001950
113.039175
113.063400
113.102650
113.123575
113.136475
113.151550
113.158900
113.220875
113.249750
113.266525
113.313725
113.325550
113.338975
113.363775
113.383200
113.420675
113.433550
113.455725
113.476350
113.509475
113.536575
113.553975
113.572200
113.609450
113.646775
113.663300
113.691650
113.720100
113.757400
113.772750
113.786950
113.825275
113.850575
113.875225
113.899975
113.932625
113.954050
113.986500
114.014500
114.030775
114.054700
114.082525
114.108125
114.137750
114.140575
114.160150
114.171675
114.197800
114.235125
114.250275
114.271775
114.302475
114.331300
114.348875
114.379800
114.397925
114.429600
114.442800
114.477325
114.505850
114.528725
114.549100
114.568775
114.586425
114.602525
114.616325
114.643225
114.661400
114.684100
114.709575
114.723000
114.762175
114.773700
114.797575
114.820300
114.850300
114.871300
114.883200
114.913000
114.940800
114.973650
114.996425
115.027025
115.049150
115.067425
115.086550
115.107750
115.129125
115.148800
115.171950
115.180425
115.210400
115.226600
115.280050
115.291325
115.340400
115.353400
115.362075
115.384225
115.414375
115.432325
115.470900
115.511200
115.525075
115.549050
115.572500
115.591325
115.611350
115.650475
115.678050
115.683700
115.722125
115.753450
115.767725
115.793025
115.824675
115.844200
115.869075
115.892025
115.913000
115.945825
115.979625
116.001400
116.023700
116.041075
116.059750
116.079375
116.110975
116.157050
116.179425
116.202925
116.224950
116.248475
116.290400
116.310300
116.332100
116.358150
116.379100
116.415825
116.433375
116.457350
116.474375
116.495800
116.522150
116.531075
116.555000
116.575775
116.585075
116.600375
116.622650
116.651400
116.671375
116.686325
116.712100
116.737825
116.752575
116.780350
116.796450
116.813800
116.858900
116.883575
116.903325
116.925300
116.979525
116.997600
117.024700
117.044825
117.087800
117.098800
117.135725
117.157525
117.163825
117.176125
117.190700
117.203700
117.234825
117.248175
117.267125
117.289875
117.304850
117.330800
117.351250
117.384750
117.402425
117.437425
117.468675
117.489600
117.507750
117.523000
117.551300
117.554900
117.579650
117.616725
117.656075
117.685625
117.707275
117.727800
117.746150
117.756225
117.800975
117.823875
117.843500
117.864225
117.886525
117.906175
117.923475
117.951275
117.961700
117.985975
117.999900
118.005075
118.010025
118.048800
118.059475
118.089750
118.113075
118.130900
118.148500
118.163650
118.173725
118.193075
118.200175
118.216625
118.229325
118.257825
118.273625
118.320350
118.340800
118.359600
118.377150
118.415075
118.439250
118.450675
118.461950
118.472125
118.525225
118.545975
118.563925
118.575025
118.587600
118.608200
118.617250
118.635075
118.662225
118.683825
118.706225
118.725750
118.755025
118.776275
118.815825
118.835875
118.859525
118.876600
118.893300
118.907975
118.921150
118.944425
118.969275
118.990225
119.008225
119.030575
119.061200
119.095375
119.121550
119.135450
119.151775
119.170425
119.194975
119.206950
119.220600
119.231975
119.247275
119.273500
119.310375
119.327300
119.351450
119.378275
119.393900
119.428550
119.456900
119.484875
119.517900
119.530400
119.546075
119.579375
119.612550
119.628875
119.640450
119.657000
119.686275
119.708500
119.746100
119.747375
119.755775
119.765950
119.808750
119.833250
119.861750
119.882125
119.909900
119.929425
119.965000
119.993950
120.049925
120.076500
120.093225
120.210600
120.231800
120.269100
120.286375
120.300450
120.325525
120.357425
120.387875
120.428075
120.438775
120.468300
120.491150
120.543025
120.570600
120.611125
120.633800
120.708275
120.730500
120.748750
120.767125
120.790200
120.837900
120.859725
120.895425
120.933850
120.978550
120.996375
121.029125
121.048075
121.084525
121.118500
121.143325
121.203525
121.230900
121.244850
121.255025
121.267900
121.272750
121.281050
121.347975
121.371500
121.378325
121.383625
121.409575
121.431000
121.454200
121.491300
121.514475
121.538575
121.562000
121.618050
121.664450
121.693500
121.723400
121.779850
121.797175
121.812625
121.839525
121.876450
121.913900
121.935050
121.962450
121.991650
122.013275
122.024100
122.065200
122.088575
122.110250
122.143800
122.168600
122.215075
122.240900
122.257600
122.275200
122.300225
122.337200
122.364650
122.396400
122.417450
122.439950
122.470775
122.494150
122.523125
122.559525
122.575775
122.608350
122.621200
122.644175
122.665850
122.707225
122.719925
122.746425
122.779975
122.793725
122.829300
122.855275
122.872925
122.923600
122.948175
122.975975
122.990225
123.013375
123.055925
123.085300
123.106050
123.124200
123.158925
123.168900
123.202525
123.217575
123.273775
123.282250
123.316350
123.353600
123.385800
123.410650
123.447050
123.491550
123.508900
123.536875
123.556400
123.589825
123.615975
123.641825
123.674300
123.701300
123.723925
123.752250
123.771125
123.809200
123.843650
123.902600
123.926175
123.956500
123.983475
124.024250
124.036400
124.070950
124.103025
124.116350
124.150750
124.158600
124.188300
124.196900
124.226525
124.242650
124.263775
124.285775
124.300400
124.333725
124.360575
124.388150
124.411425
124.440975
124.473900
124.501700
124.527975
124.540900
124.553425
124.608750
124.638225
124.658550
124.678775
124.704975
124.723775
124.740550
124.768400
124.772650
124.797125
124.827300
124.852800
124.884075
124.902350
124.951300
124.973750
124.988875
124.998650
125.009475
125.029250
125.039125
125.067025
125.084175
125.125725
125.140625
125.172850
125.223600
125.256000
125.277825
125.316225
125.359525
125.383725
125.409200
125.415125
125.445000
125.466700
125.498075
125.522300
125.536775
125.563550
125.570025
125.598450
125.617850
125.638000
125.657525
125.715875
125.757050
125.788375
125.810750
125.834250
125.858275
125.877350
125.913075
125.957600
125.976725
126.004325
126.041275
126.066225
126.090500
126.109200
126.136800
126.156175
126.191100
126.221225
126.244500
126.270175
126.307300
126.323925
126.329975
126.361575
126.396350
126.421300
126.447300
126.470750
126.476475
126.522875
126.553850
126.593100
126.617075
126.634750
126.669775
126.694525
126.705975
126.727500
126.762400
126.776275
126.796000
126.838150
126.873050
126.877950
126.905975
126.976425
127.017300
127.033600
127.056575
127.090475
127.113350
127.127375
127.138050
127.161825
127.180800
127.209950
127.235250
127.275650
127.288100
127.327900
127.350550
127.389550
127.411550
127.444275
127.465750
127.501400
127.525325
127.557025
127.582275
127.629050
127.657025
127.711175
127.729850
127.770500
127.792000
127.812800
127.827500
127.857475
127.893350
127.922175
127.950625
127.975875
128.007150
128.029975
128.055525
128.080575
128.157175
128.195575
128.228350
128.231475
128.251350
128.277200
128.317725
128.321150
128.339125
128.385725
128.418750
128.451000
128.467950
128.570150
128.604700
128.618850
128.647200
128.691150
128.704625
128.750175
128.776150
128.827875
128.863575
128.894200
128.920350
128.952900
128.985700
129.011950
129.040575
129.074900
129.111950
129.153000
129.211025
129.240925
129.270650
129.276825
129.318225
129.338550
129.344500
129.394025
129.417775
129.429350
129.472600
129.513150
129.540700
129.576425
129.618800
129.646450
129.672325
129.691075
129.707225
129.743200
129.781550
129.817150
129.842550
129.877200
129.896575
129.943400
130.016125
130.048700
130.082425
130.122775
130.148675
130.183850
130.211425
130.239800
130.278925
130.295875
130.326250
130.359525
130.381025
130.414125
130.478200
130.510650
130.519750
130.547575
130.589600
130.605600
130.626775
130.668750
130.705350
130.745175
130.783200
130.839600
130.844575
130.929350
130.942000
131.069500
131.098225
131.132750
131.199450
131.236125
131.254575
131.283400
131.327425
131.346625
131.348550
131.379750
131.421000
131.432525
131.520900
131.537800
131.540250
131.573450
131.603625
131.650225
131.685600
131.708025
131.758400
131.789275
131.803100
131.814750
131.852650
131.874475
131.917075
131.968625
132.006500
132.039875
132.098100
132.129800
132.173800
132.210375
132.243150
132.276400
132.300125
132.324850
132.352675
132.372925
132.429325
132.450525
132.500800
132.532325
132.551600
132.580775
132.623525
132.636225
132.670675
132.707650
132.739550
132.770775
132.794125
132.869800
132.899850
132.937100
132.997525
133.041125
133.078000
133.112225
133.156225
133.202975
133.297625
133.351775
133.368875
133.384950
133.404200
133.446475
133.464625
133.527875
133.626825
133.655025
133.685650
133.708250
133.746125
133.751450
133.782700
133.803450
133.848875
133.882425
133.902225
133.925000
133.962675
134.004225
134.066800
134.079150
134.149550
134.178775
134.200175
134.242100
134.270900
134.312550
134.337375
134.371900
134.410150
134.443800
134.462425
134.469325
134.495825
134.523500
134.546225
134.572000
134.597300
134.620975
134.636975
134.654050
134.688225
134.708650
134.732800
134.778450
134.793425
134.826675
134.838875
134.857075
134.891900
134.914625
134.927400
134.946950
134.953725
134.973675
134.999575
135.012125
135.025200
135.042150
135.058700
135.083425
135.102500
135.109300
135.113250
135.119750
135.131775
135.145450
135.159375
135.183225
135.215900
135.218300
135.244625
135.267075
135.291125
135.311050
135.348600
135.377575
135.392475
135.403725
135.426250
135.489650
135.506950
135.542300
135.558275
135.592925
135.614175
135.631800
135.661125
135.667525
135.698450
135.726725
135.754350
135.806950
135.824225
135.838675
135.866775
135.900650
135.933025
135.947025
135.991300
136.016050
136.037275
136.047875
136.075150
136.090225
136.134425
136.139800
136.150000
136.177475
136.199500
136.228350
136.240275
136.259200
136.288850
136.342200
136.346600
136.366600
136.381250
136.407150
136.435425
136.453750
136.479950
136.488950
136.527625
136.538050
136.560975
136.568725
136.598475
136.618750
136.635575
136.657450
136.683800
136.697300
136.712400
136.741975
136.774325
136.805250
136.843225
136.870100
136.894800
136.917475
136.943175
136.952925
136.965050
136.994500
137.043200
137.065525
137.110825
137.133425
137.150975
137.180250
137.208150
137.220375
137.242500
137.256500
137.263975
137.288650
137.303350
137.335275
137.360450
137.396125
137.424275
137.439275
137.464550
137.485475
137.499550
137.516200
137.534350
137.546775
137.571850
137.584525
137.589025
137.595850
137.620575
137.633825
137.671250
137.673200
137.686350
137.714075
137.727950
137.748200
137.771725
137.795050
137.800225
137.816675
137.826525
137.865525
137.891800
137.905825
137.950300
137.965775
137.980200
137.997525
138.020975
138.048350
138.069600
138.092325
138.108775
138.131275
138.133325
138.143675
138.167150
138.169675
138.184300
138.219475
138.258075
138.298975
138.325325
138.376825
138.392000
138.422475
138.434825
138.468675
138.486675
138.500450
138.528825
138.542575
138.572950
138.589700
138.603175
138.631650
138.640275
138.716450
138.734925
138.759625
138.779400
138.830375
138.848150
138.864875
138.885350
138.898100
138.925500
138.945850
138.969925
138.988500
139.004850
139.036425
139.053575
139.098150
139.123050
139.139400
139.172100
139.192225
139.216475
139.252600
139.270725
139.285300
139.301675
139.309575
139.314000
139.328225
139.359250
139.384475
139.404475
139.425175
139.445300
139.457200
139.479200
139.514175
139.533950
139.574125
139.605375
139.627150
139.652200
139.671875
139.693750
139.715375
139.767525
139.788650
139.810975
139.818325
139.840375
139.849325
139.860775
139.870875
139.879425
139.896650
139.901250
139.911725
139.919975
139.925250
139.935675
139.944550
139.978075
140.005375
140.028975
140.058375
140.092025
140.107100
140.125375
140.129800
140.158225
140.178575
140.214625
140.230525
140.251275
140.264175
140.296425
140.315250
140.340400
140.377175
140.393250
140.408600
140.434650
140.457950
140.489750
140.495600
140.532025
140.535125
140.560575
140.580150
140.616400
140.645575
140.687700
140.709150
140.730400
140.777750
140.810975
140.840050
140.870950
140.889275
140.915175
140.939025
140.969600
140.994300
141.036275
141.037650
141.049825
141.086525
141.100550
141.116050
141.133600
141.162600
141.193400
141.211775
141.226250
141.257050
141.269950
141.279050
141.299825
141.314850
141.345175
141.368325
141.385650
141.400850
141.405925
141.437900
141.464600
141.534675
141.563025
141.564900
141.587500
141.623450
141.670400
141.685875
141.721225
141.734025
141.757425
141.797825
141.825700
141.845275
141.868175
141.902800
141.918650
141.921600
141.942800
141.951700
141.983050
142.019125
142.071100
142.084900
142.096450
142.107350
142.126875
142.154400
142.190850
142.217300
142.229900
142.249100
142.292100
142.300425
142.331550
142.348950
142.371675
142.399425
142.448200
142.478275
142.511075
142.533750
142.553600
142.584175
142.602275
142.632250
142.662700
142.689375
142.714675
142.737125
142.778425
142.808975
142.819700
142.899700
142.927875
142.937100
142.965350
142.984500
143.021425
143.022925
143.045500
143.070625
143.078550
143.131000
143.144875
143.186450
143.213200
143.236925
143.252600
143.307925
143.359025
143.386350
143.405875
143.418975
143.448625
143.481975
143.504325
143.521975
143.566575
143.579675
143.602800
143.635025
143.653700
143.710450
143.745150
143.772750
143.800025
143.837850
143.859150
143.886425
143.911750
143.933025
143.954025
143.980025
144.014700
144.055550
144.086375
144.109775
144.129600
144.153800
144.232700
144.252375
144.282550
144.310350
144.318875
144.359225
144.384925
144.411775
144.438700
144.474150
144.492350
144.518750
144.559400
144.589925
144.615650
144.632375
144.665850
144.705050
144.711600
144.727100
144.734650
144.772225
144.779575
144.808000
144.833525
144.853400
144.894975
144.915825
144.923700
144.961250
144.989800
145.026975
145.043875
145.106650
145.115500
145.144200
145.156350
145.214800
145.247950
145.308600
145.326100
145.355075
145.401950
145.410000
145.441575
145.480425
145.507150
145.528075
145.548125
145.567175
145.591450
145.609600
145.627775
145.657250
145.683175
145.704250
145.757550
145.780325
145.809375
145.828750
145.878000
145.929150
145.955575
145.961625
145.980375
146.012875
146.048100
146.086725
146.148725
146.166950
146.199925
146.228050
146.253025
146.261425
146.288475
146.309250
146.331225
146.374275
146.396800
146.427700
146.453250
146.472025
146.513150
146.534200
146.586175
146.608675
146.612950
146.645775
146.689100
146.698000
146.723800
146.750300
146.766750
146.798225
146.815525
146.852400
146.886375
146.892825
146.918325
146.930925
146.961225
146.993300
147.028975
147.059775
147.095125
147.118900
147.157825
147.192725
147.230900
147.259350
147.294325
147.325200
147.351500
147.379950
147.411700
147.447550
147.465450
147.496300
147.528750
147.555850
147.581650
147.608100
147.615675
147.628650
147.656800
147.678950
147.710675
147.733200
147.773300
147.812875
147.861650
147.889475
147.938425
147.951825
147.966625
147.993425
148.023400
148.068000
148.090675
148.132875
148.147025
148.149575
148.191125
148.219600
148.240925
148.274975
148.294250
148.317750
148.343850
148.375475
148.403900
148.405800
148.424825
148.463425
148.483000
148.498825
148.522275
148.526075
148.554875
148.582600
148.604025
148.609475
148.627050
148.662650
148.711525
148.735650
148.782250
148.830325
148.883625
148.909650
148.945625
148.972650
149.009600
149.038700
149.077875
149.115750
149.134500
149.159625
149.193775
149.248050
149.264350
149.304625
149.333375
149.341850
149.376375
149.415400
149.437525
149.464725
149.496475
149.525975
149.577625
149.613200
149.650150
149.674300
149.699175
149.735425
149.762750
149.789975
149.799850
149.838875
149.870875
149.926300
149.973450
150.014175
150.033850
150.073750
150.100475
150.125950
150.193675
150.223800
150.252800
150.299200
150.326275
150.359425
150.389975
150.420425
150.451800
150.497625
150.544575
150.610850
150.642275
150.663925
150.700075
150.720000
150.743200
150.775875
150.809850
150.841650
150.869350
150.887975
150.899100
150.909100
150.941575
150.963200
150.994450
151.023300
151.077150
151.099975
151.127575
151.182450
151.218875
151.245625
151.268825
151.294300
151.331200
151.391850
151.438725
151.449900
151.480975
151.511475
151.534900
151.597025
151.626100
151.663200
151.703925
151.729575
151.769875
151.778525
151.822125
151.853700
151.866150
151.891475
151.917375
151.956950
152.006250
152.022550
152.042525
152.071175
152.117725
152.171250
152.206475
152.240275
152.331575
152.362675
152.377625
152.413000
152.452075
152.502000
152.529375
152.535150
152.548450
152.623425
152.641875
152.693875
152.709375
152.741875
152.763200
152.814925
152.831050
152.870425
152.896375
152.908050
152.936475
152.956625
152.988750
153.013675
153.043275
153.082000
153.122025
153.142550
153.191375
153.219975
153.244825
153.273800
153.306500
153.330000
153.367175
153.400600
153.420925
153.444550
153.492975
153.517875
153.563075
153.593350
153.620650
153.642325
153.675375
153.728450
153.757550
153.848950
153.896075
153.975050
154.007000
154.038800
154.073800
154.107650
154.141375
154.164150
154.205125
154.235225
154.270825
154.302200
154.336825
154.362300
154.405125
154.429325
154.464550
154.501550
154.520800
154.550100
154.587025
154.612450
154.632150
154.648475
154.670950
154.708500
154.734150
154.777975
154.806550
154.815700
154.871925
154.898750
154.959300
154.969050
154.998700
155.066400
155.084725
155.108600
155.126600
155.195650
155.227375
155.256025
155.275225
155.310600
155.331675
155.335425
155.364550
155.392150
155.415450
155.451675
155.496025
155.554550
155.567025
155.591050
155.641400
155.683000
155.715475
155.742200
155.802550
155.851700
155.928900
155.946000
155.962775
155.978675
156.064625
156.094350
156.121700
156.143625
156.174875
156.190075
156.206925
156.235725
156.257900
156.285325
156.314950
156.353050
156.386600
156.423475
156.463275
156.515350
156.535100
156.568700
156.618375
156.698575
156.733725
156.769250
156.809650
156.849175
156.909425
156.936800
156.954450
156.994325
157.009125
157.039650
157.055475
157.092550
157.131025
157.160125
157.191375
157.234050
157.298500
157.319000
157.339575
157.358425
157.386925
157.410575
157.451375
157.482425
157.521075
157.545750
157.580650
157.596575
157.625875
157.645750
157.674850
157.705550
157.728625
157.769775
157.807375
157.845100
157.863775
157.900250
157.940200
157.963725
157.967425
158.049000
158.088350
158.218500
158.244650
158.291000
158.328050
158.359575
158.413875
158.458975
158.495650
158.522450
158.556450
158.591525
158.609225
158.679875
158.736100
158.768450
158.795700
158.828600
158.849100
158.886050
158.920050
158.949150
158.973400
158.986700
159.023200
159.051075
159.077050
159.119300
159.187150
159.236825
159.259300
159.293300
159.313150
159.333450
159.370675
159.404725
159.423375
159.445850
159.460525
159.496650
159.522900
159.546975
159.596450
159.628225
159.655225
159.690275
159.721825
159.740675
159.771875
159.813250
159.824100
159.853725
159.873075
159.886400
159.952275
159.978650
159.999000
160.032850
160.088375
160.111800
160.150675
160.162225
160.191825
160.214150
160.222000
160.247000
160.287325
160.317625
160.348525
160.403100
160.445950
160.466700
160.483625
160.512375
160.552125
160.589800
160.600775
160.630100
160.632125
160.662200
160.701475
160.738975
160.758375
160.783925
160.789650
160.804325
160.848550
160.882800
160.943675
160.995375
161.011950
161.056600
161.096375
161.100425
161.132700
161.143600
161.192675
161.236300
161.267975
161.281300
161.311325
161.347525
161.371200
161.404175
161.432925
161.487000
161.511075
161.550000
161.602500
161.638550
161.661825
161.724650
161.788050
161.806925
161.852625
161.958775
161.980825
161.992975
162.057325
162.071425
162.121525
162.150550
162.166600
162.183525
162.200925
162.250375
162.267900
162.300175
162.323050
162.351775
162.381225
162.397750
162.438850
162.488325
162.511075
162.528075
162.579475
162.596600
162.647825
162.668575
162.700725
162.732700
162.760475
162.781275
162.813025
162.841775
162.860650
162.894225
162.950325
162.994850
163.036575
163.055300
163.113175
163.154800
163.169900
163.255325
163.285825
163.301050
163.323750
163.353425
163.382525
163.405500
163.457275
163.515175
163.544825
163.567625
163.582025
163.595225
163.620750
163.632525
163.663750
163.712850
163.743925
163.755700
163.785975
163.807300
163.837975
163.855875
163.894450
163.947725
163.972325
164.001075
164.038850
164.068675
164.110375
164.149650
164.181525
164.220250
164.257450
164.282775
164.332800
164.359475
164.403600
164.449000
164.474725
164.495450
164.510450
164.541425
164.563375
164.651975
164.675500
164.711175
164.759500
164.794075
164.821125
164.866850
164.896175
164.925675
164.949325
164.983950
165.052200
165.075650
165.106950
165.145350
165.179775
165.195550
165.234525
165.264675
165.311200
165.405925
165.459375
165.496250
165.553900
165.594450
165.632925
165.656200
165.697000
165.733425
165.783250
165.825700
165.863325
165.896550
165.921275
165.943850
165.965725
165.982525
166.014025
166.024500
166.026850
166.049425
166.078625
166.088675
166.174500
166.206400
166.240900
166.260625
166.292650
166.328925
166.374150
166.409200
166.452425
166.489300
166.531075
166.563750
166.605700
166.646075
166.674600
166.730450
166.783200
166.800325
166.812675
166.847750
166.867000
166.904425
166.906675
166.942525
166.955950
166.984775
167.008400
167.046275
167.076925
167.110425
167.136150
167.167575
167.200600
167.216875
167.251500
167.253250
167.280150
167.314875
167.365475
167.403100
167.429450
167.482950
167.517725
167.558300
167.570750
167.605925
167.631400
167.656175
167.686275
167.714850
167.735950
167.779300
167.835825
167.863550
167.870500
167.911525
167.935850
167.976325
168.008275
168.026250
168.049500
168.074650
168.109550
168.123825
168.139525
168.198250
168.234175
168.268500
168.295600
168.355175
168.391975
168.404050
168.426875
168.442700
168.469025
168.474675
168.499625
168.522925
168.557100
168.589900
168.603575
168.644625
168.682175
168.722600
168.757800
168.792575
168.816650
168.825525
168.840075
168.850650
168.865325
168.894275
168.908475
168.931175
168.952100
168.981575
169.012725
169.040350
169.044650
169.069525
169.087200
169.131875
169.160725
169.177675
169.200350
169.218500
169.231325
169.257075
169.296650
169.318575
169.351700
169.374825
169.391225
169.410200
169.434075
169.459400
169.495525
169.503650
169.547325
169.567450
169.585275
169.606250
169.623950
169.652600
169.690850
169.730650
169.744600
169.776100
169.796200
169.819325
169.849650
169.882850
169.909775
169.917225
169.938150
169.973775
170.055750
170.083925
170.099975
170.134725
170.156075
170.194125
170.207450
170.228400
170.247000
170.272450
170.309075
170.337050
170.364350
170.434300
170.468500
170.496675
170.526825
170.561625
170.572675
170.617125
170.649400
170.682275
170.719400
170.753725
170.776075
170.804475
170.810825
170.853450
170.877575
170.923750
170.949150
170.990200
171.024450
171.049000
171.095675
171.121100
171.134825
171.150325
171.199800
171.219575
171.224475
171.280100
171.306600
171.330900
171.379825
171.419550
171.442000
171.465075
171.491100
171.551725
171.581450
171.601950
171.635725
171.668875
171.720900
171.754500
171.767250
171.780500
171.789925
171.791625
171.814925
171.837900
171.876650
171.907325
171.932425
171.951925
171.970550
171.991075
172.026275
172.038575
172.049075
172.065225
172.097325
172.121325
172.137175
172.165200
172.203825
172.234275
172.264825
172.302350
172.338700
172.342700
172.368575
172.437125
172.451975
172.469450
172.493900
172.503900
172.530900
172.552150
172.589975
172.600750
172.636475
172.665950
172.696025
172.716000
172.745925
172.783200
172.833275
172.849650
172.862900
172.881125
172.917850
172.945225
172.979750
173.008125
173.128650
173.165700
173.220225
173.247050
173.260025
173.281075
173.316275
173.332700
173.409975
173.435725
173.466500
173.513625
173.534525
173.563975
173.565200
173.572475
173.597425
173.613850
173.652725
173.654525
173.677025
173.695900
173.731400
173.766600
173.802775
173.831650
173.876575
173.898150
173.923350
173.956275
173.979575
174.016450
174.029525
174.041225
174.064000
174.095225
174.133800
174.140325
174.208350
174.245025
174.272725
174.293000
174.298550
174.324825
174.349425
174.380050
174.395925
174.421575
174.456550
174.480625
174.496750
174.569350
174.585725
174.608325
174.637050
174.677000
174.694400
174.723725
174.750475
174.770725
174.789350
174.803500
174.855225
174.877000
174.903825
174.989875
175.001275
175.019725
175.037700
175.060150
175.077300
175.096950
175.115725
175.148425
175.172150
175.235825
175.255550
175.259600
175.279100
175.294900
175.320025
175.404000
175.481500
175.490450
175.505250
175.518525
175.561375
175.589250
175.620750
175.637725
175.659650
175.680875
175.682425
175.713700
175.733375
175.750125
175.785475
175.813050
175.834450
175.867875
175.891575
175.907675
175.926450
175.928750
175.973650
176.012000
176.028975
176.050350
176.085300
176.112600
176.125975
176.146675
176.176625
176.195100
176.220475
176.236300
176.270350
176.279225
176.307250
176.345075
176.368400
176.428300
176.460750
176.485200
176.527825
176.565750
176.578675
176.606825
176.631775
176.680150
176.707625
176.746800
176.764300
176.784850
176.829000
176.850850
176.874900
176.884550
176.934075
176.965225
176.997975
177.029325
177.057475
177.095800
177.131950
177.247825
177.274350
177.299275
177.339675
177.356400
177.378875
177.415475
177.440100
177.469025
177.492175
177.530650
177.559800
177.629275
177.648275
177.691825
177.720100
177.736175
177.787225
177.818975
177.822250
177.853900
177.904850
177.950775
177.964775
178.006550
178.055350
178.080375
178.092475
178.102625
178.130800
178.160250
178.180825
178.216025
178.228150
178.312425
178.341200
178.372525
178.422600
178.442675
178.514425
178.537350
178.570700
178.581975
178.629025
178.665100
178.718675
178.753600
178.773300
178.775525
178.803025
178.853500
178.871950
178.904350
178.938000
178.980175
179.009025
179.023600
179.025775
179.063600
179.085200
179.108225
179.135100
179.154525
179.193925
179.205100
179.239600
179.242050
179.271700
179.305450
179.355325
179.385075
179.430825
179.465825
179.492575
179.513875
179.533925
179.564975
179.606300
179.617675
179.638125
179.661000
179.669975
179.694725
179.716100
179.747775
179.772400
179.804000
179.840275
179.880900
179.918025
179.935125
179.976575
179.993725
180.006225
180.022300
180.027275
180.074350
180.097275
180.106500
180.130000
180.151375
180.157650
180.171900
180.186550
180.202600
180.208600
180.219275
180.223450
180.233100
180.323900
180.325150
180.335800
180.401600
180.421975
180.438800
180.460100
180.473225
180.497175
180.549600
180.561750
180.599775
180.610275
180.640450
180.697475
180.709125
180.722225
180.740600
180.742700
180.750450
180.787925
180.818075
180.842075
180.874375
180.889600
180.925600
180.940100
180.950675
180.957675
180.984450
180.997550
181.005600
181.028850
181.038050
181.061575
181.087850
181.108600
181.117325
181.128000
181.144475
181.179200
181.187075
181.202000
181.230350
181.252725
181.272725
181.279775
181.300600
181.329875
181.368725
181.413275
181.436400
181.471050
181.512150
181.537300
181.556275
181.600650
181.622800
181.645525
181.664100
181.707000
181.714125
181.730175
181.743825
181.773350
181.789450
181.807650
181.827550
181.843800
181.875300
181.897500
181.941150
181.985700
182.009575
182.033175
182.078850
182.100475
182.150350
182.162100
182.196200
182.228375
182.238925
182.262550
182.271525
182.310125
182.338475
182.340375
182.387550
182.407950
182.410300
182.421375
182.430050
182.457400
182.474075
182.494950
182.531100
182.547225
182.579600
182.611050
182.628875
182.678550
182.703525
182.741775
182.760625
182.775300
182.799850
182.819500
182.837375
182.859675
182.862500
182.893000
182.943825
182.973150
183.001425
183.028200
183.049750
183.066100
183.102475
183.120475
183.135675
183.161625
183.187875
183.210000
183.227000
183.243425
183.256725
183.285000
183.304650
183.327325
183.351550
183.390450
183.404775
183.424700
183.459700
183.482900
183.501775
183.521950
183.532975
183.559350
183.598575
183.630925
183.663225
183.681625
183.698500
183.721050
183.743750
183.761250
183.783450
183.813125
183.830775
183.882650
183.910200
183.925475
183.940200
183.979375
184.001100
184.041650
184.073025
184.103750
184.128250
184.153900
184.175600
184.209325
184.232675
184.256825
184.281075
184.297475
184.336300
184.353375
184.385775
184.423600
184.454675
184.459875
184.477850
184.543250
184.573450
184.589725
184.600950
184.607025
184.647450
184.670175
184.708650
184.716100
184.740900
184.760100
184.782200
184.803225
184.830100
184.861300
184.869150
184.885250
184.903550
184.949475
184.967125
184.982275
185.011575
185.042675
185.058650
185.086900
185.109350
185.142100
185.168900
185.195975
185.230600
185.274350
185.336400
185.389350
185.393200
185.407675
185.432400
185.442025
185.477150
185.551325
185.587725
185.614375
185.617875
185.662500
185.684550
185.715900
185.755675
185.784775
185.793825
185.794850
185.836575
185.854100
185.877425
185.909150
185.923600
185.986525
186.010850
186.041300
186.065550
186.090875
186.128325
186.171200
186.195950
186.211425
186.228150
186.270575
186.287850
186.311925
186.355750
186.384325
186.385600
186.402775
186.422150
186.457250
186.482975
186.541325
186.570100
186.595975
186.611950
186.638175
186.662125
186.702375
186.722975
186.751850
186.784975
186.816325
186.850675
186.888175
186.910125
186.942650
186.974425
187.010175
187.050950
187.071075
187.082375
187.108975
187.152000
187.173875
187.202200
187.229975
187.281750
187.377775
187.391875
187.404000
187.438225
187.468775
187.487550
187.498825
187.547950
187.572325
187.598325
187.626675
187.656775
187.690400
187.705875
187.737825
187.775725
187.802050
187.819800
187.841675
187.898325
187.921400
187.939975
187.982500
188.000525
188.013025
188.039575
188.062725
188.091750
188.120150
188.158425
188.177750
188.183900
188.205150
188.253125
188.293050
188.342850
188.360375
188.416925
188.454200
188.470925
188.474775
188.493125
188.527700
188.562775
188.588050
188.609600
188.620025
188.633900
188.660825
188.687450
188.720125
188.752900
188.793225
188.808125
188.851125
188.893050
188.938975
188.945425
188.987375
189.009850
189.035425
189.065100
189.085275
189.117725
189.139250
189.157500
189.172800
189.192350
189.213675
189.233725
189.238275
189.285450
189.288125
189.303975
189.344500
189.359975
189.409575
189.445275
189.455550
189.484125
189.543600
189.549625
189.575000
189.614975
189.638250
189.661125
189.670775
189.695375
189.727150
189.753700
189.829450
189.837750
189.857150
189.910575
189.930825
189.938525
189.975400
190.008150
190.072850
190.124950
190.167150
190.170650
190.228750
190.254100
190.293700
190.313050
190.328825
190.375125
190.395275
190.426075
190.446625
190.472250
190.523400
190.529675
190.566100
190.598175
190.636725
190.674325
190.677150
190.729300
190.751425
190.800425
190.822050
190.855275
190.872550
190.910175
190.917800
190.952125
190.976650
191.009200
191.028750
191.044775
191.071850
191.086275
191.130475
191.181450
191.219250
191.238950
191.271600
191.317275
191.345375
191.361650
191.371425
191.396450
191.456675
191.470525
191.497600
191.514675
191.534875
191.607075
191.647125
191.650300
191.667250
191.684350
191.709350
191.727600
191.751850
191.766425
191.779600
191.791525
191.807650
191.820175
191.830075
191.839425
191.873450
191.890075
191.897400
191.996075
192.019650
192.050125
192.077450
192.091325
192.116950
192.140175
192.178550
192.221150
192.252300
192.275575
192.292625
192.313475
192.348750
192.366725
192.384250
192.389575
192.401875
192.410250
192.429225
192.453950
192.465525
192.512125
192.550150
192.578825
192.622250
192.638900
192.687550
192.711700
192.739075
192.782025
192.800050
192.821975
192.844325
192.876800
192.900475
192.924375
192.959600
192.983500
193.015050
193.054825
193.074925
193.095750
193.123050
193.145450
193.189950
193.277700
193.292425
193.332825
193.346725
193.376275
193.383325
193.459150
193.462150
193.512800
193.528525
193.552650
193.600200
193.633150
193.667800
193.704600
193.728700
193.762375
193.768475
193.802350
193.816700
193.819975
193.840775
193.856375
193.873875
193.924025
193.947700
193.968150
193.996275
193.997350
194.018400
194.054450
194.084875
194.119000
194.154700
194.177000
194.238225
194.269650
194.288050
194.346750
194.382575
194.414350
194.464225
194.476975
194.512350
194.531875
194.563475
194.597025
194.642750
194.669925
194.718800
194.758125
194.767275
194.803400
194.828525
194.860475
194.898600
194.924500
194.957825
194.990275
195.024975
195.054100
195.074150
195.101600
195.109500
195.144900
195.166475
195.294300
195.301350
195.348225
195.384900
195.409450
195.475900
195.526950
195.565250
195.596775
195.632975
195.657700
195.677100
195.681350
195.712575
195.744675
195.762975
195.792025
195.809450
195.839500
195.850475
195.882650
195.920975
195.957625
195.979500
196.001450
196.027625
196.061000
196.075550
196.084150
196.119125
196.164650
196.197200
196.210800
196.242175
196.284725
196.318325
196.351100
196.391575
196.416400
196.478150
196.512550
196.526575
196.544375
196.586900
196.609100
196.634525
196.658825
196.701175
196.749000
196.805175
196.847875
196.903450
196.931325
196.988150
197.016825
197.064275
197.098725
197.121250
197.147000
197.168525
197.178225
197.198325
197.227550
197.265400
197.278175
197.296225
197.340700
197.357750
197.391575
197.414650
197.435800
197.465225
197.502075
197.530625
197.557375
197.595525
197.633400
197.667750
197.717375
197.770075
197.807375
197.854675
197.914350
197.951100
198.003725
198.016525
198.030275
198.060975
198.098800
198.118750
198.139850
198.162000
198.185400
198.210225
198.216450
198.284150
198.310650
198.313175
198.332725
198.340900
198.365000
198.378850
198.401700
198.428950
198.460150
198.500650
198.537225
198.553575
198.605875
198.658550
198.679425
198.716200
198.782650
198.836325
198.859575
198.882750
198.899675
198.940725
198.952125
198.957625
199.009850
199.022875
199.048750
199.055250
199.092225
199.107175
199.181450
199.199500
199.236325
199.267500
199.282725
199.297975
199.321375
199.362725
199.373225
199.402425
199.427575
199.452175
199.485750
199.520500
199.545975
199.605650
199.630150
199.648475
199.672975
199.716850
199.746000
199.772400
199.797400
199.854925
199.875650
199.920625
199.961175
