0.006225
0.062650
0.091475
0.117950
0.139450
0.154625
0.180000
0.215950
0.237125
0.240700
0.281000
0.308650
0.382275
0.438350
0.496450
0.513750
0.549050
0.596325
0.627475
0.660250
0.691200
0.715625
0.737300
0.766625
0.796025
0.837300
0.865800
0.891200
0.913875
0.942400
0.981650
1.019050
1.073075
1.098750
1.187775
1.217100
1.245900
1.266750
1.299225
1.333725
1.356800
1.383900
1.410350
1.481825
1.548675
1.574875
1.606850
1.650650
1.680550
1.707150
1.734775
1.759150
1.792350
1.826000
1.885600
1.913300
1.914875
1.974725
2.011575
2.031150
2.070650
2.103350
2.135525
2.237150
2.260250
2.288850
2.318050
2.346175
2.376500
2.380725
2.438150
2.464125
2.501850
2.532225
2.560875
2.588100
2.603700
2.618375
2.649025
2.689550
2.713975
2.740775
2.776375
2.778050
2.805425
2.836975
2.866300
2.897250
2.929950
2.950375
2.981475
3.006725
3.027100
3.054775
3.120325
3.144750
3.173850
3.202625
3.224725
3.259825
3.282575
3.313900
3.346725
3.374975
3.405950
3.427250
3.487625
3.519900
3.571325
3.610800
3.636100
3.657125
3.725425
3.757825
3.788950
3.819450
3.865375
3.912225
3.932375
3.958825
3.975275
4.005500
4.039975
4.086100
4.112275
4.158900
4.183975
4.228500
4.267325
4.307900
4.348650
4.366325
4.380050
4.419700
4.448550
4.479725
4.504125
4.531925
4.557675
4.594525
4.624125
4.668375
4.702100
4.733825
4.763500
4.799150
4.830025
4.868800
4.903625
4.923900
4.958650
4.980300
4.985575
5.006600
5.035075
5.061675
5.086650
5.111325
5.136725
5.183550
5.220225
5.240800
5.266575
5.328100
5.418000
5.445775
5.462625
5.473025
5.500825
5.526175
5.569425
5.586950
5.623850
5.641225
5.686250
5.711050
5.733450
5.779975
5.816100
5.835425
5.855500
5.883150
5.908100
5.925325
6.011325
6.034650
6.059950
6.093025
6.155250
6.176800
6.201650
6.239050
6.261775
6.287100
6.316625
6.338650
6.358075
6.381675
6.413500
6.460650
6.503350
6.540750
6.576150
6.609200
6.640400
6.665225
6.698850
6.731850
6.769500
6.788325
6.810625
6.854000
6.876625
6.912525
6.938425
6.977975
7.007150
7.035825
7.071875
7.126975
7.157075
7.186550
7.226675
7.271725
7.292950
7.323975
7.352750
7.381525
7.430050
7.459450
7.493175
7.530425
7.588325
7.620750
7.652675
7.690675
7.722250
7.753500
7.769550
7.850175
7.894175
7.917450
7.929300
7.948525
7.999575
8.023250
8.050025
8.080925
8.116325
8.144250
8.197250
8.216275
8.242500
8.275550
8.282975
8.301675
8.318250
8.350925
8.385200
8.415200
8.438575
8.469375
8.488800
8.509450
8.537000
8.578550
8.608025
8.629875
8.689325
8.713575
8.733025
8.749550
8.772625
8.837475
8.869825
8.891000
8.932400
8.955875
9.010975
9.055375
9.065900
9.092175
9.110675
9.133575
9.165675
9.189150
9.210825
9.236025
9.262525
9.284450
9.307175
9.327075
9.343700
9.390550
9.421625
9.463900
9.497150
9.526425
9.553400
9.580375
9.623700
9.653800
9.693600
9.718825
9.747025
9.769050
9.799950
9.839075
9.871600
9.891825
9.913825
9.938700
9.959900
9.997250
10.031925
10.069350
10.093575
10.122850
10.151000
10.184775
10.212325
10.255100
10.282575
10.305300
10.332275
10.381525
10.420000
10.455900
10.485375
10.510250
10.549725
10.588200
10.621800
10.660050
10.695700
10.731225
10.760200
10.784450
10.825500
10.854400
10.898275
10.918175
10.941750
10.964850
10.980175
11.014450
11.043775
11.047175
11.082450
11.119200
11.188425
11.227875
11.246825
11.280525
11.343575
11.369650
11.413675
11.439600
11.475850
11.541775
11.575900
11.628475
11.659125
11.700325
11.727550
11.750000
11.788100
11.817025
11.849125
11.884725
11.919850
11.937350
11.958375
11.988925
12.020675
12.047050
12.053975
12.091175
12.119050
12.152250
12.176650
12.215275
12.262000
12.283125
12.308875
12.341075
12.364700
12.399875
12.430900
12.490900
12.511300
12.553700
12.605375
12.641100
12.663850
12.692800
12.744050
12.785425
12.820275
12.869200
12.891525
12.921375
12.936900
12.943950
12.991150
13.023275
13.052375
13.102275
13.165575
13.201350
13.235475
13.285600
13.318975
13.345850
13.373000
13.398025
13.426050
13.453775
13.471450
13.505900
13.566550
13.585550
13.610600
13.625200
13.645850
13.675875
13.710000
13.737075
13.767025
13.806325
13.825675
13.853275
13.880350
13.915150
13.945050
13.968550
14.006100
14.031900
14.101225
14.121725
14.147250
14.175225
14.210350
14.235850
14.270500
14.307550
14.334300
14.363475
14.397350
14.425200
14.453775
14.487000
14.521625
14.627025
14.653275
14.691575
14.735150
14.761150
14.787800
14.831725
14.886275
14.922475
14.965250
15.028475
15.094775
15.124750
15.161925
15.194475
15.228650
15.251875
15.277875
15.370125
15.402975
15.427300
15.459125
15.489725
15.515950
15.550525
15.585575
15.621100
15.648250
15.716800
15.744350
15.792625
15.829325
15.869375
15.903700
15.933950
15.963425
15.999250
16.032875
16.065100
16.093450
16.129375
16.204275
16.277275
16.360050
16.405775
16.423200
16.461250
16.494225
16.513350
16.548250
16.584175
16.635650
16.658000
16.694450
16.737975
16.770375
16.801400
16.841475
16.869675
16.915650
16.950100
17.006800
17.046775
17.080400
17.104000
17.139575
17.164625
17.188500
17.210825
17.231300
17.296075
17.334625
17.388075
17.433375
17.468025
17.498575
17.534250
17.562825
17.588775
17.597550
17.615500
17.649475
17.671950
17.700825
17.727750
17.758175
17.792050
17.832400
17.854025
17.877875
17.916375
17.947000
17.977575
17.997575
18.065775
18.115750
18.148450
18.177450
18.216625
18.248200
18.280275
18.320375
18.348650
18.377200
18.420575
18.452775
18.495325
18.531100
18.570875
18.604925
18.643100
18.676050
18.715650
18.756700
18.786425
18.826000
18.861400
18.881850
18.914125
18.944500
18.967250
18.984375
19.004400
19.024250
19.045000
19.067100
19.092800
19.148625
19.166150
19.182850
19.200300
19.236050
19.255075
19.281600
19.312150
19.331950
19.361525
19.390725
19.432400
19.472175
19.499750
19.535925
19.570500
19.594950
19.668700
19.728250
19.747625
19.774700
19.801075
19.828250
19.851375
19.888075
19.914050
19.949350
19.983175
20.015325
20.046800
20.083000
20.130250
20.156500
20.214600
20.249225
20.287850
20.309950
20.341600
20.445075
20.486550
20.510650
20.539950
20.593025
20.635950
20.675400
20.709350
20.746425
20.764175
20.798550
20.820625
20.833525
20.868150
20.909975
20.930625
20.960550
20.996125
21.021900
21.048850
21.082925
21.112425
21.182300
21.220325
21.256075
21.319325
21.326175
21.336150
21.365100
21.387850
21.417850
21.441250
21.467425
21.519800
21.542925
21.569350
21.609475
21.644975
21.709475
21.738975
21.777125
21.802025
21.831475
21.840675
21.854600
21.896150
21.933450
21.951350
21.986575
22.033700
22.052400
22.091925
22.127750
22.161000
22.250375
22.289300
22.314100
22.349475
22.370050
22.446000
22.476150
22.512725
22.543325
22.571000
22.599450
22.633175
22.656475
22.689850
22.733300
22.766375
22.793525
22.820075
22.852325
22.877575
22.905500
22.940125
22.974125
23.007975
23.051575
23.089700
23.115100
23.154950
23.192125
23.219775
23.251225
23.282000
23.315875
23.352075
23.383575
23.414775
23.444625
23.476200
23.505450
23.572000
23.606250
23.632050
23.650175
23.663475
23.690875
23.717975
23.748200
23.787175
23.819925
23.845400
23.914925
23.925125
23.960050
23.996325
24.028200
24.058625
24.091025
24.125425
24.152200
24.177200
24.224400
24.254000
24.292150
24.320125
24.389800
24.420300
24.461350
24.517600
24.549000
24.587700
24.625575
24.648150
24.676775
24.741725
24.762700
24.779125
24.813225
24.839950
24.878575
24.921200
24.952850
24.994625
25.023350
25.048400
25.075450
25.109850
25.139150
25.177525
25.207775
25.227775
25.265300
25.300075
25.325150
25.355400
25.406225
25.431600
25.432675
25.467425
25.488250
25.528750
25.558900
25.585975
25.624175
25.648425
25.665475
25.689650
25.720950
25.830600
25.867150
25.897450
25.925300
25.959975
25.973675
25.997975
26.072750
26.109600
26.135725
26.164950
26.190900
26.215725
26.241100
26.273650
26.296000
26.327975
26.355675
26.386125
26.413975
26.438000
26.469600
26.497375
26.509675
26.530125
26.556775
26.620525
26.642525
26.662300
26.692025
26.734950
26.766250
26.786375
26.824300
26.858875
26.895975
26.952425
27.018875
27.060250
27.081100
27.111275
27.149675
27.184075
27.236200
27.295550
27.323450
27.360150
27.398975
27.425800
27.459875
27.503875
27.520775
27.547000
27.571475
27.612575
27.650100
27.682200
27.706775
27.778475
27.809375
27.834200
27.896200
27.930175
27.957125
27.979825
28.013525
28.040125
28.079450
28.097500
28.128175
28.163225
28.191025
28.242275
28.279650
28.313800
28.337675
28.362000
28.400875
28.456950
28.499450
28.522675
28.560525
28.600700
28.630500
28.661675
28.707725
28.737850
28.793500
28.831750
28.858275
28.885925
28.918875
28.968575
29.001275
29.035525
29.075950
29.113300
29.145675
29.203875
29.220475
29.251500
29.294075
29.308775
29.335050
29.379500
29.405725
29.435300
29.474100
29.524050
29.558150
29.582725
29.612575
29.638250
29.675850
29.699475
29.726875
29.766575
29.789100
29.823025
29.853750
29.878275
29.903450
29.923825
29.949900
29.952875
29.960300
29.974825
30.001175
30.031175
30.052425
30.090150
30.118700
30.140650
30.171175
30.196600
30.215275
30.250475
30.283050
30.322425
30.347025
30.377650
30.410375
30.440750
30.464250
30.487925
30.507900
30.528100
30.555075
30.596600
30.609875
30.627850
30.672475
30.701850
30.740875
30.826050
30.843300
30.869075
30.892300
30.926200
30.953000
30.960200
30.980075
31.003525
31.051625
31.072650
31.140825
31.174900
31.227150
31.261350
31.281275
31.288050
31.310850
31.341975
31.369950
31.393175
31.419200
31.447775
31.467825
31.488850
31.504375
31.536625
31.556525
31.573000
31.606475
31.635775
31.670900
31.699925
31.727275
31.756600
31.786700
31.803675
31.891575
31.907625
31.943250
31.980100
32.005625
32.037825
32.058000
32.089825
32.113325
32.133875
32.158775
32.174050
32.203875
32.234550
32.256375
32.290775
32.325325
32.344550
32.392625
32.421300
32.450125
32.495225
32.556250
32.617425
32.640775
32.661525
32.734550
32.757600
32.809850
32.830800
32.861175
32.873800
32.892125
32.925575
32.951725
32.977950
33.002950
33.026925
33.047100
33.072025
33.096000
33.130250
33.149250
33.185775
33.210125
33.238050
33.280700
33.299300
33.320550
33.359500
33.379975
33.403325
33.437475
33.471650
33.512625
33.543525
33.586125
33.615850
33.642550
33.670500
33.690050
33.712900
33.747700
33.792275
33.819100
33.847150
33.870650
33.899275
33.927850
33.951325
33.982550
34.010250
34.046725
34.093650
34.123900
34.161600
34.220350
34.248475
34.281200
34.306225
34.349700
34.374975
34.400750
34.437700
34.483650
34.511650
34.570550
34.590325
34.620975
34.688225
34.698450
34.712500
34.739800
34.775625
34.816100
34.846075
34.881150
34.947325
34.966450
34.990775
35.028975
35.085900
35.113250
35.148925
35.172550
35.222400
35.235175
35.286425
35.303450
35.321025
35.342450
35.366700
35.393225
35.408575
35.444500
35.471850
35.503475
35.538400
35.567975
35.595925
35.621675
35.646350
35.664750
35.717300
35.756650
35.784750
35.806100
35.833375
35.859175
35.885525
35.929850
35.959750
35.996950
36.008825
36.030200
36.052900
36.084825
36.095700
36.128875
36.159500
36.196750
36.224500
36.250825
36.273125
36.299025
36.326775
36.357925
36.387625
36.409700
36.429000
36.463575
36.489600
36.530475
36.557050
36.584275
36.614275
36.635950
36.662225
36.696600
36.726875
36.760900
36.785500
36.808750
36.832825
36.862650
36.891800
36.926350
36.950225
36.979050
37.019925
37.047550
37.073350
37.102025
37.126850
37.155750
37.177650
37.216600
37.249150
37.281950
37.314600
37.347900
37.386550
37.416950
37.454050
37.473400
37.507700
37.543700
37.562700
37.584225
37.610675
37.650725
37.672175
37.700850
37.726500
37.745225
37.792650
37.850400
37.894050
37.920400
37.955250
37.974600
37.997000
38.030750
38.066600
38.120350
38.139575
38.158675
38.187900
38.221525
38.242750
38.265800
38.294450
38.329675
38.351150
38.395400
38.418100
38.438425
38.466475
38.488575
38.526275
38.567975
38.586275
38.605525
38.629350
38.688375
38.718225
38.742325
38.773050
38.795875
38.825400
38.856700
38.886975
38.909475
38.933400
38.971375
38.996000
39.019000
39.038500
39.063275
39.104225
39.121000
39.146750
39.199975
39.221400
39.304850
39.341350
39.362750
39.384575
39.442500
39.498450
39.539075
39.566375
39.598350
39.620600
39.652725
39.684175
39.740850
39.782425
39.801725
39.829300
39.847825
39.866025
39.894500
39.922975
39.954525
39.983850
40.008225
40.037200
40.070150
40.104025
40.133325
40.161625
40.197275
40.231300
40.266075
40.351275
40.375150
40.398725
40.423500
40.451375
40.474475
40.500850
40.540950
40.565525
40.609650
40.628700
40.644300
40.684300
40.713750
40.741650
40.768450
40.792925
40.813625
40.836400
40.864300
40.895275
40.920975
40.964450
40.997050
41.039975
41.061725
41.093500
41.135525
41.166575
41.194225
41.224550
41.250775
41.285475
41.316400
41.336675
41.373150
41.401650
41.423850
41.527425
41.563675
41.586275
41.605025
41.624175
41.651600
41.658175
41.692575
41.724675
41.755325
41.783475
41.807450
41.841150
41.866375
41.885775
41.912125
41.950250
41.970450
41.990850
42.016700
42.056150
42.091700
42.117425
42.141875
42.196675
42.261275
42.283575
42.315600
42.350275
42.379975
42.436475
42.475350
42.513875
42.525825
42.545000
42.570300
42.596575
42.653775
42.693250
42.723300
42.750825
42.775625
42.805300
42.874125
42.911675
42.946375
42.970525
42.986500
43.035100
43.055825
43.086700
43.117225
43.143800
43.169275
43.204175
43.236900
43.267850
43.303950
43.353750
43.389800
43.425850
43.439725
43.464925
43.498625
43.526750
43.573875
43.620325
43.667675
43.699425
43.720425
43.786000
43.810900
43.848850
43.863900
43.888775
43.910325
43.938500
43.959300
43.986825
44.015500
44.048225
44.085550
44.165175
44.192875
44.214100
44.249625
44.291375
44.314625
44.343125
44.373075
44.406350
44.472325
44.500775
44.518575
44.549500
44.615425
44.640175
44.668750
44.698425
44.719875
44.755475
44.775325
44.805850
44.860750
44.872950
44.892725
44.924775
44.964875
44.998350
45.036175
45.068700
45.077875
45.108250
45.136900
45.163400
45.195750
45.223075
45.253900
45.288100
45.316725
45.345600
45.376800
45.416000
45.445700
45.485150
45.511375
45.535650
45.567500
45.616600
45.636325
45.653475
45.679325
45.715900
45.750200
45.799075
45.893475
45.924450
45.945250
45.983900
46.009500
46.032600
46.058575
46.079925
46.112150
46.161200
46.186950
46.214550
46.249000
46.278200
46.307450
46.338825
46.374225
46.403850
46.439950
46.489725
46.574675
46.599425
46.633175
46.668050
46.699925
46.740725
46.779800
46.815725
46.851450
46.884500
46.911225
46.947800
46.972150
47.005225
47.033600
47.067725
47.098925
47.117525
47.137250
47.168575
47.182500
47.194225
47.232575
47.269875
47.288200
47.350875
47.384125
47.413250
47.452475
47.480700
47.506700
47.536525
47.566150
47.582725
47.613750
47.639525
47.662125
47.682800
47.699075
47.738100
47.759650
47.800300
47.824600
47.871050
47.924400
47.950525
47.987750
48.011425
48.039450
48.069300
48.095900
48.113800
48.140550
48.165250
48.185550
48.243500
48.268425
48.298875
48.334775
48.354900
48.370475
48.390375
48.408100
48.437250
48.496825
48.558225
48.588250
48.617025
48.646550
48.670300
48.690000
48.731100
48.754850
48.783550
48.807975
48.837150
48.854425
48.873675
48.893900
48.924875
48.959525
48.994175
49.015400
49.048275
49.067200
49.098250
49.176100
49.204225
49.227850
49.258675
49.288675
49.327325
49.380500
49.434100
49.443150
49.469575
49.506975
49.550900
49.592725
49.620950
49.663925
49.697800
49.740250
49.769425
49.821450
49.847050
49.866225
49.891200
49.924750
49.956575
49.983625
50.007925
50.032125
50.088175
50.127675
50.154600
50.176900
50.241425
50.265875
50.277500
50.289000
50.312050
50.330075
50.355225
50.386275
50.404325
50.435200
50.471700
50.496075
50.533525
50.553975
50.575575
50.657825
50.683475
50.720400
50.739450
50.757275
50.788025
50.815350
50.879575
50.904000
50.951400
51.012825
51.042025
51.066175
51.086675
51.115250
51.141725
51.164925
51.204650
51.233250
51.264750
51.289275
51.322600
51.357225
51.376300
51.444725
51.466700
51.499225
51.527875
51.559425
51.587625
51.615000
51.644450
51.673450
51.699975
51.744975
51.768350
51.803800
51.831075
51.856525
51.876975
51.920900
51.983825
52.020250
52.044875
52.078175
52.105500
52.142000
52.168800
52.192750
52.224600
52.243175
52.272825
52.310375
52.331950
52.382725
52.409125
52.496675
52.529050
52.548300
52.566400
52.595600
52.628650
52.651275
52.687575
52.705275
52.731125
52.759250
52.794775
52.834600
52.870775
52.897150
52.918200
52.954000
52.976350
53.036475
53.064550
53.070325
53.121075
53.149675
53.178000
53.194450
53.226000
53.316250
53.345850
53.410525
53.441175
53.477175
53.501200
53.536300
53.584950
53.613600
53.635250
53.665175
53.707100
53.729575
53.760425
53.789700
53.844800
53.879075
53.910700
53.936975
53.971450
53.996125
54.015050
54.062300
54.089550
54.123025
54.164400
54.204200
54.228975
54.272050
54.308350
54.357625
54.415500
54.450050
54.474000
54.507675
54.539900
54.571850
54.605925
54.651425
54.673400
54.730050
54.751975
54.778500
54.792575
54.807175
54.845250
54.859150
54.892775
54.932125
54.971875
55.006950
55.029375
55.035200
55.053175
55.088800
55.128300
55.154700
55.205800
55.225125
55.250975
55.294925
55.311700
55.338250
55.378175
55.396900
55.418600
55.459275
55.482175
55.518825
55.545100
55.571825
55.593150
55.626100
55.650575
55.713225
55.735000
55.778200
55.802700
55.824300
55.850250
55.879875
55.919375
55.950125
55.971300
56.007600
56.038725
56.072050
56.112400
56.149725
56.166150
56.195100
56.212575
56.245225
56.264850
56.287650
56.310275
56.380825
56.409500
56.436975
56.502000
56.527200
56.561725
56.591625
56.621800
56.639925
56.722750
56.754525
56.785325
56.810550
56.850250
56.875775
56.914225
56.941700
56.962700
56.984500
57.016500
57.045950
57.073750
57.101275
57.133975
57.169250
57.196425
57.222150
57.263750
57.301675
57.330250
57.359400
57.393675
57.424175
57.454750
57.494600
57.522300
57.554425
57.585575
57.625425
57.664775
57.706150
57.734650
57.768175
57.819500
57.845900
57.877225
57.905425
57.936350
57.960425
57.989100
58.019950
58.042450
58.074650
58.108600
58.145600
58.194925
58.232025
58.283425
58.345125
58.373825
58.393300
58.438525
58.478350
58.517350
58.545600
58.578075
58.617525
58.657325
58.695250
58.723575
58.754850
58.784225
58.864375
58.909750
58.941850
58.974350
59.006900
59.030125
59.063275
59.098175
59.115575
59.178900
59.214025
59.240900
59.274550
59.304925
59.334175
59.368575
59.394200
59.416950
59.469950
59.497300
59.524175
59.550950
59.583650
59.614400
59.639450
59.668075
59.707600
59.736675
59.797125
59.814125
59.835525
59.860200
59.903950
59.932825
59.955800
59.977925
60.007675
60.031550
60.061650
60.095150
60.116625
60.145625
60.165925
60.194900
60.230575
60.257100
60.310650
60.336100
60.362875
60.395925
60.423550
60.444350
60.467700
60.486525
60.507575
60.575125
60.596800
60.610075
60.636175
60.685150
60.711850
60.728125
60.756225
60.776300
60.820375
60.845450
60.878700
60.907150
60.928400
60.953000
60.980875
61.009300
61.071175
61.098175
61.122700
61.152900
61.173050
61.208850
61.236250
61.250975
61.269325
61.294050
61.330225
61.351975
61.380050
61.404275
61.442275
61.466050
61.487900
61.517000
61.542300
61.595425
61.625550
61.650200
61.677825
61.707900
61.738050
61.754700
61.788825
61.856875
61.962200
61.989100
62.025650
62.051575
62.078850
62.110950
62.136525
62.180250
62.200250
62.224500
62.262400
62.298150
62.321625
62.344000
62.398850
62.444175
62.487375
62.511125
62.560750
62.592575
62.613075
62.647750
62.674600
62.702775
62.723825
62.755600
62.776625
62.826700
62.870150
62.894200
62.916875
62.946825
62.990725
63.012050
63.054550
63.085800
63.118525
63.151200
63.191450
63.223575
63.248475
63.267725
63.296275
63.333875
63.354300
63.381900
63.421225
63.462375
63.506250
63.529425
63.566825
63.617300
63.653050
63.683325
63.720600
63.758800
63.780900
63.808675
63.819150
63.842350
63.864375
63.893975
63.922675
63.948150
63.973500
64.003950
64.021075
64.035450
64.071675
64.094900
64.122225
64.149725
64.177875
64.207400
64.238450
64.269075
64.328025
64.353475
64.385875
64.410450
64.435200
64.461650
64.494425
64.516950
64.558200
64.567625
64.589250
64.621800
64.651775
64.671075
64.710150
64.732700
64.748625
64.767275
64.799300
64.860950
64.907025
64.931975
64.961150
65.028125
65.091000
65.124525
65.222175
65.247500
65.298075
65.321975
65.353675
65.372675
65.404825
65.427425
65.462425
65.493900
65.527625
65.590975
65.614700
65.635625
65.673025
65.691100
65.719925
65.748025
65.769575
65.798875
65.817500
65.849600
65.879825
65.909775
65.943075
65.973075
66.012550
66.041675
66.088400
66.124075
66.165875
66.196825
66.216200
66.236075
66.267850
66.288900
66.325875
66.340050
66.377600
66.415250
66.463725
66.485350
66.513025
66.545525
66.573425
66.625950
66.675450
66.713025
66.750150
66.777950
66.803000
66.828900
66.857650
66.896025
66.933950
66.964350
67.005600
67.051800
67.082025
67.112375
67.142050
67.164575
67.179450
67.273725
67.308575
67.371450
67.407500
67.466825
67.490000
67.529950
67.568375
67.607500
67.637550
67.669850
67.707375
67.735075
67.768900
67.790425
67.807150
67.829950
67.859550
67.883725
67.981925
68.010400
68.052600
68.083950
68.108525
68.132775
68.158275
68.194775
68.224000
68.261225
68.299050
68.329925
68.357200
68.395550
68.445475
68.476875
68.501075
68.534950
68.567500
68.591550
68.631625
68.675200
68.696400
68.718625
68.739800
68.774250
68.817650
68.848350
68.878625
68.920950
68.941975
68.963675
69.041425
69.074675
69.116475
69.149225
69.170350
69.194200
69.212225
69.242050
69.270575
69.296775
69.324575
69.344575
69.429775
69.468425
69.488150
69.506425
69.515050
69.536575
69.549700
69.571400
69.608225
69.612000
69.624325
69.645900
69.702750
69.731475
69.756650
69.775175
69.793900
69.813325
69.846625
69.872575
69.901025
69.916800
69.944350
69.960100
69.973125
69.985400
69.999550
70.019200
70.035275
70.055050
70.083200
70.119750
70.154175
70.189900
70.225675
70.259350
70.300425
70.324700
70.346575
70.377200
70.413800
70.445825
70.468025
70.498725
70.531100
70.566500
70.596700
70.624825
70.659700
70.687925
70.702425
70.738225
70.791525
70.819350
70.847500
70.866450
70.881725
70.918275
70.937200
70.964000
70.996275
71.027350
71.044750
71.080975
71.114975
71.150075
71.200600
71.229350
71.247150
71.269625
71.321800
71.343900
71.373425
71.404900
71.422900
71.459050
71.521900
71.549950
71.583850
71.611200
71.637750
71.685450
71.712025
71.738425
71.800475
71.825925
71.858825
71.883000
71.922250
71.971975
72.007600
72.044425
72.077100
72.102250
72.125700
72.151225
72.183975
72.203250
72.263775
72.305925
72.328225
72.361700
72.387450
72.446700
72.473650
72.504550
72.527250
72.567075
72.602600
72.634625
72.660850
72.695375
72.724100
72.771450
72.810775
72.829025
72.868725
72.901375
72.923475
72.955900
72.980875
72.997225
73.022375
73.052200
73.092725
73.109175
73.140550
73.172275
73.251525
73.289175
73.311975
73.343525
73.363950
73.417125
73.440675
73.474075
73.515325
73.536600
73.595625
73.603650
73.633600
73.671625
73.674375
73.703500
73.732775
73.764475
73.812900
73.874800
73.910125
73.933575
73.960875
73.984400
74.007375
74.036550
74.055300
74.092650
74.121375
74.147650
74.200200
74.244625
74.276500
74.315650
74.333700
74.361425
74.383500
74.431875
74.451850
74.483050
74.530300
74.556925
74.581050
74.597875
74.619525
74.636125
74.665600
74.697525
74.724250
74.751100
74.780150
74.808675
74.832925
74.856325
74.886200
74.910725
74.960675
74.993825
75.022100
75.053450
75.089125
75.115525
75.156775
75.180250
75.228900
75.255775
75.289275
75.324100
75.349200
75.375175
75.439825
75.464050
75.505525
75.539925
75.568025
75.596425
75.629750
75.673300
75.698400
75.739325
75.813425
75.853675
75.892300
75.922650
75.957000
75.999125
76.027625
76.060050
76.099050
76.143025
76.187725
76.215375
76.246825
76.282275
76.340275
76.371250
76.409650
76.433225
76.456475
76.539650
76.563700
76.603775
76.636100
76.678250
76.699250
76.736650
76.764850
76.811100
76.849875
76.955750
77.030100
77.056550
77.076225
77.100475
77.128450
77.164850
77.193350
77.223400
77.266375
77.292325
77.324975
77.365475
77.398200
77.424450
77.457900
77.489325
77.529625
77.572725
77.605375
77.625575
77.650600
77.682050
77.708225
77.747500
77.779325
77.819025
77.841225
77.897375
77.917750
77.928825
77.955325
77.982850
78.022700
78.052125
78.127675
78.157075
78.182075
78.203500
78.207175
78.235000
78.255700
78.276075
78.303975
78.323950
78.348825
78.378150
78.407150
78.431125
78.464600
78.490100
78.533900
78.555225
78.582250
78.616375
78.653000
78.678725
78.711175
78.734875
78.747950
78.767275
78.796200
78.827175
78.857825
78.880850
78.935875
78.959725
78.989600
79.020450
79.049525
79.084900
79.102575
79.141000
79.164850
79.184725
79.213275
79.257825
79.280075
79.299675
79.316125
79.342325
79.363550
79.387850
79.406200
79.438650
79.494250
79.538125
79.568375
79.600875
79.628400
79.709725
79.753050
79.773200
79.789800
79.817425
79.850975
79.882375
79.893150
79.952300
79.985150
80.017150
80.053675
80.125000
80.165200
80.188950
80.225525
80.245900
80.276500
80.305275
80.334200
80.371600
80.433425
80.467450
80.491300
80.519100
80.552275
80.579050
80.615875
80.641475
80.668975
80.701850
80.739900
80.760675
80.831400
80.910300
80.938525
80.985500
81.029825
81.057900
81.079350
81.113625
81.146475
81.189625
81.228175
81.255075
81.285025
81.343600
81.367950
81.399925
81.425700
81.459100
81.499425
81.543700
81.576425
81.598850
81.620050
81.657775
81.703650
81.733450
81.795525
81.820050
81.848175
81.877400
81.903025
81.927300
81.977825
82.058525
82.093425
82.127000
82.166750
82.190650
82.221725
82.254925
82.292075
82.316250
82.344375
82.358950
82.394325
82.414500
82.440650
82.476575
82.512300
82.537700
82.571450
82.602875
82.633500
82.670175
82.705800
82.727900
82.758275
82.786900
82.815725
82.834575
82.863450
82.891450
82.913800
82.947500
82.966650
82.982500
83.013350
83.035500
83.072300
83.108350
83.136275
83.165225
83.226525
83.257250
83.276650
83.306150
83.332100
83.398425
83.408250
83.440375
83.461975
83.498325
83.527350
83.564725
83.585025
83.617000
83.650500
83.705100
83.731325
83.755025
83.784100
83.818275
83.836075
83.872150
83.908100
83.935450
83.970650
83.996625
84.049625
84.077925
84.110500
84.168050
84.200150
84.224875
84.263550
84.303400
84.332300
84.363225
84.392575
84.456925
84.480850
84.519525
84.553350
84.579600
84.612775
84.648900
84.681825
84.711525
84.731250
84.794625
84.831725
84.901900
84.939450
84.970500
85.005800
85.043700
85.066225
85.140950
85.177825
85.202200
85.227200
85.236800
85.283700
85.326625
85.361525
85.392575
85.411425
85.448450
85.493175
85.524650
85.561250
85.598850
85.625375
85.650425
85.671875
85.695575
85.763600
85.783200
85.837575
85.888250
85.921000
85.948075
85.955200
85.964175
85.996025
86.028425
86.051325
86.082125
86.111950
86.142900
86.181775
86.220850
86.250200
86.284325
86.326475
86.370850
86.400800
86.436975
86.460475
86.493575
86.536225
86.570775
86.609575
86.631250
86.663800
86.692325
86.728850
86.760475
86.798300
86.835775
86.866725
86.899625
86.922475
86.958000
86.989675
87.018650
87.038375
87.110550
87.125775
87.161050
87.175125
87.214575
87.217600
87.232975
87.310875
87.339050
87.397275
87.458975
87.486625
87.562750
87.593925
87.617050
87.646225
87.691650
87.730350
87.761250
87.767025
87.793650
87.831125
87.870325
87.899275
87.933900
87.968225
87.986425
88.008325
88.047775
88.095775
88.132625
88.167025
88.199825
88.227550
88.255450
88.284625
88.322825
88.376325
88.398225
88.428175
88.472175
88.494750
88.512850
88.537675
88.568525
88.597775
88.617775
88.656475
88.679450
88.709975
88.738200
88.759750
88.783650
88.813650
88.857975
88.877750
88.914025
88.935175
88.951725
88.975000
88.999850
89.016525
89.038125
89.072325
89.099025
89.139200
89.167650
89.199000
89.223750
89.256150
89.287325
89.297350
89.317625
89.341150
89.375050
89.400825
89.428125
89.465150
89.482200
89.526625
89.540425
89.588250
89.622300
89.649775
89.680200
89.718225
89.747550
89.783900
89.823575
89.888450
89.914550
89.946700
89.980900
90.006050
90.025225
90.057550
90.098575
90.115300
90.161775
90.186675
90.208700
90.228575
90.254750
90.357800
90.396675
90.444175
90.482825
90.496550
90.524075
90.548675
90.572775
90.599425
90.626300
90.650925
90.673675
90.692425
90.731250
90.755075
90.790425
90.863600
90.900100
90.949050
90.991775
91.019850
91.042300
91.059500
91.086350
91.124700
91.161175
91.193850
91.234225
91.270300
91.312025
91.339875
91.405675
91.420850
91.431375
91.468225
91.507875
91.548650
91.567450
91.595325
91.610150
91.645625
91.665275
91.688275
91.719100
91.753400
91.788875
91.807000
91.865950
91.895725
91.921225
91.950325
91.970525
91.993550
92.018025
92.025825
92.075625
92.107975
92.139950
92.162375
92.190025
92.220625
92.258275
92.275100
92.302775
92.327425
92.352425
92.379775
92.413050
92.435125
92.454975
92.493450
92.542800
92.565650
92.605075
92.625325
92.642250
92.671375
92.687775
92.703200
92.727325
92.751825
92.773125
92.791025
92.843200
92.873150
92.893625
92.915350
92.988425
93.002100
93.023475
93.075300
93.107150
93.122175
93.149775
93.191625
93.214425
93.268300
93.300900
93.353950
93.383525
93.448700
93.474400
93.492750
93.517800
93.543275
93.573400
93.588575
93.645525
93.667575
93.695800
93.721475
93.741075
93.762950
93.783675
93.817500
93.835275
93.842500
93.864025
93.921125
93.933775
93.956250
93.971650
93.986950
94.009325
94.025875
94.051300
94.070275
94.095800
94.122525
94.148000
94.166950
94.193500
94.218325
94.241850
94.256700
94.273725
94.299950
94.341800
94.362150
94.398025
94.434650
94.457500
94.482975
94.508425
94.534000
94.558675
94.593800
94.629725
94.676725
94.699900
94.735175
94.798325
94.824625
94.859500
94.876800
94.901650
94.906500
94.960275
94.996025
95.036750
95.047325
95.090600
95.150400
95.218100
95.242575
95.275400
95.300350
95.321500
95.365550
95.395800
95.418300
95.445000
95.488700
95.517300
95.548400
95.576625
95.607100
95.646750
95.688100
95.724575
95.807125
95.853575
95.877750
95.905225
95.928075
95.939525
95.963725
95.982325
96.023600
96.048500
96.080250
96.120150
96.167600
96.187075
96.245425
96.294350
96.316300
96.352575
96.389925
96.462475
96.495350
96.521425
96.566950
96.592650
96.637275
96.678000
96.701025
96.727375
96.759400
96.798175
96.829950
96.854950
96.871400
96.887125
96.902750
96.920425
96.940925
96.956875
96.970600
96.991500
97.022825
97.042925
97.056550
97.075025
97.098550
97.149350
97.174875
97.207775
97.244525
97.266250
97.348175
97.378450
97.406925
97.423975
97.456075
97.485250
97.505025
97.550725
97.570725
97.597075
97.625950
97.644950
97.669800
97.697675
97.729525
97.751850
97.785925
97.860525
97.899450
97.937050
97.966575
97.989125
98.024775
98.050625
98.060600
98.075550
98.108675
98.143775
98.178900
98.205325
98.230075
98.257700
98.275425
98.339175
98.359450
98.403650
98.431800
98.462725
98.489950
98.529275
98.563000
98.602150
98.637925
98.672075
98.695300
98.720325
98.765550
98.812075
98.832925
98.855925
98.888350
98.923000
98.947225
98.979775
99.019775
99.056250
99.093125
99.133800
99.165675
99.171900
99.195825
99.226625
99.247200
99.298750
99.338950
99.371975
99.470425
99.500875
99.537900
99.570150
99.607950
99.676750
99.703175
99.744325
99.791350
99.816950
99.846875
99.858425
99.872225
99.891500
99.943800
99.970475
100.003900
100.041375
100.118425
100.156700
100.187700
100.191550
100.244325
100.253475
100.275625
100.315250
100.345975
100.413825
100.486650
100.535650
100.574600
100.586650
100.616075
100.635000
100.656150
100.689925
100.714700
100.737500
100.757225
100.795150
100.816025
100.846150
100.868750
100.886875
100.907050
100.933350
100.954975
100.984500
101.011500
101.034650
101.058125
101.088425
101.117475
101.184025
101.243025
101.256725
101.286725
101.317525
101.338600
101.367825
101.393800
101.421625
101.454050
101.479350
101.518100
101.548150
101.563650
101.590350
101.623400
101.646175
101.664550
101.690000
101.756325
101.788650
101.821650
101.849975
101.880725
101.921875
101.951450
101.980225
102.012775
102.055975
102.083200
102.112400
102.139025
102.164200
102.195750
102.209900
102.246025
102.300850
102.332875
102.377175
102.404675
102.437775
102.463550
102.490350
102.531025
102.560725
102.595750
102.623050
102.718700
102.744925
102.795075
102.824675
102.847300
102.881125
102.929025
102.957800
102.987500
103.043975
103.079750
103.114400
103.161625
103.183725
103.228250
103.251325
103.284925
103.320450
103.347300
103.374850
103.412650
103.450850
103.474650
103.502725
103.548400
103.585325
103.618425
103.712350
103.748475
103.783500
103.838375
103.874125
103.903500
103.934700
103.968250
103.995925
104.044900
104.080075
104.127200
104.144925
104.166900
104.235550
104.270550
104.314375
104.344825
104.369650
104.405200
104.437950
104.487125
104.515700
104.556700
104.596825
104.668500
104.690050
104.691850
104.741075
104.772175
104.814650
104.840075
104.905975
104.939775
104.977325
105.016325
105.069850
105.107925
105.163375
105.185150
105.211450
105.231700
105.264700
105.319600
105.346500
105.384025
105.412475
105.436025
105.468325
105.515675
105.543900
105.574325
105.605575
105.632000
105.649200
105.680350
105.706300
105.739225
105.771125
105.782825
105.819725
105.888175
105.941725
105.978375
105.999325
106.024375
106.053850
106.089825
106.116625
106.169600
106.192450
106.214225
106.244700
106.255825
106.290800
106.320150
106.388025
106.417950
106.449575
106.474425
106.500825
106.534600
106.551075
106.554275
106.592700
106.613975
106.642675
106.668850
106.697700
106.725125
106.754500
106.788475
106.827475
106.852750
106.872075
106.876525
106.906100
106.946600
106.979200
107.010925
107.032025
107.060625
107.111375
107.154775
107.182925
107.206925
107.263050
107.284500
107.342425
107.371850
107.407000
107.431450
107.467275
107.499775
107.561075
107.600100
107.618000
107.655775
107.705800
107.748125
107.754275
107.792800
107.824475
107.855275
107.884375
107.911600
107.978500
108.013150
108.038925
108.062175
108.084900
108.109600
108.121750
108.157275
108.191900
108.214175
108.245775
108.275725
108.305825
108.330350
108.388750
108.419350
108.445250
108.451825
108.482850
108.507450
108.533550
108.554475
108.578275
108.602900
108.638075
108.671250
108.702475
108.765950
108.802275
108.839000
108.875225
108.907050
108.934125
108.960625
108.985400
109.013600
109.052925
109.089200
109.119750
109.147750
109.169425
109.201275
109.248400
109.276825
109.312175
109.344125
109.375000
109.404600
109.429675
109.458650
109.497875
109.529300
109.572575
109.593575
109.635675
109.667825
109.696725
109.730350
109.755500
109.790700
109.818250
109.846725
109.917625
109.959800
109.993200
110.001050
110.023075
110.047075
110.073225
110.172350
110.213725
110.233600
110.271475
110.296750
110.328550
110.401825
110.433025
110.466700
110.484575
110.495750
110.525400
110.560100
110.592150
110.614650
110.661825
110.683550
110.732200
110.748450
110.800300
110.831025
110.902750
110.930775
110.955325
110.988400
111.084800
111.118900
111.146875
111.160875
111.183325
111.209025
111.299125
111.323300
111.347800
111.405650
111.430125
111.450900
111.480400
111.502100
111.524825
111.564775
111.590775
111.620275
111.638775
111.669225
111.693750
111.718975
111.735175
111.757575
111.782650
111.814325
111.845075
111.875175
111.877950
111.915950
111.954200
111.984200
112.014150
112.055500
112.100525
112.120525
112.156850
112.176325
112.202250
112.216800
112.241975
112.285675
112.315950
112.344675
112.382100
112.411125
112.429375
112.511025
112.535500
112.559775
112.603150
112.629050
112.662400
112.735600
112.770500
112.809875
112.844650
112.878750
112.881875
112.935350
112.957950
112.991075
113.017900
113.092625
113.126700
113.161825
113.198125
113.228250
113.271050
113.298675
113.325425
113.355100
113.392575
113.415250
113.441600
113.473375
113.506500
113.525200
113.553750
113.583950
113.618800
113.645625
113.690525
113.715625
113.751050
113.753525
113.768975
113.788125
113.814825
113.842825
113.856225
113.873800
113.910500
113.938825
113.971325
114.053175
114.080600
114.117600
114.158000
114.184375
114.239925
114.267800
114.326550
114.356550
114.382725
114.413575
114.491250
114.514375
114.547400
114.570925
114.592700
114.639325
114.697125
114.724600
114.753025
114.772400
114.801800
114.834275
114.864025
114.897800
114.927650
114.950650
114.980525
115.019575
115.049550
115.077075
115.100400
115.117425
115.137050
115.197775
115.234300
115.257525
115.311225
115.336200
115.367425
115.391475
115.429850
115.469325
115.499125
115.522475
115.544675
115.563275
115.599550
115.622625
115.640775
115.670650
115.690325
115.706525
115.731000
115.747850
115.764475
115.793375
115.845050
115.872150
115.902925
115.932900
115.978475
116.000250
116.034250
116.057150
116.088800
116.113300
116.133150
116.153550
116.183850
116.209325
116.271150
116.301000
116.331850
116.366175
116.390925
116.422700
116.459850
116.484025
116.527175
116.547250
116.567175
116.588900
116.624525
116.655825
116.682125
116.707375
116.743275
116.766425
116.798675
116.829175
116.869175
116.875700
116.927525
116.957700
116.991450
117.020900
117.136025
117.160575
117.189675
117.257400
117.298975
117.337275
117.395350
117.439900
117.474925
117.513475
117.548050
117.586925
117.607900
117.641275
117.674800
117.699725
117.738450
117.768400
117.790575
117.815400
117.849150
117.878100
117.901525
117.938875
117.967025
118.011975
118.057250
118.079025
118.113875
118.133700
118.161050
118.189200
118.219175
118.286050
118.313825
118.345725
118.364225
118.387800
118.409025
118.429825
118.464775
118.493150
118.512350
118.576500
118.607975
118.631275
118.658300
118.669025
118.693375
118.725600
118.756700
118.784175
118.874900
118.899125
118.927225
118.955125
118.985375
119.002175
119.028900
119.049775
119.099550
119.116475
119.135850
119.174700
119.223850
119.256625
119.279800
119.309500
119.337850
119.370600
119.402625
119.432050
119.462575
119.491475
119.528875
119.556375
119.578400
119.610650
119.636475
119.676450
119.699625
119.701275
119.751525
119.782350
119.801375
119.820100
119.845350
119.870775
119.893175
119.913075
119.944950
119.977900
120.005650
120.062150
120.127550
120.154000
120.190125
120.220000
120.253625
120.273550
120.303150
120.344100
120.374225
120.402225
120.432325
120.490275
120.521025
120.551600
120.567000
120.589775
120.617150
120.647750
120.680350
120.716950
120.759600
120.792275
120.835100
120.892700
120.922325
120.949475
121.004375
121.029325
121.062900
121.093700
121.124175
121.151525
121.188850
121.226600
121.257350
121.284875
121.317925
121.353550
121.370200
121.420800
121.456200
121.492725
121.522550
121.550675
121.575900
121.611325
121.641100
121.662575
121.700900
121.724250
121.752775
121.778675
121.819250
121.834525
121.847325
121.873275
121.924850
121.950850
121.980975
122.015200
122.040550
122.067525
122.095425
122.114200
122.178650
122.282650
122.314350
122.341525
122.366225
122.401700
122.426850
122.455100
122.496550
122.517650
122.535925
122.570500
122.588150
122.614750
122.635750
122.661450
122.693550
122.733450
122.790600
122.815425
122.850675
122.882775
122.918575
122.948550
122.977825
122.997000
123.010575
123.032700
123.046425
123.064200
123.084550
123.115850
123.138950
123.172425
123.183675
123.200425
123.233075
123.259600
123.285225
123.318500
123.334000
123.362675
123.392300
123.419300
123.455575
123.482775
123.522450
123.556250
123.581400
123.610450
123.634850
123.656125
123.688900
123.702525
123.735175
123.751600
123.754825
123.772175
123.796525
123.810600
123.836325
123.858125
123.881825
123.908725
123.936225
123.966825
124.012675
124.038575
124.077575
124.113500
124.152400
124.182100
124.237325
124.260925
124.297850
124.323900
124.379725
124.399400
124.433575
124.465000
124.483325
124.517475
124.543275
124.572925
124.594125
124.629000
124.651900
124.733800
124.804500
124.836225
124.865025
124.909425
124.927650
124.955475
124.987450
125.013575
125.037025
125.128225
125.151600
125.196900
125.221625
125.300950
125.340650
125.374300
125.413200
125.481175
125.503350
125.540375
125.580075
125.630750
125.677225
125.692950
125.719225
125.754075
125.787750
125.857650
125.914675
125.933475
125.960775
126.000200
126.028100
126.048750
126.056025
126.101725
126.124900
126.159250
126.179450
126.202975
126.230825
126.287600
126.329025
126.343675
126.369825
126.431350
126.490275
126.505900
126.547975
126.575150
126.599000
126.632250
126.656125
126.705325
126.727200
126.747400
126.787400
126.830900
126.855775
126.885450
126.924425
126.960500
126.979550
127.006725
127.026925
127.045325
127.062675
127.078975
127.097725
127.147625
127.170700
127.200325
127.226525
127.251925
127.284750
127.314500
127.342100
127.369800
127.389000
127.414100
127.428550
127.451425
127.485675
127.519850
127.532900
127.558800
127.578350
127.598250
127.630475
127.655300
127.678175
127.711975
127.741850
127.793875
127.819825
127.866900
127.901875
127.902950
127.920200
127.954925
127.972875
128.003050
128.017050
128.043275
128.067150
128.088675
128.119075
128.145950
128.164400
128.182475
128.189825
128.209950
128.232525
128.308850
128.335575
128.373675
128.428025
128.448900
128.466475
128.495200
128.518425
128.539225
128.616475
128.646350
128.664450
128.677175
128.700600
128.718375
128.770200
128.791325
128.823875
128.849125
128.872650
128.894550
128.914750
128.940025
128.955675
128.984275
129.009375
129.044100
129.071050
129.095075
129.116725
129.141675
129.166475
129.195700
129.226225
129.246575
129.267775
129.329750
129.371175
129.402000
129.427125
129.492350
129.527375
129.590050
129.608000
129.631550
129.651425
129.680475
129.716450
129.739225
129.770325
129.804975
129.827800
129.871250
129.900950
129.929550
129.936825
129.955575
129.974825
129.982850
130.006125
130.032675
130.061750
130.085075
130.145500
130.163500
130.189325
130.212025
130.250750
130.287175
130.315225
130.340750
130.366625
130.414950
130.486025
130.499900
130.522950
130.583475
130.608825
130.640775
130.661575
130.687125
130.715725
130.742600
130.766700
130.803275
130.860450
130.877750
130.902000
130.938800
130.963300
130.995300
131.012100
131.048275
131.079950
131.111675
131.133475
131.155900
131.228625
131.255200
131.284150
131.305075
131.375625
131.416825
131.446875
131.480275
131.518775
131.540625
131.619875
131.628525
131.644325
131.675975
131.704225
131.764575
131.789450
131.813775
131.846025
131.873325
131.910050
131.940050
131.964650
132.002100
132.029050
132.042175
132.053575
132.066800
132.074900
132.119950
132.143200
132.169450
132.171150
132.198800
132.227775
132.259825
132.289275
132.313425
132.345850
132.364550
132.389225
132.412275
132.442500
132.459600
132.485375
132.518425
132.538600
132.559925
132.576200
132.590525
132.624050
132.654925
132.685275
132.719100
132.778125
132.801100
132.831625
132.862450
132.907450
132.956000
132.980525
132.995500
133.015500
133.045825
133.079175
133.105000
133.131475
133.162125
133.202100
133.237450
133.270100
133.310725
133.339675
133.354625
133.373300
133.405000
133.440075
133.479050
133.504150
133.528525
133.554175
133.595575
133.620700
133.638625
133.662275
133.694800
133.775050
133.817175
133.851025
133.882350
133.918475
133.945575
134.001425
134.030575
134.063175
134.088700
134.118100
134.156300
134.183700
134.230150
134.246850
134.271800
134.300650
134.317150
134.356125
134.385150
134.412950
134.451125
134.476950
134.487400
134.509350
134.591950
134.636700
134.700400
134.726075
134.753750
134.775725
134.838875
134.864000
134.892650
134.928825
134.954625
135.006575
135.040500
135.075100
135.104350
135.121925
135.145550
135.188325
135.205700
135.237775
135.311800
135.335400
135.359150
135.380625
135.412300
135.432700
135.458200
135.480650
135.511975
135.531450
135.557450
135.580025
135.605550
135.629375
135.662875
135.700550
135.729350
135.765950
135.796650
135.824000
135.853475
135.882925
135.934475
135.954075
135.981925
135.996000
136.024300
136.055075
136.086700
136.089450
136.112200
136.135725
136.164100
136.197100
136.223275
136.249600
136.279750
136.308975
136.355800
136.384200
136.402350
136.435975
136.442775
136.473500
136.502450
136.519875
136.535400
136.556300
136.580050
136.607175
136.628025
136.669350
136.698625
136.722750
136.743075
136.766200
136.813425
136.842700
136.871175
136.890925
136.922500
136.934975
136.972875
136.995225
137.033275
137.063650
137.098150
137.127400
137.165200
137.200050
137.229575
137.254150
137.258550
137.294925
137.317075
137.339900
137.372400
137.396175
137.401875
137.428025
137.514975
137.530600
137.556725
137.569275
137.601600
137.624700
137.664325
137.689900
137.719700
137.758425
137.782550
137.811125
137.864100
137.890200
137.946450
137.972750
137.994200
138.021600
138.047150
138.076850
138.095675
138.114825
138.137725
138.163525
138.190175
138.217100
138.246775
138.280350
138.310500
138.336800
138.371575
138.395350
138.420050
138.449675
138.495900
138.524800
138.539100
138.566525
138.581850
138.602600
138.636700
138.692750
138.724325
138.748500
138.772050
138.803550
138.845100
138.860075
138.876800
138.896675
138.909650
138.930875
138.951225
138.994725
139.010475
139.030075
139.052500
139.085350
139.106175
139.125150
139.148575
139.174350
139.198950
139.272425
139.297700
139.315325
139.334325
139.371700
139.405700
139.473875
139.518375
139.538975
139.601300
139.625700
139.655275
139.682800
139.714500
139.749950
139.788175
139.809825
139.836350
139.863350
139.894850
139.927325
139.959650
139.985600
139.995850
140.013375
140.030350
140.044075
140.098050
140.125100
140.154600
140.177200
140.208500
140.241500
140.269675
140.295100
140.318850
140.346425
140.403575
140.414025
140.437125
140.460225
140.480225
140.539075
140.576375
140.607125
140.635325
140.696550
140.712975
140.745875
140.776700
140.809175
140.840750
140.866475
140.900500
140.924625
140.955275
140.977525
141.002525
141.021700
141.054025
141.084450
141.119800
141.158625
141.181675
141.234500
141.262125
141.288900
141.316975
141.340275
141.370475
141.403550
141.436600
141.442875
141.457325
141.480250
141.519225
141.547725
141.552675
141.573400
141.638800
141.660600
141.699600
141.742050
141.774450
141.828575
141.855025
141.877925
141.892200
141.928625
141.962150
142.020400
142.048400
142.071875
142.098100
142.129400
142.165800
142.187525
142.209975
142.243250
142.278400
142.334200
142.339325
142.367000
142.397175
142.416100
142.440325
142.467950
142.496700
142.531550
142.580400
142.605600
142.628650
142.653075
142.681275
142.705000
142.740050
142.807825
142.827425
142.856450
142.894250
142.923400
142.956750
142.981825
142.984250
143.025350
143.059950
143.087175
143.119900
143.158650
143.196300
143.225800
143.254700
143.295200
143.319075
143.364150
143.423800
143.459050
143.498950
143.537975
143.564350
143.591925
143.624625
143.654975
143.687900
143.714550
143.747825
143.761750
143.823875
143.849450
143.888500
143.915125
143.936075
143.967200
143.999475
144.034125
144.093850
144.119850
144.154600
144.233875
144.267525
144.325400
144.357100
144.388300
144.397350
144.434150
144.462275
144.495625
144.521275
144.557200
144.583350
144.613200
144.641750
144.664675
144.694525
144.720600
144.766875
144.790800
144.825225
144.851600
144.869725
144.928600
144.950950
145.013000
145.044125
145.075375
145.110475
145.130800
145.206450
145.228325
145.279950
145.299500
145.326425
145.352000
145.384125
145.407325
145.425625
145.458050
145.483925
145.504525
145.533400
145.554825
145.585200
145.614525
145.644125
145.667650
145.694050
145.707825
145.737150
145.764750
145.817100
145.854725
145.886850
145.912975
145.950050
145.983800
146.003050
146.052025
146.076100
146.110175
146.134675
146.161250
146.190375
146.210650
146.244375
146.284375
146.308600
146.321900
146.337800
146.356175
146.375500
146.393600
146.426800
146.437200
146.469700
146.489300
146.515825
146.537275
146.594800
146.620475
146.654200
146.686300
146.712375
146.734400
146.741850
146.762475
146.783200
146.812400
146.846000
146.871300
146.895275
146.927225
146.953500
146.970850
147.003075
147.027050
147.057675
147.112350
147.145400
147.173050
147.214850
147.239750
147.271275
147.301875
147.320325
147.353525
147.369450
147.400025
147.419450
147.455975
147.475725
147.509100
147.540250
147.581225
147.620050
147.650125
147.681725
147.704700
147.754750
147.779475
147.815200
147.842225
147.877075
147.908025
147.939375
147.982025
148.007550
148.061825
148.089050
148.107900
148.174800
148.202600
148.239425
148.266475
148.300600
148.334625
148.406250
148.429800
148.449775
148.490050
148.513775
148.537950
148.586425
148.618950
148.646225
148.684825
148.719575
148.781225
148.811875
148.839400
148.866950
148.888025
148.993850
149.022675
149.049125
149.079775
149.104625
149.131650
149.157725
149.211850
149.238175
149.270825
149.290275
149.314500
149.334425
149.353500
149.374450
149.409400
149.441675
149.476600
149.508425
149.539200
149.572400
149.601350
149.624750
149.653675
149.683250
149.718075
149.753975
149.813125
149.912550
149.950900
149.979500
150.016425
150.041950
150.065225
150.093400
150.133775
150.158475
150.182500
150.207150
150.260875
150.295125
150.321350
150.342325
150.384575
150.442500
150.473975
150.520775
150.550525
150.578250
150.608250
150.625375
150.670175
150.697225
150.708725
150.728575
150.761975
150.784900
150.817025
150.847125
150.870150
150.897075
150.918950
150.946000
150.970825
150.998250
151.031650
151.050000
151.071675
151.096650
151.125100
151.158500
151.189275
151.221800
151.255050
151.273075
151.284275
151.300900
151.318575
151.333250
151.340950
151.365350
151.389975
151.424300
151.475600
151.492150
151.519350
151.544850
151.564275
151.592775
151.617100
151.647425
151.679825
151.714500
151.734125
151.758175
151.791900
151.822300
151.863175
151.889325
151.913800
151.938600
151.968600
151.989100
152.017575
152.052325
152.061225
152.085575
152.110450
152.123450
152.125850
152.140975
152.158625
152.168525
152.176275
152.198475
152.222175
152.239975
152.269225
152.303225
152.326400
152.354125
152.391400
152.419975
152.504975
152.523025
152.544100
152.584725
152.606300
152.630100
152.658400
152.682725
152.736725
152.771850
152.811750
152.843525
152.883750
152.900750
152.932975
152.974850
152.994700
153.063950
153.125975
153.152300
153.170550
153.214800
153.253525
153.283375
153.309400
153.328900
153.351325
153.379050
153.413900
153.448050
153.482850
153.508875
153.536175
153.561875
153.589125
153.632100
153.661375
153.693600
153.718425
153.743900
153.781375
153.813725
153.855000
153.873775
153.908025
153.935500
153.955400
153.986650
154.018375
154.071225
154.104500
154.142225
154.166350
154.194900
154.223350
154.248050
154.271700
154.312025
154.350725
154.382975
154.407300
154.418825
154.450025
154.469725
154.506025
154.546925
154.576775
154.610025
154.638675
154.669675
154.731625
154.737675
154.766175
154.794025
154.845875
154.850600
154.868800
154.894775
154.920925
154.925700
154.940050
154.949500
154.959475
154.967125
154.978475
155.000200
155.027900
155.063300
155.092600
155.114325
155.172300
155.197825
155.229775
155.260975
155.285500
155.320600
155.348775
155.379175
155.399300
155.426150
155.454425
155.480125
155.488075
155.513400
155.535475
155.555150
155.585750
155.608500
155.656025
155.687325
155.722000
155.749850
155.776900
155.815900
155.831250
155.868300
155.892650
155.927175
155.950975
155.968800
156.003900
156.035125
156.067675
156.086975
156.110600
156.121775
156.127025
156.149725
156.171750
156.188100
156.224275
156.262350
156.297600
156.331425
156.373450
156.403700
156.433425
156.461150
156.486925
156.508825
156.531750
156.564150
156.609550
156.628175
156.654875
156.666125
156.677100
156.704175
156.718600
156.764550
156.812425
156.834000
156.867775
156.896850
156.925500
156.951100
156.989600
157.013650
157.054775
157.087650
157.102850
157.127950
157.165700
157.247300
157.274350
157.335600
157.351900
157.386175
157.415800
157.440275
157.455875
157.479600
157.493075
157.513125
157.530825
157.552300
157.575450
157.602550
157.626000
157.657200
157.683050
157.716400
157.753275
157.776825
157.815350
157.841325
157.871650
157.878725
157.892200
157.918300
157.947950
157.998600
158.024175
158.076850
158.103850
158.149775
158.176650
158.195925
158.216775
158.267050
158.296900
158.345975
158.376450
158.402500
158.441225
158.474875
158.515050
158.552525
158.579900
158.613000
158.632450
158.664400
158.688250
158.711225
158.739775
158.766425
158.797175
158.821150
158.857700
158.897550
158.921100
158.967675
158.997475
159.035400
159.071900
159.082375
159.113000
159.145725
159.174350
159.206125
159.250475
159.290950
159.309250
159.333525
159.365175
159.394375
159.426700
159.484950
159.515100
159.594100
159.615825
159.640400
159.672575
159.717400
159.749250
159.782575
159.808650
159.843075
159.904575
159.961875
159.985025
160.044225
160.072225
160.110800
160.131575
160.151250
160.164150
160.173175
160.218575
160.242275
160.270200
160.289825
160.323875
160.361075
160.386850
160.408075
160.427675
160.453200
160.476275
160.497675
160.526775
160.551800
160.580550
160.592700
160.610475
160.617625
