0.007250
0.030175
0.043100
0.048725
0.055250
0.071725
0.077150
0.084450
0.092400
0.113500
0.122100
0.129775
0.153550
0.163200
0.184175
0.240225
0.246125
0.267075
0.280575
0.295700
0.314525
0.334025
0.342700
0.351100
0.368050
0.375950
0.391600
0.404675
0.408975
0.426250
0.440950
0.446175
0.466625
0.471225
0.479250
0.503325
0.515975
0.530650
0.553600
0.585000
0.595450
0.609225
0.635775
0.648200
0.673325
0.739675
0.799200
0.808675
0.820675
0.890950
0.916825
0.951800
1.003350
1.026275
1.039525
1.067650
1.081100
1.088525
1.099225
1.112400
1.119075
1.123825
1.159250
1.173875
1.184750
1.190200
1.205800
1.228500
1.240250
1.252550
1.259825
1.367425
1.383125
1.393475
1.407525
1.428700
1.438575
1.446825
1.452575
1.456450
1.471950
1.499575
1.518900
1.527850
1.531425
1.542775
1.592900
1.609275
1.623250
1.638925
1.655050
1.702825
1.725875
1.759425
1.770350
1.785350
1.790050
1.865450
1.896800
1.917350
1.949900
1.955775
1.974325
2.029075
2.042050
2.057325
2.102150
2.118625
2.129850
2.186975
2.202325
2.206700
2.254250
2.258925
2.272400
2.280375
2.305950
2.311225
2.315425
2.339475
2.520500
2.554100
2.655900
2.694800
2.721475
2.725950
2.826025
2.852500
2.925250
3.219625
3.329025
3.363350
3.393350
3.484125
3.519075
3.539725
3.611675
3.643250
3.757150
3.761675
3.779100
3.817125
3.987750
3.999200
4.332375
4.350825
4.360175
4.367200
4.524550
4.588825
4.615925
4.761425
4.783725
4.791100
4.795525
4.800550
4.804475
4.818900
4.957500
5.001025
5.344475
5.359325
5.383075
5.541175
5.589450
5.676700
6.135450
6.387600
6.435550
6.671775
6.680825
6.691400
6.699025
6.705700
6.806375
6.868500
6.922200
7.065525
7.083325
7.088275
7.092250
7.200900
7.409075
7.445725
7.487525
7.727025
7.783525
7.793300
7.807000
7.815225
7.852600
8.083450
8.111575
8.136400
8.145250
8.152050
8.176925
8.184600
8.193825
8.204875
8.251150
8.525225
8.563325
8.571800
8.607075
8.649100
8.673925
8.693750
8.752125
8.853575
9.185150
9.481875
9.870175
9.897750
10.003050
10.044250
10.076300
10.089400
10.143450
10.161400
10.176900
10.220250
10.486550
10.511725
10.529775
10.534475
10.540125
10.550050
10.556575
10.576100
10.584575
10.614125
10.740050
10.798575
10.830875
10.849225
10.866875
10.893475
11.461225
11.635200
11.640750
11.651750
11.660725
11.672175
11.703825
11.717375
11.735100
11.754925
11.786200
11.805250
11.822300
11.846800
11.873600
11.882875
12.239350
12.302525
12.319675
12.365500
12.378575
12.408225
12.416275
12.431375
12.458800
12.827875
12.873875
12.890000
12.909725
12.921075
12.931675
12.940000
12.955075
12.969950
12.983950
12.993950
13.003850
13.019300
13.040925
13.228850
13.243450
13.268875
13.289000
13.304975
13.318775
13.390350
13.534125
13.562125
13.575125
13.588700
13.615300
13.628175
13.648925
13.680000
13.722150
13.746475
13.761900
13.824175
13.915150
13.946400
13.986800
14.030125
14.087125
14.317000
14.580925
14.599075
14.627000
14.667725
14.847700
15.013375
15.037250
15.061425
15.154125
15.170525
15.182900
15.190950
15.202425
15.236475
15.449375
15.452125
15.454725
15.457275
15.460975
15.466575
15.491350
15.509050
15.514475
15.531950
15.538925
15.550650
15.558400
15.562675
15.574150
15.587725
15.596200
15.605750
15.618025
15.631575
15.649775
15.660400
15.678800
15.684125
15.717425
15.730925
15.748325
15.758175
15.774050
15.784200
15.793500
15.813200
15.839100
15.859350
15.880875
15.909275
15.934350
15.973525
15.999300
16.091975
16.109175
16.139150
16.146200
16.153000
16.159175
16.179125
16.184375
16.202025
16.219025
16.239525
16.273150
16.289550
16.306600
16.316875
16.344125
16.402225
16.408425
16.419250
16.430400
16.437775
16.447575
16.456250
16.471650
16.479950
16.577950
16.650525
16.681050
16.705250
16.731975
16.775775
16.785125
16.790950
16.796125
16.804725
16.809475
16.813350
16.817075
16.821400
16.826250
16.830825
16.840375
16.855325
16.860500
16.868825
16.875275
16.902000
16.907275
16.913025
16.939050
16.948000
16.953925
16.961100
16.971550
16.976150
16.992125
16.998150
17.012750
17.020075
17.027525
17.034000
17.055350
17.063050
17.070600
17.089250
17.100150
17.108650
17.126125
17.137200
17.193850
17.351450
17.625975
17.634575
17.664350
17.674625
17.685875
17.712925
17.887775
17.973375
17.992825
18.045150
18.054225
18.061600
18.072375
18.090500
18.124150
18.187550
18.285950
18.305175
18.315625
18.319200
18.323000
18.327925
18.338450
18.348275
18.368675
18.393225
18.447825
18.468200
18.477050
18.508850
18.524950
18.535050
18.594650
18.617575
18.623800
18.629500
18.655450
18.697325
18.725075
18.746825
18.758175
18.775375
18.808325
18.819150
18.846875
18.859700
18.871550
18.892375
18.988400
19.012325
19.017950
19.022425
19.029475
19.059050
19.148025
19.174375
19.187825
19.207300
19.225325
19.252950
19.272925
19.341975
19.372725
19.379125
19.385150
19.401950
19.408625
19.417450
19.434475
19.480950
19.494175
19.515250
19.608100
19.621125
19.652650
19.661225
19.684500
19.704925
19.722925
19.736825
19.782375
19.793375
19.802500
19.880875
20.053675
20.067200
20.126325
20.148850
20.172750
20.192075
20.223025
20.378675
20.398850
20.401325
20.407350
20.412850
20.415675
20.419100
20.428500
20.434625
20.461825
20.469100
20.501875
20.522250
20.535850
20.554200
20.561075
20.565125
20.568575
20.571950
20.575725
20.587250
20.613375
20.622150
20.634225
20.668375
20.681475
20.698325
20.708450
20.750175
20.780825
20.817675
21.009775
21.031575
21.052675
21.068675
21.073625
21.102950
21.122100
21.131850
21.141775
21.166550
21.184500
21.282775
21.471425
21.475975
21.485425
21.488975
21.492275
21.503425
21.507275
21.520800
21.530600
21.542650
21.582050
21.591150
21.609075
21.620625
21.639550
21.650725
21.661225
21.707000
21.861600
21.870275
21.875450
21.878850
21.887450
21.892375
21.896450
21.900925
21.908500
21.961700
21.967400
21.974975
21.982700
22.008250
22.019025
22.031100
22.043025
22.060150
22.235350
22.249175
22.276550
22.285875
22.315825
22.348400
22.354525
22.407825
22.417600
22.429075
22.442375
22.457100
22.656875
22.664175
22.676100
22.687300
22.693800
22.709100
22.718725
22.724775
22.731225
22.736925
22.749375
22.758050
22.779525
22.803175
22.817950
22.827375
22.844775
22.911125
22.975300
23.040025
23.054925
23.065700
23.071225
23.075000
23.079450
23.083350
23.088375
23.119400
23.126025
23.129725
23.142950
23.147700
23.159275
23.197600
23.207550
23.215850
23.261175
23.270000
23.277425
23.306850
23.321625
23.345075
23.376850
23.534425
23.555900
23.569850
23.572850
23.575850
23.599900
23.611700
23.617775
23.639400
23.654100
23.672350
23.708725
23.730525
23.913600
23.921175
23.944325
23.953650
23.959175
23.966000
23.997225
24.007600
24.017075
24.024700
24.040250
24.072725
24.094800
24.120950
24.196675
24.265675
24.319100
24.323025
24.338000
24.359525
24.369250
24.379200
24.387275
24.397400
24.423475
24.443625
24.468050
24.484400
24.552125
24.689450
24.701325
24.722800
24.756425
24.777700
24.865725
24.985600
25.051925
25.058000
25.067950
25.072725
25.087350
25.090800
25.103675
25.108400
25.117800
25.122175
25.130375
25.150925
25.164700
25.171650
25.295450
25.561775
25.571150
25.733100
25.864000
25.870575
25.876975
25.883550
25.889575
25.893700
25.898100
25.906850
25.926950
25.931800
25.937500
25.955575
25.979125
25.986275
25.995775
26.007500
26.028175
26.056600
26.091425
26.140200
26.365600
26.372050
26.376550
26.387625
26.390075
26.397525
26.403400
26.407650
26.411200
26.420150
26.431325
26.435525
26.448675
26.455500
26.461350
26.467100
26.491850
26.498175
26.520925
26.534350
26.543050
26.587425
26.695825
26.782825
26.788675
26.797775
26.806275
26.811975
26.815425
26.824150
26.840600
26.845875
26.850575
26.861225
26.877000
26.882650
26.892800
26.898725
26.918975
26.932575
26.937000
26.941800
26.946825
26.956900
26.966550
26.973475
26.979150
26.985750
26.997325
27.023625
27.038800
27.049950
27.070150
27.091050
27.323250
27.360800
27.369150
27.372625
27.379225
27.385850
27.389950
27.393925
27.397575
27.406700
27.437450
27.452425
27.626075
27.733800
27.740575
27.743825
27.759225
27.762350
27.768925
27.774375
27.779825
27.782650
27.786100
27.789500
27.793200
27.796825
27.808375
27.814100
27.819775
27.832800
27.839700
27.844700
27.856775
27.863650
27.876900
27.884100
27.891725
27.909750
27.915525
27.920025
27.931925
27.937450
27.947275
27.953625
27.960725
27.968175
27.978325
27.990425
28.192650
28.208825
28.244025
28.247500
28.251750
28.258575
28.264000
28.268125
28.273275
28.283400
28.292600
28.305200
28.312000
28.322675
28.329775
28.338925
28.375450
28.580400
28.737800
28.750550
28.775675
28.788600
28.823875
28.898125
29.109100
29.119600
29.126150
29.129275
29.135000
29.146875
29.150050
29.157275
29.173925
29.180750
29.191925
29.218175
29.226725
29.236675
29.254375
29.267375
29.291725
29.310725
29.325500
29.348850
29.418125
29.457225
29.474800
29.491175
29.498875
29.517925
29.527500
29.539825
29.588150
29.603625
29.845700
29.919475
30.047850
30.257600
30.395075
30.558675
30.623950
30.638350
30.677350
30.976200
31.063100
31.077900
31.100625
31.139875
31.217200
31.292425
31.627150
31.636825
31.642025
31.649375
31.656225
31.674925
31.681800
31.691350
31.700725
31.709575
31.716500
31.721800
31.728350
31.750200
31.755950
31.764875
31.771000
31.776600
31.782750
31.790125
31.800550
31.812825
31.869825
31.923650
31.933100
31.950750
31.977975
31.985525
31.999700
32.009500
32.025175
32.037775
32.046950
32.105975
32.235850
32.253175
32.270150
32.287075
32.309625
32.320475
32.350625
32.360950
32.477350
32.536400
32.545900
32.560375
32.575900
32.646275
32.751325
32.836250
32.845600
32.862450
32.872350
32.879150
32.897500
32.905525
32.932000
32.997625
33.065750
33.149050
33.290825
33.297800
33.311350
33.314875
33.319075
33.328275
33.332175
33.336225
33.341350
33.364650
33.377450
33.396225
33.405800
33.415950
33.430100
33.438550
33.460050
33.476750
33.488950
33.502075
33.515050
33.550725
33.775950
33.903950
34.111625
34.288125
34.359125
34.639825
34.644000
34.647300
34.663425
34.698100
34.722725
34.727825
34.741200
34.746450
34.751875
34.763600
34.776025
34.786725
34.807900
34.832225
34.844825
34.924700
34.939900
34.960500
35.036650
35.046325
35.054900
35.063625
35.103025
35.109375
35.114925
35.119650
35.124300
35.132775
35.250200
35.255475
35.272075
35.281500
35.291100
35.312550
35.356350
35.394100
35.411850
35.424775
35.429225
35.445025
35.448825
35.457175
35.461275
35.470100
35.483775
35.491650
35.517325
35.531800
35.550725
35.572925
35.714200
35.738300
35.768650
35.796900
35.805225
35.828925
35.837750
35.849500
35.857875
35.908550
35.932675
35.975725
36.110850
36.152725
36.158300
36.169575
36.180050
36.213525
36.221475
36.235750
36.251875
36.269300
36.274575
36.283425
36.300525
36.315950
36.322550
36.332450
36.338075
36.348075
36.360675
36.376250
36.388575
36.395775
36.401900
36.410875
36.429800
36.436200
36.443850
36.449325
36.474175
36.493125
36.597025
36.766725
36.773050
36.793900
36.800800
36.807875
36.812375
36.817625
36.821575
36.829725
36.839450
36.847050
36.853200
36.859000
36.864975
36.870525
36.876425
36.882025
36.887825
36.895725
36.900900
36.912200
36.919675
36.934875
36.947400
36.958550
36.990525
37.024125
37.031975
37.055600
37.095100
37.103800
37.159950
37.183450
37.199425
37.218875
37.279400
37.300925
37.477550
37.677225
37.682600
37.686125
37.692025
37.706600
37.749750
37.757525
37.765175
37.771825
37.778100
37.785000
37.792025
37.800750
37.807125
37.811250
37.815975
37.819350
37.824050
37.827750
37.834950
37.838600
37.851400
37.857700
37.868800
37.898900
37.989725
37.998175
38.009175
38.015800
38.035225
38.049325
38.064750
38.074600
38.081900
38.091225
38.182500
38.208150
38.212500
38.216325
38.226450
38.236200
38.245525
38.261150
38.276075
38.288275
38.325325
38.333900
38.367700
38.377600
38.389325
38.400100
38.412825
38.456900
38.483800
38.610275
38.955375
38.969975
38.982950
39.014175
39.024350
39.042900
39.066325
39.076175
39.083800
39.101000
39.105950
39.112675
39.120075
39.126400
39.132975
39.141475
39.149025
39.156225
39.179225
39.193750
39.238250
39.378300
39.416375
39.449925
39.459925
39.486575
39.508525
39.522700
39.536750
39.566850
39.578500
39.757700
39.769400
39.780075
40.063050
40.101050
40.130275
40.140150
40.149550
40.179525
40.186275
40.193000
40.211875
40.219000
40.239925
40.252450
40.266350
40.316800
40.344825
40.362650
40.382325
40.402050
40.418025
40.435000
40.466450
40.689550
40.747325
40.770125
40.777475
40.791750
40.811050
40.823150
40.831350
40.846350
40.878375
40.952050
41.040700
41.146900
41.155825
41.162250
41.169400
41.182600
41.207225
41.221575
41.279125
41.289150
41.296275
41.309175
41.346700
41.512250
41.537525
41.561925
41.853125
41.899150
41.907900
41.921850
41.950850
41.973250
41.983400
42.223150
42.235825
42.246225
42.253725
42.259250
42.264850
42.269250
42.279200
42.282800
42.286050
42.289675
42.293675
42.298400
42.303550
42.309325
42.313925
42.318900
42.324425
42.331925
42.337525
42.359950
42.368400
42.380000
42.392875
42.401575
42.419300
42.423400
42.428350
42.432550
42.436750
42.446925
42.455825
42.461100
42.468975
42.480925
42.485100
42.489400
42.494425
42.503375
42.507600
42.512200
42.515775
42.522400
42.539300
42.554850
42.564975
42.573275
42.584375
42.609825
42.697025
42.757225
42.775075
42.788500
42.799950
42.812100
42.817825
42.825600
42.829025
42.836375
42.839775
42.855300
42.881125
42.885575
42.901500
42.908925
42.939800
42.947275
42.953900
42.963350
42.979375
42.994050
43.018400
43.059375
43.078600
43.089325
43.093900
43.099200
43.114925
43.120325
43.129275
43.132950
43.137125
43.141225
43.146275
43.150375
43.155600
43.160125
43.169575
43.193275
43.205125
43.229625
43.339500
43.366575
43.375400
43.380300
43.388375
43.398850
43.405500
43.409850
43.425550
43.445800
43.452175
43.470450
43.486550
43.500875
43.556000
43.644050
43.653100
43.667000
43.681100
43.692075
43.706425
43.712350
43.718950
43.778975
43.913975
43.921725
43.926575
43.936575
43.947825
43.954475
43.959950
43.980850
43.991025
44.011450
44.210700
44.214475
44.218975
44.223550
44.226950
44.231775
44.238875
44.242775
44.248925
44.255275
44.261075
44.265975
44.275300
44.289800
44.299775
44.321850
44.331050
44.339225
44.358775
44.364700
44.372275
44.383200
44.389925
44.401400
44.409825
44.426925
44.610675
44.614650
44.618425
44.621700
44.628125
44.630875
44.636700
44.642725
44.645625
44.648600
44.651925
44.655175
44.659075
44.674650
44.690300
44.698325
44.703375
44.712875
44.721675
44.740125
44.812475
44.916825
44.941625
44.956350
44.963100
44.970300
44.978150
44.996700
45.001875
45.008175
45.013400
45.025800
45.075000
45.089800
45.256075
45.260175
45.276275
45.286700
45.293400
45.296775
45.304575
45.312450
45.346075
45.364225
45.369750
45.374450
45.386300
45.393650
45.399600
45.405375
45.413000
45.420000
45.453125
45.463850
45.651900
45.656000
45.661750
45.665100
45.668000
45.670775
45.676575
45.684675
45.692875
45.711125
45.714525
45.730500
45.768675
45.787475
45.941625
45.951200
45.956100
45.959725
45.963675
45.974500
45.980700
45.983575
45.989800
45.992925
45.995825
46.002650
46.006550
46.014375
46.027275
46.036500
46.039475
46.052075
46.055325
46.059075
46.063600
46.069300
46.079250
46.091700
46.113950
46.119975
46.260600
46.378650
46.393300
46.403550
46.407550
46.412050
46.427925
46.435875
46.439925
46.445050
46.461700
46.468725
46.475150
46.497425
46.501375
46.505050
46.509600
46.514100
46.521925
46.531350
46.536375
46.557725
46.563675
46.573600
46.579250
46.598375
46.834850
46.838250
46.847725
46.851400
46.864875
46.869450
46.874250
46.884125
46.892950
46.898225
46.917025
46.928400
46.933425
46.964325
46.974300
46.995425
47.018100
47.209425
47.232725
47.254575
47.261175
47.278050
47.308575
47.326250
47.355250
47.541000
47.571175
47.582400
47.592950
47.602750
47.623875
47.641300
47.648175
47.663700
47.699375
47.880250
47.922400
47.964875
48.068425
48.075850
48.083050
48.094775
48.099950
48.106400
48.112000
48.148750
48.163100
48.183425
48.236275
48.310150
48.333325
48.359075
48.437000
48.470525
48.476700
48.510400
48.536775
48.549800
48.560875
48.574625
48.582900
48.589450
48.594425
48.600650
48.613100
48.625850
48.629900
48.637775
48.651275
48.659125
48.674625
48.690575
48.706325
48.711250
48.728050
48.734100
48.744275
48.751500
48.763775
48.774125
48.777875
48.797175
48.815275
48.820600
48.832100
48.845750
48.907525
49.066650
49.131175
49.159975
49.310050
49.357375
49.404775
49.474050
49.526025
49.605400
49.670000
49.894200
49.914950
49.931175
49.937275
49.954600
49.958975
49.962750
49.968400
49.972700
49.977525
49.985375
49.991750
50.013200
50.030700
50.039300
50.163300
50.215200
50.314250
50.357750
50.376475
50.423650
50.593375
50.605875
50.611900
50.625300
50.631550
50.638125
50.655625
50.703050
50.729975
50.747850
50.886125
50.901825
50.917550
51.138975
51.142600
51.153275
51.155800
51.161725
51.165500
51.172425
51.177825
51.189750
51.196800
51.205375
51.211200
51.222525
51.227325
51.232650
51.243800
51.250075
51.257100
51.276625
51.284025
51.296550
51.329125
51.349775
51.409500
51.429225
51.467625
51.548150
51.567400
51.579250
51.586900
51.593600
51.599850
51.607975
51.626400
51.644425
51.660750
51.673675
51.687700
51.694725
51.705050
51.713100
51.723300
51.729825
51.736175
51.745075
51.753850
51.944425
51.971925
51.991400
51.999950
52.007050
52.010525
52.024225
52.045000
52.055500
52.069025
52.107550
52.121275
52.144200
52.150125
52.158175
52.193925
52.221025
52.233200
52.241925
52.251950
52.257400
52.266425
52.280400
52.286025
52.295175
52.301450
52.326050
52.351300
52.363175
52.569850
52.584500
52.588300
52.611125
52.615850
52.620350
52.628625
52.637225
52.684250
52.693950
52.712575
52.722425
52.739875
52.747400
52.753975
52.774675
52.807775
52.820600
52.882700
52.904575
52.943575
53.040700
53.047000
53.053450
53.063150
53.086925
53.113325
53.152975
53.160100
53.165575
53.171525
53.177475
53.185200
53.202875
53.212875
53.231650
53.358650
53.382100
53.433250
53.437550
53.441550
53.458125
53.463300
53.466925
53.476050
53.485450
53.500375
53.512550
53.534625
53.555575
53.564000
53.575500
53.615300
53.630575
53.695325
53.878500
53.886575
53.906825
53.910925
53.918925
53.922825
53.926625
53.930525
53.935250
53.958675
53.969975
53.976050
53.991800
54.013100
54.024375
54.063375
54.280450
54.293575
54.305825
54.349800
54.561275
54.577975
54.832500
54.857050
54.864700
54.879325
54.886850
54.893200
54.906025
54.913775
54.918925
54.923875
54.930350
54.953125
54.970325
54.977250
54.988075
55.001950
55.104100
55.134050
55.142600
55.161775
55.206050
55.227000
55.239025
55.250750
55.265700
55.271425
55.282550
55.289300
55.308675
55.324425
55.353150
55.397400
55.447500
55.627175
55.644925
55.650200
55.656375
55.672400
55.677550
55.688000
55.692575
55.700775
55.711125
55.716225
55.720500
55.728675
55.740875
55.749175
55.754525
55.766875
55.773325
55.780850
55.788700
55.804575
55.814825
55.835475
55.850100
55.944575
56.083825
56.116975
56.122425
56.142950
56.169775
56.177725
56.183175
56.189350
56.195800
56.207000
56.229075
56.235575
56.258675
56.273625
56.286500
56.333750
56.428050
56.545750
56.561700
56.587650
56.699925
56.847150
56.863925
56.892925
56.903675
56.912200
56.925525
56.997250
57.015650
57.028675
57.040475
57.047800
57.054750
57.063450
57.089575
57.097350
57.112875
57.129000
57.142325
57.165850
57.198750
57.213225
57.223775
57.241800
57.270400
57.285700
57.326800
57.425875
57.489750
57.503250
57.511225
57.517525
57.557575
57.570050
57.583500
57.598650
57.672250
57.683325
57.692600
57.697950
57.717200
57.723050
57.728400
57.733875
57.752575
57.758000
57.763150
57.768125
57.778150
57.782975
57.787225
57.795050
57.800475
57.805975
57.810725
57.824375
57.832425
57.836425
57.850850
57.863275
57.873300
57.878425
57.883050
57.890175
57.894400
57.897500
57.904975
57.909475
57.913025
57.930825
57.941000
57.945025
57.948675
57.969025
57.986825
57.995675
58.008975
58.017875
58.233550
58.250425
58.257400
58.273825
58.286750
58.295775
58.329050
58.347825
58.357825
58.365150
58.373125
58.380300
58.393300
58.410600
58.418025
58.433175
58.497300
58.605925
58.610450
58.616525
58.620625
58.625625
58.630125
58.638500
58.646850
58.667250
58.696725
58.705100
58.724225
58.752325
58.772850
58.785225
58.799550
58.951050
58.991150
59.001725
59.007800
59.027250
59.034575
59.042075
59.051850
59.060225
59.073675
59.109975
59.187225
59.202450
59.214325
59.231275
59.240950
59.265000
59.274725
59.315575
59.539050
59.713575
59.770975
59.783800
59.790225
59.795325
59.803575
59.808325
59.818675
59.824250
59.827650
59.832000
59.853025
59.871400
59.887600
59.930475
59.969675
59.979250
59.988725
59.997625
60.006175
60.015175
60.028050
60.035450
60.040900
60.078625
60.092675
60.099950
60.125025
60.296525
60.358925
60.363625
60.375500
60.384150
60.389550
60.393475
60.397950
60.410525
60.419050
60.425950
60.434175
60.442075
60.463100
60.471225
60.660500
60.699775
60.713975
60.989650
61.028050
61.044125
61.071000
61.131775
61.186125
61.275350
61.298475
61.331825
61.339450
61.357175
61.368750
61.582275
61.589375
61.595575
61.601850
61.641725
61.666475
61.684850
61.692350
61.702750
61.709350
61.718800
61.736325
62.079400
62.168275
62.192075
62.201325
62.219925
62.232950
62.251800
62.258675
62.288125
62.300600
62.358625
62.411425
62.526050
62.555950
62.700275
62.833275
62.870825
62.878375
62.897575
62.908525
62.925200
62.935925
62.948675
62.963550
62.968750
63.005925
63.015825
63.033100
63.037175
63.046175
63.053650
63.060000
63.066475
63.088025
63.102500
63.118050
63.125800
63.130750
63.139525
63.147425
63.151675
63.162775
63.177225
63.186500
63.201025
63.206200
63.211525
63.221250
63.226450
63.231125
63.235725
63.241750
63.245225
63.256000
63.265500
63.278000
63.281475
63.285625
63.289850
63.303375
63.317925
63.322000
63.326450
63.334450
63.337900
63.348350
63.357825
63.362300
63.376175
63.381200
63.386625
63.401550
63.417575
63.422650
63.428725
63.441725
63.450475
63.461475
63.472000
63.476600
63.480550
63.492450
63.503250
63.509325
63.633925
63.637650
63.644475
63.648425
63.655850
63.663475
63.666750
63.678725
63.689050
63.700450
63.731850
63.766975
63.798425
63.813000
63.842200
63.858400
63.870275
63.888700
63.920600
63.941050
63.950050
63.957375
63.967000
63.977625
63.986800
64.201125
64.231200
64.272725
64.281200
64.289850
64.298650
64.323900
64.333975
64.341925
64.383550
64.391425
64.436725
64.545100
64.616275
64.622575
64.637575
64.651100
64.661375
64.676800
64.681200
64.701400
64.706600
64.712300
64.718475
64.724725
64.736875
64.743725
64.749500
64.755525
64.767550
64.780100
64.803575
64.818750
64.832725
64.838625
64.857525
64.868225
64.874575
64.897750
64.904525
64.910050
64.914300
64.918900
64.928275
64.938375
64.947175
64.953975
64.960900
64.967825
64.981525
64.986200
64.990975
64.995825
65.004075
65.028875
65.032950
65.038950
65.044075
65.057900
65.062325
65.075575
65.087425
65.091575
65.095450
65.099275
65.106425
65.111000
65.120500
65.124050
65.128900
65.137575
65.145725
65.149200
65.165550
65.200025
65.219225
65.241275
65.284200
65.288375
65.293425
65.312375
65.321525
65.374250
65.382075
65.397950
65.404875
65.414150
65.423925
65.429275
65.435275
65.446925
65.463150
65.480500
65.494400
65.498100
65.502100
65.520975
65.547925
65.560450
65.571900
65.583375
65.586750
65.590525
65.604350
65.607875
65.633850
65.641250
65.699625
65.707875
65.710625
65.716100
65.750775
65.761475
65.793425
65.832200
65.835325
65.882150
65.885900
65.890075
65.902525
65.954125
65.965125
66.026675
66.049025
66.053625
66.060150
66.065125
66.080825
66.094400
66.099550
66.108075
66.151000
66.232200
66.265375
66.295500
66.400850
66.405375
66.421625
66.427300
66.479575
66.493525
66.636575
66.639200
66.642275
66.650750
66.660125
66.674300
66.678125
66.685875
66.720875
66.733025
66.908575
66.933275
66.936525
66.939250
66.950350
66.956075
66.966475
66.973100
66.980875
66.994525
67.035150
67.077300
67.149750
67.183125
67.189175
67.195475
67.198350
67.208600
67.224750
67.230450
67.244575
67.257675
67.261925
67.281750
67.438750
67.444000
67.457350
67.460850
67.463800
67.469150
67.472800
67.475725
67.481175
67.484525
67.493800
67.503750
67.551450
67.574025
67.584300
67.593675
67.650150
67.697350
67.892375
67.895475
67.909750
67.940250
67.949075
67.961250
67.969925
67.975100
67.979825
67.991300
68.014150
68.029175
68.060775
68.068275
68.074625
68.086050
68.152850
68.262200
68.265200
68.268750
68.285075
68.291775
68.309450
68.316550
68.323700
68.335750
68.354725
68.365950
68.388100
68.408050
68.420525
68.430650
68.451825
68.493900
68.533300
68.610625
68.645300
68.761575
68.969375
69.203750
69.226000
69.242200
69.267175
69.282400
69.314075
69.341275
69.383050
69.494450
69.801775
70.212350
70.224550
70.234300
70.253375
70.261125
70.277825
70.290450
70.298950
70.312925
70.362250
70.555825
70.758175
70.776275
70.809150
70.825775
70.895675
70.964450
71.000850
71.114675
71.200300
71.211075
71.245525
71.441850
71.742175
71.761925
71.769925
71.794925
71.805450
71.813575
71.818225
71.824975
71.832675
71.846450
71.855675
71.864275
71.872000
71.877400
71.883125
71.896750
71.900775
71.923125
71.936500
71.942725
71.961775
71.971250
71.983675
71.999775
72.023225
72.034175
72.042400
72.133225
72.185675
72.212750
72.232475
72.236550
72.249825
72.260850
72.265250
72.271500
72.282125
72.302325
72.309225
72.315075
72.323475
72.328475
72.332300
72.336900
72.357975
72.372675
72.382975
72.387600
72.407400
72.412475
72.435425
72.444550
72.469875
72.494475
72.511975
72.520500
72.547450
72.560900
72.590275
72.634200
72.649475
72.665325
72.845500
72.886500
72.895750
72.908125
72.923500
72.928600
72.934725
72.939225
72.952000
72.963350
72.970400
72.984525
72.991725
72.999025
73.017375
73.043825
73.110700
73.195725
73.201725
73.208600
73.223275
73.230675
73.247625
73.276400
73.303975
73.420625
73.453500
73.478925
73.486975
73.512250
73.536825
73.548500
73.554525
73.562025
73.573100
73.591225
73.635725
73.764400
73.771275
73.776375
73.818975
73.827200
73.840750
73.850175
73.877475
73.896500
73.917525
74.052250
74.098675
74.103250
74.109250
74.113700
74.119700
74.125075
74.131125
74.141775
74.149625
74.156525
74.168075
74.177325
74.198025
74.203525
74.210475
74.224600
74.230175
74.240325
74.260150
74.270400
74.279525
74.294100
74.320375
74.451325
74.475250
74.509450
74.516625
74.521750
74.527250
74.535675
74.540200
74.557050
74.591650
74.909625
74.922625
74.934825
74.940200
74.945350
74.950075
74.957250
74.962750
74.969825
74.975550
74.983150
74.993700
75.004225
75.028975
75.035575
75.046725
75.056875
75.078500
75.088450
75.097200
75.104775
75.111600
75.145700
75.167075
75.179700
75.227675
75.359550
75.483550
75.499000
75.514225
75.517825
75.521350
75.529000
75.537700
75.542200
75.546825
75.558000
75.571900
75.585225
75.592000
75.599500
75.606500
75.613275
75.618000
75.634275
75.651000
75.664900
75.702275
75.724825
75.771000
75.946575
75.980275
76.000950
76.013875
76.022175
76.031775
76.040525
76.084075
76.107900
76.137375
76.187625
76.416575
76.491450
76.499450
76.506025
76.513450
76.520050
76.526350
76.548525
76.556800
76.572725
76.591475
76.614325
76.623325
76.633650
76.663475
76.694300
76.767850
76.888475
76.904375
76.912750
76.918900
76.934625
76.940750
76.948050
76.959450
76.966200
76.974250
76.983725
76.999325
77.013175
77.023325
77.035100
77.048225
77.088825
77.267975
77.292650
77.299275
77.335225
77.354300
77.364975
77.446450
77.490275
77.549375
77.768350
77.797275
77.820875
77.830550
77.843825
77.850925
77.860925
77.873800
77.895350
77.902475
77.909400
77.917050
77.923125
77.930050
77.936500
77.945800
77.965400
78.240050
78.249425
78.252900
78.258725
78.271350
78.280825
78.285075
78.290300
78.299075
78.306175
78.312275
78.320350
78.330100
78.336000
78.348175
78.381700
78.388725
78.416575
78.432625
78.501725
78.537900
78.757850
78.785175
78.820325
78.831650
78.848325
78.893775
78.907775
78.925475
78.940775
78.964475
79.112725
79.123475
79.131575
79.143250
79.155375
79.160250
79.165275
79.180325
79.186250
79.198725
79.231375
79.282350
79.305275
79.321450
79.352875
79.356800
79.362150
79.371275
79.375475
79.379475
79.383875
79.403875
79.410500
79.424150
79.430125
79.443275
79.453525
79.465725
79.476975
79.491800
79.673475
79.686375
79.704850
79.714050
79.720725
79.734775
79.747275
79.789825
79.796050
79.806675
79.812075
79.816450
79.826875
79.832275
79.852775
79.860000
79.868725
79.878150
79.885725
79.895050
79.913700
79.918125
79.923525
79.936125
79.945350
79.951650
79.958875
79.969775
79.977125
79.985525
79.992450
79.999350
80.011750
80.031475
80.089175
80.107050
80.120400
80.151050
80.255175
80.295775
80.318325
80.463125
80.473175
80.492075
80.501675
80.508550
80.514375
80.520825
80.527500
80.538600
80.543900
80.554675
80.559700
80.563425
80.568425
80.573650
80.580625
80.587025
80.604075
80.613950
80.620900
80.626025
80.631150
80.635750
80.647375
80.652275
80.656725
80.661250
80.666625
80.672175
80.684950
80.690725
80.702150
80.706175
80.712075
80.730000
80.739150
80.748475
80.754000
80.758600
80.775075
80.784725
80.788700
80.793825
80.802550
80.807450
80.820675
80.828600
80.882625
80.890650
80.895600
80.907675
80.925400
80.930775
80.936875
80.971125
80.974825
80.982650
80.991825
80.997600
81.006800
81.011625
81.024850
81.028775
81.033700
81.038825
81.056950
81.070425
81.075775
81.082000
81.091200
81.095275
81.099750
81.104450
81.116875
81.129450
81.134250
81.141150
81.146200
81.166675
81.173175
81.192175
81.204650
81.210550
81.226825
81.260400
81.264575
81.288100
81.301550
81.306400
81.324050
81.327675
81.332250
81.363750
81.374700
81.380500
81.404500
81.434175
81.447275
81.450950
81.459400
81.475550
81.490075
81.497700
81.509150
81.517225
81.535000
81.542550
81.546550
81.550475
81.555000
81.563425
81.571100
81.578600
81.590050
81.593725
81.601275
81.605150
81.642000
81.671625
81.686425
81.714875
81.740350
81.756100
81.768525
81.778475
81.806775
81.815350
81.829325
81.845050
81.866350
81.875200
81.906950
81.912300
81.921050
81.933375
81.939525
81.972475
81.987925
82.022525
82.106450
82.114700
82.124800
82.140150
82.177900
82.387675
82.456550
82.617475
82.683650
82.714775
82.758350
82.788000
82.865050
82.946925
83.001450
83.105450
83.154475
83.187925
83.210800
83.216375
83.256825
83.408725
83.416800
83.430725
83.433850
83.436925
83.440675
83.447450
83.453550
83.497275
83.672600
83.690250
83.705850
83.717825
83.749825
83.784450
83.794325
83.805975
83.819675
83.835225
83.882925
84.025675
84.038100
84.040675
84.046125
84.078575
84.158850
84.336300
84.348250
84.356100
84.370850
84.376125
84.384300
84.394350
84.414650
84.428225
84.433625
84.445425
84.460175
84.467725
84.476600
84.485950
84.498700
84.509475
84.528325
84.579900
84.612350
84.635975
84.838775
84.849550
84.857000
84.865375
84.876100
84.883125
84.890075
84.902000
84.921100
84.928100
84.940425
84.975650
85.079175
85.098775
85.116400
85.130575
85.139750
85.147975
85.171975
85.182175
85.221375
85.238900
85.254125
85.264625
85.290650
85.301825
85.321925
85.461225
85.470675
85.535750
85.666350
85.679700
85.730675
85.742500
85.749075
85.757400
85.777775
85.830000
86.012025
86.024150
86.099175
86.149075
86.159875
86.166250
86.180700
86.197675
86.205775
86.244050
86.260950
86.285675
86.304475
86.350000
86.526025
86.670975
86.765450
86.843150
86.948100
87.036250
87.048600
87.058225
87.085025
87.090300
87.096250
87.117200
87.129450
87.139750
87.149225
87.153625
87.191550
87.201650
87.223875
87.236400
87.288125
87.353350
87.455050
87.460750
87.465125
87.485300
87.491275
87.515500
87.520325
87.524375
87.529650
87.535550
87.539550
87.544850
87.552500
87.562175
87.571275
87.583825
87.591250
87.602200
87.614800
87.623775
87.631950
87.642325
87.653850
87.663225
87.668650
87.681500
87.736925
87.772400
87.952025
87.983800
88.015575
88.025300
88.048925
88.053775
88.064475
88.074550
88.086575
88.093800
88.113875
88.121650
88.147350
88.188325
88.296175
88.407925
88.421425
88.426200
88.430325
88.447875
88.455625
88.467550
88.472275
88.487775
88.492450
88.496950
88.504900
88.653650
88.716625
88.744375
88.755125
88.809300
89.072200
89.106625
89.118450
89.161375
89.170875
89.179775
89.204125
89.244100
89.264325
89.270800
89.280575
89.288000
89.301575
89.312100
89.327250
89.341550
89.354850
89.368175
89.445225
89.491700
89.575850
89.635950
89.647900
89.670075
89.679200
89.688150
89.695825
89.699225
89.702650
89.706650
89.710225
89.716725
89.720850
89.733900
89.742525
89.750775
89.768350
89.790700
89.809625
89.858125
89.967975
89.991025
90.038475
90.113175
90.146425
90.259800
90.502775
90.516850
90.528100
90.546500
90.558175
90.593800
90.614500
90.627550
90.642475
90.661050
90.668875
90.678800
90.690125
90.757500
90.971025
91.012500
91.019550
91.026875
91.053700
91.061850
91.075275
91.084775
91.091675
91.098800
91.104825
91.138425
91.150625
91.168050
91.190125
91.247100
91.361975
91.401375
91.433850
91.513800
91.742700
91.750150
91.754675
91.765025
91.791625
91.796375
91.809375
91.850450
91.862275
91.874975
91.890275
91.923250
91.934725
91.965500
92.214250
92.218150
92.241450
92.247150
92.254175
92.261675
92.268450
92.282000
92.293425
92.303075
92.329300
92.346575
92.368325
92.391050
92.416825
92.470075
92.532450
92.598700
92.724500
92.740900
92.758450
92.880450
92.890000
92.901825
92.906250
92.919175
92.929300
92.937475
92.951350
92.973125
93.057575
93.159225
93.245975
93.311800
93.382150
93.684600
93.694750
93.715350
93.719625
93.730450
93.736925
93.756925
93.764700
93.773275
93.782175
93.792725
93.802250
93.823925
93.839450
93.844575
93.851300
93.856475
93.861225
93.871075
93.887150
93.894425
93.904700
93.911800
93.919600
93.967400
94.141250
94.182150
94.222725
94.231125
94.255225
94.261050
94.265675
94.275775
94.291750
94.297775
94.305650
94.317300
94.334275
94.369475
94.410300
94.575000
94.581250
94.586575
94.593275
94.598425
94.604000
94.611900
94.625525
94.635975
94.645775
94.653700
94.660675
94.669125
94.677425
94.684150
94.711000
94.801450
94.846450
94.873150
94.884875
94.903150
94.934100
95.114625
95.131450
95.145300
95.194325
95.221300
95.233475
95.246025
95.258950
95.268025
95.282025
95.297150
95.307275
95.324950
95.336875
95.545725
95.554275
95.560250
95.566575
95.572275
95.579125
95.588625
95.595625
95.635400
95.675125
95.806200
96.031150
96.114975
96.168100
96.340550
96.352675
96.357950
96.389500
96.395325
96.403650
96.412725
96.442775
96.456425
96.462150
96.467975
96.474750
96.483025
96.498175
96.506150
96.519175
96.527675
96.540675
96.556250
96.663175
96.686550
96.973300
97.001900
97.211125
97.334675
97.601800
97.612025
97.813050
97.866450
97.934550
98.041100
98.091200
98.124775
98.134950
98.166000
98.177425
98.184600
98.191225
98.200275
98.211000
98.238225
98.330850
98.345650
98.360500
98.392850
98.434100
98.524475
98.547100
98.714150
98.738650
98.763725
98.774025
98.788950
98.796475
98.803325
98.810775
98.818750
98.825925
98.832725
98.839425
98.846575
98.852175
98.860750
98.866650
98.873775
98.878100
98.887875
98.895725
98.903825
98.916700
98.922875
98.928175
98.933800
98.954200
98.976825
98.981700
98.986650
98.992475
99.000350
99.008150
99.012500
99.017025
99.021800
99.028125
99.032500
99.037750
99.043000
99.049325
99.058500
99.066800
99.074525
99.084750
99.095375
99.118750
99.144225
99.165875
99.183650
99.190375
99.198650
99.219775
99.226550
99.236475
99.259800
99.286200
99.298825
99.311475
99.323575
99.328825
99.334350
99.342925
99.353200
99.362150
99.368125
99.422825
99.429900
99.436225
99.447300
99.452400
99.457425
99.463325
99.468325
99.487200
99.506300
99.526325
99.541775
99.568175
99.599350
99.831950
99.840050
99.849975
99.862325
99.864850
99.870875
99.877000
99.879800
99.892950
99.904875
99.920375
99.953400
99.966225
99.983875
100.005825
100.131950
100.156175
100.173075
100.197800
100.254875
100.459450
100.475600
100.516950
100.558375
100.574750
100.586750
100.625250
100.639550
100.670625
100.729850
100.738425
100.743075
100.746000
100.749625
100.761375
100.805975
100.810900
100.817825
100.827475
100.834800
100.840400
100.845225
100.860300
100.886600
100.918100
100.931350
100.948775
100.966150
100.975725
100.995325
101.006675
101.019175
101.025375
101.032425
101.037225
101.042550
101.049200
101.054850
101.061400
101.066100
101.074150
101.090275
101.098275
101.111375
101.120075
101.157575
101.268825
101.274275
101.282225
101.286600
101.292325
101.305325
101.312325
101.319225
101.325500
101.334725
101.349800
101.365150
101.375925
101.394750
101.420300
101.463325
101.590000
101.593550
101.615600
101.630850
101.637200
101.650600
101.686325
101.694375
101.700925
101.710900
101.723825
101.747950
101.773600
101.794900
101.927050
101.945775
101.949425
101.952975
101.959000
101.962550
101.976450
101.981200
101.986350
102.002675
102.049000
102.067850
102.284250
102.288375
102.296475
102.313000
102.316700
102.320125
102.324150
102.332050
102.343325
102.362475
102.385600
102.401825
102.411675
102.433150
102.452650
102.570775
102.610075
102.615375
102.621275
102.631975
102.637150
102.673125
102.731250
102.755950
102.927800
102.934200
102.940275
102.947600
102.952050
102.962875
102.968650
102.973125
102.988600
102.999975
103.009725
103.021075
103.037350
103.240375
103.253575
103.260150
103.271600
103.275700
103.283775
103.294900
103.300700
103.305850
103.310225
103.315375
103.320900
103.344200
103.350375
103.361850
103.366825
103.383725
103.396450
103.426500
103.440125
103.458125
103.475075
103.595650
103.611650
103.616125
103.623850
103.630675
103.640575
103.645575
103.659875
103.664975
103.676550
103.719550
103.750925
103.810000
103.916075
103.923650
103.952575
103.961525
103.973800
103.980900
103.986725
104.001775
104.026700
104.050050
104.056450
104.068375
104.078025
104.089550
104.099975
104.114650
104.122225
104.132775
104.154225
104.164700
104.176075
104.195025
104.283650
104.343875
104.404650
104.413725
104.420625
104.431775
104.468375
104.489475
104.576700
104.621300
104.682150
104.687425
104.709350
104.717675
104.724825
104.729750
104.738725
104.747250
104.767400
104.926625
104.951300
105.117300
105.206400
105.221475
105.225875
105.234875
105.239625
105.256925
105.264775
105.280725
105.289400
105.337925
105.419725
105.597950
105.634850
105.644675
105.659700
105.664275
105.676550
105.684725
105.688800
105.697250
105.701525
105.720275
105.755125
105.778875
105.804200
105.856625
105.888775
105.926650
105.947225
105.955400
105.975775
105.983100
105.994225
106.013300
106.022800
106.031200
106.050825
106.060525
106.082975
106.088550
106.094450
106.099000
106.103725
106.108125
106.113025
106.131100
106.141650
106.155225
106.170100
106.174200
106.181625
106.187225
106.202350
106.230425
106.238725
106.249025
106.269800
106.282850
106.310250
106.456400
106.476775
106.487775
106.499200
106.510850
106.542700
106.555850
106.582725
106.613650
106.642200
106.651825
106.666050
106.676650
106.697900
106.707550
106.745200
106.860125
106.876275
106.886250
106.894825
106.902725
106.917825
106.923500
106.927525
106.934275
106.939300
106.947300
106.969500
106.980425
107.002675
107.140325
107.183800
107.201625
107.234225
107.245175
107.264800
107.339250
107.364400
107.448025
107.474250
107.488950
107.500275
107.519250
107.538575
107.578050
107.620425
107.656650
107.714375
107.742200
107.757900
107.781550
107.826400
107.834575
107.850200
107.895225
107.915650
107.942875
107.982800
108.037925
108.077625
108.100300
108.112700
108.123150
108.136000
108.184225
108.197825
108.238450
108.244150
108.251125
108.260525
108.287125
108.298875
108.319300
108.330400
108.342650
108.356025
108.367325
108.377050
108.389075
108.399125
108.406700
108.420275
108.430525
108.449675
108.474425
108.491375
108.509425
108.516825
108.525625
108.540000
108.574800
108.754000
108.756850
108.762500
108.773225
108.785900
108.794075
108.802075
108.810900
108.818150
108.825225
108.836000
108.853150
108.874200
108.884600
108.893325
108.905075
108.916175
108.932350
108.940050
108.952975
108.978100
109.023125
109.041825
109.053175
109.077875
109.246175
109.256775
109.271900
109.275750
109.279575
109.287100
109.291500
109.311675
109.322500
109.332875
109.358875
109.400400
109.435800
109.486275
109.535975
109.555825
109.578350
109.584000
109.599675
109.613700
109.644475
109.654525
109.671125
109.686650
109.715450
109.773050
109.823450
110.098625
110.112200
110.115725
110.118500
110.127900
110.131050
110.174225
110.186325
110.200875
110.214200
110.276100
110.311150
110.317825
110.323175
110.331100
110.338750
110.352575
110.364625
110.387350
110.409975
110.438425
110.464600
110.472225
110.478350
110.495025
110.508150
110.529450
110.654100
110.685725
110.709875
110.732175
110.790850
110.830125
110.859325
110.880700
110.888050
110.905150
110.917000
110.930675
110.937825
110.978925
110.988100
111.009400
111.017000
111.024850
111.040600
111.054050
111.088300
111.102275
111.122000
111.130825
111.138725
111.156750
111.170000
111.252325
111.390925
111.407000
111.414100
111.423850
111.472450
111.482300
111.518300
111.529500
111.542100
111.580375
111.589050
111.598200
111.643400
111.672125
111.741225
111.763425
112.070325
112.114550
112.122875
112.144075
112.154075
112.162650
112.171375
112.206350
112.211825
112.219050
112.224775
112.237500
112.246475
112.273800
112.285275
112.331425
112.339150
112.350000
112.376675
112.387600
112.396050
112.410775
112.421375
112.427275
112.436075
112.457375
112.479600
112.500825
112.538175
112.660300
112.670675
112.683700
112.692650
112.721650
112.741600
112.764550
112.795975
112.829125
112.879875
112.895800
113.086900
113.104750
113.109525
113.118575
113.121550
113.124675
113.127575
113.141250
113.144150
113.155000
113.160825
113.166700
113.173300
113.176925
113.182925
113.190025
113.199375
113.216050
113.219925
113.238600
113.243775
113.250025
113.259475
113.293825
113.327825
113.361650
113.371450
113.383600
113.391800
113.409925
113.420400
113.439275
113.482300
113.515475
113.537750
113.545875
113.553500
113.566700
113.594800
113.881825
113.887450
113.891800
113.894950
113.899350
113.904075
113.913325
113.931450
113.936950
113.949175
113.954525
113.962725
113.972250
113.982625
113.993825
114.007350
114.044600
114.066975
114.124575
114.265675
114.321225
114.327050
114.342750
114.366175
114.374625
114.395775
114.424575
114.440900
114.769200
114.809675
114.827825
114.858100
114.875650
114.882750
114.886525
114.908600
114.961875
114.977750
114.984050
115.007025
115.045400
115.053050
115.061225
115.070750
115.079650
115.102200
115.112050
115.129375
115.146700
115.157900
115.176275
115.294575
115.313125
115.339025
115.527400
115.543800
115.560875
115.577525
115.590575
115.602375
115.607200
115.615050
115.621825
115.638400
115.650875
115.694325
115.721225
115.744000
115.788450
115.819875
115.835525
115.850800
115.860800
115.881175
115.920875
115.956525
116.088175
116.107650
116.114825
116.166950
116.176825
116.189900
116.205625
116.219875
116.249325
116.297750
116.366475
116.377625
116.419400
116.430850
116.439925
116.466150
116.479150
116.493650
116.521550
116.537600
116.596175
116.759925
116.776950
116.788175
116.794950
116.801050
116.806050
116.811150
116.829975
116.835300
116.845500
116.855425
116.860700
116.866750
116.874125
116.886925
116.896050
116.939325
116.955000
117.145750
117.151175
117.155300
117.166725
117.170175
117.179750
117.186150
117.189175
117.193175
117.202725
117.209500
117.216525
117.223875
117.231275
117.257900
117.263175
117.270875
117.282225
117.288825
117.296525
117.305350
117.315300
117.331325
117.462400
117.535275
117.549675
117.554575
117.561400
117.570500
117.576200
117.582275
117.588450
117.594400
117.601675
117.608000
117.618725
117.623200
117.633350
117.638125
117.648850
117.669250
117.678375
117.721250
117.868875
117.899025
117.919025
117.942900
117.948000
117.953100
117.957275
117.961775
117.967500
117.977000
117.981250
117.986875
118.002325
118.008525
118.014675
118.020650
118.025575
118.030425
118.035100
118.047100
118.155175
118.184700
118.294675
118.307525
118.353450
118.361675
118.365950
118.370500
118.375075
118.379125
118.384925
118.398450
118.405125
118.412325
118.420225
118.427050
118.447750
118.454900
118.460500
118.469000
118.476400
118.490925
118.497825
118.520650
118.533000
118.544675
118.550750
118.558025
118.568925
118.574425
118.605375
118.772425
118.782950
118.798625
118.815625
118.821275
118.834950
118.842375
118.856125
118.865700
118.869925
118.874975
118.881525
118.888550
118.896125
118.903325
118.916950
118.930125
118.941850
118.968225
119.068725
119.120375
119.135900
119.140650
119.148775
119.152575
119.156325
119.164075
119.184750
119.190450
119.194675
119.212625
119.218650
119.224900
119.232750
119.256200
119.280100
119.301575
119.323300
119.334800
119.344475
119.352550
119.375600
119.394525
119.409075
119.499375
119.551150
119.605950
119.620900
119.625950
119.636650
119.641450
119.646225
119.653075
119.660550
119.676450
119.692000
119.708075
119.727750
119.786775
119.805325
119.812975
119.818200
119.824300
119.841925
119.884725
119.925200
119.938500
119.972375
119.995400
120.003925
120.014325
120.062975
120.080300
120.120975
120.127400
120.134350
120.147675
120.155900
120.181675
120.201325
120.208350
120.219825
120.227325
120.241525
120.253950
120.269500
120.282975
120.321725
120.328125
120.334225
120.341975
120.349850
120.362050
120.386500
120.406850
120.429875
120.442275
120.455825
120.465900
120.493725
120.510075
120.528025
120.543450
120.548600
120.552450
120.567300
120.571800
120.584725
120.595050
120.599800
120.605000
120.611825
120.627600
120.635125
120.669025
120.735325
120.776250
120.791775
120.814525
120.819525
120.826075
120.833400
120.843125
120.864050
120.876750
120.904375
120.910700
120.916975
120.925875
120.934900
120.952475
120.983050
121.007050
121.034825
121.114250
121.122850
121.137000
121.159975
121.165800
121.172325
121.182575
121.214750
121.222200
121.234600
121.243650
121.260425
121.273225
121.280775
121.297650
121.329725
121.387400
121.397075
121.401600
121.405875
121.411175
121.415500
121.427675
121.431350
121.434850
121.453600
121.459675
121.468000
121.472925
121.477925
121.494525
121.508625
121.515475
121.600050
121.660775
121.688550
121.694850
121.714600
121.718675
121.726425
121.731925
121.737125
121.743725
121.749300
121.760650
121.774950
121.780650
121.791975
121.796875
121.802750
121.848725
121.867650
121.970525
121.987875
122.011300
122.032425
122.038050
122.043850
122.055600
122.061350
122.079200
122.092925
122.106350
122.112400
122.118025
122.135800
122.153850
122.164000
122.226700
122.293100
122.347400
122.352800
122.365725
122.390725
122.425425
122.450625
122.611000
122.616900
122.641675
122.671325
122.687500
122.694675
122.708850
122.717250
122.748400
122.766500
122.772775
122.787925
122.797800
122.812125
122.817675
122.828175
122.835300
122.840275
122.852650
122.884075
122.924950
122.980775
123.036425
123.051975
123.071625
123.113475
123.164950
123.174650
123.186000
123.197450
123.217425
123.253175
123.273450
123.307350
123.356275
123.377125
123.415850
123.577425
123.615125
123.621125
123.632850
123.679775
123.906675
123.918500
123.925225
123.935450
123.942300
123.948450
123.956750
123.969125
123.979825
123.985475
123.991525
124.013350
124.018575
124.024200
124.043225
124.053600
124.062600
124.096550
124.115225
124.126850
124.133475
124.153525
124.352575
124.375450
124.383800
124.398100
124.408975
124.427875
124.452150
124.457500
124.463525
124.469400
124.479775
124.489175
124.568100
124.859300
124.866250
124.875575
124.928325
124.936400
124.946975
124.955075
124.960575
124.975425
124.981275
124.997225
125.006875
125.015750
125.042875
125.071275
125.078575
125.095575
125.105525
125.190550
125.217700
125.267100
125.287550
125.314625
125.322300
125.456125
125.566575
125.618225
125.649250
125.664350
125.803350
125.819175
125.835075
126.031600
126.082100
126.088775
126.098700
126.103950
126.112900
126.119300
126.129425
126.134500
126.139700
126.145700
126.157700
126.162800
126.177325
126.227850
126.246050
126.271025
126.277875
126.282375
126.294500
126.490675
126.515900
126.527125
126.531750
126.538875
126.554125
126.560725
126.569975
126.586275
126.596575
126.602525
126.607250
126.612125
126.617700
126.642000
126.649275
126.653750
126.657250
126.661875
126.671400
126.685150
126.693975
126.703075
126.718825
126.726400
126.743050
126.752475
126.760725
126.770025
126.875625
126.913350
126.932325
126.935800
126.947575
126.953375
126.962825
126.977575
126.988925
127.011775
127.020800
127.033650
127.043350
127.056775
127.061925
127.066850
127.076900
127.083275
127.094000
127.108775
127.114375
127.126125
127.132075
127.137475
127.251125
127.253775
127.259400
127.265625
127.272975
127.280275
127.297550
127.311175
127.343225
127.385475
127.399475
127.423225
127.446975
127.452650
127.465400
127.680025
127.696100
127.705175
127.714500
127.722350
127.736600
127.747175
127.758200
127.766550
127.803350
127.830450
127.872425
127.893975
127.917075
127.987825
128.140375
128.147375
128.153550
128.159650
128.166400
128.182325
128.188075
128.199925
128.205450
128.223800
128.230800
128.237625
128.256750
128.286725
128.330700
128.375875
128.752750
128.786700
128.805275
128.813550
128.820800
128.853325
128.872525
128.918450
128.960825
129.376400
129.388525
129.399650
129.434350
129.489925
129.727125
129.766300
129.773200
129.785200
129.794850
129.822075
129.830375
129.836650
129.854925
129.862900
129.873575
129.882075
129.891750
129.907350
129.928650
129.954900
129.963800
129.977650
130.003000
130.013375
130.036625
130.074100
130.211925
130.218600
130.238925
130.247325
130.263725
130.277475
130.284150
130.292750
130.300575
130.310300
130.319725
130.330700
130.377225
130.403575
130.567100
130.574100
130.588625
130.603150
130.609575
130.627675
130.633750
130.640525
130.649500
130.657075
130.666000
130.681325
130.697450
130.720425
130.769600
130.907675
130.918350
130.923775
130.930575
130.936850
130.947125
130.955850
130.967325
130.987650
130.995925
131.007350
131.043225
131.054675
131.069200
131.083025
131.172125
131.218075
131.308475
131.326800
131.344675
131.350100
131.355925
131.366125
131.376250
131.381225
131.385575
131.390350
131.394850
131.399700
131.410850
131.421800
131.425675
131.443725
131.449325
131.468075
131.478400
131.539650
131.573000
131.640475
131.687075
131.704575
131.813900
131.843500
131.854600
131.863850
131.880200
131.894150
131.898025
131.909525
131.918175
131.924500
131.930325
131.946975
131.957275
131.963650
131.975075
131.983225
131.997825
132.007500
132.017125
132.026075
132.036600
132.047375
132.079375
132.093875
132.116025
132.140325
132.161900
132.300175
132.310350
132.317400
132.324700
132.340025
132.349700
132.357025
132.367200
132.383975
132.391625
132.396700
132.402875
132.409275
132.425475
132.447625
132.467100
132.478825
132.485200
132.490100
132.497050
132.516700
132.541075
132.550350
132.558175
132.594750
132.716400
132.728825
132.736800
132.742350
132.753475
132.763175
132.771600
132.795850
132.800950
132.812025
132.821175
132.830525
132.848975
132.870000
132.885725
132.906100
132.935825
133.008300
133.070525
133.086925
133.092050
133.108000
133.113075
133.119225
133.124975
133.130500
133.135650
133.143925
133.151750
133.157625
133.163025
133.169275
133.176850
133.182125
133.196775
133.205125
133.230650
133.241600
133.383275
133.398875
133.417900
133.423075
133.428975
133.434850
133.441800
133.448000
133.454375
133.462650
133.469025
133.475450
133.487425
133.494400
133.502475
133.513575
133.530325
133.575225
133.612325
133.746875
133.762350
133.774250
133.781200
133.785450
133.790475
133.795550
133.812025
133.835750
133.845600
133.918725
133.929775
133.938875
133.951325
133.959275
133.966475
133.972900
133.989725
133.995425
134.009250
134.015450
134.021500
134.025800
134.040275
134.044500
134.054050
134.062775
134.068000
134.074875
134.080550
134.092075
134.104700
134.126825
134.160725
134.293750
134.311750
134.324825
134.335025
134.359325
134.365075
134.369625
134.375150
134.381175
134.385200
134.390750
134.399675
134.408125
134.418050
134.423950
134.433900
134.438775
134.448825
134.460150
134.465650
134.482925
134.494675
134.502350
134.509400
134.517000
134.524925
134.531900
134.559000
134.576875
134.581200
134.585400
134.590000
134.610150
134.618200
134.622100
134.625825
134.631275
134.635400
134.639475
134.643925
134.647775
134.657525
134.661950
134.666175
134.676000
134.680325
134.686000
134.699725
134.711050
134.739175
134.746900
134.752375
134.763375
134.775375
134.794650
134.806375
134.821875
134.842075
134.882975
134.925450
134.931725
134.935650
134.939800
134.943750
134.947775
134.950725
134.956475
134.961775
134.972925
134.984525
134.989075
135.001525
135.017875
135.044375
135.054275
135.078875
135.108475
135.127325
135.144625
135.154600
135.200625
135.213925
135.230575
135.242475
135.254675
135.258475
135.263825
135.285325
135.303500
135.317475
135.322825
135.329025
135.334850
135.342725
135.349700
135.358200
135.378300
135.491300
135.500400
135.521125
135.597025
135.635200
135.645050
135.653700
135.759200
135.773000
135.784325
135.835500
135.874700
136.070850
136.369500
136.377575
136.387400
136.412100
136.421100
136.441600
136.462425
136.472600
136.481125
136.491425
136.505600
136.522350
136.535650
136.552075
136.575625
136.604325
136.628100
136.668025
136.686900
136.703850
136.742625
136.751525
136.772300
136.792400
136.851050
136.965450
136.977500
136.989850
136.998050
137.008025
137.027900
137.039300
137.046450
137.057025
137.065150
137.071200
137.081000
137.089175
137.101900
137.111375
137.149700
137.155650
137.171850
137.178375
137.184525
137.213075
137.225000
137.233050
137.255125
137.381050
137.387925
137.404400
137.409300
137.413275
137.419200
137.423375
137.454125
137.522675
137.553925
137.609075
137.620700
137.650075
137.690625
137.705225
137.720975
137.745200
137.759175
137.796925
137.832850
137.879350
137.927150
137.955100
137.970825
138.020650
138.030175
138.055550
138.072175
138.081900
138.110775
138.118900
138.129450
138.142700
138.158400
138.300225
138.328100
138.335625
138.339975
138.343325
138.347900
138.360725
138.365650
138.379700
138.462125
138.485250
138.503650
138.514750
138.545450
138.632700
138.659950
138.708375
138.721675
138.885025
138.911450
138.920300
138.968150
138.975550
138.978925
138.983900
138.991950
139.009600
139.024475
139.044700
139.054700
139.064475
139.076400
139.083500
139.097325
139.111075
139.128900
139.137975
139.153800
139.165525
139.188825
139.204975
139.216275
139.229200
139.241475
139.257550
139.355350
139.371400
139.399825
139.409350
139.417075
139.430450
139.439475
139.456025
139.473775
139.506525
139.514350
139.523525
139.541150
139.549375
139.570975
139.594875
139.606125
139.629100
139.655875
139.662675
139.673000
139.686675
139.718500
139.763000
139.799125
139.807275
139.817450
139.834925
139.873650
139.900675
139.962750
140.034800
140.095500
140.107825
140.121500
140.138150
140.143250
140.165100
140.175575
140.200600
140.221825
140.244325
140.255625
140.265125
140.275525
140.296125
140.417600
140.424000
140.433725
140.440500
140.447875
140.458850
140.469500
140.487675
140.511425
140.565700
140.575825
140.586925
140.602600
140.676000
140.806150
140.836050
140.864700
140.923775
141.162800
141.169275
141.175225
141.186025
141.192150
141.200850
141.265925
141.275225
141.284200
141.334425
141.342600
141.388500
141.510475
141.575050
141.583350
141.586800
141.592725
141.598450
141.604300
141.607000
141.616475
141.634125
141.640925
141.670225
141.700100
141.706175
141.721650
141.751500
141.760500
141.769825
141.779600
141.787475
141.795300
141.802950
141.814625
141.827600
141.853375
141.862600
141.870725
141.882375
141.893075
141.909825
141.942000
141.965400
142.002475
142.019475
142.033350
142.043175
142.057150
142.061200
142.069750
142.087800
142.095500
142.107325
142.124025
142.145575
142.152275
142.157100
142.169075
142.175325
142.180700
142.187000
142.198075
142.205550
142.233100
142.263050
142.299950
142.377325
142.385225
142.390000
142.403475
142.414625
142.425275
142.432375
142.438775
142.447900
142.451825
142.460000
142.463800
142.477875
142.482225
142.487350
142.493150
142.498050
142.502725
142.507600
142.512700
142.518100
142.525125
142.539300
142.547725
142.576025
142.586700
142.690775
142.754225
142.806925
142.815150
142.821275
142.828125
142.838525
142.851350
142.858175
142.866925
142.874850
142.880150
142.885550
142.891200
142.896025
142.902400
142.911975
142.917175
142.921250
142.930300
142.934550
142.940175
142.946375
142.964300
142.986700
142.996300
143.084625
143.163125
143.170925
143.174100
143.177175
143.184375
143.193475
143.202475
143.207325
143.210725
143.215300
143.222375
143.225950
143.236525
143.243925
143.263925
143.268325
143.294975
143.310225
143.356750
143.500500
143.540075
143.544775
143.551850
143.565000
143.571725
143.578000
143.586525
143.595000
143.612450
143.645100
143.656275
143.779900
143.799275
143.843875
143.854300
143.861450
143.882200
143.886100
143.890750
143.898750
143.906175
143.928150
143.932200
143.944675
143.951600
143.962075
143.972600
143.976200
144.002050
144.008800
144.023525
144.044875
144.059075
144.098725
144.124850
144.289725
144.309125
144.312775
144.317200
144.321325
144.325100
144.331525
144.335425
144.340675
144.353500
144.357575
144.361350
144.387475
144.410675
144.416375
144.449975
144.478725
144.653700
144.661850
144.680375
144.683625
144.692875
144.697275
144.704700
144.708425
144.715000
144.726075
144.731475
144.744475
144.748325
144.764525
144.771850
144.778050
144.788750
144.794550
144.805175
144.830725
144.860500
144.872500
144.882275
145.042650
145.049050
145.054250
145.059450
145.065025
145.075450
145.099600
145.103875
145.110200
145.116900
145.121700
145.128875
145.133800
145.158150
145.169375
145.199525
145.379300
145.390400
145.409725
145.415000
145.437375
145.442100
145.447425
145.452600
145.465950
145.477950
145.489800
145.495800
145.500950
145.507050
145.512525
145.516875
145.521225
145.527800
145.539100
145.557200
145.752200
145.756675
145.764950
145.797275
145.803450
145.812500
145.816675
145.825325
145.829325
145.849325
145.869050
145.885325
146.051525
146.071650
146.090500
146.095125
146.103875
146.107875
146.123775
146.128200
146.132800
146.150475
146.157525
146.169075
146.183350
146.192150
146.201675
146.210525
146.220000
146.237950
146.253575
146.269450
146.293175
146.421425
146.494650
146.498175
146.503000
146.508275
146.514575
146.531250
146.535575
146.539400
146.544250
146.548475
146.559500
146.570375
146.575350
146.594400
146.599875
146.624650
146.674925
146.955500
146.969125
146.976675
146.988950
146.994350
146.999800
147.005675
147.013825
147.021075
147.051100
147.072600
147.111425
147.358850
147.367800
147.371775
147.375800
147.383300
147.387575
147.399050
147.402800
147.407325
147.421050
147.426625
147.431375
147.439650
147.458050
147.462675
147.467825
147.479175
147.485700
147.492125
147.499550
147.509750
147.535875
147.571025
147.674925
147.684075
147.723800
147.738325
147.745600
147.755650
147.772675
147.778900
147.785200
147.789025
147.796175
147.806650
147.817750
147.829000
147.835750
147.841225
147.847700
147.859375
147.884225
147.893300
147.898675
147.903350
147.914550
147.919250
147.928550
147.932350
147.942450
147.947350
147.951700
147.961750
147.966400
147.998850
148.010225
148.041025
148.048125
148.063975
148.073675
148.078475
148.093950
148.099050
148.110850
148.118075
148.125200
148.128525
148.148750
148.152875
148.162800
148.167700
148.172650
148.181600
148.186375
148.190275
148.199175
148.206825
148.213625
148.217975
148.227150
148.238450
148.258700
148.286875
148.299000
148.308225
148.312375
148.346900
148.350875
148.369975
148.373125
148.391200
148.398700
148.412975
148.417800
148.425400
148.440150
148.452025
148.469825
148.516175
148.533725
148.563450
148.584525
148.589750
148.631300
148.651350
148.667875
148.673325
148.683650
148.692000
148.703150
148.713075
148.717000
148.737275
148.746950
148.815350
148.826125
148.845250
148.894300
148.906175
148.927275
148.950750
149.092300
149.096225
149.123000
149.212050
149.408200
149.815550
149.861450
149.946725
150.050100
150.134125
150.230400
150.513175
150.546550
150.604450
150.627475
150.648250
150.679125
150.715600
150.767125
150.964325
151.013525
151.031900
151.064800
151.159400
151.526000
151.535900
151.550175
151.558875
151.872900
151.878575
151.883300
151.896450
151.956250
152.018475
152.094550
152.153175
152.172725
152.184175
152.439925
152.446150
152.449550
152.476325
152.696150
152.703075
152.705825
152.708425
152.713625
152.765625
152.774475
152.798325
152.810150
152.944025
152.965425
152.979175
153.004225
153.019075
153.181425
153.194100
153.201400
153.207750
153.223325
153.259800
153.460575
153.467400
153.472900
153.480200
153.483850
153.492950
153.496975
153.502175
153.506000
153.510400
153.536625
153.549900
153.559275
153.565275
153.570225
153.579250
153.595025
153.609200
153.622050
153.635025
153.660900
153.678175
153.731275
153.768275
153.831375
154.076900
154.169750
154.221300
154.236725
154.278775
154.449225
154.626225
154.635700
154.642225
154.651325
154.657950
154.668250
154.675325
154.683125
154.687275
154.708850
154.721800
154.737950
154.750800
154.760050
155.071900
155.101200
155.108650
155.128800
155.146375
155.159475
155.173250
155.202175
155.246425
155.323450
155.491500
155.501300
155.517350
155.524200
155.532100
155.540900
155.545250
155.549250
155.558025
155.562675
155.569475
155.575975
155.586700
155.597625
155.619425
155.637675
155.825050
155.851500
155.857950
155.865175
155.874925
155.878700
155.883300
155.893025
155.911725
155.916825
155.932300
155.943425
155.952600
155.966800
155.987900
155.997875
156.016450
156.045275
156.122375
156.226100
156.272450
156.281500
156.341050
156.356125
156.395375
156.412200
156.491250
156.865875
156.927725
156.947325
156.986650
157.017725
157.031150
157.055050
157.068150
157.094200
157.109775
157.125500
157.186575
157.370725
157.377700
157.418450
157.450275
157.541800
157.823600
157.834975
157.853750
157.857425
157.866700
157.873925
157.887550
157.904300
157.911075
157.916625
157.927050
157.935875
157.944125
157.959125
157.967200
157.975150
157.984100
157.990975
158.030225
158.037025
158.050175
158.055950
158.062350
158.066775
158.072575
158.089825
158.105550
158.113975
158.121350
158.133725
158.140050
158.147750
158.153675
158.164650
158.173900
158.188075
158.225050
158.393950
158.424450
158.431575
158.437400
158.455850
158.559900
158.679825
158.736800
158.745175
158.763400
158.786600
158.950225
159.298675
159.350425
159.406150
159.587450
159.603675
159.621550
159.645150
159.874825
159.880725
159.883725
159.887525
159.898725
159.903025
159.907400
159.912150
159.916150
159.925775
159.931850
159.941175
159.955725
159.967650
159.982675
159.992300
160.004325
160.016075
160.029225
160.048950
160.083725
160.204550
160.224975
160.233300
160.387075
160.393925
160.403000
160.423550
160.444275
160.455250
160.463225
160.470950
160.484175
160.492250
160.520450
160.533600
160.570325
160.686900
160.698525
160.709250
160.715200
160.720100
160.739025
160.745400
160.763300
160.779250
160.790800
160.815125
160.838700
160.853975
160.880525
160.933350
160.987325
161.046350
161.065400
161.086050
161.109250
161.347275
161.455125
161.475975
161.497150
161.513725
161.704575
161.866600
161.877775
161.892300
161.913925
161.924200
161.939925
161.949900
161.976300
161.999600
162.009200
162.017200
162.022600
162.029900
162.057500
162.062800
162.067500
162.080000
162.087350
162.093075
162.099675
162.106475
162.118175
162.124100
162.132050
162.139225
162.150000
162.157900
162.165775
162.174525
162.216300
162.222025
162.228100
162.233500
162.240650
162.247225
162.252275
162.259400
162.275075
162.293875
162.303100
162.311325
162.321850
162.330650
162.342275
162.357850
162.381650
162.410350
162.461475
162.471900
162.475600
162.484175
162.497650
162.502550
162.512725
162.518800
162.527575
162.533350
162.538000
162.546475
162.558325
162.572650
162.579650
162.584700
162.591500
162.597175
162.602000
162.608775
162.618125
162.626325
162.631675
162.636625
162.641825
162.646700
162.655850
162.660525
162.675475
162.680025
162.692050
162.720825
162.733325
162.754125
162.760325
162.766300
162.781350
162.789700
162.860450
163.086750
163.128225
163.141400
163.165300
163.180600
163.212775
163.218875
163.223675
163.233175
163.237575
163.244825
163.252275
163.276525
163.290200
163.297750
163.302575
163.320925
163.331250
163.351525
163.511025
163.537775
163.553875
163.677175
163.685075
163.703225
163.720125
164.075675
164.086975
164.092825
164.118600
164.130075
164.134925
164.139650
164.144400
164.149625
164.154275
164.159875
164.175825
164.183400
164.201850
164.212725
164.222725
164.234675
164.264875
164.274775
164.289850
164.300700
164.330225
164.337825
164.348225
164.364950
164.381075
164.393575
164.399950
164.405250
164.410700
164.417450
164.428225
164.433300
164.454725
164.461950
164.477225
164.485575
164.500825
164.509350
164.526600
164.698025
164.725375
164.733225
164.762425
164.788350
164.847525
164.963375
164.981875
165.003400
165.010000
165.016175
165.023750
165.028350
165.034325
165.038825
165.049550
165.054175
165.068550
165.074725
165.081450
165.087325
165.096725
165.146950
165.350100
165.370075
165.380950
165.389925
165.420225
165.429750
165.436950
165.442925
165.451150
165.477100
165.488125
165.498975
165.510625
165.586350
165.698350
165.741125
165.772850
165.788825
165.798025
165.807175
165.838650
165.858700
165.956850
166.001625
166.038300
166.051350
166.068625
166.094000
166.124800
166.170725
166.190175
166.214225
166.226050
166.243675
166.264625
166.290275
166.316200
166.349325
166.404050
166.425725
166.481950
166.500750
166.530575
166.550000
166.586900
166.604850
166.642100
166.652550
166.685000
166.695475
166.939525
166.955175
166.961175
166.967425
166.992250
167.007800
167.021425
167.035175
167.064600
167.079050
167.087425
167.109375
167.117425
167.145300
167.151925
167.171050
167.183250
167.191350
167.219800
167.231825
167.244650
167.267850
167.452950
167.473925
167.485200
167.492975
167.504250
167.511725
167.527375
167.546775
167.557975
167.583525
167.725075
167.751425
167.758975
167.764750
167.784775
167.789525
167.794650
167.800425
167.804400
167.809625
167.817225
167.822150
167.827350
167.835800
167.840750
167.847250
167.855525
167.861450
167.865975
167.870625
167.877350
167.893600
167.900100
167.910725
167.919050
167.928100
167.938075
167.947425
167.957850
167.982275
167.987500
167.996000
168.009325
168.023450
168.038725
168.048350
168.056975
168.066325
168.078325
168.109775
168.117450
168.123400
168.135750
168.150850
168.159675
168.173100
168.193675
168.285325
168.329350
168.378800
168.400725
168.425150
168.437450
168.444875
168.452650
168.458750
168.466250
168.474300
168.486250
168.497450
168.507550
168.524575
168.567975
168.698300
168.723250
168.729575
168.742625
168.762575
168.784350
168.802750
168.821650
168.852925
168.892675
168.942325
168.951100
168.992325
169.008950
169.017250
169.025175
169.043175
169.075550
169.122350
169.302100
169.305375
169.311375
169.319675
169.323950
169.349350
169.355575
169.364125
169.393125
169.455075
169.473350
169.721225
169.734025
169.740700
169.746075
169.771225
169.790775
169.798775
169.808100
169.813750
169.820750
170.051775
170.063050
170.078450
170.090275
170.100900
170.149125
170.189375
170.283275
170.356425
170.365475
170.381925
170.385600
170.390025
170.394625
170.400850
170.407000
170.416550
170.437300
170.441700
170.474025
170.482950
170.490150
170.497550
170.516275
170.535450
170.548650
170.557575
170.571100
170.579325
170.587600
170.595050
170.603550
170.612600
170.623825
170.637900
170.656675
170.793025
170.830875
170.880000
170.942675
170.978500
171.082000
171.139425
171.214125
171.275625
171.318325
171.343500
171.376475
171.406600
171.450625
171.520025
171.549825
171.568600
171.588625
171.604000
171.622925
171.642975
171.664625
171.783525
171.813400
171.819750
171.831725
171.863350
171.994150
172.031875
172.038100
172.056900
172.061275
172.147775
172.193450
172.223250
172.251550
172.295350
172.323975
172.352050
172.367700
172.374300
172.384775
172.395450
172.411900
172.433700
172.444925
172.469825
172.474250
172.486025
172.498025
172.509050
172.517850
172.522350
172.527550
172.550000
172.605400
172.654900
172.691300
172.763325
172.835700
172.843775
172.853350
172.881725
172.899800
172.921150
172.934700
172.966425
172.994075
173.030825
173.109475
173.168475
173.177775
173.202375
173.210475
173.216400
173.227600
173.236475
173.254175
173.264050
173.277600
173.289575
173.317800
173.405875
173.434875
173.452825
173.462725
173.477450
173.497150
173.539225
173.583300
173.635800
173.650100
173.666925
173.676300
173.687550
173.710675
173.732650
173.741075
173.753925
173.771500
173.798750
174.024575
174.037525
174.051875
174.066850
174.092000
174.125000
174.273500
174.350600
174.386125
174.407625
174.482975
174.504050
174.556425
174.607450
174.626950
174.770675
174.784675
174.798375
174.813000
174.827225
174.840250
174.851550
174.863300
175.044900
175.172550
175.287050
175.297150
175.324300
175.363550
175.372775
175.381600
175.392650
175.404600
175.410225
175.416150
175.421225
175.430775
175.437550
175.447700
175.463150
175.490875
175.518775
175.546775
175.555375
175.563475
175.573875
175.598600
175.693800
175.728300
175.755650
175.785000
175.798225
175.809275
175.816025
175.826200
175.835950
175.846375
175.860975
175.882075
175.997300
176.129725
176.145625
176.155225
176.159450
176.163350
176.172125
176.176050
176.179775
176.186300
176.200975
176.205600
176.209675
176.217225
176.221900
176.245325
176.253300
176.260725
176.268475
176.279450
176.308225
176.320175
176.333600
176.354100
176.405850
176.562800
176.573650
176.602150
176.676100
176.800825
176.844100
176.861025
176.895950
176.918900
176.928400
176.942050
176.961700
177.010500
177.021925
177.039900
177.084125
177.100275
177.108100
177.119000
177.127850
177.181600
177.206575
177.228625
177.247025
177.259600
177.275725
177.319075
177.375300
177.390575
177.419550
177.459975
177.600150
177.678675
177.713750
177.735850
177.757875
177.773025
177.815350
177.874800
177.934125
177.962425
177.970175
177.977850
177.983525
177.990025
177.993500
177.998550
178.002175
178.009700
178.028050
178.033150
178.037700
178.048500
178.052450
178.062350
178.066100
178.070750
178.076275
178.090750
178.097175
178.104275
178.110250
178.128225
178.155100
178.176225
178.189425
178.201650
178.226100
178.240225
178.252675
178.277650
178.294175
178.310975
178.324650
178.373475
178.416600
178.453275
178.460375
178.471500
178.485775
178.489800
178.493825
178.497850
178.502200
178.506075
178.509275
178.512750
178.517225
178.524400
178.531425
178.538625
178.543550
178.547925
178.551450
178.562750
178.567350
178.579200
178.584225
178.589125
178.603425
178.621650
178.635800
178.643325
178.653500
178.681300
178.706925
178.768900
178.774125
178.778475
178.789175
178.797200
178.805175
178.809025
178.817475
178.824950
178.832125
178.836900
178.844575
178.855225
178.860275
178.867525
178.880425
178.894375
178.905225
178.953375
179.153500
179.160825
179.174950
179.188975
179.193600
179.198600
179.203900
179.213100
179.217525
179.222875
179.228150
179.236450
179.246450
179.256250
179.283625
179.450475
179.468450
179.592000
179.648700
179.671575
179.684000
179.705150
179.748925
179.903125
179.908450
179.924400
179.928625
179.931975
179.937250
179.941425
179.946675
179.952250
179.958500
179.971050
180.005025
180.028375
180.049550
180.071200
180.096175
180.102950
180.111275
180.129250
180.164675
180.187700
180.204050
180.219300
180.232400
180.283950
180.349000
180.452975
180.484875
180.515525
180.537250
180.545525
180.607275
180.671225
180.755500
180.767650
180.787200
180.808975
180.818650
180.846300
180.881300
180.952650
180.978900
181.154925
181.252450
181.322600
181.350775
181.361725
181.371550
181.376575
181.389450
181.411125
181.417175
181.451725
181.459025
181.465350
181.470075
181.480125
181.491350
181.499350
181.510400
181.515675
181.529750
181.538250
181.568225
181.577100
181.593650
181.609525
181.617650
181.629550
181.643825
181.662025
181.770125
181.783125
181.789500
181.794175
181.821875
181.880200
181.923100
181.952575
181.965425
182.000425
182.014375
182.028100
182.204925
182.292600
182.318825
182.349225
182.447750
182.625375
182.634575
182.664225
182.710750
182.727600
182.744050
182.762050
182.806100
182.832000
182.878575
182.962450
183.014250
183.075750
183.247200
183.262775
183.272625
183.277925
183.298600
183.311075
183.319300
183.335200
183.347450
183.358775
183.374825
183.392625
183.403175
183.414725
183.426325
183.444700
183.457975
183.473750
183.490225
183.498050
183.512400
183.522525
183.538475
183.545100
183.552250
183.565650
183.572975
183.584050
183.606975
183.612725
183.622050
183.627600
183.641675
183.654550
183.659200
183.666050
183.675700
183.683750
183.692675
183.699625
183.713550
183.719850
183.734900
183.742500
183.757750
183.834250
183.920300
183.967575
183.974275
183.980575
184.007450
184.036525
184.059575
184.081700
184.190750
184.225800
184.271250
184.279450
184.286325
184.290825
184.303075
184.320575
184.336600
184.347675
184.373075
184.407900
184.427225
184.446450
184.519575
184.601050
184.614975
184.622200
184.627875
184.635050
184.647475
184.654600
184.665425
184.679000
184.693600
184.705525
184.721750
184.740225
184.764525
184.794775
184.868500
184.907750
185.063275
185.075300
185.088350
185.127375
185.141350
185.152825
185.165475
185.209525
185.233425
185.294125
185.319675
185.327925
185.336775
185.350525
185.366300
185.377200
185.404675
185.524575
185.549800
185.626650
185.658225
185.681275
185.873375
185.928850
185.939950
185.944025
185.948625
185.956350
185.960250
185.966325
185.970450
185.981025
185.984500
185.990025
186.029650
186.040075
186.049800
186.065375
186.072900
186.077525
186.086225
186.099925
186.111050
186.125375
186.162575
186.205325
186.369775
186.433625
186.445250
186.468325
186.494225
186.500925
186.507450
186.519025
186.522950
186.528625
186.535550
186.547925
186.554050
186.561325
186.574400
186.583575
186.621300
186.633550
186.657175
186.668275
186.693600
186.704700
186.721250
186.820050
186.831250
186.849550
186.860200
187.080075
187.105225
187.163450
187.172975
187.194925
187.244450
187.275925
187.288075
187.301100
187.618425
187.672275
187.710600
187.725700
187.744075
187.789800
187.819550
187.863350
187.976475
188.003650
188.012025
188.020200
188.038500
188.047625
188.060100
188.081825
188.102100
188.227125
188.279450
188.366200
188.430425
188.436050
188.441850
188.455650
188.461700
188.472625
188.476150
188.480275
188.484225
188.489550
188.499300
188.504600
188.530100
188.539750
188.546775
188.560150
188.570600
188.575550
188.599050
188.610175
188.620175
188.645900
188.701400
188.715425
188.724625
188.728700
188.741275
188.745975
188.754575
188.763425
188.769050
188.780075
188.789500
188.814675
188.933200
188.942975
188.955800
188.961575
188.968125
188.978150
188.987600
188.996175
189.009500
189.017900
189.034825
189.045300
189.052000
189.063400
189.072100
189.081975
189.106775
189.149975
189.170375
189.180350
189.204650
189.353500
189.361375
189.367400
189.380475
189.420025
189.442175
189.451000
189.458225
189.461375
189.466800
189.475575
189.479325
189.495350
189.501325
189.512575
189.531600
189.571175
189.586550
189.609675
189.620950
189.625200
189.628950
189.648875
189.658500
189.674200
189.747000
189.781475
189.792150
189.796550
189.800325
189.804425
189.814375
189.837250
189.893725
189.904375
189.936375
189.947575
189.956500
189.966075
189.970800
189.975425
189.982175
189.989575
189.994475
189.999275
190.003700
190.009325
190.020575
190.041750
190.064725
190.077675
190.098400
190.108100
190.118325
190.235925
190.291975
190.305800
190.328275
190.465200
190.485825
190.494100
190.516550
190.532550
190.545550
190.561700
190.582375
190.593450
190.693575
190.707950
190.726975
190.968350
190.983875
190.988925
190.995750
191.000800
191.010725
191.018400
191.034250
191.102825
191.121700
191.165275
191.177050
191.249175
191.278450
191.295075
191.403200
191.507575
191.625950
191.676650
191.711650
191.765450
191.880250
191.959125
191.991100
192.030275
192.048000
192.060000
192.073000
192.089025
192.139900
192.192875
192.219150
192.239925
192.298775
192.313850
192.330275
192.379475
192.390300
192.424375
192.472100
192.501000
192.515875
192.533075
192.543175
192.932250
192.959875
192.967800
192.980950
192.992925
193.006600
193.016500
193.044975
193.077800
193.168200
193.196650
193.248800
193.447175
193.599925
193.615100
193.619525
193.623900
193.629050
193.645375
193.649825
193.680975
193.795275
193.810700
193.817000
193.821950
193.826375
193.829850
193.833975
193.839650
193.858725
193.867125
193.894350
193.917900
193.924325
193.947550
193.966375
193.976300
193.993975
194.098875
194.117375
194.155050
194.173750
194.201375
194.266000
194.275700
194.289700
194.517225
194.540425
194.552275
194.589075
194.638375
194.663750
194.684200
194.801475
194.859975
194.870650
194.883600
194.894600
194.904900
194.922100
194.937675
194.985700
195.003075
195.050100
195.195000
195.307300
195.473150
195.495450
195.517075
195.528000
195.543400
195.548225
195.561525
195.568425
195.575025
195.583625
195.592675
195.599600
195.606300
195.631375
195.637325
195.650375
195.655175
195.658575
195.662775
195.670750
195.674025
195.682150
195.699100
195.707675
195.722625
195.729600
195.736525
195.744025
195.758075
195.767150
195.810175
195.844375
195.867875
195.878825
195.884425
195.894025
195.898425
195.906225
195.912550
195.919600
195.948000
195.958000
195.976600
195.984425
195.991100
196.001225
196.019450
196.035950
196.039675
196.055800
196.061925
196.072050
196.081350
196.094775
196.114775
196.122575
196.156525
196.271575
196.321025
196.384975
196.425775
196.455325
196.471525
196.480175
196.500050
196.526425
196.537500
196.560225
196.579900
196.756925
196.782975
196.798475
196.807700
196.824325
196.839475
196.846275
196.867225
196.880650
196.895900
196.911175
196.945300
196.984850
197.008675
197.112000
197.120925
197.153625
197.169375
197.185325
197.193425
197.199575
197.206225
197.212300
197.218900
197.225475
197.233475
197.242475
197.260500
197.278200
197.287400
197.294800
197.309550
197.323275
197.368950
197.374375
197.378700
197.386550
197.390725
197.399150
197.406775
197.413025
197.424150
197.439000
197.444900
197.451875
197.461425
197.466100
197.470975
197.475350
197.484100
197.494425
197.500525
197.508100
197.513475
197.531600
197.538250
197.543200
197.550050
197.565075
197.574600
197.588775
197.610600
197.629200
197.662450
197.728450
197.733200
197.737050
197.739875
197.742625
197.745675
197.749475
197.753525
197.763625
197.792100
197.812450
197.832675
197.865300
197.892250
197.922200
197.938600
197.956375
197.984750
198.017225
198.037225
198.087350
198.103475
198.112325
198.119000
198.122625
198.128425
198.132400
198.140375
198.153850
198.179675
198.186300
198.192850
198.202025
198.230150
198.237825
198.247625
198.259550
198.268500
198.278850
198.294975
198.485750
198.503050
198.524125
198.557775
198.733000
198.764575
198.770275
198.779175
198.784175
198.790875
198.800200
198.806225
198.817750
198.823650
198.837475
199.051625
199.059250
199.069075
199.074475
199.084325
199.088150
199.093125
199.098900
199.104675
199.109025
199.114600
199.124550
199.130475
199.136875
199.144325
199.152625
199.164350
199.220175
199.234975
199.240675
199.245950
199.266575
199.274175
199.282975
199.295725
199.300950
199.326450
199.335325
199.341875
199.356350
199.365525
199.402350
199.419300
199.442600
199.456475
199.472950
199.482825
199.488750
199.495025
199.500775
199.505200
199.509175
199.512700
199.517975
199.521400
199.528350
199.533525
199.537375
199.542300
199.546975
199.551075
199.559150
199.563575
199.587575
199.592725
199.600875
199.611150
199.622550
199.631500
199.647025
199.673150
199.794000
199.817125
199.833525
199.858125
199.883275
199.900875
199.912875
199.922925
199.948225
199.968725
199.981200
199.998125
