# # All spikes for Neuron
0.002175
0.057450
0.130775
0.159375
0.187325
0.243300
0.339400
0.570600
0.605275
0.637750
0.841900
0.894225
0.916050
1.152425
1.183700
1.222225
1.240350
1.257550
1.319050
1.331425
1.384225
1.428925
1.521925
1.583900
1.683975
1.812000
1.899350
1.962025
2.037225
2.074650
2.107325
2.192975
2.320600
2.352650
2.527875
2.560850
2.603200
2.654975
2.813775
2.908325
2.999375
3.033225
3.081450
3.108525
3.197300
3.649950
3.764925
3.794225
3.891350
3.964725
3.994525
4.148400
4.201175
4.242600
4.312575
4.342725
4.354300
4.498500
4.524125
4.562475
4.640850
4.688375
4.882950
4.932800
5.038675
5.113875
5.178800
5.229350
5.290100
5.345325
5.426175
5.504900
5.582700
5.613900
5.715575
5.739800
5.766875
5.824450
5.946750
5.974275
6.061450
6.089800
6.129900
6.159225
6.228725
6.255675
6.482875
6.518125
6.666175
6.730600
6.802150
6.846775
6.882875
6.960275
7.007050
7.069125
7.098100
7.148250
7.194075
7.217400
7.248450
7.266050
7.286225
7.319675
7.429275
7.458050
7.521075
7.606825
7.681200
7.706575
7.826925
7.881775
7.900475
7.934650
8.000700
8.044225
8.108425
8.159575
8.187925
8.640050
8.667550
8.704925
8.761500
8.844250
8.999300
9.038350
9.128225
9.160550
9.404025
9.431025
9.722650
9.785800
9.821250
9.860175
9.903950
10.040900
10.141550
10.161100
10.816850
10.867925
10.925375
10.962625
10.987875
11.000425
11.086200
11.134700
11.164325
11.192625
11.252275
11.370025
11.401925
11.501450
11.532850
11.564750
11.586550
11.614075
11.679000
11.754800
11.827950
11.870500
11.909200
11.936050
12.119400
12.205450
12.392925
12.430675
12.475625
12.569675
12.585425
12.615400
12.647825
12.677550
12.726325
12.764950
12.798125
12.835975
12.873575
13.080750
13.141300
13.218800
13.395525
13.431925
13.479075
13.512100
13.575275
13.638125
13.664250
13.783650
13.839125
13.904100
14.013500
14.163425
14.196350
14.317750
14.430350
14.473750
14.497025
14.663025
14.709300
14.812650
14.843850
14.885225
14.959000
15.061525
15.120000
15.180400
15.280975
15.350575
15.381625
15.420625
15.494725
15.583825
15.675700
15.786875
15.816250
16.021150
16.182900
16.279200
16.360100
16.442850
16.483550
16.509575
16.535400
16.608250
16.650500
16.679725
16.758600
16.948350
16.992000
17.054325
17.196900
17.320725
17.350475
17.468750
17.573200
17.650025
17.665750
17.700100
17.806050
17.854600
17.887775
17.955800
18.046500
18.082425
18.108225
18.228650
18.251350
18.402375
18.425975
18.463500
18.523800
18.652300
18.675325
18.735625
18.787975
18.923575
19.033175
19.083300
19.122775
19.150625
19.173300
19.203450
19.265250
19.298600
19.335950
19.442650
19.457975
19.509225
19.551175
19.629025
19.704275
19.772075
19.811250
19.841950
19.901900
19.957425
20.024300
20.086025
20.095400
20.126600
20.176350
20.312475
20.368075
20.398525
20.482050
20.555150
20.654675
20.838850
20.984575
21.006700
21.151100
21.174800
21.199575
21.254600
21.280825
21.307050
21.334350
21.497400
21.596025
21.637700
21.822025
21.905275
21.968075
22.052325
22.090725
22.109550
22.139450
22.166750
22.200825
22.282975
22.308400
22.410675
22.476675
22.507525
22.530550
22.620450
22.647075
22.830750
22.869425
22.916150
23.001400
23.041050
23.087600
23.118100
23.141350
23.208950
23.280450
23.419500
23.476825
23.524300
23.588625
23.610700
23.655300
23.750125
23.774425
23.893300
23.952425
24.055075
24.168875
24.200525
24.278800
24.362925
24.395900
24.525275
24.588500
24.604025
24.615950
24.645975
24.693325
24.723550
24.773050
24.862500
24.924100
24.942925
24.961300
25.010450
25.068450
25.193025
25.234775
25.287900
25.307300
25.329750
25.347975
25.361375
25.502400
25.626900
25.640950
25.657250
25.798975
25.861100
25.943775
26.042350
26.165225
26.171475
26.212450
26.226950
26.239075
26.245175
26.337775
26.358725
26.383950
26.421850
26.472075
26.518725
26.652775
26.669800
26.754050
26.777250
26.808400
26.841900
26.867575
27.051600
27.209850
27.287475
27.343800
27.368525
27.485250
27.605350
27.627500
27.655300
27.701800
27.873800
28.086350
28.144075
28.205625
28.261825
28.423275
28.495650
28.582975
28.611675
28.871075
28.935375
28.962625
29.031650
29.167950
29.219100
29.295250
29.483125
29.595975
29.620950
29.675050
29.704500
29.735000
29.867225
29.901000
29.983725
30.019075
30.109875
30.141125
30.163025
30.193700
30.240250
30.264575
30.324000
30.385325
30.410450
30.429500
30.496350
30.543950
30.617650
30.745975
30.804350
30.836325
30.938575
31.019950
31.046900
31.096600
31.154075
31.211450
31.398675
31.460150
31.478775
31.511375
31.610525
31.666650
31.695225
31.721425
31.753025
31.816450
31.918350
31.945750
32.140150
32.476775
32.513400
32.582350
32.665875
32.693500
32.722650
32.968400
32.998725
33.061525
33.099200
33.122300
33.176675
33.200775
33.223250
33.255125
33.320675
33.381375
33.407400
33.443625
33.479675
33.557475
33.585225
33.619425
33.680875
33.782200
33.835475
33.924050
34.051000
34.069675
34.134675
34.156150
34.211200
34.267425
34.292100
34.348775
34.391775
34.458000
34.493525
34.522100
34.578625
34.706175
34.737500
34.774550
34.933050
35.129750
35.157475
35.246775
35.272450
35.337550
35.364175
35.430100
35.496075
35.595500
35.758825
35.813800
35.837350
36.072700
36.101350
36.162675
36.200050
36.263100
36.287675
36.372025
36.403025
36.502650
36.555175
36.636425
36.690275
36.776700
36.832475
36.890900
36.916250
36.977100
37.000175
37.050075
37.330075
37.353925
37.663850
37.747600
37.774675
37.847900
37.908825
37.953775
37.982900
38.020325
38.063775
38.094125
38.157675
38.222300
38.321800
38.415575
38.439825
38.498400
38.533050
38.561450
38.596975
38.621000
38.659175
38.717100
38.741700
38.773925
38.796400
38.835225
38.928975
38.951825
39.034850
39.190700
39.327275
39.399725
39.469625
39.553525
39.642475
39.685200
39.797925
39.858900
39.886450
39.941200
40.104325
40.194175
40.219550
40.253300
40.277025
40.349400
40.380275
40.416025
40.437125
40.469825
40.636825
40.744850
40.863300
40.889150
40.968775
41.010425
41.043675
41.092125
41.238900
41.256050
41.287100
41.371450
41.395850
41.484250
41.590625
41.780975
41.815300
41.874475
41.936625
41.976075
42.028750
42.145650
42.167700
42.186575
42.223100
42.244975
42.281400
42.331650
42.557375
42.585100
42.749725
42.775150
42.807550
42.870275
42.898325
42.963925
43.049150
43.078475
43.120025
43.162325
43.341975
43.399675
43.426750
43.499925
43.591525
43.614550
43.637800
43.686150
43.699950
43.779425
43.895750
43.934850
44.000825
44.021400
44.117750
44.151300
44.218375
44.297775
44.359350
44.491325
44.509325
44.593150
44.615600
44.650800
44.826300
44.854125
44.997525
45.023000
45.045725
45.083100
45.139450
45.279425
45.317900
45.405600
45.440150
45.466750
45.548700
45.712250
45.773150
45.836675
45.862450
45.891775
45.920350
45.934550
45.970550
46.000125
46.047525
46.070825
46.159600
46.304450
46.364850
46.386300
46.478725
46.548700
46.730125
46.752775
46.764025
46.899750
47.101325
47.290200
47.345000
47.383550
47.557150
47.587825
47.600450
47.712950
47.738325
47.783375
47.947500
48.063050
48.169600
48.190350
48.242250
48.338075
48.364675
48.388275
48.510550
48.573925
48.607250
48.688550
48.743375
48.754725
48.835050
48.849875
48.862425
48.946975
49.009350
49.042425
49.073600
49.100825
49.220850
49.246525
49.481550
49.657150
49.693125
49.817825
50.055050
50.093525
50.121650
50.202700
50.279050
50.348925
50.414600
50.446300
50.466325
50.588925
50.619975
50.719700
50.748200
50.781275
50.959275
51.003725
51.103775
51.137625
51.207500
51.260975
51.302100
51.396950
51.418150
51.452500
51.512350
51.530325
51.670100
51.733175
51.763275
51.860200
51.970275
52.033550
52.293150
52.346750
52.509200
52.564625
52.586450
52.660675
52.729075
52.829575
52.866825
52.919475
52.951475
53.009100
53.046100
53.107575
53.183900
53.422975
53.463150
53.527050
53.555600
53.631975
53.777975
53.827300
53.855750
53.943900
54.058750
54.101075
54.129450
54.158500
54.223350
54.348350
54.478075
54.506200
54.619075
54.801825
54.852775
54.921350
54.951950
55.055625
55.080225
55.141550
55.190850
55.212525
55.363375
55.412300
55.489650
55.527100
55.569225
55.602825
55.628500
55.655100
55.695500
55.737450
55.799050
55.865625
55.909925
55.946575
56.050650
56.079475
56.109275
56.179925
56.207650
56.248800
56.279325
56.348875
56.466700
56.542950
56.651825
56.701125
56.734775
56.778775
56.810750
56.835975
57.018675
57.111275
57.141250
57.297075
57.322550
57.346600
57.503175
57.549800
57.581925
57.608700
57.643425
57.706950
57.739125
57.764750
57.974250
58.099250
58.126100
58.170450
58.201225
58.214950
58.253800
58.354400
58.525375
58.604225
58.630375
58.719375
58.750625
58.788300
58.814325
58.840725
58.874325
58.952125
59.049000
59.070050
59.103375
59.133625
59.169600
59.233425
59.310350
59.378125
59.509475
59.545400
59.582175
59.738825
59.763525
59.837375
59.870550
59.899275
59.940375
60.034850
60.136800
60.160425
60.191000
60.224175
60.296700
60.321325
60.348075
60.417050
60.466900
60.516025
60.542800
60.564900
60.577725
60.594950
60.610950
60.736350
60.835975
60.884125
60.906200
60.942425
61.250450
61.339400
61.393875
61.450150
61.463875
61.474975
61.481875
61.515150
61.535375
61.554800
61.566875
61.660250
61.690600
61.701975
61.748700
61.859525
61.879750
61.920150
61.941500
62.046575
62.058625
62.144350
62.178300
62.227425
62.264100
62.291525
62.341825
62.364200
62.451425
62.514875
62.574450
62.589400
62.612525
62.632075
62.648500
62.761125
62.829600
62.845700
62.884000
62.941850
63.032650
63.048950
63.068100
63.132500
63.146575
63.209025
63.234725
63.285125
63.497825
63.584400
63.632125
63.732775
63.783850
63.882850
63.933650
63.943575
63.984350
64.001475
64.037650
64.047725
64.096800
64.108875
64.147250
64.190375
64.289300
64.338425
64.347150
64.466825
64.498325
64.535900
64.584975
64.714125
64.782600
64.940200
64.989900
65.041750
65.133650
65.151250
65.195450
65.318800
65.494425
65.549800
65.739475
65.910475
65.937450
66.043700
66.165325
66.189225
66.585750
66.757300
66.847250
66.969200
67.053275
67.394500
67.586800
67.755100
67.799450
68.085550
68.189100
68.211750
68.249475
68.334525
68.388725
68.408600
68.465900
68.486550
68.796100
69.158150
69.234150
69.635350
69.711575
69.785650
70.041700
70.118300
70.191050
70.247550
70.585450
70.657550
70.740475
70.755550
70.934450
71.201900
71.818875
71.940075
72.018675
72.089175
72.119175
72.143825
72.170250
72.210975
72.241075
72.296575
72.530675
72.657175
72.714325
72.940775
73.209625
73.257500
73.302825
73.389625
73.400175
73.421350
73.441650
73.455775
73.461250
73.472850
73.491600
73.564550
73.620150
73.771550
73.826075
73.877575
73.891150
73.902900
73.972925
73.995350
74.049650
74.088950
74.142650
74.203200
74.316550
74.367225
74.509100
74.557575
74.647825
74.666850
74.898050
74.930025
75.030625
75.053275
75.092250
75.198400
75.377800
75.421700
75.661775
75.693200
75.707300
75.728200
75.764950
75.832300
75.903425
76.124050
76.210950
76.325300
76.394125
76.430575
76.586125
76.598650
76.611275
76.627700
76.737575
76.746550
76.768825
76.923225
77.001825
77.034950
77.125700
77.403475
77.450900
77.599750
77.808925
78.033225
78.044850
78.138700
78.166225
78.291025
78.309675
78.339375
78.412825
78.431750
78.439850
78.593875
78.621750
78.714075
78.776050
78.867225
78.887800
78.898625
78.915875
79.074600
79.121375
79.182325
79.212100
79.224175
79.232225
79.280625
79.295800
79.513200
79.528050
79.550300
79.760175
79.954925
80.055925
80.097550
80.306700
80.336425
80.404875
80.432575
80.479750
80.502625
80.556000
80.701475
80.764125
80.846650
81.128650
81.148550
81.210850
81.343375
81.492475
81.516000
81.730300
81.829700
82.095350
82.106275
82.123175
82.148575
82.182725
82.765525
82.781325
82.890225
82.929500
83.042325
83.086300
83.179100
83.227550
83.335675
83.405575
83.537775
83.654500
83.744825
83.797550
83.813900
83.929325
84.097025
84.138525
84.248975
84.304975
84.317100
84.329225
84.507275
84.537000
84.580400
84.594150
84.619750
84.826350
84.893550
85.061975
85.195650
85.416950
85.465650
85.554050
85.982750
85.999875
86.019400
86.129975
86.226825
86.333650
86.349100
86.471325
86.490350
86.529475
86.547225
86.691425
86.751850
86.774950
86.874400
86.987825
87.057425
87.104475
87.119625
87.137350
87.196300
87.258075
87.279200
87.308925
87.385150
87.403375
87.519150
87.534925
87.798375
87.821625
87.882900
87.990300
88.035525
88.054850
88.117475
88.162775
88.294150
88.403950
88.665750
88.686500
88.761175
88.970550
88.994775
89.008475
89.079300
89.134725
89.170725
89.441600
89.658475
89.716875
89.850950
89.975925
89.993700
90.026400
90.100200
90.209650
90.292675
90.328725
90.378125
90.497750
90.549900
90.695925
90.722025
90.774775
90.783650
91.023675
91.060725
91.163325
91.243600
91.268525
91.361850
91.383025
91.578075
91.617575
91.714825
91.813150
91.931500
92.138125
92.209100
92.335050
92.385800
92.514825
92.576475
92.610025
92.679525
92.739775
92.863900
92.898775
93.005075
93.024050
93.082675
93.147725
93.162550
93.345800
93.365950
93.529750
93.656600
93.821725
93.958150
93.977875
94.047725
94.260650
94.497950
94.576125
94.966475
95.016550
95.255075
95.295250
95.381625
95.393250
95.426050
95.449350
95.511850
95.537925
95.556850
95.809925
95.833900
95.873900
95.946625
96.027425
96.080850
96.188875
96.237025
96.262800
96.311325
96.331150
96.430175
96.616650
96.798325
96.884700
96.911575
96.961200
97.075825
97.102600
97.199600
97.275850
97.324850
97.355825
97.373350
97.407600
97.432925
97.513175
97.575850
97.601525
97.667575
97.691525
97.732225
97.785525
97.807450
97.866275
97.943100
97.973850
98.025000
98.118125
98.276050
98.331375
98.367100
98.390850
98.613725
98.698875
98.798400
98.928100
99.100475
99.131925
99.184000
99.229450
99.294925
99.354550
99.403375
99.477150
99.600375
99.774000
99.800850
99.846100
99.859025
99.967925
99.993450
100.019300
100.075625
100.137300
100.156575
100.288675
100.322275
100.537125
100.605675
100.629900
100.690225
100.714850
100.748575
100.768075
100.845275
100.889525
100.978500
101.018675
101.077100
101.105100
101.220550
101.320050
101.423600
101.498525
101.536800
101.586750
101.654875
101.761900
101.774525
101.832075
101.909000
101.968000
102.106375
102.288000
102.318675
102.372675
102.524300
102.631675
102.670750
102.797400
102.855500
103.014850
103.200575
103.272475
103.525300
103.551625
103.581100
103.616950
103.707325
103.844925
103.909550
104.124775
104.192450
104.217650
104.296975
104.463675
104.492575
104.559350
104.663900
104.730325
104.808375
104.861950
105.084300
105.106875
105.710500
105.745175
105.884400
105.926000
106.023750
106.049250
106.160525
106.260775
106.305675
106.319175
106.328250
106.410750
106.448350
106.483900
106.506325
106.690000
106.751775
106.780525
106.836550
106.926350
106.988575
107.028775
107.071975
107.092150
107.257000
107.617475
107.651525
107.755550
107.796800
107.811150
107.853700
108.026000
108.058375
108.076925
108.094600
108.148900
108.245575
108.451850
108.489850
108.511750
108.538700
108.556925
108.668350
108.767275
108.810250
108.860900
108.890050
109.006225
109.124725
109.148625
109.211475
109.401575
109.450800
109.536600
109.624400
109.741750
109.862050
109.894600
109.932125
109.971600
110.034200
110.054825
110.074250
110.212175
110.243600
110.270400
110.323200
110.367625
110.398600
110.453225
110.552450
110.583175
110.623200
110.650250
110.708775
110.757625
110.836900
110.870075
110.966450
111.026550
111.123675
111.208225
111.337950
111.445150
111.589500
111.617150
111.735125
111.848525
111.935225
111.956150
112.070950
112.133725
112.173175
112.197725
112.227475
112.421675
112.445575
112.531675
112.562400
112.727375
112.755800
112.881800
112.943975
113.007875
113.077150
113.106125
113.287475
113.585275
113.606725
113.711800
113.739725
113.770700
113.830250
113.919725
113.990475
114.029450
114.173600
114.192800
114.223450
114.338500
114.359300
114.391475
114.429700
114.487225
114.514500
114.662125
114.804625
114.837500
114.876750
115.202525
115.250025
115.340475
115.370400
115.389625
115.442775
115.562375
115.619150
115.652800
115.682250
115.743150
115.784825
115.834975
115.876950
115.949825
116.022000
116.121150
116.143650
116.208825
116.238875
116.259950
116.295500
116.334575
116.394175
116.421400
116.451675
116.532975
116.545100
116.559575
116.577775
116.598600
116.637650
116.653325
116.668975
116.681400
116.700850
116.719550
116.794325
116.830550
116.852075
116.898300
116.924200
116.952550
117.047375
117.078525
117.136000
117.153550
117.178375
117.298850
117.320175
117.522600
117.554450
117.588600
117.708575
117.798275
117.824650
117.901200
117.927025
117.995525
118.070050
118.099875
118.136550
118.189250
118.216100
118.259775
118.405900
118.436125
118.463600
118.521625
118.625175
118.650950
118.807350
118.853675
119.121525
119.151375
119.214025
119.368075
119.666675
119.702000
119.725125
119.758250
119.790275
119.898425
119.920500
120.259550
120.300325
120.374625
120.563925
120.619075
120.654725
120.674475
120.692300
120.755400
120.789975
120.815325
121.070950
121.121150
121.144325
121.247900
121.283000
121.304650
121.352000
121.378000
121.401425
121.455875
121.520125
121.575175
121.748825
121.836100
121.860650
121.955775
122.038825
122.069250
122.137225
122.212375
122.247125
122.276125
122.307675
122.401750
122.433000
122.462275
122.480275
122.512050
122.574050
122.594750
122.678225
122.692125
122.781400
122.803450
122.939525
122.981475
123.037850
123.087400
123.166400
123.200175
123.243725
123.381000
123.395600
123.429350
123.523875
123.639325
123.682925
123.751250
123.785025
123.950950
123.977375
124.060525
124.151700
124.479625
124.683850
124.827100
124.838650
124.863550
124.909775
124.996400
125.014250
125.028350
125.035250
125.426750
125.439475
125.483225
125.534200
125.693825
125.786200
125.846075
125.892550
126.031000
126.083775
126.137425
126.154300
126.204625
126.231075
126.308025
126.485075
126.544950
126.663675
126.733200
126.912000
126.996475
127.012675
127.163200
127.580900
127.636550
127.683825
127.791500
127.882775
127.943425
127.980625
128.082675
128.355725
128.453225
128.549150
128.656200
128.748400
128.830475
128.907100
129.131075
129.230600
129.245500
129.309550
129.479225
129.707250
129.765375
129.788225
129.829400
129.886775
129.906375
129.988325
130.096850
130.113450
130.138650
130.204650
130.233450
130.246650
130.257400
130.278050
130.554800
130.662125
130.795450
131.202625
131.398425
131.609550
131.830100
131.898625
131.930200
132.139050
132.196325
132.394325
132.591800
132.663275
132.834500
132.885750
132.894500
132.926325
132.966200
133.028575
133.202725
133.273225
133.446100
133.575825
133.653450
133.909575
134.037250
134.071100
134.388875
134.614600
134.627800
134.635300
134.875125
134.902750
135.044325
135.096775
135.113925
135.185150
135.260725
135.269575
135.421175
135.433475
135.505800
135.514275
135.584700
135.685400
135.716100
135.871200
135.889950
136.137025
136.228425
136.322100
136.505475
136.521050
136.557575
136.641850
136.687050
136.713000
136.800575
136.860500
136.915375
137.002625
137.048000
137.125950
137.183375
137.267200
137.268475
137.283600
137.496250
137.785450
137.870300
138.062800
138.089350
138.123625
138.237125
138.396050
138.480975
138.492875
138.503125
138.587300
138.733425
138.838825
138.853075
138.934025
138.974625
138.994000
139.024250
139.147725
139.232500
139.268175
139.307950
139.542650
139.564875
139.591600
139.646900
139.868975
139.889025
140.005400
140.216925
140.399875
140.434300
140.485375
140.838875
140.881400
140.905750
140.927325
140.955950
141.038525
141.061750
141.460700
141.471350
141.518825
141.561900
141.656375
141.736975
141.786625
141.821425
141.903125
141.924900
141.990550
142.076225
142.160350
142.245825
142.396050
142.480675
142.508250
142.590425
142.601850
142.628600
142.691025
142.715700
142.737350
142.786025
142.793950
142.976525
142.996025
143.107125
143.321700
143.335725
143.344425
143.354800
143.374800
143.441800
143.599250
143.697975
143.756100
143.786925
143.904175
143.917150
144.032275
144.046950
144.111725
144.184125
144.309600
144.384850
144.448175
144.534400
144.624475
144.653275
144.729175
144.894450
144.930325
145.045225
145.061125
145.119625
145.281575
145.434900
145.444450
145.578250
145.619200
145.634575
145.679650
145.693575
145.710550
145.743475
145.755225
145.821750
145.853700
145.950475
146.051825
146.123750
146.132025
146.302025
146.471550
146.694400
146.720525
146.766100
146.810275
146.852525
146.916750
146.976325
147.175725
147.188000
147.239425
147.253150
147.309050
147.363800
147.537850
147.571900
147.640900
147.733275
147.878950
147.924000
147.950875
147.958575
147.979450
148.091300
148.106500
148.356150
148.365950
148.390300
148.414275
148.431225
148.530200
148.568050
148.700100
148.748200
148.875625
148.924025
148.956375
149.111275
149.171400
149.224900
149.305550
149.317150
149.375325
149.509700
149.690050
149.817775
149.969050
150.001875
150.062400
150.081925
150.104150
150.142550
150.195075
150.223450
150.268900
150.466175
150.513075
150.558875
150.576150
150.712050
150.826800
150.958450
150.974925
151.035150
151.107700
151.137950
151.159975
151.228050
151.237650
151.367250
151.424675
151.464825
151.607075
151.699400
151.728700
151.868825
151.906800
151.971675
152.072025
152.179725
152.403825
152.419850
152.496575
152.536725
152.648500
152.703025
152.961175
153.121725
153.135600
153.178850
153.296050
153.334475
153.683875
153.702100
153.739475
154.258625
154.321475
154.466450
154.855075
154.932675
154.961175
155.107125
155.119975
155.130600
155.211525
155.334425
155.353375
155.391750
155.439325
155.589050
155.657175
155.698225
155.868075
155.933350
156.168125
156.205000
156.321275
156.347775
156.373500
156.565600
156.625675
156.650375
156.676175
156.848750
157.063925
157.104225
157.367825
157.535575
157.541375
157.866975
157.951925
158.102825
158.127900
158.453425
158.469700
158.515225
158.790150
158.910875
159.309700
159.458175
159.555175
159.821075
159.953350
159.987550
160.018300
160.282775
160.808525
160.824750
161.378000
161.626850
161.825700
162.063500
162.145250
162.450700
162.496500
162.601975
162.691025
162.740275
162.943100
163.144325
163.290025
163.363350
163.385650
163.444600
163.591450
163.673450
163.690575
163.981825
164.032750
164.064250
164.502250
164.798175
164.945875
165.134950
165.397400
165.533225
165.584675
165.656925
165.669225
165.693825
165.781100
165.895100
166.172500
166.879450
166.910900
167.266200
167.375075
167.394325
167.621400
167.643125
167.688400
167.808425
167.982100
168.007150
168.374625
168.401025
168.481800
168.531325
168.607175
168.636000
168.660375
168.689025
168.714100
168.759625
168.821050
168.946100
168.981775
169.014575
169.155900
169.244100
169.465325
169.747175
169.821275
169.875225
170.134375
170.191125
170.255750
170.316425
170.467600
170.607150
170.706250
170.900175
171.023550
171.144975
171.319500
171.478650
171.524350
171.556900
171.581600
171.653550
171.880725
171.906550
171.987275
172.012525
172.104725
172.123875
172.356075
172.394475
172.412775
172.425475
172.537300
172.584975
172.621875
172.789675
172.845600
172.869775
173.246775
173.279825
173.313650
173.385400
173.461125
173.490600
173.567750
173.598250
173.650100
173.684300
173.720750
173.751600
173.908050
174.159650
174.188475
174.235250
174.326400
174.453025
174.556875
174.587475
174.664850
174.887975
174.903950
174.956375
175.038500
175.098800
175.289900
175.450825
175.510300
175.546025
175.568750
175.640925
175.706775
175.822025
175.857325
175.946975
176.019900
176.039300
176.140350
176.197375
176.263200
176.411100
176.510175
176.586950
176.646800
176.787025
176.830450
176.978450
177.031850
177.083900
177.110125
177.160050
177.244925
177.266750
177.292050
177.348575
177.375050
177.437525
177.458050
177.641325
177.917450
178.094225
178.125625
178.196550
178.372700
178.493225
178.592450
178.691900
178.733500
178.903150
178.941775
179.011800
179.083250
179.109625
179.159400
179.307275
179.353675
179.398925
179.555825
179.582375
179.689300
179.761550
179.781150
179.900900
180.020850
180.119225
180.177000
180.202250
180.230475
180.355650
180.436800
180.466025
180.501575
180.602675
180.682175
180.715800
180.749575
180.808925
180.873400
180.896275
180.920500
181.182925
181.247000
181.310200
181.342700
181.416350
181.463250
181.500100
181.615575
181.637925
181.667350
181.762850
181.789450
181.808250
181.864400
181.912900
181.978125
182.097150
182.129000
182.372525
182.398300
182.584925
182.606925
182.626950
182.743925
182.969125
182.985000
183.003475
183.138975
183.226650
183.275550
183.375225
183.503850
183.655350
183.695675
183.793575
183.870650
183.906250
184.021575
184.053525
184.129500
184.133900
184.139675
184.230800
184.242525
184.272375
184.321800
184.329850
184.350300
184.374725
184.426775
184.496450
184.691825
184.945025
185.002825
185.044425
185.102575
185.278525
185.456075
185.480375
185.531925
185.631100
185.682100
185.703350
185.902800
185.935400
186.053300
186.080450
186.131200
186.276275
186.307100
186.356325
186.380600
186.473050
186.530325
186.639775
186.758600
186.782825
186.829800
186.859700
186.882025
186.902800
187.124750
187.135725
187.193475
187.282675
187.347025
187.505450
187.556375
187.636175
187.681425
187.742550
187.988475
188.038875
188.173375
188.429375
188.530600
188.544200
188.581050
188.658825
188.681375
188.887050
188.928275
188.956650
188.991000
189.106650
189.148375
189.176525
189.254500
189.274125
189.377750
189.427725
189.629200
189.774475
190.343600
190.400375
190.482825
190.506950
190.550525
190.746700
190.796575
190.827800
191.082750
191.184425
191.259300
191.310375
191.391600
191.482800
192.028025
192.148400
192.175950
192.330575
192.434125
192.451600
192.619350
192.649000
192.725825
192.748450
192.782625
192.797700
192.864075
193.068475
193.098150
193.146150
193.174375
193.255250
193.263850
193.372750
193.428050
193.448200
193.465725
193.497525
193.589475
193.625450
193.835550
193.896625
194.007700
194.104725
194.191050
194.454100
194.639675
194.846700
194.873275
194.886125
194.931050
194.957550
194.987950
195.009375
195.109250
195.146650
195.267775
195.294625
195.439000
195.546550
195.674325
195.852800
195.888125
195.898425
196.011675
196.177450
196.261800
196.410425
196.466650
196.493475
196.652850
196.760875
196.771300
196.784625
196.815800
196.877500
196.935075
197.130700
197.385125
197.412325
197.427375
197.441850
197.645150
197.662550
197.678775
197.766200
197.783525
197.828125
197.908425
197.925600
198.100625
198.155225
198.191075
198.203125
198.217800
198.249975
198.355350
198.386950
198.412700
198.474175
198.530500
198.810600
198.857250
198.899425
198.955900
199.042325
199.082600
199.114850
199.231125
199.350025
199.497350
199.813925
199.929575
199.943275
199.978600
200.001200
200.029875
200.043050
200.068225
200.119700
200.233800
200.268475
200.536225
200.581450
200.859800
200.917675
200.952675
200.993225
201.157500
201.367225
201.519800
201.560825
201.648875
201.771925
202.024200
202.116575
202.141850
202.205750
202.251650
202.261775
202.323000
202.541600
202.686975
202.855775
203.111975
203.142475
203.360650
203.484050
203.549825
203.562225
203.776875
204.280300
204.394125
204.493475
204.670375
204.682275
204.700325
204.787000
204.888300
204.929800
204.943500
205.018550
205.096300
205.179075
205.240975
205.415750
205.505825
205.520000
205.668525
205.823075
205.909350
205.952875
206.025000
206.077300
206.093000
206.307000
206.396350
206.462375
206.489475
206.596625
206.617600
206.725625
206.753450
206.852500
207.093575
207.124925
207.274950
207.349400
207.518100
207.907375
207.993200
208.063975
208.101325
208.124750
208.371800
208.500575
208.512325
208.527850
208.700700
208.845550
208.981625
209.248325
209.389100
209.434275
209.673325
209.716450
209.744675
209.942225
210.122875
210.241700
210.303850
210.348975
210.373875
210.590450
210.687600
210.713975
210.773075
211.042150
211.143175
211.729475
211.740550
211.956800
212.017350
212.186075
212.217525
212.487500
212.536025
212.823150
213.053900
213.195850
213.270450
213.646700
213.673925
214.289575
214.531400
214.760750
215.520450
215.546775
216.072450
216.221925
216.621150
216.964150
217.066975
217.080025
217.144375
217.353775
217.533850
217.603000
217.659775
217.991300
218.036975
218.220600
218.245675
218.462675
218.589025
218.636875
218.672525
218.819050
218.862025
218.957400
218.976625
219.092775
219.430550
219.481450
219.635075
219.654900
219.759850
220.046225
220.071425
220.093125
220.383575
220.478650
220.553900
220.740475
220.829300
220.859650
220.907775
220.989100
221.127675
221.155025
221.186925
221.235625
221.405150
221.437325
221.657325
221.683625
221.808950
221.879900
221.914500
222.275275
222.299200
222.360800
222.383300
222.437000
222.483425
222.635475
222.884950
222.984150
223.041575
223.060950
223.114975
223.234450
223.443375
223.507125
223.560450
223.589800
223.623625
223.759000
223.834600
223.854850
223.940950
224.280750
224.332125
224.356450
224.432850
224.510925
224.556625
224.595775
224.655000
224.877425
225.108225
225.219200
225.357475
225.510800
225.596325
225.739425
225.841300
225.937425
226.032375
226.143575
226.179800
226.337250
226.578825
226.687950
226.710400
226.757775
226.802250
226.859400
227.012425
227.079950
227.101925
227.211250
227.311725
227.363125
227.387400
227.666975
227.831725
227.881450
227.981450
228.031025
228.082300
228.195675
228.223500
228.286700
228.369900
228.462375
228.486175
228.548275
228.636125
228.777325
228.802550
228.880875
229.004275
229.041225
229.072775
229.270700
229.453650
229.708150
229.782975
229.826550
229.915725
229.971125
230.018575
230.118075
230.237475
230.313675
230.359250
230.543850
230.582700
230.665825
230.924725
230.984075
231.098075
231.185125
231.208300
231.264350
231.380200
231.477975
231.660975
231.749200
231.776725
231.884725
231.986025
232.016325
232.131375
232.297475
232.433700
232.511600
232.538100
232.646275
232.707350
232.739700
232.766225
232.791475
232.820775
233.008200
233.189350
233.253700
233.280725
233.379225
233.543225
233.595000
233.659750
233.959450
233.993850
234.030450
234.069850
234.379850
234.512225
234.568700
234.699900
234.746100
234.906825
235.003600
235.190500
235.223150
235.253925
235.293925
235.337750
235.380600
235.478875
235.563775
235.596375
235.638600
235.753775
236.163275
236.179850
236.384200
236.547175
236.559875
236.576075
236.609825
236.670350
236.702225
236.810850
236.878225
236.901925
236.962250
237.132400
237.183475
237.249550
237.279675
237.351250
237.382575
237.415725
237.499050
237.526450
237.545450
237.563075
237.584950
237.611450
237.773600
237.874050
237.987900
238.114825
238.202450
238.342275
238.435475
238.528625
238.564300
238.837675
238.976850
238.996925
239.101850
239.129750
239.244750
239.293800
239.318225
239.405275
239.472425
239.676375
239.742350
239.826600
239.972625
240.038350
240.521325
240.682075
240.711325
240.787850
240.895725
240.929700
240.968425
241.409775
241.442375
241.475725
241.744975
241.828575
241.891825
241.922425
241.943600
241.970000
242.010975
242.154675
242.280425
242.316750
242.437350
242.470800
242.623775
242.650100
242.821200
242.874700
243.026450
243.139425
243.266950
243.368700
243.450350
243.477000
243.629400
243.741600
243.781925
243.816950
243.969825
243.991200
244.290850
244.378025
244.424250
244.481025
244.551000
244.631850
244.686125
244.814900
245.095650
245.144050
245.223750
245.238700
245.367925
245.422175
245.433150
245.452125
245.498100
245.632500
245.796250
245.991675
246.191800
246.256325
246.319650
246.618650
246.737700
246.819450
247.023200
247.091950
247.198825
247.224700
247.420450
247.442225
247.587900
247.738975
247.837225
247.918425
248.131500
248.330625
248.390775
248.520475
248.532925
248.841550
248.973000
249.176450
249.275925
249.468525
249.632275
249.790025
249.997150
250.343675
250.488250
250.623225
250.920225
250.945475
251.044800
251.096800
251.124675
251.342950
252.002625
252.024875
252.043700
252.143850
252.268900
252.325125
252.372725
252.585775
252.654450
252.854225
252.906775
253.018725
253.090775
253.279600
253.303400
253.570950
253.752550
253.922825
253.943875
254.093900
254.127075
254.185350
254.270975
254.386300
254.533350
254.641875
254.701225
254.728475
254.737025
254.750025
254.985075
255.070900
255.170175
255.195700
255.206950
255.223175
255.273675
255.312250
255.321050
255.457300
255.929975
255.967950
255.985850
256.089650
256.226900
256.275125
256.402275
256.686125
256.877400
257.024850
257.040775
257.169925
257.269275
257.448100
257.557075
257.843925
257.899775
257.920575
257.964225
257.982425
258.074200
258.177700
258.332125
258.819850
259.152600
259.251150
259.501225
259.711700
259.887525
259.901525
260.005725
260.162875
260.311425
260.391725
260.423550
260.465100
260.483050
261.464700
261.635325
262.095900
262.171800
262.232450
262.445825
262.823800
262.984850
263.064250
263.189875
263.247650
263.271075
263.544150
263.562075
263.597975
263.684225
263.717900
263.749175
263.837175
263.873675
263.893725
264.157600
264.582225
264.630900
264.655575
264.735650
264.857625
264.882275
264.906425
264.926725
265.058125
265.082600
265.154250
265.198175
265.225950
265.244500
265.314825
265.390100
265.490800
265.577150
265.966975
266.098075
266.143025
266.222200
266.297325
266.342125
266.432425
266.577775
266.750525
266.774375
267.010225
267.039500
267.059775
267.106725
267.160575
267.257325
267.645625
267.833675
267.971075
267.990725
268.078025
268.142575
268.243375
268.285400
268.294775
268.369700
268.396850
268.499175
268.540850
268.611150
268.670475
268.714000
268.734975
268.786300
269.030750
269.150575
269.217425
269.337400
269.501150
269.582400
269.837300
269.862550
269.902475
270.128950
270.168350
270.232700
270.324850
270.409025
270.529700
270.559525
270.586600
270.637500
270.944925
271.041750
271.096275
271.259125
271.291525
271.420125
271.649050
271.824275
271.965550
272.048125
272.116625
272.311750
272.390350
272.423800
272.447850
272.498750
272.531550
272.597875
272.669075
272.861575
272.968250
272.986100
273.053600
273.113375
273.136175
273.411825
273.637050
273.930150
273.989450
274.039050
274.119675
274.178000
274.325300
274.542075
274.669750
274.859850
274.904900
275.199675
275.246350
275.273675
275.297875
275.720325
275.832575
275.854450
275.913450
276.008300
276.103450
276.300200
276.382225
276.571975
276.617350
276.678900
276.699650
276.736450
276.749875
276.757525
276.814025
276.829500
276.861175
276.917000
277.041175
277.126400
277.355025
277.388700
277.421275
277.456350
277.487950
277.519650
277.578475
277.691000
277.861575
277.927750
278.058600
278.111875
278.230125
278.416150
278.446275
278.473475
278.556675
278.610550
278.640650
278.729325
278.820400
278.899750
278.953625
279.032350
279.173975
279.264550
279.333775
279.634825
279.673300
279.743525
279.802575
279.941100
280.047475
280.113250
280.407425
280.532450
280.654200
280.847225
281.000200
281.029750
281.348400
281.441500
281.475600
281.666500
281.737000
281.815075
281.829775
281.857125
281.993175
282.097425
282.196500
282.219875
282.257600
282.496100
282.537375
282.681950
282.703100
282.747200
282.796600
282.868125
282.896425
282.924550
282.988500
283.020650
283.170550
283.227575
283.251750
283.281250
283.470475
283.577700
283.596300
283.710175
283.938375
283.994325
284.027350
284.085550
284.261825
284.286525
284.311825
284.496125
284.526825
284.730100
284.802775
284.981125
285.004100
285.120925
285.185300
285.211400
285.281950
285.307350
285.398650
285.420525
285.468400
285.494425
285.624375
285.722275
285.795925
285.923000
285.980250
286.014850
286.041625
286.135550
286.165575
286.192075
286.374625
286.386250
286.397925
286.443275
286.604025
286.636175
286.729150
286.780625
286.809500
286.838525
286.933800
286.966100
287.183800
287.226200
287.329850
287.437900
287.588925
287.608575
287.638500
287.835750
288.031350
288.039475
288.111400
288.121375
288.178375
288.279575
288.396850
288.412100
288.640925
288.647125
288.663500
288.686800
288.791325
288.801775
288.863850
289.020975
289.042375
289.064550
289.227450
289.265800
289.277475
289.345225
289.505975
289.545400
289.654525
289.667725
289.753950
289.934400
290.281375
290.383025
290.397775
290.412175
290.484800
290.613775
290.747350
290.799850
290.867800
291.007050
291.104175
291.281450
291.396475
291.406100
291.534175
291.587925
291.748750
291.799525
292.174200
292.204475
292.256475
292.335950
292.497200
292.702250
292.753650
292.762125
293.253350
293.455750
293.582950
293.706800
293.761400
293.781800
293.898350
293.980550
294.002050
294.030525
294.050625
294.068025
294.111575
294.131350
294.243250
294.309675
294.775700
294.835175
294.991000
295.015900
295.166425
295.231550
295.393600
295.475175
295.519175
295.538775
295.715575
295.743325
295.798275
295.828275
295.901300
295.909750
295.955700
296.187100
296.232000
296.248975
296.275700
296.349450
296.374350
296.420375
296.561450
296.799725
296.824750
296.899675
296.925400
297.052675
297.140575
297.167000
297.256550
297.505075
297.545775
297.559850
297.891450
297.915925
298.076850
298.316450
298.414225
298.459450
298.565750
298.594250
298.856250
299.021950
299.048100
299.123875
299.203500
299.379250
299.552275
299.592300
299.624175
299.831925
299.858550
299.888325
299.912300
299.945375
300.093025
300.318200
300.468025
300.531750
300.599150
300.780975
300.813375
300.878275
300.903525
300.952050
301.067425
301.087950
301.100550
301.285025
301.308475
301.333500
301.388725
301.437075
301.459200
301.522750
301.542500
301.609975
301.657100
301.730700
301.758950
301.827175
301.916825
301.987175
302.041975
302.097700
302.161050
302.226175
302.376650
302.446250
302.561225
302.673875
302.684825
302.708800
302.756150
302.766550
302.775550
302.786750
302.836825
303.032725
303.042650
303.207025
303.280750
303.663950
303.680775
303.724300
303.830025
303.964375
304.368300
304.462500
304.471150
304.563050
304.677525
304.749800
304.766525
305.413825
305.512350
305.966325
306.097550
306.165600
306.215000
306.299625
306.417475
306.642275
306.714025
306.764100
306.887900
307.120275
307.345025
307.595250
307.720900
307.774425
307.867700
308.076450
308.121400
308.163725
308.180625
308.273275
308.295700
308.440775
308.573200
308.668575
308.724625
309.126900
309.143500
309.218125
309.267075
309.374575
309.421575
309.468450
309.488500
309.714300
309.729325
309.830925
309.883900
309.920975
310.036850
310.264875
310.626900
310.644250
310.816725
311.366425
311.866625
311.939400
312.029975
312.276175
312.335475
312.526100
312.578175
312.601925
312.644100
312.833625
312.941475
313.076175
313.250950
313.335425
313.418525
313.458025
313.625575
313.687850
313.837950
313.951225
314.071775
314.237525
314.529550
314.583525
314.683800
314.694525
314.737275
315.096600
315.164950
315.200050
315.283775
315.367125
315.444450
315.514975
315.651525
315.785025
315.921775
316.082500
316.129375
316.195625
316.280900
316.291550
316.487700
316.654800
316.770450
317.126825
317.324375
317.335500
317.438800
317.592900
317.769825
317.903275
317.966625
318.000875
318.023800
318.111725
318.356325
318.370250
318.383150
318.494475
318.748300
318.803625
318.842675
318.879600
318.897025
318.938650
319.177625
319.305375
319.807450
320.118625
320.171475
320.240850
320.293650
320.584650
321.014750
321.167375
321.273450
321.386500
321.760150
322.014050
322.073950
322.241050
322.406500
322.617300
322.666200
322.754575
322.854750
322.933650
323.018425
323.089750
323.311825
323.601650
323.611450
323.804925
324.096200
324.514675
324.720825
324.809525
324.922600
325.471525
325.483125
325.683650
325.925700
325.961600
326.010175
326.385275
326.387125
326.407850
326.430550
326.529800
326.572150
326.743800
326.801225
326.866475
326.971025
327.034825
327.078400
327.414825
327.507175
327.622475
327.726500
327.803750
327.943675
327.967725
328.196475
328.281475
328.512100
328.542675
328.641200
328.738300
328.861650
328.907950
328.992625
329.078725
329.131725
329.366775
329.483750
329.564400
329.829375
329.909650
329.931775
330.056875
330.132125
330.226200
330.277475
330.477000
330.667050
330.833225
330.857450
331.050525
331.127725
331.259175
331.482000
331.507225
331.647875
331.744925
331.765450
331.806850
331.879175
331.974275
332.000650
332.167675
332.200900
332.272225
332.341875
332.470300
332.543050
332.590975
332.859600
333.076475
333.091375
333.161775
333.200175
333.472675
333.686425
333.796725
333.825625
333.859550
333.984775
334.054825
334.122375
334.156725
334.247400
334.402800
334.431275
334.477825
334.565475
334.700825
334.737325
334.903750
335.022200
335.091200
335.364850
335.529125
335.548475
335.587325
335.631550
335.793900
335.909775
335.966875
336.021025
336.055200
336.164850
336.221250
336.265925
336.545675
337.025950
337.048350
337.082075
337.202275
337.308775
337.478250
337.536100
337.577050
337.705300
337.808850
337.837525
338.013650
338.251625
338.384325
338.598800
338.782925
338.862400
338.957800
339.190050
339.404600
339.433475
339.724950
339.832150
339.933350
339.964275
340.154650
340.300250
340.374550
340.691100
340.715825
340.847675
340.930700
340.954675
341.026425
341.127050
341.154525
341.387575
341.438000
341.496100
341.598025
341.700075
341.776000
341.806025
341.894200
341.926800
341.993525
342.096350
342.140625
342.244250
342.265400
342.687775
342.715450
342.816625
342.843175
342.967975
343.151700
343.247000
343.314500
343.404050
343.429650
343.452900
343.540450
343.567700
343.630650
343.649525
343.763200
343.792175
343.818250
343.846800
344.006400
344.091750
344.183050
344.216250
344.263575
344.345350
344.360025
344.416975
344.480775
344.523675
344.546775
344.690875
344.883675
345.096350
345.317150
345.605050
345.662425
345.695775
345.765875
345.791775
345.928075
345.952600
345.982300
346.108700
346.171800
346.223925
346.251825
346.373725
346.485525
346.515675
346.662875
346.689400
346.754850
346.960175
347.258825
347.289825
347.324400
347.397600
347.414275
347.464175
347.730025
347.788575
347.938650
347.966675
348.112425
348.302575
348.387550
348.435225
348.600475
348.857625
348.885100
348.907375
348.927800
349.065150
349.113125
349.146475
349.181375
349.269500
349.295900
349.320525
349.373750
349.401850
349.430175
349.491550
349.550925
349.651150
349.738950
349.921450
350.141800
350.281325
350.304025
350.547575
350.574725
350.674475
350.790725
350.895650
351.045250
351.071650
351.109125
351.163650
351.311875
351.331975
351.371900
351.427750
351.493500
351.543675
351.775200
351.812225
351.904125
352.180650
352.363325
352.387725
352.439950
352.496975
352.575800
352.674475
352.765425
352.931525
353.166450
353.189425
353.250250
353.283100
353.495225
353.807500
353.908400
353.986250
354.022200
354.126600
354.154950
354.182350
354.240200
354.279925
354.302525
354.339650
354.459200
354.599275
354.666025
354.716375
354.922925
355.005975
355.033975
355.069175
355.181975
355.244675
355.422600
355.457775
355.501100
355.565775
355.589550
355.785900
355.807150
355.911225
356.005975
356.039375
356.118050
356.243300
356.272975
356.307700
356.338200
356.405200
356.441075
356.574850
356.604200
356.747625
356.782600
356.855875
356.888300
356.930450
357.061125
357.160950
357.288400
357.312025
357.338000
357.494225
357.554750
357.640100
357.905200
357.996775
358.028300
358.164425
358.255850
358.349650
358.706425
358.750275
358.970075
359.012700
359.226550
359.309375
359.448275
359.501550
359.543350
359.578850
359.698800
359.728675
359.754675
359.835900
359.997250
360.022250
360.178025
360.194375
360.235650
360.295475
360.548200
360.601975
360.634300
360.765000
361.066675
361.105625
361.218600
361.257450
361.321175
361.359050
361.527700
361.558950
361.590925
361.729925
361.761850
361.788375
362.035100
362.153600
362.185700
362.215550
362.269925
362.379800
362.452600
362.693725
362.871325
362.965125
363.033450
363.055275
363.068450
363.113850
363.161525
363.374950
363.404425
363.466650
363.560175
363.623700
363.656350
363.711725
363.814275
363.827500
364.026300
364.058350
364.110450
364.140800
364.178250
364.260300
364.412200
364.607300
364.641475
364.727050
364.759475
364.912775
364.980150
365.073075
365.113650
365.180725
365.458650
365.469350
365.483975
365.627050
365.775975
365.862400
365.980650
366.028450
366.073475
366.174075
366.258025
366.313500
366.679000
366.731250
366.806975
366.821525
366.864175
366.908900
367.066300
367.113775
367.164475
367.228125
367.260500
367.344775
367.365075
367.460675
367.481550
367.511400
367.583725
367.725575
367.759825
367.805025
367.812275
367.876450
367.907550
367.943725
368.231700
368.260225
368.275350
368.344325
368.570275
368.931900
369.068800
369.136500
369.160175
369.180000
369.278825
369.463350
369.510900
369.633425
369.718125
369.781475
369.812925
369.917900
369.938750
369.965000
369.985900
370.162000
370.267025
370.320350
370.374200
370.512900
370.565325
370.590600
370.613850
370.666350
370.717325
370.789975
370.812575
370.820525
370.976475
371.010975
371.063175
371.185350
371.217100
371.286575
371.414300
371.437125
371.525675
371.758350
371.768275
371.808725
371.826725
371.873725
371.888850
372.075750
372.304925
372.459225
372.507975
372.535625
372.564575
372.627325
372.731875
372.829000
372.885375
372.971575
373.025325
373.046700
373.064950
373.148725
373.157250
373.256700
373.384525
373.396850
373.444225
373.580975
373.747850
373.762725
373.771625
373.784200
373.799475
373.846250
373.865750
373.923125
373.996150
374.014450
374.147350
374.256150
374.323625
374.381750
374.546350
374.620600
374.791525
374.889725
374.946650
374.990350
375.086425
375.100350
375.161375
375.245150
375.269425
375.360325
375.398500
375.409325
375.716275
375.795025
375.894550
376.057925
376.063950
376.094275
376.157125
376.176975
376.284725
376.316725
376.322675
376.339700
376.467975
376.567475
376.715550
376.843175
376.877625
376.898125
377.056325
377.266650
377.577075
377.586650
377.606175
377.645325
377.690825
377.760575
377.817950
377.949075
378.048000
378.068550
378.090850
378.210500
378.320750
378.467900
378.599825
378.628700
378.658575
378.682525
378.713025
378.736500
378.781575
378.832700
379.119100
379.170325
379.401050
379.416225
379.660450
379.902900
380.814150
380.959400
381.314075
381.336450
381.346100
381.368200
381.418775
382.209775
382.222325
382.451450
382.570275
382.778700
383.026600
383.090400
383.109300
383.742925
383.783875
383.799900
383.857575
383.889700
383.996400
384.042925
384.070900
384.090650
384.230450
384.245625
384.269850
384.290225
384.323225
384.343100
384.394475
384.649100
384.781675
384.851475
384.996450
385.014675
385.168925
385.249125
385.449425
385.477650
385.536850
385.982100
386.032600
386.113900
386.153275
386.166000
386.260350
386.288500
386.323175
386.341375
386.402050
386.550675
386.674575
386.832450
386.857825
386.955425
386.989600
386.994900
387.037175
387.091000
387.173150
387.193925
387.293325
387.308025
387.379025
387.463700
387.508300
387.557875
387.834725
387.923225
387.945925
388.020300
388.043000
388.100925
388.189175
388.213950
388.264050
388.334575
388.448950
388.546825
388.582325
388.623675
388.638125
388.697850
388.719850
388.772475
388.823000
388.874075
388.905325
388.944400
388.975450
389.040775
389.122325
389.171925
389.393825
389.423675
389.484875
389.510675
389.718625
389.855950
390.043275
390.188500
390.224225
390.311875
390.342825
390.383000
390.411850
390.482300
390.505725
390.600850
390.653825
390.713725
390.754950
390.780425
390.949575
390.988275
391.015700
391.173525
391.226325
391.259250
391.292825
391.422325
391.444650
391.494525
391.748225
391.786750
392.014850
392.050175
392.289025
392.321150
392.358675
392.395575
392.499575
392.689150
392.761850
392.857525
392.919050
393.085525
393.158050
393.215075
393.272450
393.443875
393.482350
393.510725
393.567950
393.630650
393.771225
393.845275
393.905575
394.016950
394.121050
394.287850
394.364600
394.482950
394.537100
394.594925
394.681125
394.788800
394.869300
394.946700
395.383850
395.432925
395.471825
395.485800
395.505400
395.534000
395.619400
395.634125
395.841425
395.891200
395.934500
395.945450
395.958025
395.983875
396.055350
396.072150
396.140850
396.253750
396.418000
396.456725
396.538275
396.612625
396.631000
396.711125
396.815100
397.054100
397.126500
397.153375
397.274975
397.359525
397.398400
397.426275
397.456375
397.499025
397.526650
397.548150
397.609075
397.651325
397.744175
397.813375
397.849000
397.957700
398.073325
398.176175
398.200225
398.351575
398.415050
398.492600
398.515875
398.537550
398.584150
398.659050
398.728525
398.789550
398.812125
398.833675
398.908575
399.008550
399.175150
399.337200
399.384650
399.410075
399.462475
399.603425
399.631200
399.731375
399.751425
399.858750
399.888650
400.117550
400.153600
400.196400
400.299900
400.357300
400.494700
400.533225
400.561275
400.620750
400.654950
400.694400
400.752825
400.783500
400.838050
400.865925
400.940550
400.991550
401.044850
401.137250
401.250450
401.287775
401.331400
401.446150
401.482400
401.509800
401.900700
401.922525
401.949850
401.967550
401.986750
402.010075
402.199325
402.216850
402.261625
402.281275
402.405050
402.428750
402.481975
402.751950
402.953550
403.041025
403.147775
403.314575
403.377175
403.413450
403.439475
403.567400
403.602375
403.632375
403.721975
403.733500
403.897700
403.968725
404.019900
404.050825
404.140650
404.286925
404.356575
404.381625
404.439675
404.613100
404.693575
404.722225
404.779975
404.820375
404.871550
404.971800
405.035875
405.066450
405.113450
405.178275
405.241925
405.278675
405.370725
405.432975
405.496900
405.551350
405.612500
405.643000
405.752950
405.774550
405.829875
405.927000
405.992925
406.157850
406.186150
406.235125
406.295025
406.378275
406.409925
406.464375
406.658000
406.693150
406.907200
406.935350
406.962075
406.990650
407.052850
407.084475
407.164275
407.280575
407.350175
407.375900
407.610225
407.670800
407.762600
407.788750
407.819400
407.844450
407.928725
407.953300
407.991100
408.025500
408.099100
408.258925
408.329650
408.430950
408.542350
408.574125
408.609650
408.730150
408.759100
408.792625
408.822775
409.115225
409.146750
409.203400
409.286425
409.339375
409.364025
409.430450
409.480075
409.512325
409.571125
409.620200
409.651075
409.784725
409.810750
409.886325
409.929625
410.044650
410.079750
410.133975
410.191850
410.265325
410.307900
410.350325
410.399925
410.451625
410.515850
410.575100
410.629450
410.656475
410.743150
410.771975
410.826375
411.093875
411.181525
411.280025
411.341075
411.487950
411.553550
411.572675
411.634700
411.879700
411.948675
412.056750
412.159800
412.218700
412.274800
412.333600
412.378250
412.519325
412.641300
412.666025
412.719525
412.835675
412.864450
412.963125
413.005425
413.084075
413.148825
413.248775
413.257525
413.281775
413.320150
413.395300
413.446450
413.482650
413.662850
413.700275
413.749225
413.791550
413.984250
414.115075
414.253400
414.288975
414.295725
414.411100
414.453625
414.466225
414.509300
414.539250
414.592650
414.799450
415.010775
415.025100
415.075525
415.103600
415.243400
415.267500
415.289375
415.350725
415.479450
415.573600
415.733950
415.830675
415.838900
416.091050
416.272475
416.355450
416.419225
416.634575
416.700700
416.764975
416.988875
417.260725
417.324850
417.381175
417.407650
417.443350
417.563250
417.594250
417.669175
417.708875
417.761675
417.792175
417.958600
418.099300
418.184250
418.204050
418.225300
418.245050
418.409150
418.445525
418.463125
418.478700
418.510125
418.593600
418.661525
418.678850
418.693900
418.826950
418.989850
419.028000
419.037900
419.069350
419.129775
419.247250
419.265000
419.433275
419.462950
419.573625
419.778075
419.798400
419.849450
419.911100
420.082275
420.102700
420.211850
420.275300
420.400725
420.429775
420.458800
420.523675
420.551250
420.637475
420.856275
420.887400
420.950525
421.020550
421.174675
421.229100
421.256625
421.338825
421.602350
421.689475
421.830250
421.871825
421.901425
422.207800
422.371300
422.485650
422.504100
422.521225
422.638600
422.677775
422.706525
422.738000
422.754525
422.833650
422.876900
422.916200
423.018250
423.206400
423.401025
423.410250
423.510475
423.564375
423.589300
423.631275
423.774125
423.855775
423.905650
423.928100
423.952075
423.981300
423.988775
424.010400
424.203275
424.267025
424.284600
424.301975
424.456550
424.638125
424.786700
424.958700
425.030750
425.062475
425.205250
425.256450
425.459350
425.477850
425.527300
425.569675
425.585200
425.657725
425.674050
425.733350
425.904875
425.918125
426.008725
426.083525
426.211025
426.326225
426.356450
426.378900
426.621475
426.791825
426.879525
426.968925
427.041600
427.155575
427.266525
427.306800
427.504075
427.554425
427.624875
427.660325
427.711425
427.732100
427.838625
427.907050
428.005975
428.310975
428.515575
428.604850
428.657800
428.676075
428.705250
428.880825
428.907750
428.927450
428.954825
429.028500
429.156975
429.211625
429.358075
429.491125
429.704350
429.786475
429.862550
429.906175
429.917350
429.935750
430.010250
430.029975
430.078025
430.255475
430.309450
430.380775
430.526950
430.585900
430.685300
430.754125
430.811925
430.821250
430.910075
430.988775
431.137475
431.158850
431.212525
431.255300
431.310125
431.416275
431.572025
431.603775
431.704500
431.729875
431.878900
431.990175
432.054525
432.155525
432.217625
432.233025
432.269075
432.405650
432.439325
432.458150
432.554175
432.661075
432.788625
432.844450
433.046275
433.126925
433.184600
433.210275
433.235550
433.262900
433.404350
433.485125
433.545475
433.672950
433.767075
433.921950
433.959225
434.049425
434.078750
434.107700
434.140450
434.276850
434.313425
434.350050
434.381525
434.406950
434.459975
434.524325
434.623500
434.779900
434.830525
434.925625
434.954500
435.099575
435.132325
435.200825
435.254325
435.489425
435.569825
435.705325
435.764450
435.878375
435.945375
436.002475
436.084375
436.392675
436.490425
436.645350
436.674425
436.893925
436.925025
437.037175
437.059775
437.088650
437.188325
437.249400
437.284250
437.489525
437.517475
437.545150
437.716850
437.831000
437.885475
437.915175
437.942425
437.970625
438.080375
438.192900
438.219075
438.304900
438.331400
438.422275
438.504050
438.714150
438.745175
438.803575
438.913225
438.973700
439.054250
439.088225
439.168450
439.192225
439.225800
439.649425
439.881525
439.911450
439.945950
440.136925
440.192300
440.260650
440.365725
440.469975
440.683400
440.699950
440.765750
440.828775
440.894725
440.914850
440.968150
440.989175
441.028475
441.053475
441.100950
441.148600
441.297375
441.320750
441.411150
441.468950
441.558000
441.812675
441.852525
441.873525
441.954650
442.079950
442.237750
442.322775
442.351425
442.374525
442.407375
442.439350
442.488325
442.522350
442.551275
442.578950
442.630400
442.883025
442.901225
442.961625
443.063675
443.168750
443.222825
443.268825
443.345750
443.399575
443.420700
443.504525
443.536925
443.617875
443.698100
443.782125
443.996350
444.111100
444.362600
444.441475
444.509875
444.579650
444.626600
444.679250
444.775575
444.993925
445.064750
445.388225
445.412750
445.454325
445.605125
445.679350
445.772725
445.841400
445.867400
445.892875
445.921625
446.014525
446.048825
446.110625
446.184825
446.332850
446.350400
446.390550
446.415125
446.513300
446.646950
446.677800
446.985625
447.005850
447.320150
447.692300
447.787775
447.848250
447.922600
447.953475
447.987700
448.043050
448.068425
448.155075
448.231950
448.318850
448.395450
448.636050
448.797275
448.825325
448.882975
448.918900
448.942550
449.127025
449.300350
449.333775
449.388575
449.415075
449.445825
449.604050
449.652575
449.835075
449.879550
449.940800
449.959600
450.043350
450.107525
450.132275
450.170550
450.209675
450.411400
450.435925
450.481450
450.611425
450.725300
450.811675
450.877225
450.897425
451.019300
451.084075
451.234200
451.346625
451.471725
451.509350
451.565800
451.703000
451.727225
451.799400
451.879650
451.969775
451.992675
452.052900
452.140000
452.173350
452.266675
452.289950
452.324250
452.580875
452.645325
453.198675
453.222375
453.252675
453.382825
453.415900
453.438425
453.494350
453.521375
453.690075
453.713600
453.888150
453.992675
454.053675
454.081500
454.110125
454.161125
454.188125
454.252350
454.284025
454.409925
454.437375
454.469500
454.500575
454.819925
454.892850
454.982975
455.010250
455.240225
455.313400
455.341450
455.491875
455.521525
455.621050
455.659450
455.759150
455.794550
455.827275
455.996075
456.108600
456.143425
456.168575
456.269525
456.299050
456.319825
456.476375
456.494775
456.592825
456.633075
456.735425
456.833300
456.848475
456.878150
456.902325
456.946200
456.977850
457.149775
457.302800
457.367625
457.541900
457.648500
457.759750
457.849400
457.881875
457.997675
458.214375
458.240075
458.299800
458.330325
458.464300
458.488475
458.518375
458.568925
458.796800
458.883950
458.907850
458.930025
458.959625
459.010725
459.044325
459.218525
459.293400
459.330625
459.383875
459.453625
459.496175
459.530900
459.608975
459.706150
459.737600
459.761025
459.917050
459.943775
460.116050
460.248375
460.408450
460.506425
460.566600
460.597250
460.616075
460.667600
460.765200
460.941475
461.043825
461.150575
461.168875
461.219575
461.235600
461.296375
461.402600
461.519350
461.679925
461.715100
461.871825
461.916450
462.198100
462.308200
462.378950
462.407425
462.436500
462.568925
462.704700
462.783750
462.818075
462.846125
462.999125
463.220600
463.247275
463.395275
463.431475
463.470400
463.541725
463.694225
463.751225
463.785175
463.812350
463.918925
463.997650
464.127625
464.184750
464.262975
464.303500
464.329925
464.362975
464.393850
464.469800
464.502175
464.575800
464.641225
464.781350
464.817875
464.850750
464.873200
464.951150
465.077875
465.112400
465.143900
465.213025
465.285775
465.481425
465.581300
465.745575
465.852025
465.921300
465.958825
466.201100
466.227525
466.410550
466.430000
466.500750
466.863325
466.934600
466.956050
467.032075
467.268375
467.293150
467.344550
467.389400
467.414150
467.475075
467.502800
467.562375
467.590400
467.626725
467.960475
467.985800
468.024625
468.091025
468.163500
468.231800
468.264800
468.486950
468.598350
468.648575
468.687750
468.749600
468.811900
468.832675
468.977350
469.089625
469.170350
469.205275
469.231500
469.468925
469.588900
469.906500
469.970800
470.028325
470.077325
470.105950
470.128525
470.193300
470.249325
470.279000
470.313225
470.339375
470.357375
470.448250
470.543100
470.568300
470.657100
470.737725
470.812200
470.971650
471.024975
471.078725
471.113925
471.173375
471.207550
471.424800
471.499975
471.551450
471.625125
471.698050
471.785575
471.917750
471.972225
472.040600
472.157350
472.227350
472.260375
472.309875
472.371425
472.594000
472.617700
472.667050
472.801975
472.826600
472.925375
472.952500
472.982175
473.009750
473.034475
473.073375
473.143400
473.327325
473.351950
473.499375
473.548900
473.587725
473.617625
473.731500
473.952100
474.037875
474.106700
474.133225
474.201075
474.228425
474.260550
474.368975
474.404175
474.566800
474.621575
474.719350
474.788800
474.821225
474.900425
475.053850
475.126025
475.146100
475.253700
475.328600
475.427675
475.499750
475.558800
475.584000
475.650625
475.846350
475.927675
475.960575
475.988250
476.049075
476.087175
476.144050
476.228775
476.255025
476.758300
476.843475
476.879275
476.912650
476.954000
477.188775
477.227650
477.261950
477.324150
477.479625
477.726325
477.760200
477.998250
478.037475
478.120875
478.251875
478.278825
478.306250
478.405200
478.447400
478.485400
478.557350
478.595625
478.660425
478.727850
478.844950
478.946575
478.993000
479.138350
479.280475
479.446150
479.543000
479.573325
479.691825
479.728675
479.959550
479.979550
480.017100
480.094300
480.189850
480.398625
480.426750
480.458100
480.525950
480.560475
480.590925
480.598125
480.613800
480.637100
480.701500
480.732425
480.762650
480.855000
480.923550
480.954775
480.983450
481.124850
481.178650
481.274525
481.326550
481.367450
481.389000
481.410350
481.428150
481.556925
481.664500
481.713325
481.739900
481.803925
481.939075
481.973125
481.990400
482.012450
482.033575
482.079825
482.133100
482.257075
482.307975
482.392050
482.496425
482.600450
482.696225
482.711750
482.798650
482.817650
482.849650
482.977775
483.081100
483.109775
483.200650
483.267900
483.364975
483.499725
483.519275
483.550675
483.752650
483.898200
483.948650
484.105625
484.155125
484.173925
484.365000
484.448900
484.463500
484.511200
484.602375
484.617075
484.704950
484.829650
484.853825
484.896675
484.933450
485.000175
485.058475
485.080075
485.254275
485.277425
485.380725
485.464950
485.482950
485.550950
485.615500
485.703625
485.878025
485.902725
485.961350
485.980850
486.065725
486.122575
486.317050
486.380050
486.463800
486.521125
486.609275
486.633400
486.649150
486.662000
486.720100
486.752825
486.776275
486.836400
486.904300
486.957775
487.004000
487.171100
487.219150
487.296875
487.367600
487.429875
487.454575
487.500550
487.558325
487.605075
487.722325
487.749300
487.767850
487.926525
487.948375
488.030350
488.073900
488.111200
488.203075
488.353975
488.465475
488.529175
488.552975
488.572350
488.651775
488.752775
488.776925
488.849825
488.905350
488.928625
488.955700
489.021300
489.100850
489.152225
489.181375
489.253100
489.268375
489.332950
489.553400
489.569050
489.584550
489.651675
489.719800
489.750675
489.800750
489.880750
489.953550
490.019750
490.100050
490.176775
490.274100
490.301250
490.331000
490.357350
490.406750
490.777825
490.828675
490.897050
490.957225
490.976150
491.105850
491.207700
491.253450
491.297275
491.351100
491.400575
491.461850
491.552575
491.710975
491.801775
491.820200
491.950075
491.959300
492.085800
492.105450
492.155150
492.175700
492.252275
492.302850
492.478675
492.558900
492.669000
492.686000
492.805975
492.928700
493.024100
493.124175
493.189250
493.312825
493.348800
493.365000
493.430800
493.503000
493.550250
493.655700
493.715250
493.746850
493.775250
493.876225
493.932425
494.175225
494.208300
494.270725
494.534975
494.705525
494.727825
494.755675
494.891300
494.924075
495.360800
495.419375
495.537475
495.707675
495.765200
495.910475
495.945775
496.235825
496.258550
496.324575
496.451025
496.486150
496.550875
496.599675
496.633775
496.695800
496.800425
496.911475
497.060750
497.206650
497.237300
497.522000
497.549050
497.581550
497.650775
497.691825
497.762375
497.859550
497.882125
497.971400
498.049400
498.088725
498.118375
498.231025
498.251975
498.362075
498.392575
498.459600
498.737675
498.753900
498.781450
498.832550
498.862900
498.894450
498.963825
498.986750
499.064350
499.123175
499.188975
499.318425
499.444500
499.486150
499.542725
499.581600
499.623225
499.679375
499.789975
499.823350
499.952375
499.983725
500.015900
500.083325
500.114575
500.187975
500.249250
500.327950
500.353825
500.555925
500.702575
500.838800
500.867475
501.056475
501.143850
501.234475
501.289600
501.502000
501.572350
501.661650
501.690450
501.815900
501.863700
501.966425
502.101100
502.185375
502.206400
502.298475
502.329875
502.423800
502.499300
502.528375
502.558150
502.585175
502.653875
503.034400
503.192950
503.214200
503.247500
503.310425
503.338075
503.446600
503.583975
503.611725
503.639125
503.747600
503.774600
503.824900
503.845300
503.892150
503.923650
503.985925
504.013575
504.075200
504.097050
504.124975
504.176600
504.261850
504.498375
504.553175
504.570500
504.636700
504.675425
504.773200
504.793775
504.815825
504.896525
504.927450
505.109300
505.128725
505.358575
505.539625
505.670850
505.901575
505.936500
506.005325
506.037475
506.071975
506.112550
506.189275
506.212000
506.310275
506.338300
506.393925
506.546600
506.549700
506.588050
506.631475
506.663575
506.901700
507.107300
507.128350
507.293875
507.325525
507.357500
507.384950
507.477950
507.515400
507.546375
507.599675
507.680600
507.822075
507.849575
507.878100
508.023550
508.070375
508.160125
508.191625
508.230900
508.288375
508.480200
508.512150
508.529475
508.785775
508.886150
508.990575
509.118425
509.173500
509.202700
509.292100
509.315975
509.348100
509.449200
509.471925
509.495875
509.611350
509.636300
509.715375
509.842950
509.868125
510.042600
510.133600
510.178775
510.280450
510.384025
510.517125
510.742200
510.839700
510.947650
511.015075
511.039725
511.090675
511.119925
511.232775
511.283575
511.384750
511.459525
511.486650
511.517575
511.544250
511.676075
511.883125
511.981125
512.005825
512.186925
512.233575
512.323875
512.491775
512.531200
512.625175
512.773125
512.947075
512.983375
513.095050
513.358825
513.438375
513.548425
513.580100
513.651175
513.812400
513.856550
513.886225
513.985450
514.017775
514.273150
514.348175
514.373100
514.537225
514.571150
514.630050
514.788200
515.027150
515.057125
515.110350
515.139800
515.177550
515.210925
515.306850
515.339250
515.479675
515.579325
515.616050
515.693250
515.759625
516.051375
516.092350
516.131325
516.334125
516.400675
516.441900
516.482425
516.518450
516.582850
516.641000
516.677550
516.780525
516.816225
517.047550
517.109275
517.373600
517.467900
517.491250
517.581775
517.644300
517.790850
517.984100
518.011500
518.033825
518.101050
518.132125
518.290850
518.323375
518.384275
518.499675
518.608725
518.637550
518.670325
518.708750
518.748900
518.828350
518.947100
519.019325
519.157600
519.192450
519.340300
519.442125
519.512950
519.590925
519.632425
519.705875
519.762675
520.115950
520.224950
520.275825
520.302675
520.324400
520.386000
520.428600
520.458075
520.478850
520.674850
520.736275
520.772825
520.801975
520.866550
520.904400
520.943175
521.011400
521.074725
521.106450
521.170550
521.235025
521.338925
521.358600
521.384925
521.436075
521.447025
521.460825
521.482025
521.534425
521.677300
521.709025
521.746825
521.774425
521.802500
521.863775
521.889925
521.999050
522.059275
522.178775
522.319875
522.358575
522.430600
522.554875
522.582725
522.638175
522.668500
522.697200
522.731950
522.832975
522.862525
522.887200
522.917050
522.934075
523.031500
523.056725
523.109575
523.134550
523.164500
523.215075
523.259475
523.286350
523.329125
523.409475
523.504575
523.540525
523.572350
523.585600
523.672775
523.684175
523.723925
523.735175
523.860825
523.945700
523.971225
524.002250
524.016175
524.093275
524.175625
524.223850
524.294225
524.395300
524.423975
524.458775
524.514475
524.676925
524.748375
524.779350
524.811225
524.899200
525.024375
525.302675
525.359100
525.413825
525.494050
525.518650
525.548625
525.593900
525.689300
525.718700
525.786025
525.988325
526.060275
526.215400
526.289025
526.321725
526.365750
526.400125
526.432175
526.466675
526.559850
526.589800
526.700725
526.749500
526.788075
526.827825
526.867000
526.904425
526.984925
527.063775
527.144400
527.235225
527.271200
527.334100
527.408750
527.446025
527.471075
527.536725
527.570350
527.782175
527.922750
527.949300
528.034975
528.145525
528.173450
528.226125
528.379625
528.472600
528.532475
528.594550
528.663575
528.874425
528.954850
529.012775
529.041125
529.083850
529.183975
529.211400
529.395775
529.454250
529.484475
529.522000
529.645450
529.731800
529.884375
529.939300
529.970700
530.181150
530.215825
530.299700
530.327850
530.566950
530.593075
530.829450
530.923750
530.963925
531.028475
531.062650
531.096925
531.244625
531.314875
531.457500
531.699925
531.731900
531.806375
531.841025
531.874775
531.891975
531.994400
532.068150
532.207675
532.279200
532.306500
532.362850
532.460300
532.491575
532.599350
532.620600
532.640150
532.794475
532.857350
532.916100
533.022625
533.052500
533.082400
533.144875
533.244875
533.341500
533.443250
533.468575
533.496875
533.526550
533.771725
533.873175
533.999325
534.102400
534.138550
534.215300
534.274125
534.374175
534.417325
534.451400
534.518975
534.602000
534.635750
534.715175
534.739700
534.773100
534.850900
534.917725
534.947550
535.203000
535.242000
535.374975
535.505625
535.548525
535.606200
535.634875
535.653500
535.673150
535.696850
535.764450
535.797475
535.821575
535.856100
535.885275
535.911950
535.941200
535.974425
536.003275
536.094175
536.126550
536.167875
536.228225
536.257900
536.422475
536.477275
536.654125
536.735575
536.762875
536.778550
536.809125
536.836150
536.885600
536.906375
536.924275
537.054800
537.123625
537.150375
537.321750
537.356100
537.383750
537.406200
537.430825
537.533200
537.653150
537.717650
537.804800
537.859325
537.887050
537.925425
537.996925
538.223125
538.311125
538.340475
538.443500
538.496775
538.601425
538.628200
538.650550
538.701625
538.752300
538.871050
538.988750
539.048975
539.078200
539.095700
539.134200
539.235025
539.266200
539.350000
539.471975
539.772725
539.876325
539.921150
539.976125
540.043675
540.074025
540.138550
540.168575
540.181100
540.211350
540.232550
540.447825
540.486925
540.511600
540.534475
540.637850
540.752250
540.858625
540.965175
540.990500
541.019225
541.049300
541.354725
541.479850
541.518350
541.541825
541.570125
541.595725
541.667625
541.701450
541.851800
541.925925
541.966975
542.036100
542.085675
542.130075
542.183900
542.250550
542.342975
542.422800
542.449925
542.492075
542.554950
542.692875
542.795475
542.869675
542.898050
542.925500
543.278200
543.326875
543.391700
543.504175
543.553950
543.574150
543.596900
543.646000
543.797750
543.864150
543.898075
543.996600
544.011300
544.062975
544.148750
544.169000
544.195350
544.210175
544.301675
544.669425
544.693050
544.744300
544.758625
544.795275
544.813975
544.871400
544.943600
544.992350
545.020300
545.197000
545.243250
545.353850
545.546725
545.622725
545.894375
545.925125
546.108450
546.205775
546.322950
546.364350
546.394525
546.445575
546.550575
546.598450
546.698350
546.757650
546.901250
547.098150
547.151900
547.195425
547.394825
547.469500
547.499550
547.600750
547.620375
547.678300
547.741550
547.778225
547.877850
547.898950
547.916175
547.947200
548.014975
548.096100
548.169975
548.198100
548.222825
548.394875
548.402425
548.458625
548.495000
548.506150
548.528025
548.546825
548.901100
549.069325
549.091075
549.202275
549.397475
549.457050
549.546600
549.745050
549.760600
549.797125
549.905525
550.076925
550.121300
550.225400
550.257450
550.298300
550.356675
550.398000
550.463450
550.511850
550.752900
550.770725
550.814075
550.916750
550.968825
551.075025
551.176625
551.310275
551.646325
551.765650
551.895850
551.946475
552.000000
552.079575
552.119725
552.243625
552.276925
552.345650
552.454675
552.470650
552.489250
552.529900
552.712050
552.773200
552.797875
553.081300
553.119250
553.147400
553.265025
553.393300
553.459525
553.496400
553.636750
553.653500
553.722225
553.739075
553.815000
553.957575
554.005725
554.029875
554.056050
554.138350
554.189700
554.262275
554.288300
554.351450
554.381875
554.413450
554.721200
554.740300
554.758500
554.976625
555.008050
555.098875
555.123025
555.189625
555.258975
555.418275
555.533700
555.568750
555.629550
555.694550
555.724275
555.791875
555.870575
556.007800
556.081775
556.266325
556.377950
556.416475
556.454600
556.479075
556.500725
556.595025
556.687225
556.975100
556.999175
557.054175
557.104175
557.140600
557.285200
557.311375
557.439875
557.476025
557.630000
557.715200
557.936525
558.144675
558.241300
558.345200
558.387650
558.425750
558.526625
558.571450
558.643200
558.687250
558.742100
558.757625
558.831425
558.876900
559.012075
559.043475
559.075800
559.245575
559.271750
559.319550
559.405400
559.494400
559.549200
559.617850
559.811475
559.846950
559.907450
559.936225
560.005150
560.089400
560.141150
560.247700
560.310125
560.336175
560.400700
560.476625
560.511675
560.568925
560.594025
560.620325
560.694450
560.719175
560.750725
560.810075
560.838550
560.854425
560.949175
561.046450
561.068900
561.115525
561.149500
561.206575
561.339600
561.360650
561.496950
561.578775
561.631300
561.699175
561.801225
561.938850
562.042825
562.078175
562.100575
562.241300
562.293725
562.374225
562.500350
562.521850
562.744500
562.799525
562.921550
562.952675
563.070575
563.140600
563.210625
563.380350
563.410725
563.513350
563.759100
563.780875
563.929000
564.005825
564.026950
564.068650
564.127650
564.175300
564.198850
564.225025
564.262275
564.297900
564.329175
564.382475
564.512625
564.672700
564.891825
564.897425
564.904250
564.940750
564.983950
565.030450
565.051675
565.215600
565.269225
565.365950
565.394875
565.440175
565.652475
565.687450
565.737925
565.841325
565.874950
565.904925
565.964575
566.051575
566.088225
566.109975
566.141750
566.179900
566.326350
566.497650
566.550150
566.579100
566.694100
566.717675
566.885325
566.910975
567.031175
567.067650
567.090925
567.218300
567.237550
567.265575
567.363050
567.465350
567.575875
567.603975
567.717100
567.747925
567.809525
567.856225
568.041550
568.071325
568.101400
568.213650
568.342625
568.358375
568.443475
568.496475
568.550200
568.804400
568.837175
568.886425
569.062525
569.095825
569.216625
569.277175
569.305700
569.336825
569.360125
569.386500
569.500150
569.558900
569.626900
569.694775
569.820700
569.869350
569.904475
569.966075
570.022950
570.041400
570.058000
570.074500
570.118000
570.226100
570.398500
570.560100
570.699100
570.724175
570.836200
570.847900
570.944175
570.984425
571.065550
571.213575
571.242700
571.311725
571.517200
571.537875
571.614650
571.711175
571.733425
571.803250
571.826775
571.858200
571.900225
571.934900
571.991375
572.207625
572.261850
572.339550
572.510075
572.546200
572.560350
572.610925
572.698700
572.732450
572.815325
572.911675
573.006475
573.030500
573.065475
573.178800
573.209100
573.279425
573.323925
573.428350
573.462000
573.543150
573.577625
573.698150
573.726200
573.889250
573.922175
573.999125
574.069700
574.095850
574.227275
574.288900
574.316300
574.345400
574.404500
574.434075
574.471675
574.592525
574.610500
574.667900
574.769575
574.800250
574.844150
574.861850
574.903875
574.997225
575.023700
575.135650
575.161675
575.285375
575.339875
575.363000
575.394800
575.457675
575.495200
575.520175
575.598200
575.625325
575.778975
575.813100
575.853975
575.957050
575.999800
576.060600
576.093025
576.162250
576.195400
576.397175
576.428725
576.515050
576.597075
576.627725
576.661375
576.722200
576.754225
576.823775
576.882075
577.008575
577.115750
577.143475
577.206625
577.247225
577.337625
577.392675
577.437600
577.494050
577.564100
577.595250
577.650550
577.713000
577.763425
577.843825
577.867450
577.925025
577.961700
578.034925
578.148700
578.278550
578.413900
578.439225
578.493925
578.528525
578.594800
578.858275
578.903350
578.953850
578.987575
579.107825
579.292325
579.422050
579.539150
579.561550
579.710275
579.853950
580.083800
580.342075
580.464500
580.551900
580.578875
580.613600
580.641325
580.707000
580.764225
580.787775
580.893075
580.939050
580.981950
581.039200
581.070200
581.214700
581.303550
581.332850
581.353700
581.419775
581.479700
581.498600
581.543400
581.642550
581.665825
581.685725
581.768250
581.856000
581.883775
581.988525
582.043800
582.082775
582.115550
582.180425
582.238200
582.343450
582.477550
582.512100
582.546025
582.582025
582.622525
582.654550
582.689425
582.798775
582.829950
582.884450
582.953650
583.050475
583.212250
583.250100
583.291825
583.433925
583.472600
583.490375
583.568300
583.685325
583.721150
583.923450
583.952675
583.971000
584.005150
584.072425
584.125775
584.165375
584.241700
584.265425
584.347375
584.448950
584.511750
584.541700
584.605875
584.824650
584.922275
584.985750
585.074975
585.156100
585.199175
585.230375
585.272225
585.381175
585.471125
585.507175
585.636150
585.675050
585.706925
585.734100
585.760875
585.842425
586.018925
586.172800
586.247000
586.410925
586.594050
586.628575
586.649450
586.676375
586.705950
586.733175
586.777425
586.847250
586.924825
587.016675
587.044275
587.094600
587.240075
587.436925
587.470250
587.512050
587.535425
587.599925
587.632725
587.685725
587.724225
587.742975
587.766800
587.872950
587.895900
587.915900
587.983425
588.002925
588.050550
588.117825
588.134475
588.256600
588.316325
588.436050
588.496875
588.526250
588.552900
588.574625
588.650050
588.683475
588.899850
588.925950
588.947300
588.998625
589.014525
589.039875
589.072950
589.231375
589.249350
589.278150
589.364975
589.435525
589.463550
589.495300
589.665575
589.703500
589.729750
589.806325
589.899850
589.922500
589.959450
589.984375
590.186050
590.210925
590.260800
590.322650
590.350775
590.579100
590.775175
590.860950
590.912825
590.968150
591.096775
591.122800
591.185300
591.217800
591.252150
591.271300
591.355150
591.565100
591.597000
591.628700
591.689600
591.729475
591.766075
591.827725
591.945575
592.033400
592.101900
592.185600
592.267650
592.299600
592.390150
592.519125
592.535775
592.617900
592.643550
592.700500
592.835125
593.059225
593.219575
593.321800
593.365975
593.468225
593.707325
593.763300
593.807475
593.861700
593.983075
594.047850
594.130925
594.159675
594.213925
594.463925
594.495525
594.542150
594.582250
594.661450
594.746850
594.860075
594.893150
594.914400
594.971125
595.029775
595.066825
595.147175
595.211875
595.245000
595.278200
595.494475
595.626150
595.654300
595.674525
595.739450
595.764900
595.795700
595.851700
595.952300
596.055500
596.273700
596.306250
596.340050
596.374275
596.394425
596.413575
596.475825
596.502850
596.577675
596.651825
596.687475
596.865275
596.894525
596.938475
597.001275
597.064600
597.087300
597.149975
597.210050
597.317600
597.381225
597.452000
597.455800
597.609450
597.637000
597.670850
597.704625
597.763000
597.821675
597.923100
597.962350
597.986300
598.014025
598.072350
598.326575
598.417575
598.441850
598.645150
598.736500
598.839575
598.965500
599.162150
599.308250
599.524475
599.605500
599.658050
599.700800
599.784900
599.852825
599.896075
599.928075
600.155825
600.182150
600.215975
600.328550
600.359925
600.378375
600.413775
600.447050
600.603000
600.645575
600.735725
600.852950
600.886575
600.910975
600.944575
601.130425
601.153750
601.178475
601.203025
601.539775
601.645075
601.679525
601.873450
601.933350
602.028625
602.134650
602.157825
602.193375
602.239400
602.339625
602.363425
602.398950
602.480900
602.540675
602.564900
602.594100
602.636125
602.687225
602.743600
602.856725
602.888650
603.044050
603.095075
603.246100
603.314000
603.369825
603.520075
603.666625
603.702000
603.744650
603.820800
603.923000
603.992325
604.069225
604.266825
604.347400
604.369450
604.391725
604.458250
604.472350
604.514850
604.567175
604.594100
604.665725
604.697200
604.754725
604.837275
604.943275
605.023600
605.054975
605.089775
605.111250
605.145075
605.198975
605.216225
605.287500
605.514625
605.538925
605.601825
605.621800
605.641100
605.840575
605.888400
605.956500
606.045000
606.095225
606.135100
606.339475
606.361325
606.392675
606.446275
606.556175
606.887425
606.941825
606.996800
607.097225
607.190275
607.238325
607.296525
607.387300
607.440175
607.493775
607.515850
607.549450
607.646475
607.693275
607.745450
607.843625
607.905475
607.992875
608.002750
608.073625
608.092625
608.266675
608.390300
608.465975
608.493750
608.545075
608.562950
608.690625
608.742800
608.840750
608.852675
608.863225
608.901000
608.940375
608.960525
609.062750
609.117775
609.144750
609.170250
609.213575
609.350000
609.371975
609.470225
609.603100
609.859625
609.901275
609.955725
610.044475
610.088350
610.145200
610.198400
610.269125
610.294050
610.319575
610.391325
610.412825
610.603950
610.690125
610.707825
610.744275
610.792750
611.013075
611.040800
611.251400
611.323325
611.365225
611.420725
611.447250
611.463250
611.557800
611.594575
611.642750
611.804350
611.857700
611.943200
611.997950
612.093075
612.141400
612.158300
612.216550
612.305575
612.340150
612.354150
612.413125
612.436650
612.595475
612.671800
612.698550
612.722350
612.744900
612.841225
613.081975
613.133875
613.167550
613.206525
613.235100
613.262175
613.296050
613.359900
613.558775
613.622250
613.637575
613.670625
613.719275
613.733875
613.915025
613.963025
614.111850
614.146900
614.240725
614.397150
614.540250
614.564775
614.668625
614.732950
614.833100
614.869975
614.893725
615.136750
615.244600
615.342925
615.381700
615.505625
615.553475
615.606525
615.861550
615.887850
615.918800
616.050050
616.263725
616.308150
616.370850
616.491750
616.743825
616.879150
616.933175
617.093550
617.171375
617.257400
617.431275
617.621975
617.645625
617.716100
617.746050
617.877975
618.143925
618.211025
618.241350
618.274575
618.298125
618.326025
618.387250
618.419500
618.476750
618.660025
618.683300
618.889300
618.919325
619.076850
619.181150
619.265825
619.537000
619.560300
619.650375
619.704800
619.757375
619.875200
619.903200
620.000900
620.085325
620.233775
620.261050
620.325550
620.381800
620.407225
620.479200
620.508925
620.601600
620.777550
620.809750
620.874300
621.015700
621.037775
621.127400
621.160450
621.261800
621.313925
621.364125
621.414475
621.447350
621.589350
621.660000
621.685175
621.710675
621.785525
621.828925
621.849775
621.907450
622.057150
622.100050
622.147275
622.171325
622.238300
622.262725
622.291250
622.361000
622.386950
622.441175
622.470275
622.505825
622.604975
622.628275
622.700075
622.808325
622.845725
622.872975
622.896400
622.923850
622.974350
623.063225
623.184950
623.222100
623.250450
623.273250
623.312250
623.335525
623.388500
623.416900
623.452950
623.543400
623.572550
623.739175
623.779225
623.808675
623.843650
623.892425
623.929350
623.953500
623.974150
624.023425
624.078800
624.114050
624.207050
624.236250
624.262575
624.374425
624.411725
624.497725
624.523400
624.550550
624.575425
624.676725
624.699075
624.722625
624.756325
624.819300
624.855375
624.887275
624.917100
625.014850
625.082300
625.479650
625.544050
625.566800
625.625075
625.659975
625.717725
625.768775
625.831900
625.869475
625.901025
625.928075
625.989900
626.015875
626.097000
626.182775
626.228400
626.355675
626.387950
626.534675
626.593025
626.638325
626.714325
626.763850
626.849275
626.886050
626.909500
627.106175
627.136900
627.244975
627.301150
627.322800
627.334800
627.491525
627.511000
627.595800
627.734325
628.110325
628.129475
628.164375
628.190050
628.218575
628.422400
628.456350
628.577750
628.594325
628.625950
628.822400
628.851075
628.881725
628.907525
628.999925
629.027475
629.043100
629.061675
629.277450
629.438925
629.477550
629.596400
629.855125
629.883800
629.904050
629.976900
630.070300
630.097550
630.118875
630.143250
630.221125
630.250900
630.284100
630.334200
630.433350
630.548650
630.599700
630.638325
630.752100
630.820650
630.931675
630.997275
631.089700
631.129225
631.156875
631.202750
631.237350
631.261500
631.366100
631.442175
631.585650
631.671650
631.694275
631.792500
631.858700
631.942175
631.983250
632.091450
632.112475
632.163700
632.198750
632.260850
632.291725
632.323850
632.553000
632.715875
632.765250
632.836700
632.917425
633.011475
633.050450
633.118075
633.151975
633.226550
633.259650
633.293025
633.312650
633.453750
633.495250
633.706175
633.950700
633.978650
634.085550
634.191050
634.220075
634.254725
634.445000
634.478600
634.581500
634.611075
634.638975
634.708850
634.830250
634.902750
634.925400
634.948825
634.986550
635.021900
635.055550
635.244175
635.271425
635.333475
635.431925
635.463125
635.480600
635.560000
635.801300
635.853400
635.889000
636.051525
636.114000
636.319700
636.415725
636.659900
636.684725
636.765650
636.820750
636.864775
636.975525
637.013650
637.220150
637.280225
637.311325
637.422575
637.452000
637.581700
637.632550
637.699925
637.734400
637.893025
637.925650
637.949900
638.005300
638.034400
638.052450
638.067800
638.160125
638.342800
638.403600
638.483400
638.500675
638.515125
638.543125
638.560300
638.606775
638.661075
638.768425
638.812000
638.831800
638.906300
638.920100
638.972425
638.997725
639.027550
639.087450
639.118975
639.193150
639.212025
639.242575
639.277750
639.332225
639.370200
639.466925
639.684425
639.716850
639.736275
639.802600
639.990650
640.104775
640.194800
640.325850
640.480775
640.505900
640.534400
640.587300
640.641725
640.694750
640.714350
640.750275
640.922825
640.954850
640.983875
641.080350
641.199300
641.367275
641.404200
641.520225
641.657000
641.691725
641.850475
641.965950
642.029125
642.071500
642.119025
642.154075
642.234450
642.526150
642.590975
642.668150
642.742225
642.847825
642.909650
643.073225
643.217000
643.250125
643.284700
643.344300
643.413150
643.494625
643.549825
643.610175
643.713550
643.733950
643.847425
643.908300
643.944575
644.043875
644.077150
644.099250
644.204675
644.255325
644.300625
644.327825
644.418175
644.532575
644.594800
644.716025
644.780525
644.817475
644.865250
645.092025
645.117000
645.185150
645.240550
645.274725
645.286025
645.511725
645.571025
645.624075
645.646400
645.685500
645.755425
645.784025
645.895200
645.946200
645.966500
646.014650
646.109400
646.171850
646.236750
646.282950
646.364100
646.384800
646.413375
646.568150
646.594950
646.606925
646.670125
646.744625
646.866750
646.894900
646.925275
646.955575
646.995525
647.025175
647.089225
647.278100
647.303475
647.354875
647.400850
647.425075
647.450250
647.500200
647.599925
647.644875
647.696375
647.755325
647.886275
647.991250
648.025325
648.098050
648.131550
648.161350
648.212525
648.230525
648.258150
648.282825
648.378325
648.424350
648.471350
648.495750
648.524200
648.554125
648.625575
648.769825
648.804125
648.901100
648.923650
649.025075
649.084250
649.247575
649.480850
649.506775
649.568375
649.772450
649.831075
649.868950
649.951650
650.055000
650.099700
650.298500
650.335125
650.460350
650.585175
650.825250
650.911050
651.043925
651.106150
651.127900
651.158750
651.193050
651.323175
651.442850
651.593050
651.621850
651.684125
651.813875
651.980150
652.197975
652.375450
652.401750
652.435950
652.520125
652.606725
652.629300
652.792850
652.877775
652.894925
652.922225
652.984975
653.005400
653.028475
653.126775
653.154225
653.175450
653.225625
653.249825
653.336250
653.371000
653.572575
653.600825
653.640725
653.675650
653.833250
653.872325
653.957600
654.062625
654.101800
654.124725
654.151200
654.175475
654.308500
654.331350
654.365025
654.471475
654.542200
654.578475
654.616675
654.645575
654.677850
654.708700
654.771750
654.840900
654.933000
655.031550
655.111450
655.138425
655.167150
655.339125
655.421950
655.449350
655.483525
655.548400
655.746500
655.788775
655.829600
655.970050
656.000675
656.046925
656.075950
656.112850
656.172525
656.263275
656.340500
656.508700
656.576475
656.617375
656.716100
656.766825
656.845275
656.909850
657.016725
657.086775
657.134000
657.164475
657.268100
657.327125
657.357600
657.456225
657.530025
657.577975
657.609300
657.689725
657.753300
657.829850
657.861075
658.093200
658.181525
658.206650
658.407325
658.602600
658.770650
658.822425
658.877050
658.912200
658.947850
659.009075
659.142850
659.277250
659.311675
659.371500
659.401450
659.516600
659.689900
659.928600
