0.009800
0.054000
0.257700
0.300975
0.345275
0.377100
0.412725
0.440175
0.453400
0.540975
0.648550
0.699200
0.813850
0.838375
0.865125
1.145425
1.205650
1.356625
1.493125
1.519775
1.658650
1.794000
1.808900
1.828575
1.902200
2.086625
2.182200
2.236900
2.465225
2.503375
2.568925
2.599125
2.664500
2.697650
2.727850
2.968050
3.282475
3.297950
3.312625
3.351950
3.471400
3.544750
3.621850
3.662600
3.749200
3.834075
4.082550
4.105100
4.118250
4.136900
4.186025
4.196525
4.352500
4.390175
4.418750
4.484800
4.531150
4.546850
4.586225
4.595375
4.724900
4.757400
4.776050
4.844750
5.056350
5.092200
5.102200
5.114725
5.163650
5.205825
5.242075
5.256450
5.289175
5.302350
5.338125
5.371050
5.524575
5.582675
5.658675
5.687550
5.758025
5.832175
6.103775
6.120075
6.158025
6.509400
6.577675
6.669300
6.680475
6.704225
6.727600
6.778175
6.827450
6.900050
7.037300
7.186725
7.285725
7.333875
7.709900
7.850450
7.882300
7.935075
7.995675
8.015700
8.028525
8.361350
8.412350
8.473225
8.503325
8.557400
8.583400
8.739100
8.753450
8.906350
8.953875
9.056275
9.080650
9.091925
9.160975
9.208650
9.224125
9.274325
9.369650
9.405075
9.447150
9.500425
9.797200
9.994600
10.171825
10.198175
10.283150
10.311900
10.361550
10.377725
10.509150
10.790775
10.866050
10.874725
10.894825
10.927900
10.950050
10.972750
10.983700
11.159950
11.196100
11.336075
11.351675
11.524375
11.754200
11.836675
12.012725
12.105725
12.117600
12.475375
12.505900
12.515400
12.546775
12.604775
12.703525
12.744025
13.004975
13.036325
13.060825
13.077625
13.094075
13.120700
13.191950
13.238425
13.313050
13.448700
13.493600
13.511225
13.617700
13.640700
13.675000
13.721375
13.766075
13.786800
13.905675
13.926000
13.967200
14.195475
14.451500
14.490600
14.639775
14.742250
14.771925
14.818125
14.834500
14.963500
15.033375
15.228450
15.246650
15.268250
15.350950
15.376100
15.439075
15.457650
15.510175
15.661000
15.942025
16.032400
16.118075
16.166975
16.274275
16.367150
16.528050
16.540825
16.580500
16.645050
16.778425
16.794025
16.850700
16.975325
17.075550
17.137750
17.273675
17.335525
17.640775
17.686400
17.777850
17.791850
17.920425
18.167750
18.405125
18.418025
18.426800
18.817800
18.836650
18.901850
19.053250
19.069775
19.092850
19.472700
19.800125
19.837975
19.870375
19.885850
19.917400
20.110875
20.113700
20.171900
20.188025
20.200875
20.234675
20.247025
20.287625
20.497450
20.513425
20.560825
20.634700
20.740400
21.070350
21.110100
21.274125
21.459900
21.543450
21.570500
21.791050
21.881000
21.983375
22.004550
22.021825
22.069875
22.201925
22.326700
22.384050
22.395075
22.412800
22.521100
22.556000
22.603850
22.651300
22.968625
22.983750
23.025600
23.041300
23.068725
23.166800
23.269250
23.364875
23.544350
23.666800
23.715175
23.782500
23.811700
23.891000
23.928100
23.979200
23.989450
24.013875
24.071900
24.089950
24.138200
24.213750
24.244525
24.298550
24.446400
24.458300
24.604675
24.641075
24.731450
24.805150
24.880625
24.930625
25.029000
25.090050
25.179500
25.252975
25.478600
25.536125
25.550175
25.597150
25.635150
25.652600
25.694175
25.881850
25.905750
25.991800
26.047025
26.169200
26.203875
26.238825
26.473400
26.566950
26.582025
26.700450
26.883225
26.912725
26.920575
26.936325
26.999125
27.016700
27.168250
27.237275
27.252600
27.274900
27.356800
27.369000
27.472550
27.493200
27.528500
27.775575
27.875375
28.085450
28.238075
28.555400
28.595575
28.628000
28.666825
28.693050
28.768300
28.899175
28.962025
28.987150
29.044000
29.072425
29.123100
29.140900
29.189450
29.243675
29.272500
29.354575
29.570175
29.650475
29.664525
29.808625
29.855025
29.903925
29.978825
30.000700
30.029700
30.260775
30.315550
30.371625
30.381175
30.392625
30.432200
30.447975
30.460400
30.476850
30.580450
30.663750
30.728650
30.758900
30.774825
30.915575
31.140800
31.155275
31.229425
31.315575
31.350400
31.360950
31.547750
31.568075
31.578900
31.590900
31.647325
31.841100
31.886700
31.937025
32.118400
32.135100
32.172525
32.299200
32.332925
32.366200
32.465500
32.495525
32.547650
32.579050
32.686075
32.713950
32.811900
33.026425
33.118525
33.170475
33.204025
33.302100
33.375375
33.452225
33.592525
33.637900
33.662150
33.674175
33.722650
33.733400
33.755800
33.811600
33.845350
33.858375
33.896250
33.927925
34.090225
34.140775
34.325975
34.355875
34.447800
34.482150
34.494400
34.649100
34.832575
34.845375
35.020425
35.055825
35.084400
35.140475
35.153175
35.226325
35.300975
35.493375
35.581475
35.597250
35.608550
35.765575
35.824100
35.889075
35.957400
36.008000
36.017950
36.089450
36.210025
36.259400
36.296425
36.430200
36.543675
36.559975
36.609350
36.734375
36.747325
36.889775
36.927475
37.028475
37.049275
37.084200
37.293000
37.314400
37.325875
37.334100
37.368200
37.407950
37.432025
37.497350
37.599900
37.644300
37.859825
38.198300
38.248850
38.257625
38.334025
38.377050
38.425000
38.461525
38.633675
38.664350
38.686925
38.699925
38.713325
38.848025
38.914650
38.975100
39.010150
39.012475
39.135225
39.222700
39.244900
39.479650
39.636675
39.645675
39.665550
39.719275
39.724375
39.780100
39.818775
39.908275
39.926200
39.946625
40.010050
40.069875
40.183025
40.293725
40.329625
40.379050
40.406400
40.422400
40.466150
40.602975
40.697600
40.724150
40.760550
40.779950
40.825550
40.891125
40.902000
40.966750
40.994625
41.125975
41.252200
41.287175
41.359375
41.524600
41.562300
41.578025
41.598975
41.633550
41.690350
41.716975
41.744800
41.920475
42.039500
42.056150
42.070200
42.108325
42.124700
42.135825
42.194475
42.225800
42.346850
42.364725
42.397325
42.542175
42.687375
42.756575
42.778250
42.894675
42.922825
42.992600
43.015175
43.070700
43.262250
43.275300
43.329825
43.442400
43.479050
43.494275
43.505450
43.572500
43.667875
43.684925
43.986800
44.052225
44.068750
44.101850
44.174450
44.241400
44.254325
44.293050
44.320125
44.458000
44.476400
44.523825
44.632050
44.760750
44.822325
44.871750
44.888100
44.981600
45.033275
45.106850
45.164800
45.257200
45.269400
45.335025
45.349400
45.358625
45.504975
45.670900
45.727150
45.742075
45.815350
45.839975
45.851700
45.914475
45.941000
45.980200
46.011725
46.039800
46.146925
46.453950
46.469600
46.631850
46.671875
46.696725
46.760025
46.783700
46.822550
46.874325
46.888675
46.944650
46.961250
47.003575
47.281175
47.294475
47.373325
47.436700
47.453500
47.471175
47.504225
47.611550
47.632900
47.655725
47.714925
47.786175
47.816400
48.126250
48.160050
48.233025
48.289250
48.371800
48.409550
48.584350
48.640225
48.679975
48.786975
48.917325
48.952850
49.140575
49.233000
49.246800
49.381350
49.437375
49.483950
49.616775
49.659275
49.686150
49.711650
49.736550
49.762400
49.775950
49.800925
49.823150
49.865500
49.906675
49.987125
50.051250
50.131775
50.297775
50.383350
50.490500
50.507525
50.682425
50.696650
50.807200
50.839050
50.945375
50.968400
51.041325
51.118700
51.131575
51.145075
51.188650
51.202825
51.220175
51.270650
51.317800
51.327875
51.342325
51.420775
51.440275
51.592925
51.634725
51.674250
51.738475
51.792750
51.822900
51.836750
51.861825
51.960100
51.997550
52.226800
52.517125
52.612125
52.697400
52.794125
52.809625
52.878025
52.911075
52.949400
53.012475
53.080250
53.332400
53.447550
53.480425
53.570550
53.593200
53.792200
53.803325
53.872750
53.916700
53.930450
54.184350
54.230725
54.248475
54.254200
54.285325
54.323675
54.339000
54.423900
54.436150
54.606575
54.634475
54.761375
54.953175
55.029700
55.061325
55.074450
55.134175
55.160925
55.179150
55.221650
55.272675
55.360575
55.495800
55.605375
55.657025
55.682950
55.867200
55.903625
55.925275
55.966500
55.994425
56.112900
56.156725
56.167075
56.217275
56.239400
56.265825
56.341050
56.352100
56.660025
56.796825
56.835700
57.064125
57.257825
57.291775
57.304825
57.321325
57.397025
57.413250
57.570650
57.598375
57.609900
57.637775
57.781500
57.835075
57.952725
57.956525
57.966975
58.003800
58.035100
58.187925
58.248200
58.266975
58.352850
58.488275
58.535500
58.580050
58.613525
58.663775
58.901950
59.018675
59.072275
59.115375
59.162500
59.175075
59.229900
59.280775
59.469625
59.546350
59.638275
59.709175
59.718525
59.827750
59.858025
59.872675
59.893125
60.089600
60.116150
60.131775
60.186425
60.201725
60.224625
60.259100
60.308275
60.322725
60.448325
60.522000
60.661650
60.674150
60.745725
60.880100
61.093750
61.117825
61.212375
61.232350
61.319700
61.347200
61.362050
61.389300
61.462100
61.490725
61.604825
61.751525
61.768275
61.785875
61.815500
61.895950
61.970825
61.984400
62.032600
62.060400
62.148100
62.180675
62.389150
62.440825
62.456400
62.523500
62.536675
62.581500
62.668850
62.880675
62.996175
63.040000
63.107775
63.137250
63.169200
63.350575
63.387350
63.438950
63.463875
63.475525
63.545975
63.594000
63.684775
63.760025
63.806525
63.944150
63.977625
64.008375
64.022475
64.150625
64.160050
64.187675
64.196900
64.441750
64.461250
64.525525
64.566775
64.652075
64.667950
64.797625
64.817350
64.832000
64.855025
64.903025
65.056150
65.082800
65.097875
65.124250
65.135450
65.166125
65.184950
65.200575
65.217700
65.275225
65.462775
65.474950
65.499725
65.561050
65.652250
65.800325
65.827525
65.879975
66.011075
66.043425
66.058675
66.094425
66.124750
66.140900
66.159500
66.241175
66.368250
66.443175
66.472750
66.532950
66.670350
66.737400
66.925025
67.026050
67.154825
67.193000
67.323300
67.355525
67.451300
67.582475
67.694000
67.736100
67.758925
67.771525
67.785000
67.810525
67.831175
67.878275
67.931200
68.183125
68.192850
68.203300
68.226900
68.292900
68.386375
68.524200
68.533700
68.686375
68.702825
68.832525
68.869600
68.884100
68.983225
69.046175
69.059000
69.078050
69.102725
69.166275
69.321100
69.373475
69.398375
69.413800
69.430075
69.480875
69.635275
69.735550
69.754525
69.833200
69.868675
69.881950
69.957000
69.973100
69.990200
70.028425
70.205275
70.265550
70.344325
70.384675
70.442500
70.464650
70.474925
70.527200
70.594125
70.606950
70.705000
70.778900
70.831400
70.956525
71.199750
71.291650
71.303775
71.314250
71.365450
71.381575
71.402125
71.413300
71.475675
71.528825
71.577525
71.621700
71.725050
71.741475
71.780075
71.832275
71.842350
71.867950
71.880225
71.974325
72.013100
72.147025
72.211025
72.238400
72.276275
72.396625
72.521375
72.695075
72.724900
72.754700
72.784250
72.818800
72.841675
72.952775
72.963450
73.034725
73.353875
73.365850
73.381000
73.539275
73.721850
73.782125
73.845375
73.928900
73.981575
74.014600
74.055500
74.176175
74.212925
74.230950
74.287600
74.370850
74.510400
74.551725
74.628850
74.659300
74.690875
74.701675
74.771575
74.975475
75.097325
75.128650
75.142300
75.151325
75.169975
75.183450
75.198325
75.218825
75.332625
75.379975
75.428125
75.511400
75.577500
75.604100
75.642825
75.690300
75.821775
75.954400
75.970000
76.033675
76.119825
76.139300
76.165475
76.180325
76.193300
76.207125
76.248750
76.388700
76.444400
76.527700
76.670050
76.738450
76.805050
76.874075
76.894325
76.954975
77.013175
77.033800
77.047700
77.073625
77.106325
77.162925
77.181900
77.199475
77.341900
77.377325
77.391750
77.465050
77.651550
77.742475
77.769825
77.782875
77.797475
77.891925
77.980150
78.069375
78.156900
78.303900
78.372475
78.384050
78.492925
78.501275
78.526475
78.538300
78.635250
78.734025
78.841825
78.855900
78.877025
78.933525
78.948925
79.039825
79.193400
79.297075
79.397200
79.414500
79.443450
79.560375
79.630500
79.659950
79.785150
79.869475
79.891875
79.968050
80.166750
80.188325
80.227725
80.272050
80.332275
80.353375
80.371775
80.457925
80.502325
80.558825
80.574575
80.593650
80.612200
80.650375
80.695100
80.816975
80.837150
80.938125
80.972325
80.988025
81.114950
81.164375
81.189650
81.351150
81.406275
81.543725
81.570925
81.585750
81.655325
81.666800
81.716525
81.732250
81.746900
81.860500
81.885850
81.906750
81.919825
81.957775
82.105725
82.139950
82.221600
82.258700
82.280325
82.310075
82.317225
82.444575
82.464150
82.569375
82.591275
82.810775
82.823400
82.857400
82.886200
82.897125
82.995100
83.010075
83.022175
83.100725
83.120475
83.213525
83.224550
83.255925
83.270425
83.341225
83.354500
83.483525
83.515325
83.547425
83.587975
83.684475
83.713625
83.754075
83.818500
83.870100
83.918500
84.087200
84.089875
84.159750
84.207950
84.222675
84.258475
84.330250
84.379375
84.465625
84.626575
84.796475
84.936825
85.131700
85.159600
85.172000
85.224650
85.237125
85.275625
85.285100
85.295475
85.339250
85.354450
85.515500
85.542650
85.744450
85.809925
85.907275
85.958600
85.997800
86.109225
86.146375
86.178250
86.283800
86.348550
86.409925
86.515825
86.585300
86.603450
86.643300
86.661475
86.686575
86.729650
86.746000
86.771125
86.841475
87.208400
87.226450
87.261250
87.285950
87.330800
87.359000
87.377225
87.421325
87.508775
87.592250
87.620800
87.827550
87.873875
87.887875
87.917275
87.932500
87.959725
87.981400
88.240675
88.267725
88.355425
88.501050
88.558300
88.584025
88.598100
88.652675
88.833750
88.846875
88.869125
88.880475
88.897950
88.944675
88.984725
89.064600
89.203400
89.219825
89.233000
89.251925
89.338925
89.352950
89.397175
89.555025
89.649450
89.703575
89.720125
89.839875
90.006750
90.021000
90.031475
90.044125
90.058575
90.100100
90.173600
90.231075
90.281400
90.370550
90.587850
90.612750
90.656825
90.670500
90.687500
90.701500
90.727375
90.854150
90.874625
90.966050
91.028850
91.040600
91.138175
91.175250
91.204000
91.322750
91.367975
91.448450
91.459350
91.660750
91.685625
91.700350
91.794050
91.806575
91.860950
91.880275
91.958250
91.981925
92.058025
92.318325
92.363475
92.416575
92.480325
92.497200
92.546900
92.561250
92.605775
92.621600
92.639525
92.693625
92.897625
92.922650
93.004800
93.042175
93.331775
93.451225
93.480900
93.503550
93.570950
93.663150
93.676675
93.865750
93.944425
93.971250
94.028400
94.148950
94.374800
94.383675
94.414200
94.433050
94.466700
94.555400
94.577400
94.664700
94.772850
94.856050
94.910425
94.929000
94.980500
95.008000
95.081425
95.125550
95.143900
95.217125
95.235100
95.254950
95.312950
95.366400
95.401575
95.430600
95.447575
95.493225
95.538500
95.594500
95.666250
95.810375
95.913875
95.978450
95.994100
96.250975
96.308325
96.349775
96.462125
96.578725
96.633875
96.652400
96.725825
96.803650
96.860700
96.930550
97.013925
97.037400
97.083425
97.101400
97.126400
97.154800
97.194350
97.240500
97.253075
97.311600
97.394350
97.464125
97.479950
97.500250
97.513125
97.625225
97.640200
97.656725
97.749075
97.846325
97.858550
97.947075
98.166775
98.184900
98.245000
98.357950
98.382775
98.497575
98.538050
98.608525
98.632625
98.720525
98.792750
98.842925
98.875500
99.064400
99.150925
99.216500
99.254025
99.273275
99.288950
99.294950
99.305900
99.375975
99.402500
99.427050
99.470850
99.626250
99.671275
99.796350
99.821975
99.976150
100.181000
100.204150
100.269825
100.285100
100.316175
100.332325
100.390625
100.417900
100.427625
100.638875
100.719425
100.803475
100.808425
100.838975
100.865150
100.977725
100.988025
101.165300
101.372050
101.412050
101.545675
101.563700
101.582850
101.597725
101.634975
101.650500
101.702300
101.794950
101.835425
101.859225
101.955750
102.035775
102.072825
102.102150
102.115925
102.133800
102.216175
102.230150
102.334850
102.392850
102.471250
102.520275
102.551675
102.576750
102.595775
102.660650
102.675750
102.703225
102.718375
102.770700
102.814525
102.827400
102.848350
102.870050
102.892150
102.922875
102.960200
102.986700
103.008400
103.049975
103.081725
103.098675
103.124250
103.144325
103.159425
103.199775
103.213650
103.263475
103.351325
103.390875
103.403450
103.418425
103.428475
103.474575
103.642525
103.666950
103.680375
103.742550
103.760750
103.916625
103.930100
103.976500
104.043050
104.075325
104.089750
104.150225
104.260025
104.298325
104.353400
104.388350
104.518575
104.561850
104.575050
104.600450
104.692450
104.765675
105.093425
105.107100
105.196200
105.222300
105.255450
105.360175
105.442500
105.717200
105.763200
106.020350
106.103150
106.121950
106.141900
106.157450
106.175275
106.234050
106.328300
106.374850
106.465750
106.477975
106.491000
106.501375
106.541000
106.701175
106.731275
106.788225
106.813375
106.881625
106.911425
106.926050
107.016525
107.125525
107.352925
107.412125
107.457850
107.473900
107.489675
107.536275
107.556175
107.566550
107.617075
107.657475
107.753575
107.870825
107.932350
108.015425
108.104525
108.129650
108.157975
108.190750
108.219075
108.340375
108.404450
108.520250
108.537075
108.601250
108.624725
108.649175
108.695375
108.722125
108.767025
108.801325
108.866400
108.894100
108.927025
108.964925
109.011875
109.044725
109.118525
109.278050
109.329600
109.392800
109.432000
109.457500
109.491300
109.532375
109.548400
109.653700
109.702175
109.735675
109.786850
109.873625
109.911875
109.928600
109.943200
109.956525
110.016325
110.123250
110.269075
110.403825
110.459850
110.468900
110.474525
110.490575
110.759025
110.900500
110.925075
110.937900
110.969700
110.984650
110.997325
111.007000
111.097875
111.128900
111.182725
111.293750
111.543050
111.560050
111.583725
111.600725
111.630625
111.667550
111.699675
111.800800
111.816000
111.922200
112.052425
112.069175
112.108600
112.171600
112.192700
112.224450
112.240100
112.253350
112.303325
112.335450
112.422225
112.503000
112.547950
112.580650
112.692725
112.770900
112.958775
112.996900
113.015275
113.039375
113.066625
113.112450
113.230850
113.298300
113.340250
113.359425
113.429100
113.512125
113.556100
113.578125
113.605750
113.689450
113.716150
113.794775
113.811975
113.874350
113.896025
113.920550
113.936050
113.950625
113.977575
114.044275
114.069175
114.271500
114.358425
114.381650
114.402475
114.448225
114.484350
114.545000
114.734625
114.749200
114.763125
114.909750
114.951550
114.984800
114.998850
115.020400
115.040925
115.109825
115.122725
115.147725
115.212400
115.356025
115.554900
115.581700
115.616675
115.679400
115.714400
115.755850
115.808775
115.823725
115.889225
115.947475
116.015050
116.051300
116.069625
116.084425
116.159550
116.221525
116.244425
116.323525
116.364800
116.464050
116.479075
116.497700
116.562725
116.636100
116.789775
116.815675
116.841550
116.917050
116.930125
116.989700
117.143425
117.179250
117.193825
117.217575
117.245375
117.257625
117.277075
117.292975
117.392850
117.506375
117.668225
117.679625
117.698300
117.771450
117.824550
117.840075
117.861525
117.904075
117.916125
117.931900
117.957200
117.969400
117.990000
118.125625
118.202375
118.229825
118.252100
118.278975
118.329025
118.338625
118.464000
118.567625
118.713175
118.729800
118.757850
118.774475
118.815025
118.872300
119.010925
119.089025
119.163425
119.178350
119.263200
119.424750
119.472450
119.577175
119.615400
119.629425
119.645500
119.666600
119.744025
119.762500
119.876300
119.889750
119.905300
120.024450
120.046575
120.110025
120.139950
120.155300
120.166400
120.197900
120.297925
120.312075
120.405250
120.501525
120.614325
120.658300
120.672050
120.688700
120.730400
120.761275
120.788450
120.830150
120.856875
120.875575
120.912950
120.994900
121.031375
121.081700
121.151250
121.292950
121.306075
121.377000
121.391275
121.449900
121.627625
121.707725
121.760050
121.797100
121.820975
121.835325
121.846650
121.900525
121.952725
122.052175
122.084500
122.138400
122.216575
122.252925
122.281175
122.294300
122.369475
122.394600
122.408975
122.418275
122.442275
122.456200
122.473050
122.484925
122.498275
122.575300
122.635975
122.707275
122.775700
122.807875
122.845925
122.923925
123.086000
123.129575
123.140350
123.153725
123.167475
123.198100
123.206750
123.222250
123.240650
123.282775
123.386650
123.449375
123.471425
123.501825
123.523600
123.542325
123.561325
123.779200
123.866750
123.907975
123.942450
123.970075
124.083775
124.132700
124.160225
124.179325
124.197050
124.221450
124.238100
124.275600
124.395300
124.420400
124.496450
124.516250
124.588900
124.610250
124.641750
124.655300
124.694325
124.840750
124.899400
125.025075
125.063850
125.151800
125.170125
125.223300
125.233875
125.433925
125.457075
125.489375
125.507600
125.554700
125.628850
125.702825
125.737125
125.795075
125.836850
125.936375
125.950425
125.984850
126.000950
126.017375
126.032275
126.060950
126.094750
126.131175
126.188350
126.210600
126.236325
126.289375
126.376250
126.434750
126.453125
126.522500
126.548575
126.606350
126.813300
126.879500
127.027725
127.053700
127.070700
127.089050
127.094800
127.138125
127.155825
127.297425
127.350100
127.472350
127.487100
127.509600
127.541525
127.574025
127.611375
127.629475
127.647700
127.685325
127.711075
127.812400
127.872925
127.903950
127.929475
127.975425
128.026000
128.201850
128.234000
128.290175
128.394100
128.434300
128.486350
128.569175
128.614625
128.673775
128.728375
128.742000
128.764125
128.804400
128.949300
129.017725
129.159125
129.212375
129.241975
129.269100
129.331000
129.401650
129.434475
129.501750
129.559625
129.581750
129.601975
129.623575
129.805675
129.876300
129.889325
129.898725
129.912275
130.060325
130.139475
130.254700
130.306625
130.330275
130.414975
130.429050
130.486475
130.521000
130.535450
130.548275
130.654525
130.863575
130.879800
130.900300
130.913700
130.943650
130.963475
130.993975
131.006575
131.080475
131.306175
131.319200
131.331975
131.345575
131.357025
131.372525
131.386275
131.415650
131.453275
131.465800
131.492975
131.721725
131.851100
131.862175
131.876700
131.917150
131.967225
132.010450
132.038225
132.064300
132.093675
132.124075
132.233175
132.363350
132.447375
132.502950
132.546000
132.568325
132.582300
132.612750
132.627200
132.636500
132.678725
132.694825
132.725550
132.740025
132.892375
132.921050
132.936300
132.978800
133.042900
133.054675
133.085500
133.146400
133.252825
133.303300
133.329625
133.357500
133.372400
133.399475
133.454050
133.476750
133.489925
133.562575
133.576625
133.859975
133.935225
133.962125
134.017950
134.225450
134.254050
134.282825
134.311950
134.330350
134.350900
134.433300
134.467825
134.565125
134.588850
134.615675
134.745075
134.868725
134.879950
134.896075
135.020825
135.053825
135.074700
135.128525
135.180650
135.276575
135.310625
135.403425
135.434725
135.447600
135.483275
135.498175
135.512700
135.529250
135.632825
135.684700
135.727175
135.775050
135.842475
135.856025
135.869425
135.884650
135.903350
135.915400
135.942625
135.960850
135.978500
136.038525
136.074375
136.131075
136.154000
136.198225
136.242000
136.263700
136.344450
136.369425
136.418300
136.482675
136.529400
136.555450
136.622500
136.641175
136.671850
136.717225
136.781325
136.790375
136.812375
136.828700
136.917525
136.968150
137.037850
137.075175
137.137400
137.164500
137.247350
137.303375
137.357400
137.375100
137.419425
137.503575
137.611950
137.643175
137.658675
137.717100
137.729950
137.749800
137.762950
137.868375
137.909200
138.164900
138.251275
138.284000
138.298525
138.385150
138.407075
138.494875
138.507975
138.523150
138.541325
138.569775
138.610750
138.665750
138.692350
138.711800
138.768925
138.787625
138.800475
138.821125
138.859900
138.879500
138.951075
138.977300
139.022275
139.154875
139.283650
139.324875
139.377925
139.397050
139.410800
139.428475
139.463750
139.488725
139.539300
139.612250
139.628500
139.672575
139.685750
139.709125
139.862875
139.920600
139.944275
140.001075
140.016075
140.131100
140.187925
140.202250
140.217450
140.239550
140.269850
140.328575
140.346275
140.375250
140.478475
140.745475
140.759425
140.799025
140.842450
140.980925
140.994350
141.022200
141.046700
141.154250
141.224225
141.236525
141.247100
141.311250
141.367425
141.385775
141.423275
141.449475
141.492850
141.543375
141.578325
141.639725
141.741725
141.793125
141.843300
141.892925
141.911250
141.937950
141.959125
142.098350
142.257975
142.283300
142.297175
142.312275
142.353375
142.376700
142.389350
142.405425
142.442675
142.516725
142.551500
142.618350
142.633925
142.649050
142.672450
142.743700
142.767250
142.785125
142.801550
142.927900
142.949600
142.997600
143.212800
143.224675
143.237250
143.251400
143.265825
143.298250
143.331475
143.346100
143.385200
143.426725
143.475025
143.492700
143.513300
143.563650
143.653800
143.677925
143.827925
143.842450
143.911225
143.947700
144.022750
144.180850
144.197850
144.292300
144.336175
144.394375
144.467350
144.601250
144.615900
144.681400
144.693850
144.738500
144.910800
144.949450
145.040525
145.106900
145.120600
145.130325
145.174800
145.187700
145.209950
145.537250
145.600050
145.615300
145.653400
145.686275
145.706950
145.716875
145.732100
145.761125
145.835550
145.849775
145.913100
146.078375
146.149375
146.168475
146.200575
146.254700
146.435825
146.455750
146.478850
146.520900
146.565200
146.590875
146.621225
146.765525
146.795575
146.862750
146.893875
146.941750
147.026175
147.081300
147.166625
147.185525
147.300250
147.334225
147.399850
147.414200
147.429500
147.480000
147.550775
147.565300
147.586350
147.660175
147.678475
147.695650
147.777925
147.804350
147.824475
147.846625
147.942450
147.980250
148.021950
148.102250
148.149750
148.202225
148.241825
148.290400
148.315525
148.330350
148.354825
148.373050
148.472100
148.476500
148.546800
148.607125
148.679850
148.704200
148.714050
148.774450
148.800800
148.813900
148.894175
148.957600
148.969700
148.986325
149.163400
149.244600
149.248075
149.311300
149.324200
149.361300
149.374525
149.447300
149.459575
149.477475
149.503375
149.530650
149.560300
149.582075
149.646750
149.689925
149.833725
149.908625
149.941075
150.073100
150.092575
150.107000
150.119625
150.129300
150.163675
150.172400
150.196800
150.301975
150.326600
150.442450
150.493125
150.514275
150.671100
150.698625
150.750700
150.764175
150.793425
150.818225
150.835150
150.856700
150.898675
151.024550
151.092750
151.150525
151.166325
151.179800
151.240225
151.420525
151.487850
151.522275
151.640875
151.787475
151.824525
151.956325
151.971175
151.985300
152.127575
152.189825
152.239525
152.255750
152.268125
152.281875
152.293175
152.303600
152.318200
152.341350
152.495300
152.572875
152.611575
152.695500
152.752700
152.789700
152.799000
152.857750
152.913075
152.947500
152.991625
153.011375
153.090075
153.158400
153.200625
153.222200
153.267025
153.293800
153.336025
153.349075
153.398700
153.451575
153.472500
153.552275
153.578825
153.629825
153.647550
153.659575
153.756750
153.768475
153.811150
153.822750
153.836050
153.885450
153.921900
154.032950
154.085225
154.161325
154.186475
154.199550
154.238450
154.332650
154.366950
154.386325
154.399600
154.427600
154.440950
154.478025
154.498550
154.618775
154.642125
154.709200
154.897550
154.925550
154.958050
154.970500
155.007000
155.034650
155.047900
155.106750
155.168525
155.217525
155.377025
155.394150
155.422975
155.432700
155.453700
155.468250
155.482025
155.528450
155.558475
155.574925
155.695250
155.867200
155.888525
155.924675
155.954725
155.985725
156.001150
156.033600
156.092350
156.127150
156.140150
156.155150
156.181150
156.218625
156.304575
156.361975
156.435450
156.496725
156.518200
156.579025
156.630725
156.769950
156.848825
156.871700
156.880075
156.895350
156.911550
156.925475
156.941125
156.957050
157.013850
157.086925
157.174925
157.223525
157.329275
157.343850
157.371350
157.438375
157.473825
157.489025
157.531775
157.609500
157.656400
157.676625
157.693000
157.721050
157.812250
157.853350
157.982975
158.024125
158.035300
158.047750
158.063625
158.077725
158.094650
158.115900
158.190050
158.209650
158.330425
158.349375
158.399900
158.431550
158.466250
158.491250
158.521200
158.553625
158.566450
158.594100
158.627000
158.687200
158.777975
158.875850
158.892775
158.907475
158.925100
158.938125
158.951600
158.959175
158.975550
159.033650
159.184150
159.358700
159.413375
159.452000
159.474550
159.544425
159.561650
159.572275
159.594450
159.633875
159.675225
159.785275
159.837600
159.892100
159.916150
159.935925
159.967975
160.016825
160.101200
160.149625
160.231150
160.279400
160.352850
160.393600
160.409125
160.421025
160.442875
160.456800
160.469650
160.485050
160.526600
160.540725
160.714175
160.757775
160.775750
160.788400
160.837700
160.887925
160.903700
161.045725
161.098675
161.157925
161.170300
161.188675
161.208400
161.222000
161.251425
161.520550
161.568150
161.633800
161.658025
161.677800
161.687275
161.700875
161.724750
161.784800
161.801450
161.815725
161.830150
161.904425
161.939150
161.983750
162.003925
162.106325
162.123600
162.138200
162.166225
162.199950
162.245175
162.294000
162.339850
162.363550
162.422100
162.472250
162.486700
162.519725
162.592650
162.608100
162.625425
162.642900
162.672550
162.714075
162.733225
162.761900
162.777875
162.794075
162.808850
162.852975
162.933000
162.977175
163.126950
163.161400
163.192300
163.208275
163.330675
163.433000
163.514775
163.585850
163.603800
163.886325
163.958250
163.985600
164.019400
164.037600
164.081575
164.104925
164.131725
164.145650
164.176450
164.202750
164.259250
164.275850
164.286300
164.295900
164.388925
164.489575
164.584700
164.609375
164.649275
164.688375
164.705800
164.748100
164.766425
164.797750
164.828275
164.842700
164.876350
164.930675
164.980350
165.003875
165.076500
165.115625
165.134225
165.149475
165.168075
165.184175
165.198800
165.245500
165.286150
165.368750
165.411375
165.437250
165.608200
165.640900
165.653475
165.671250
165.718075
165.732375
165.745525
165.758525
165.789525
165.821200
165.840775
165.877450
165.903100
165.968000
165.969900
165.997025
166.008825
166.070350
166.105125
166.150175
166.235500
166.408175
166.422275
166.556575
166.571375
166.585150
166.601900
166.616100
166.654950
166.669850
166.704250
166.722200
166.733925
166.752050
166.844275
166.877225
166.934125
167.046675
167.061250
167.103425
167.124000
167.133825
167.149125
167.167150
167.215450
167.230250
167.252700
167.291450
167.374500
167.531675
167.552050
167.589050
167.595850
167.651600
167.696300
167.724025
167.769900
167.983200
168.003800
168.016875
168.045800
168.081050
168.094825
168.109550
168.287675
168.332550
168.383650
168.429275
168.505850
168.537525
168.569125
168.656375
168.675825
168.720600
168.756300
168.796600
168.944525
168.993175
169.074950
169.088725
169.169425
169.244950
169.276650
169.397200
169.493775
169.546825
169.573150
169.598225
169.616150
169.634025
169.687300
169.699050
169.712225
169.746150
169.795075
169.822775
169.855950
169.874950
169.895950
169.914350
169.954475
169.972850
169.987400
170.160850
170.208900
170.242325
170.260300
170.280775
170.338175
170.370025
170.394925
170.414300
170.458075
170.489300
170.511050
170.533450
170.606575
170.664950
170.687700
170.735375
170.773375
170.786300
170.833300
170.866500
170.888625
170.910100
170.933350
170.956725
170.984275
171.002300
171.044875
171.068400
171.086625
171.120125
171.167700
171.195975
171.211725
171.259925
171.282575
171.318675
171.350800
171.438700
171.479025
171.502675
171.542500
171.603925
171.698925
171.732350
171.751700
171.774325
171.878100
171.892800
171.927125
171.986650
172.035775
172.052900
172.109975
172.222200
172.311775
172.326600
172.361450
172.468850
172.735175
172.815925
172.830450
172.892625
172.953400
173.000500
173.063925
173.151550
173.295250
173.349200
173.368175
173.408650
173.448275
173.485675
173.500325
173.526450
173.562550
173.578150
173.604825
173.618250
173.624925
173.639475
173.684225
173.726900
173.761950
173.789150
173.822275
173.836475
173.854400
173.877000
173.977350
174.022175
174.089800
174.126275
174.190700
174.231400
174.334725
174.378425
174.427600
174.444925
174.530800
174.606325
174.648150
174.668375
174.700525
174.719000
174.791750
174.806100
174.879075
174.915375
174.977175
174.992800
175.045325
175.065550
175.161200
175.178300
175.249250
175.271425
175.291700
175.308300
175.458050
175.632425
175.703150
175.715325
175.817625
175.907875
175.994600
176.007375
176.066250
176.082450
176.097275
176.114425
176.130375
176.167025
176.332175
176.350825
176.443525
176.481850
176.497250
176.540225
176.595800
176.612325
176.667375
176.736750
176.797450
176.904100
176.954025
176.982300
176.998725
177.011800
177.032950
177.170125
177.201025
177.233375
177.419700
177.463575
177.518500
177.690475
177.718950
177.810900
177.928075
177.938775
177.958425
177.978525
178.040625
178.163875
178.180450
178.293450
178.320975
178.346350
178.372625
178.397475
178.531775
178.552925
178.579750
178.692250
178.735600
178.754650
178.801075
178.825875
178.843650
178.878150
178.983950
179.017300
179.028275
179.064925
179.078225
179.115500
179.150950
179.196825
179.208725
179.254575
179.283575
179.500250
179.574800
179.608100
179.701100
179.763375
179.786025
179.805250
179.844675
179.905925
179.950350
179.987925
180.041400
180.125600
180.158850
180.220500
180.236450
180.268625
180.310025
180.364450
180.437225
180.455925
180.478850
180.580150
180.619575
180.658300
180.710850
180.743000
180.790225
180.846850
180.876550
180.933650
180.967850
181.025500
181.114400
181.214650
181.238550
181.270025
181.290200
181.337700
181.345500
181.392625
181.411200
181.445375
181.479275
181.519225
181.560950
181.649650
181.788450
181.803075
181.830575
181.856775
181.870775
181.908950
181.924350
181.943600
182.011400
182.056150
182.173950
182.256025
182.346650
182.361600
182.394075
182.405750
182.489475
182.507850
182.589225
182.825350
182.843475
182.888100
182.910275
182.944350
182.980625
183.029150
183.049325
183.185325
183.220975
183.232425
183.294725
183.350525
183.375150
183.397200
183.466175
183.514975
183.589550
183.615625
183.652400
183.682100
183.709775
183.723175
183.746325
183.818150
183.915775
183.972100
184.025525
184.061950
184.075000
184.089500
184.095575
184.102800
184.119975
184.197425
184.209125
184.364250
184.513425
184.540175
184.714400
184.819500
185.030925
185.054000
185.105875
185.127125
185.141350
185.173325
185.175525
185.188950
185.228775
185.279900
185.324525
185.465000
185.489400
185.517525
185.555725
185.658900
185.675600
185.739625
185.841925
185.892175
185.973025
186.027625
186.039125
186.074525
186.086425
186.096650
186.299025
186.466575
186.492650
186.519350
186.566175
186.574325
186.579250
186.655450
186.671675
186.693825
186.772000
186.812250
186.905900
186.934500
186.974025
187.022575
187.036275
187.064850
187.114950
187.154550
187.227350
187.249900
187.263725
187.408550
187.493525
187.555350
187.581900
187.634450
187.646500
187.668550
187.701250
187.720250
187.745650
187.783325
187.831175
187.850475
187.888875
187.905000
187.928200
187.952325
188.028700
188.062450
188.163975
188.184450
188.240225
188.259975
188.326150
188.340125
188.393250
188.407850
188.511925
188.624025
188.728000
188.758225
188.771750
188.785750
188.786975
188.804150
188.820400
188.867875
188.912675
188.927425
188.988050
189.027275
189.090925
189.115175
189.141100
189.168250
189.231050
189.247375
189.367325
189.382500
189.399450
189.421350
189.441025
189.503875
189.559550
189.579950
189.607850
189.755750
189.795400
189.811575
189.826450
189.839525
189.891675
189.921800
189.969625
190.029075
190.122500
190.162175
190.184925
190.209675
190.259725
190.315050
190.329500
190.361850
190.441750
190.554575
190.582175
190.596875
190.634925
190.712100
190.727775
190.760350
190.786850
190.833125
190.844125
190.854000
190.907100
190.945700
190.958950
191.005925
191.087250
191.198200
191.279875
191.294175
191.314375
191.362350
191.459875
191.479725
191.618825
191.643875
191.681375
191.785750
191.824750
191.831700
191.850825
191.863375
191.878750
191.915675
191.943875
191.968650
192.003150
192.239800
192.300200
192.316250
192.333750
192.366500
192.379750
192.394100
192.410600
192.458700
192.471825
192.500325
192.538400
192.601225
192.665000
192.697175
192.805900
192.901800
193.017025
193.177625
193.194050
193.248300
193.269200
193.291000
193.314975
193.332050
193.382575
193.446950
193.468900
193.519575
193.605250
193.633925
193.695075
193.741425
193.761325
193.777250
193.795225
193.810875
193.867525
193.908375
193.948850
194.059350
194.062250
194.149825
194.165275
194.175950
194.190200
194.206050
194.236700
194.282625
194.349375
194.362375
194.423200
194.441550
194.505325
194.559225
194.576625
194.599400
194.627875
194.659875
194.780525
194.817000
194.843275
194.884025
194.913650
194.966600
194.987550
195.059100
195.074225
195.152100
195.205225
195.223975
195.306675
195.331900
195.412600
195.427375
195.487450
195.567675
195.604225
195.729375
195.751875
195.791475
195.817250
195.860575
196.048525
196.071450
196.117575
196.270500
196.489550
196.592000
196.816550
196.863050
196.878775
196.888850
197.035725
197.111650
197.163950
197.274250
197.294325
197.365375
197.408750
197.421650
197.445800
197.498450
197.540125
197.666350
197.753875
197.775175
197.788425
197.931400
197.987150
198.001250
198.162625
198.178325
198.198125
198.285925
198.303325
198.390950
198.462450
198.477400
198.583425
198.612575
198.627000
198.717250
198.729850
198.748650
198.790675
198.820650
198.835450
198.859250
199.129025
199.144025
199.168825
199.178975
199.294300
199.323225
199.359900
199.375525
199.440275
199.461125
199.476375
199.614200
199.790250
199.834175
199.846900
199.860825
199.912725
200.210925
200.229250
200.271900
200.299150
200.354350
200.364200
200.378250
200.423550
200.465050
200.519525
200.537600
200.577125
200.592975
200.668575
200.684825
200.859200
200.871950
200.893525
200.925700
201.045050
201.129000
201.168925
201.189275
201.218750
201.241650
201.274125
201.322650
201.356225
201.375325
201.399675
201.505600
201.520500
201.591850
201.641275
201.735975
201.758175
201.772325
201.809050
201.840150
201.864975
201.896675
201.914325
201.938350
202.065125
202.069875
202.171000
202.225775
202.355875
202.549850
202.563175
202.580950
202.643800
202.730700
202.767375
202.779750
202.901175
202.967600
203.089350
203.108000
203.151075
203.173800
203.188200
203.192850
203.281050
203.294300
203.316250
203.331925
203.433000
203.456200
203.520625
203.583875
203.596800
203.669350
203.703125
203.721350
203.745275
203.842850
203.912250
203.985875
204.074700
204.086100
204.099600
204.114925
204.251075
204.271700
204.342175
204.367175
204.415875
204.461550
204.524975
204.542275
204.614175
204.638975
204.651125
204.707525
204.723550
204.759625
204.810650
204.828050
204.972275
205.040750
205.075500
205.092400
205.114725
205.173025
205.217350
205.234300
205.267075
205.292900
205.324375
205.455175
205.515650
205.564425
205.580950
205.623600
205.674100
205.698475
205.756300
205.782850
205.808350
205.840875
205.858775
205.879975
205.905375
205.955975
206.007825
206.046125
206.063650
206.098300
206.150250
206.163625
206.260300
206.275250
206.316025
206.391875
206.509225
206.541950
206.588000
206.698175
206.779575
206.844900
206.867250
206.924350
206.987575
207.014300
207.031525
207.047700
207.063000
207.090650
207.134725
207.156750
207.190050
207.201500
207.234325
207.279200
207.399350
207.502025
207.528875
207.559475
207.627625
207.781800
207.809125
207.820275
207.868625
207.900825
207.949450
207.970450
207.994850
208.015050
208.045150
208.086800
208.156400
208.218050
208.232600
208.282150
208.329400
208.376675
208.547275
208.574850
208.682700
208.754725
208.804275
208.850325
208.877575
208.895375
208.935900
208.999725
209.192650
209.240825
209.274775
209.311225
209.389650
209.485325
209.499700
209.512675
209.574525
209.758100
209.770100
209.936225
209.965350
210.012075
210.044950
210.075075
210.101575
210.146725
210.162475
210.242875
210.320600
210.379275
210.461250
210.548650
210.570700
210.636250
210.702950
210.704675
210.800650
210.837925
210.923500
210.961875
210.974200
211.008650
211.017325
211.048800
211.081275
211.103800
211.129875
211.191225
211.235225
211.287350
211.369375
211.385800
211.397900
211.412250
211.514650
211.526575
211.534400
211.581150
211.614275
211.710850
211.810775
211.846775
211.860300
211.879050
211.907375
211.928125
212.060275
212.114175
212.153125
212.252400
212.311825
212.362925
212.379525
212.395550
212.442750
212.475200
212.557400
212.599200
212.655275
212.681850
212.699125
212.720350
212.761500
212.776750
212.817450
212.836625
212.866100
212.876175
212.894125
212.975475
213.267225
213.284150
213.325450
213.379425
213.494675
213.535650
213.621625
213.634800
213.650675
213.676100
213.688325
213.716800
213.757175
213.809275
213.825875
213.839500
213.861050
213.934425
213.969300
214.095950
214.112900
214.127150
214.186175
214.204850
214.291125
214.392325
214.427850
214.525350
214.572475
214.588450
214.609425
214.623550
214.635400
214.646925
214.668925
214.701850
214.775850
214.868225
214.905550
214.958250
214.964275
214.979075
214.996650
215.012500
215.029475
215.063500
215.098575
215.279150
215.299800
215.319975
215.377850
215.545575
215.578425
215.602900
215.654925
215.696825
215.740700
215.809125
215.884725
215.959350
215.979825
216.026200
216.054425
216.072550
216.108975
216.151125
216.162250
216.165425
216.195075
216.437450
216.590625
216.630225
216.659025
216.720575
216.760975
216.790225
216.881575
216.951800
216.974325
216.998850
217.029425
217.052375
217.119750
217.138675
217.214025
217.267650
217.329475
217.347775
217.361375
217.389050
217.445250
217.457575
217.500900
217.531575
217.599600
217.658900
217.849175
217.865800
217.879600
217.942275
217.960325
218.017050
218.237950
218.247150
218.292150
218.321125
218.398600
218.432625
218.486750
218.544800
218.601400
218.707200
218.717675
218.762975
218.808175
218.827700
218.846050
219.058700
219.170650
219.204250
219.231300
219.291350
219.338400
219.378950
219.410100
219.439350
219.458500
219.599825
219.748775
219.840400
219.877200
219.895525
219.918200
219.971000
219.985500
220.040350
220.075925
220.088675
220.161150
220.242725
220.258700
220.295950
220.350700
220.366125
220.374650
220.416025
220.430650
220.443350
220.464525
220.543925
220.561750
220.601100
220.648175
220.681300
220.699800
220.746500
220.787600
220.836300
220.846875
220.857025
220.871475
220.883225
220.908350
220.926150
220.994500
221.011725
221.029650
221.046850
221.076750
221.140250
221.219000
221.237025
221.251750
221.253625
221.285200
221.302050
221.350175
221.372150
221.405775
221.480325
221.522950
221.530250
221.707275
221.720675
221.732050
221.742075
221.758825
221.787275
221.794900
221.807375
221.821200
221.834175
221.848800
221.943700
221.987500
222.002550
222.075925
222.096925
222.266575
222.285375
222.335400
222.383725
222.445900
222.493150
222.524075
222.536375
222.559125
222.634950
222.648825
222.722200
222.942650
222.969775
223.014750
223.031375
223.067150
223.156200
223.221650
223.264025
223.307275
223.329650
223.346200
223.367875
223.434025
223.539150
223.568350
223.642525
223.712125
223.735500
223.772725
223.835075
223.906125
223.972375
223.987150
224.008950
224.172850
224.191350
224.206100
224.218350
224.244900
224.254700
224.296725
224.330850
224.377275
224.413075
224.453300
224.576975
224.595850
224.613100
224.631825
224.646750
224.662650
224.691725
224.711175
224.829650
224.913575
224.992600
225.040600
225.058300
225.141625
225.270050
225.290050
225.305425
225.314000
225.326425
225.347300
225.484600
225.503100
225.520125
225.703375
225.726550
225.787200
225.851325
225.869675
225.908350
225.926450
225.952100
225.968725
225.981825
226.010100
226.144975
226.182075
226.192350
226.236550
226.272425
226.309800
226.335900
226.356525
226.418250
226.435825
226.455550
226.467450
226.488475
226.513375
226.684200
226.736400
226.781525
226.795100
226.818925
226.827375
226.862100
226.896600
226.965400
227.006400
227.035425
227.097075
227.163425
227.194775
227.215025
227.282250
227.319575
227.339525
227.361625
227.377675
227.391725
227.470200
227.504075
227.526050
227.669150
227.706150
227.745150
227.763200
227.795300
227.827125
227.845875
227.865450
227.894675
227.907525
228.026900
228.049275
228.075325
228.119925
228.146250
228.191500
228.217675
228.243450
228.263025
228.277825
228.291975
228.321250
228.379400
228.410000
228.427850
228.455450
228.477625
228.545300
228.613850
228.647000
228.714650
228.738275
228.781050
228.818875
228.865800
228.905825
228.922100
228.961925
228.980525
229.010825
229.027325
229.038250
229.085825
229.097525
229.109700
229.153675
229.182675
229.343025
229.402075
229.459625
229.555000
229.570425
229.590400
229.601150
229.647775
229.679700
229.811600
229.858150
229.875600
229.894400
229.908900
229.961575
229.995250
230.096525
230.154725
230.364875
230.377575
230.401125
230.419550
230.438025
230.456025
230.531275
230.624775
230.675175
230.776600
230.791125
231.002550
231.019650
231.051525
231.078525
231.089725
231.118825
231.137900
231.167175
231.178500
231.216950
231.226850
231.293400
231.329650
231.357875
231.378325
231.414600
231.431925
231.641000
231.685200
231.706825
231.778325
231.798675
231.810700
231.822400
231.854375
231.892300
231.915075
231.930350
231.952625
232.021325
232.081400
232.093350
232.110300
232.202525
232.368375
232.384350
232.430325
232.468425
232.495775
232.511600
232.605350
232.725550
232.738625
232.752475
232.805275
232.821825
232.831900
232.886275
232.891925
232.899625
232.924225
232.943925
232.960675
232.984575
233.033650
233.108275
233.223150
233.257450
233.267075
233.295850
233.309725
233.322500
233.342450
233.368200
233.395650
233.449775
233.575325
233.609300
233.622975
233.641950
233.659075
233.712975
233.738675
233.751800
233.807200
233.816375
233.829625
233.898325
233.947800
233.996325
234.083825
234.102950
234.146950
234.187275
234.222500
234.240675
234.441650
234.510400
234.534900
234.551600
234.592725
234.626225
234.640175
234.679325
234.700325
234.769250
234.914175
234.923650
234.948350
234.961250
234.970500
234.979400
235.092500
235.129800
235.204050
235.258150
235.325900
235.339750
235.367750
235.478250
235.501650
235.548925
235.705825
235.748125
235.776400
235.794275
235.821150
235.874100
236.158150
236.178775
236.193300
236.270500
236.290350
236.323525
236.340300
236.413300
236.430275
236.469000
236.530025
236.552250
236.629900
236.678425
236.758875
236.806500
236.826700
236.851000
236.863550
236.886225
236.899875
236.952125
236.963425
237.073075
237.193850
237.208900
237.247050
237.278475
237.290475
237.300600
237.331700
237.344725
237.354600
237.368175
237.382225
237.392525
237.466650
237.498300
237.522125
237.540400
237.609725
237.663575
237.776775
237.908775
237.935700
237.946175
237.962325
237.972850
237.974075
237.995225
238.021125
238.037800
238.063575
238.079025
238.097950
238.225225
238.246450
238.357825
238.369100
238.440075
238.480350
238.524325
238.541850
238.817850
238.832350
238.852700
238.872050
238.899950
238.943375
238.974200
239.026650
239.065575
239.084800
239.214200
239.278650
239.304850
239.315025
239.328650
239.353150
239.369575
239.381425
239.415625
239.439875
239.454175
239.463225
239.528225
239.751050
239.780525
239.825975
239.856800
239.866750
239.879000
239.893200
239.921925
239.964700
240.171075
240.217825
240.325600
240.352675
240.371100
240.447725
240.480200
240.492350
240.502850
240.550925
240.700275
240.728425
240.744400
240.779650
240.802250
240.833275
240.876600
240.908275
240.987100
241.009375
241.088725
241.129700
241.183700
241.220900
241.244750
241.272650
241.291400
241.322250
241.339575
241.372150
241.421550
241.467125
241.528275
241.591925
241.673025
241.740050
241.830675
241.847175
241.860425
241.875775
241.890075
241.906500
241.930350
241.945925
241.957025
241.969025
242.003000
242.020400
242.063700
242.147925
242.193100
242.242475
242.297850
242.450200
242.462100
242.516500
242.578675
242.673700
242.684850
242.706000
242.755175
242.800450
242.843275
242.863575
242.922375
242.956000
242.968500
243.041325
243.213800
243.321325
243.333975
243.359475
243.449425
243.465350
243.521475
243.576225
243.606075
243.666375
243.723975
243.789500
243.815450
243.916575
243.977050
243.999050
244.031975
244.100500
244.121000
244.158500
244.195150
244.237600
244.280850
244.364075
244.516300
244.623100
244.745400
244.782125
244.800975
244.828350
244.927500
244.965000
245.068200
245.236800
245.275500
245.297200
245.342700
245.356850
245.380450
245.392325
245.424950
245.480625
245.508600
245.541075
245.591525
245.638325
245.850250
245.905375
245.986225
246.003850
246.031450
246.085750
246.182425
246.205150
246.239150
246.263775
246.347975
246.389150
246.417825
246.436875
246.455725
246.484150
246.498700
246.535100
246.591400
246.623700
246.643450
246.702025
246.725300
246.743750
246.843150
246.885500
246.898425
246.952775
247.004475
247.021975
247.111850
247.125125
247.207175
247.224750
247.258425
247.279050
247.316225
247.333975
247.358275
247.386900
247.590950
247.599300
247.613550
247.632075
247.650150
247.666825
247.687050
247.744850
247.944200
247.961050
248.050875
248.067600
248.104700
248.125125
248.235725
248.264925
248.350750
248.363975
248.425750
248.468550
248.595550
248.614325
248.625925
248.639775
248.652650
248.667175
248.749075
248.774775
248.785975
248.860600
248.939775
249.167950
249.191450
249.203525
249.218550
249.251750
249.306150
249.383575
249.462675
249.580075
249.595525
249.624350
249.639950
249.853575
249.893050
249.913775
249.975175
250.025650
250.056525
250.092850
250.115550
250.163200
250.179250
250.290750
250.382275
250.402900
250.494375
250.514075
250.532375
250.681900
250.782925
250.829150
250.861500
250.895925
251.112575
251.121525
251.165600
251.171800
251.173125
251.186500
251.230750
251.349425
251.360125
251.404425
251.422625
251.460050
251.534300
251.602525
251.629450
251.815175
251.830100
251.901925
251.918175
251.950800
251.971175
251.986175
252.060950
252.078850
252.095125
252.108925
252.222875
252.272075
252.293875
252.328725
252.345075
252.407050
252.497000
252.509125
252.549525
252.625975
252.647850
252.710675
252.735450
252.763925
252.797400
252.836425
252.855875
252.867950
252.928050
253.025575
253.051125
253.078725
253.167350
253.229175
253.330875
253.350500
253.371525
253.426050
253.445200
253.510250
253.568200
253.587350
253.691575
253.727425
253.756325
253.780975
253.857650
253.903100
253.941975
254.004925
254.016550
254.030725
254.046275
254.073950
254.094850
254.106225
254.122600
254.139925
254.153725
254.171050
254.222850
254.239725
254.281275
254.293400
254.310750
254.346100
254.382550
254.397900
254.423675
254.458850
254.488750
254.508650
254.522975
254.553575
254.574500
254.669125
254.687825
254.729150
254.772700
254.833100
254.885725
254.948775
254.975475
254.989825
255.030525
255.053675
255.073650
255.155175
255.210025
255.222550
255.250500
255.263875
255.281275
255.336925
255.375300
255.415425
255.488600
255.511925
255.573875
255.655625
255.681900
255.694725
255.705175
255.719450
255.887575
255.918800
255.941475
256.001900
256.017700
256.053650
256.176875
256.189225
256.203225
256.217650
256.231450
256.269650
256.324100
256.361750
256.381400
256.396450
256.435275
256.458375
256.581325
256.595650
256.618750
256.628775
256.657450
256.722975
256.830000
256.883650
256.962700
257.001300
257.060100
257.095400
257.142400
257.198050
257.232300
257.244400
257.266725
257.279375
257.295175
257.312325
257.330750
257.381025
257.402225
257.461725
257.482625
257.500400
257.601700
257.698250
257.713550
257.727775
257.739450
257.819600
257.868725
257.896525
257.933825
257.969800
258.054900
258.156250
258.169675
258.184225
258.202775
258.216125
258.261075
258.267600
258.309950
258.331975
258.343600
258.358100
258.415025
258.555425
258.595925
258.617200
258.748200
258.782975
258.805825
258.823700
258.856900
258.892200
258.911325
258.977775
259.003450
259.123500
259.149700
259.208550
259.241250
259.284900
259.336025
259.382750
259.437075
259.472225
259.557300
259.575725
259.590950
259.607225
259.628600
259.669825
259.715450
259.835300
259.943625
259.984425
260.034100
260.124650
260.169700
260.212900
260.258125
260.344075
260.381950
260.473175
260.507325
260.533700
260.555150
260.569575
260.590425
260.595950
260.605075
260.627925
260.721625
260.737675
260.769825
260.850350
260.871650
260.889000
260.914450
260.930900
261.009150
261.051725
261.093850
261.124425
261.247550
261.309375
261.318850
261.468025
261.510300
261.540400
261.569225
261.629525
261.661475
261.708775
261.812725
261.830475
261.846950
261.862900
261.915425
261.935775
261.976725
262.012825
262.044150
262.125100
262.180775
262.315150
262.326750
262.354650
262.383925
262.442750
262.455750
262.471350
262.516700
262.547475
262.563975
262.578900
262.702650
262.768725
262.791275
262.820950
262.989750
263.067225
263.131100
263.200050
263.281450
263.298850
263.364000
263.395550
263.481675
263.581525
263.596350
263.623225
263.666350
263.762150
263.788200
263.826125
263.867925
263.880575
263.898150
263.913500
263.954875
264.046325
264.063425
264.113375
264.165475
264.239275
264.329525
264.339775
264.358000
264.371750
264.388275
264.413100
264.456675
264.486475
264.491875
264.498650
264.766800
264.783900
264.804375
264.824150
264.880725
264.910025
264.935525
264.950050
264.963575
264.976075
265.011625
265.041750
265.122350
265.136075
265.149800
265.170600
265.198750
265.312950
265.336875
265.385300
265.427275
265.477275
265.532325
265.628975
265.648625
265.705650
265.741050
265.873300
265.899325
265.990425
266.007350
266.020975
266.033225
266.073900
266.097075
266.123100
266.139425
266.166925
266.181025
266.218150
266.240925
266.266300
266.283200
266.348375
266.376300
266.435650
266.584825
266.602300
266.618925
266.638200
266.657725
266.692625
266.707675
266.717775
266.750350
266.777375
266.802000
266.936575
266.965350
267.009300
267.038625
267.114000
267.149775
267.166375
267.180350
267.242925
267.261500
267.294750
267.309050
267.323800
267.459675
267.531750
267.593950
267.634525
267.648925
267.715075
267.745925
267.763025
267.851375
267.879350
267.917675
267.935525
267.954425
267.967250
268.005050
268.057450
268.201775
268.258800
268.284125
268.368200
268.397500
268.419900
268.511925
268.577600
268.591800
268.629625
268.645050
268.655875
268.677650
268.803400
268.835225
268.849975
268.889975
268.942625
268.956475
268.970175
269.015600
269.033100
269.187900
269.211075
269.318800
269.340950
269.353500
269.435525
269.453625
269.625100
269.639825
269.681775
269.717925
269.733000
269.761975
269.772500
269.787050
269.800350
269.813275
269.828950
269.842150
269.862550
269.875575
269.899275
270.042150
270.088075
270.147775
270.170075
270.339225
270.426950
270.464075
270.498625
270.512925
270.526800
270.586950
270.663725
270.679325
270.760300
270.782500
270.813450
270.901650
270.976925
271.002275
271.037675
271.092850
271.125950
271.164400
271.174475
271.202100
271.245725
271.283375
271.336250
271.522375
271.666325
271.704950
271.727500
271.755000
271.767625
271.776025
271.800825
271.820850
271.905700
271.935375
271.980875
271.996900
272.010550
272.031875
272.066375
272.079050
272.095650
272.151575
272.331825
272.362850
272.375375
272.394150
272.484350
272.556425
272.651000
272.720725
272.748625
272.760600
272.791875
272.808200
272.851950
272.894200
272.931525
272.946500
272.978100
273.001000
273.016900
273.206925
273.277025
273.310300
273.407225
273.451425
273.484850
273.532525
273.660100
273.713650
273.720825
273.746525
273.786050
273.826200
273.849150
273.997400
274.043075
274.123350
274.140425
274.157900
274.184500
274.199875
274.241425
274.260150
274.309900
274.325700
274.371400
274.482275
274.507625
274.567525
274.608725
274.621700
274.673625
274.690800
274.735050
274.755250
274.775450
274.791125
274.847950
275.000000
275.020125
275.031375
275.050300
275.080150
275.103875
275.130575
275.142500
275.166100
275.199475
275.315275
275.345800
275.360275
275.607525
275.619125
275.634100
275.650025
275.663550
275.681425
275.692700
275.702375
275.755600
275.782425
275.797375
275.846250
275.891800
275.915575
275.939100
275.981675
276.025775
276.044800
276.097900
276.148375
276.165225
276.234175
276.272325
276.338775
276.356725
276.377025
276.423525
276.454200
276.536650
276.578425
276.598575
276.627050
276.645050
276.737575
276.781425
276.798050
276.856150
276.878275
276.897000
276.914150
276.928300
276.946350
277.004200
277.039125
277.113350
277.127925
277.409525
277.455875
277.576700
277.631575
277.849325
278.023850
278.080025
278.274325
278.359275
278.432475
278.445975
278.465875
278.499000
278.510975
278.540375
278.583350
278.595350
278.670850
278.937550
279.010425
279.031925
279.049925
279.097300
279.125000
279.455425
279.535000
279.611375
279.663825
279.684225
279.707725
279.803600
279.924550
279.941550
280.071375
280.101000
280.160350
280.174550
280.326525
280.396750
280.591800
280.595325
280.612925
280.626650
280.643100
280.709450
280.727650
280.757825
280.771325
280.807850
280.886150
280.929025
280.949700
281.040925
281.055200
281.068725
281.086400
281.199925
281.231775
281.528025
281.549925
281.577000
281.618175
281.667550
281.680450
281.703550
281.747925
281.765600
281.880875
281.922075
281.967400
282.091550
282.111650
282.126700
282.139925
282.157075
282.178025
282.209250
282.225550
282.241575
282.274350
282.284450
282.353750
282.372375
282.425300
282.450200
282.471075
282.511900
282.527050
282.658550
282.702775
282.738100
282.794375
282.854700
282.893850
282.967825
282.996825
283.036025
283.056675
283.075375
283.148500
283.199100
283.266350
283.350525
283.386475
283.433575
283.486200
283.556950
283.570250
283.605650
283.622200
283.699800
283.747600
283.786075
283.908400
284.039500
284.072600
284.092100
284.158525
284.188575
284.207950
284.247300
284.282375
284.323450
284.364025
284.432575
284.484875
284.518975
284.545975
284.599200
284.617425
284.631975
284.698500
284.726100
284.757275
284.818200
284.846750
284.873025
284.885625
285.273800
285.286800
285.325600
285.343500
285.360500
285.398075
285.455375
285.511800
285.551225
285.572550
285.644100
285.783725
285.837350
285.844025
285.873675
285.930500
285.949025
285.971800
285.994975
286.028875
286.054800
286.081000
286.134425
286.149050
286.180650
286.198400
286.208425
286.231125
286.262575
286.278675
286.337700
286.418100
286.463675
286.481000
286.599200
286.662125
286.677375
286.692025
286.711875
286.731975
286.759850
286.774750
286.794225
286.813975
286.928625
286.986375
287.015325
287.029125
287.041375
287.049250
287.063750
287.089925
287.197675
287.227525
287.301250
287.314575
287.354675
287.423300
287.476900
287.606900
287.619975
287.655900
287.670800
287.681125
287.696825
287.740450
287.761275
287.802475
287.838150
287.855550
287.943250
287.985275
288.016225
288.041950
288.241825
288.281275
288.306025
288.313200
288.363950
288.385300
288.438900
288.485400
288.526250
288.609075
288.634525
288.727450
288.754425
288.839150
288.862675
288.877375
288.993700
289.130000
289.145550
289.178850
289.213200
289.229425
289.241375
289.267850
289.319550
289.336000
289.442375
289.487625
289.504375
289.529850
289.541050
289.554200
289.634450
289.684175
289.798100
289.807050
289.833825
289.859900
289.888925
289.922325
289.944800
289.959125
290.011175
290.146700
290.191500
290.253450
290.268000
290.313225
290.366350
290.382475
290.417800
290.486750
290.504675
290.515450
290.533350
290.592575
290.608175
290.636525
290.654425
290.793875
290.844400
290.883575
290.929350
290.930500
290.941175
291.038750
291.090750
291.188550
291.372300
291.419250
291.436000
291.462075
291.495400
291.521950
291.544650
291.684950
291.699000
291.746750
291.766825
291.789375
291.884200
291.915375
291.932550
292.135475
292.170250
292.198675
292.228825
292.259225
292.288975
292.308900
292.336575
292.412525
292.592175
292.674350
292.740400
292.758200
292.772275
292.788025
292.825775
292.886450
292.903900
292.942950
292.975775
293.051275
293.114775
293.276825
293.339225
293.370550
293.405975
293.415500
293.469675
293.484275
293.584225
293.623800
293.699250
293.756025
293.787475
293.804100
293.834875
293.861425
293.872450
293.891925
293.906400
293.958925
293.977775
294.065175
294.109550
294.135450
294.151050
294.175875
294.210000
294.253550
294.296800
294.330300
294.379050
294.405700
294.421825
294.494275
294.534625
294.656350
294.694975
294.711750
294.731475
294.853200
294.903875
294.974375
295.004825
295.026100
295.088275
295.198700
295.294050
295.314300
295.341450
295.360775
295.375050
295.405775
295.438900
295.630975
295.760725
295.811050
295.825200
295.884275
295.903150
295.934650
296.034425
296.050600
296.068600
296.111500
296.259475
296.272700
296.302175
296.318475
296.334250
296.497675
296.514175
296.523475
296.634825
296.787950
296.813650
296.847725
296.866950
296.887400
296.993850
297.022025
297.040050
297.088825
297.107100
297.120775
297.155100
297.195850
297.266525
297.293425
297.404400
297.448300
297.522625
297.565375
297.581050
297.597050
297.610075
297.624300
297.641825
297.656050
297.674850
297.691150
297.712725
297.737750
297.831425
297.867275
297.893575
297.925675
297.946250
298.090650
298.113450
298.169000
298.285350
298.297450
298.384350
298.417350
298.464350
298.500475
298.571175
298.652425
298.670575
298.701975
298.715300
298.749900
298.781325
298.792950
298.858200
298.876625
298.903700
298.921875
298.954450
299.056450
299.132850
299.147575
299.194525
299.210425
299.269300
299.285500
299.328075
299.350375
299.370375
299.372325
299.388800
299.408650
299.427200
299.439475
299.462125
299.489250
299.532300
299.652900
299.668100
299.682375
299.716050
299.728675
299.759700
299.790875
299.848400
299.875100
299.941625
300.005775
300.029150
300.041625
300.058500
300.115575
300.166025
300.246125
300.306575
300.536300
300.551475
300.581575
300.599050
300.618575
300.686850
300.722200
300.797800
300.826300
300.877400
300.902650
300.927075
300.945425
301.052750
301.067300
301.116425
301.148875
301.166875
301.180000
301.194175
301.227175
301.258175
301.309675
301.323425
301.339075
301.374850
301.400650
301.424150
301.454475
301.481875
301.550625
301.579975
301.587550
301.673475
301.701050
301.715025
301.735625
301.757000
301.802400
301.831650
301.853800
301.918100
301.942425
301.973975
301.992525
302.036750
302.077925
302.093175
302.126700
302.145950
302.165225
302.196875
302.437850
302.467750
302.514525
302.527750
302.542750
302.563350
302.613475
302.648550
302.692000
302.840500
302.851700
302.866250
302.899125
302.930450
302.940975
302.971050
303.007550
303.063125
303.082375
303.110700
303.170800
303.203225
303.266050
303.344850
303.377275
303.423225
303.470025
303.509050
303.553525
303.573325
303.588075
303.605350
303.640375
303.733900
303.779150
303.802275
303.818875
303.837500
303.856100
303.874375
303.909150
303.928975
304.014200
304.032575
304.194400
304.208575
304.229100
304.256925
304.277625
304.304625
304.315050
304.336050
304.367625
304.382775
304.435825
304.474025
304.592000
304.639875
304.692775
304.709750
304.721300
304.745950
304.752250
304.767625
304.779175
304.790350
304.859450
304.886050
305.055125
305.071050
305.080100
305.098850
305.114425
305.131250
305.160350
305.175025
305.203425
305.277150
305.313575
305.340975
305.384525
305.442925
305.481275
305.491925
305.524800
305.538775
305.552550
305.566025
305.579600
305.595425
305.647600
305.677975
305.699575
305.765725
305.804475
305.836100
305.852325
305.886775
305.920775
306.029525
306.042425
306.052225
306.062375
306.109700
306.126650
306.141775
306.156950
306.171425
306.188825
306.208550
306.241400
306.295050
306.323600
306.372975
306.397125
306.443475
306.505175
306.542175
306.549750
306.572550
306.600150
306.616875
306.639625
306.660750
306.698050
306.719975
306.749350
306.791050
306.820550
306.866050
306.885125
306.909600
306.926275
306.972375
307.000775
307.024425
307.071900
307.085425
307.179300
307.196775
307.236575
307.268850
307.306750
307.376950
307.411725
307.626375
307.662350
307.729875
307.752600
307.771475
307.787625
307.811675
307.836900
307.857175
307.874325
307.905675
307.963550
307.996125
308.007100
308.025325
308.042750
308.081825
308.133725
308.245650
308.291325
308.332800
308.359050
308.407150
308.432850
308.454600
308.504250
308.527325
308.657000
308.671750
308.717875
308.745550
308.796050
308.817050
308.835975
308.855400
308.870225
308.891775
308.904675
308.914775
308.948650
309.067975
309.103350
309.148900
309.163700
309.182375
309.231000
309.249175
309.264925
309.308525
309.333200
309.360375
309.402125
309.446700
309.468375
309.486100
309.537700
309.588375
309.650725
309.769775
309.809550
309.873350
309.904325
309.937950
309.952525
309.966350
309.981125
309.996875
310.011225
310.035900
310.053550
310.076775
310.173750
310.289975
310.315075
310.326025
310.341900
310.354925
310.370175
310.386375
310.417350
310.430150
310.503300
310.531525
310.557625
310.699350
310.768325
310.845975
310.858350
310.875625
310.905725
310.927925
310.946400
310.979900
310.992150
311.052325
311.085575
311.097675
311.113950
311.133325
311.138500
311.189975
311.205500
311.221425
311.294300
311.345225
311.366850
311.414100
311.439125
311.457375
311.597075
311.635550
311.663025
311.717075
311.791300
311.806150
311.839875
311.855775
311.906550
311.923350
312.073625
312.145200
312.286025
312.324525
312.382800
312.417350
312.467925
312.525725
312.550750
312.581700
312.827700
312.977575
313.172225
313.258500
313.339850
313.406625
313.598325
313.656600
313.780750
313.813850
313.843825
313.933050
314.104275
314.206250
314.245850
314.358100
314.393775
314.619125
314.630900
314.643575
314.654475
314.717875
314.759325
314.774325
314.808525
314.915875
315.084850
315.105900
315.163100
315.223600
315.254375
315.274125
315.306550
315.420450
315.504575
315.530850
315.575925
315.591675
315.643450
315.666400
315.686650
315.740450
315.777425
315.944225
316.041125
316.063950
316.078900
316.148400
316.165225
316.227800
316.255325
316.334700
316.395550
316.414200
316.426600
316.444675
316.460425
316.473575
316.488950
316.509150
316.529475
316.545150
316.752600
316.775900
316.790675
316.810125
316.823475
316.828625
316.856150
316.870850
316.882325
316.906525
316.915300
316.927625
316.959175
316.986450
317.030975
317.163750
317.220300
317.233350
317.289775
317.307075
317.404125
317.491900
317.554550
317.598875
317.610900
317.661575
317.704700
317.748275
317.779225
317.941925
317.989650
318.002350
318.021400
318.033375
318.046900
318.071250
318.088775
318.101675
318.115100
318.211025
318.262725
318.311500
318.339350
318.392125
318.446675
318.462975
318.478000
318.528725
318.544400
318.585825
318.596700
318.664450
318.706550
318.734875
318.768175
318.775225
318.800075
318.911050
319.006050
319.013525
319.031725
319.041825
319.053575
319.068100
319.083850
319.097150
319.106850
319.130400
319.142750
319.169375
319.182425
319.194925
319.232375
319.243225
319.274350
319.346625
319.400650
319.467750
319.531800
319.551825
319.581725
319.638475
319.651475
319.664675
319.683475
319.697425
319.712900
319.727525
319.814900
319.876175
319.891125
319.914250
319.929900
319.944725
319.976825
319.997950
320.103475
320.129300
320.160250
320.349700
320.407225
320.425050
320.477850
320.512400
320.555100
320.561825
320.586900
320.604625
320.621200
320.653350
320.728625
320.766525
320.784500
320.842025
320.942900
321.032950
321.085775
321.105925
321.121475
321.132450
321.136625
321.176575
321.202050
321.315650
321.350725
321.474250
321.504275
321.517500
321.553050
321.655775
321.754525
321.808800
321.884600
321.908125
322.007700
322.084375
322.131075
322.288475
322.327075
322.343000
322.354450
322.416125
322.456200
322.468800
322.531700
322.591750
322.775625
322.794950
322.818850
322.899925
322.954375
323.026850
323.109725
323.135100
323.159675
323.201150
323.219350
323.232925
323.244825
323.311625
323.340975
323.448800
323.479875
323.532325
323.621650
323.650850
323.687300
323.782850
323.870675
323.955700
323.984350
324.007200
324.042600
324.069225
324.093775
324.150100
324.526025
324.657325
324.705525
324.748500
324.853100
324.893475
324.907375
324.923075
324.969025
325.152675
325.172775
325.222750
325.277400
325.485150
325.600425
325.614425
325.626025
325.642575
325.657200
325.673875
325.726675
325.759125
325.866575
325.888625
325.899350
325.929300
325.976600
325.993200
326.010625
326.027050
326.075500
326.089675
326.164350
326.215550
326.230575
326.349225
326.371300
326.430950
326.442025
326.495650
326.510125
326.523650
326.555975
326.633200
326.646275
326.665325
326.711950
326.730800
326.874075
326.951875
326.987450
327.077725
327.142225
327.168050
327.236800
327.330875
327.353175
327.439675
327.563775
327.602625
327.614600
327.655175
327.672700
327.688375
327.733375
327.941050
327.979075
327.986350
327.990950
328.091400
328.127175
328.137100
328.146325
328.155700
328.261800
328.462550
328.475325
328.860600
329.014850
329.043550
329.210325
329.232750
329.283350
329.296375
329.330900
329.343575
329.403850
329.436225
329.486250
329.606325
329.689050
329.751475
329.799675
329.810475
329.864850
329.885675
329.897275
329.910075
329.995625
330.013800
330.075775
330.102150
330.182700
330.203650
330.227575
330.246850
330.369950
330.436175
330.509950
330.525425
330.578200
330.592375
330.614800
330.629650
330.704900
330.758725
330.813575
330.957125
330.997150
331.007150
331.016825
331.040775
331.069075
331.083000
331.093100
331.105500
331.219325
331.265575
331.305100
331.328700
331.395350
331.414100
331.433100
331.447500
331.478325
331.535525
331.610500
331.629000
331.652375
331.680975
331.700650
331.731675
331.748175
331.767150
331.835700
331.857200
331.893100
331.922900
331.936775
331.959550
331.975825
332.055100
332.107575
332.139075
332.164325
332.176500
332.246550
332.267250
332.312225
332.323575
332.334125
332.367625
332.393175
332.409575
332.424125
332.488650
332.524975
332.548600
332.567075
332.645875
332.672050
332.699850
332.714725
332.762625
332.850325
332.870200
332.886225
332.930500
332.959475
332.979275
333.036700
333.059250
333.104725
333.133700
333.151200
333.207975
333.218225
333.267550
333.281925
333.298400
333.309100
333.425450
333.438375
333.454300
333.521500
333.610850
333.627025
333.642325
333.723000
333.747975
333.767450
333.796500
333.835650
333.875025
333.886350
333.893550
333.923125
333.953625
333.993925
334.085950
334.107775
334.153000
334.201975
334.261500
334.286325
334.308425
334.325450
334.379350
334.530100
334.562750
334.579200
334.640900
334.699700
334.720075
334.755325
334.785375
334.842525
334.883100
334.925775
334.981875
334.999925
335.042800
335.078375
335.156400
335.314925
335.368400
335.409275
335.425000
335.442550
335.462675
335.475400
335.489200
335.517075
335.649825
335.681075
335.767300
335.793075
335.878900
335.893975
335.900350
335.917275
335.934300
335.985100
336.010275
336.028200
336.133200
336.192400
336.229650
336.288025
336.334650
336.367150
336.401600
336.413525
336.426500
336.465275
336.483325
336.507350
336.544250
336.580075
336.608350
336.622525
336.638300
336.657750
336.718375
336.773075
336.806900
336.872950
336.941200
337.015325
337.029575
337.070050
337.143175
337.157775
337.172675
337.294425
337.310550
337.371925
337.381425
337.440600
337.470400
337.499600
337.585700
337.660050
337.699100
337.734275
337.785750
337.809200
337.828875
337.844400
337.922900
337.946625
337.965625
337.995625
338.015775
338.065950
338.084175
338.101375
338.128300
338.139525
338.183475
338.199825
338.240150
338.251100
338.266925
338.355700
338.374450
338.569325
338.618300
338.655150
338.668200
338.686100
338.749625
338.762125
338.861600
338.894100
339.060575
339.128650
339.146350
339.166025
339.198500
339.221575
339.245825
339.356875
339.389025
339.411100
339.430825
339.482400
339.526175
339.551175
339.573425
339.590175
339.630650
339.684175
339.723500
339.757575
339.773900
339.806825
339.908075
339.916375
339.928225
339.942475
339.973200
340.003375
340.034300
340.050050
340.150925
340.205450
340.249775
340.294750
340.368550
340.477525
340.502500
340.540125
340.552850
340.567975
340.582050
340.625975
340.661325
340.697050
340.751900
340.796375
340.839275
340.875925
340.956750
340.988325
341.073000
341.152850
341.168775
341.184750
341.188000
341.230225
341.245650
341.313075
341.324550
341.358975
341.389950
341.440525
341.468050
341.500600
341.612950
341.647375
341.716175
341.733500
341.797650
341.812000
341.831900
341.880325
341.950775
341.992250
342.044100
342.081350
342.127675
342.173400
342.318625
342.337000
342.360000
342.439475
342.480975
342.514325
342.547725
342.562550
342.624875
342.759050
342.838775
342.867475
342.905650
342.941225
342.957150
342.993225
343.051350
343.146125
343.171700
343.208175
343.265975
343.306600
343.338025
343.387525
343.470575
343.518800
343.521525
343.589550
343.641725
343.660525
343.682350
343.710150
343.723525
343.756975
343.847250
343.906575
343.933950
343.957050
344.021500
344.044625
344.141525
344.175425
344.196925
344.225025
344.267625
344.295250
344.317650
344.365175
344.399675
344.421100
344.434700
344.502725
344.588950
344.605575
344.632150
344.654475
344.670550
344.704650
344.752200
344.775250
344.807050
344.825250
344.861375
344.896575
344.944275
344.989500
345.010700
345.080025
345.121500
345.150125
345.216500
345.238225
345.393650
345.461075
345.561750
345.574775
345.588125
345.630975
345.638475
345.670650
345.703100
345.828425
345.856275
345.860925
345.947475
345.984125
346.008375
346.026675
346.061025
346.074650
346.169050
346.202300
346.241375
346.298625
346.314650
346.377725
346.395575
346.412900
346.469350
346.521600
346.606075
346.622925
346.640650
346.653750
346.687475
346.715625
346.734800
346.754050
346.770800
346.794625
346.799475
346.848300
346.927225
346.944225
347.019800
347.023450
347.136300
347.182275
347.221750
347.237700
347.304675
347.347150
347.455900
347.551625
347.586950
347.614475
347.670125
347.710975
347.774150
347.958475
347.995450
348.028350
348.046050
348.081825
348.095875
348.131075
348.145775
348.165875
348.177775
348.200700
348.214500
348.291000
348.360800
348.582425
348.606025
348.625300
348.665050
348.688875
348.713800
348.731025
348.741075
348.809350
348.831850
348.849850
348.862700
348.905800
348.925925
348.944750
349.027850
349.073400
349.112275
349.150425
349.190650
349.234600
349.276450
349.291700
349.427425
349.449575
349.488450
349.544625
349.555450
349.595225
349.659750
349.744550
349.829425
349.848350
349.922325
349.939300
350.014225
350.064850
350.137700
350.157200
350.197650
350.250825
350.265475
350.292975
350.328750
350.346800
350.381300
350.404325
350.424875
350.486675
350.721125
350.763025
350.786025
350.802600
350.843050
350.858750
350.877275
350.895200
350.937400
350.970250
351.017325
351.047850
351.072325
351.106725
351.143650
351.163875
351.221875
351.254000
351.269975
351.284000
351.303225
351.311475
351.337775
351.357575
351.414200
351.495675
351.530725
351.569100
351.607050
351.645275
351.648175
351.662125
351.676950
351.691375
351.737650
351.785325
351.932750
352.070075
352.087550
352.146150
352.240650
352.290125
352.315875
352.357875
352.373025
352.383550
352.503800
352.546100
352.580875
352.635250
352.705275
352.721575
352.735850
352.786950
352.941700
353.015950
353.027075
353.047300
353.078225
353.138900
353.190175
353.209450
353.246350
353.268450
353.283450
353.370375
353.389100
353.426275
353.444875
353.468400
353.513125
353.536150
353.557800
353.578050
353.618000
353.633325
353.647900
353.679875
353.702200
353.733000
353.760225
353.872475
353.953450
353.982475
354.012400
354.037750
354.163675
354.181175
354.195625
354.223750
354.246850
354.321675
354.345025
354.361900
354.470750
354.506250
354.523625
354.572150
354.699125
354.714800
354.732450
354.860250
354.892300
354.993900
355.041400
355.104600
355.140750
355.153950
355.163750
355.174225
355.188050
355.208775
355.240575
355.285125
355.314675
355.383025
355.414950
355.433350
355.455800
355.489100
355.499350
355.626850
355.676875
355.747900
355.766000
355.788800
355.812275
355.842750
355.878200
355.898950
355.925475
356.023300
356.114500
356.156875
356.202425
356.223775
356.235750
356.248225
356.266175
356.366125
356.395225
356.428275
356.471775
356.537350
356.601950
356.621700
356.679500
356.721050
356.772900
356.789700
356.834100
356.845375
356.939275
357.014875
357.039075
357.053350
357.062800
357.120925
357.147900
357.227425
357.270150
357.282300
357.398025
357.437650
357.466875
357.478825
357.494050
357.505300
357.600600
357.655525
357.680175
357.700950
357.747025
357.828800
357.940850
357.963950
357.994300
358.094275
358.131450
358.147000
358.199400
358.225675
358.250550
358.271625
358.285350
358.301100
358.327925
358.357925
358.372950
358.453650
358.472350
358.523800
358.552150
358.675475
358.712775
358.805750
358.846000
358.881550
358.918400
358.979950
359.014525
359.036900
359.056725
359.083625
359.108550
359.160300
359.188950
359.203525
359.240750
359.255425
359.286750
359.306075
359.388400
359.416075
359.443950
359.480125
359.495075
359.532750
359.652200
359.668725
359.750050
359.766750
359.900175
359.990100
360.006050
360.048750
360.062250
360.087075
360.108800
360.179700
