# # All spikes for Neuron
0.012150
0.051325
0.083075
0.150100
0.221725
0.327625
0.461900
0.505250
0.546275
0.581425
0.600200
0.623625
0.784000
0.794875
0.918900
1.067550
1.149525
1.186150
1.210900
1.257525
1.305375
1.566350
1.606825
1.710050
1.780550
1.850275
1.885300
1.908600
2.039750
2.099225
2.305300
2.357300
2.391700
2.525150
2.611675
2.667175
2.752300
2.882725
2.923125
3.035850
3.064550
3.138200
3.161700
3.292850
3.331425
3.425925
3.510275
3.546650
3.745600
3.874500
3.939950
4.008750
4.142075
4.370775
4.408625
4.450100
4.515450
4.674400
4.883200
4.946375
5.055800
5.082650
5.159125
5.189700
5.233275
5.340525
5.435075
5.462875
5.821125
5.840375
6.018475
6.064275
6.158025
6.199025
6.252400
6.304600
6.351300
6.375275
6.526950
6.576725
6.626825
6.878575
7.018950
7.061925
7.275475
7.491400
7.522925
7.544025
7.584025
7.608575
7.636475
7.761250
7.775925
7.856875
7.916575
7.978600
8.040600
8.115525
8.182525
8.259150
8.271400
8.372300
8.516100
8.598800
8.608375
8.765800
8.861350
8.932650
8.962525
8.989625
9.017850
9.040775
9.068500
9.088550
9.115325
9.199700
9.235325
9.258825
9.294950
9.362650
9.390300
9.471850
9.549475
9.697350
9.722850
9.756825
9.815375
9.882875
9.923650
9.971300
10.043425
10.074925
10.131050
10.239950
10.342525
10.390875
10.490100
10.526400
10.564600
10.636100
10.647650
10.686000
10.732125
10.797050
10.817050
10.950725
10.972975
11.011100
11.045575
11.068800
11.110375
11.149225
11.284000
11.348075
11.363825
11.383925
11.405725
11.512225
11.569500
11.754400
11.844525
11.894925
11.921575
11.942775
11.980625
12.057575
12.087100
12.112700
12.234500
12.269625
12.315700
12.461325
12.484050
12.522300
12.660175
12.705150
12.810400
12.839150
12.980500
13.016200
13.045600
13.133225
13.297375
13.351350
13.547525
13.567425
13.584950
13.646650
13.726325
13.759325
13.826650
13.878750
13.936525
13.939375
14.019125
14.103525
14.170175
14.203325
14.318525
14.405975
14.441450
14.552650
14.571200
14.588225
14.656350
14.685800
14.737400
14.763750
14.787750
14.804875
14.891075
14.927800
14.951275
14.981500
15.045650
15.074400
15.135425
15.276000
15.433225
15.553650
15.619475
15.646525
15.690175
15.716225
15.737775
15.791725
15.884975
15.964925
16.089400
16.121775
16.226325
16.341950
16.426950
16.453700
16.535625
16.622525
16.654675
16.735025
16.862125
16.942250
16.999475
17.033125
17.071625
17.145650
17.157375
17.203550
17.327150
17.355900
17.425000
17.456575
17.555525
17.655800
17.775100
17.816725
17.854575
17.912250
18.061450
18.083450
18.119550
18.159725
18.194375
18.345825
18.372725
18.452400
18.567075
18.589900
18.652450
18.690825
18.787775
18.830200
18.875050
18.952200
19.031475
19.064625
19.120825
19.267375
19.276650
19.333650
19.406075
19.489875
19.655250
19.735975
19.812075
19.872150
19.884575
19.900025
19.920825
19.998475
20.104775
20.176425
20.267775
20.359175
20.379075
20.521600
20.552625
20.673950
20.762000
20.796825
20.883250
20.952025
21.143450
21.198175
21.243900
21.398600
21.446125
21.603100
21.629075
21.711775
21.732000
21.866375
21.888775
21.966650
22.082750
22.109200
22.282575
22.353325
22.370600
22.376700
22.384975
22.473275
22.552600
22.594025
22.665800
22.762075
23.007400
23.071500
23.093950
23.155200
23.194675
23.276050
23.302375
23.335200
23.343450
23.379975
23.450450
23.485825
23.510800
23.669125
23.731300
23.800900
23.845075
23.914850
24.085900
24.120575
24.260275
24.308500
24.339925
24.425425
24.440650
24.469300
24.524000
24.549750
24.582975
24.602925
24.669800
24.729275
24.766475
24.911250
24.973600
24.984850
25.023225
25.039725
25.116775
25.242525
25.441150
25.466125
25.758675
25.932175
25.994925
26.136800
26.151725
26.234650
26.256725
26.283525
26.397025
26.429500
26.464450
26.552375
26.700275
26.790300
26.910775
26.967325
27.008525
27.033325
27.086600
27.168000
27.198425
27.237825
27.284750
27.314900
27.324000
27.479525
27.564075
27.623725
27.736850
27.800225
27.881900
27.969225
28.245375
28.274225
28.310000
28.431475
28.539425
28.702300
28.765025
28.937525
28.963775
29.139200
29.198275
29.262800
29.431950
29.503525
29.626975
29.762775
29.873700
29.890775
30.040900
30.049000
30.081125
30.094225
30.117900
30.141200
30.164975
30.188875
30.448400
30.465700
30.492425
30.526500
30.609175
30.667200
30.744425
30.759475
30.947700
30.963625
31.018500
31.188250
31.206400
31.224500
31.254525
31.294475
31.368875
31.435325
31.457300
31.526375
31.568250
31.729200
31.806650
31.824625
31.863250
31.879625
31.983975
32.024050
32.092550
32.129950
32.145600
32.168775
32.200975
32.262725
32.362750
32.379850
32.429075
32.485200
32.504600
32.513175
32.555800
32.570675
32.665600
32.698300
32.880750
32.978775
33.140600
33.245925
33.254625
33.446475
33.731900
33.745400
33.808650
33.839600
33.937100
33.970425
34.001525
34.024025
34.063275
34.244200
34.354300
34.358275
34.644200
34.698500
34.710250
34.784475
34.869775
34.917675
34.943875
35.070250
35.152950
35.194875
35.261450
35.289250
35.323875
35.465975
35.634225
35.683975
35.713400
35.828725
35.901375
36.013200
36.092025
36.153000
36.200350
36.254475
36.544525
36.623900
36.654025
36.761150
36.779450
36.801450
36.830175
36.895375
36.911100
36.964250
37.030500
37.065525
37.124300
37.150675
37.169525
37.307500
37.344425
37.423300
37.454525
37.509700
37.556350
37.614475
37.681525
37.706150
37.747575
37.825650
37.844975
38.007600
38.065350
38.126575
38.307775
38.356500
38.412950
38.551450
38.583050
38.679375
38.709125
38.741425
38.780075
38.816375
38.880750
38.920950
38.924975
38.992975
39.018225
39.077525
39.114725
39.192525
39.281875
39.320275
39.342700
39.428925
39.463925
39.485975
39.521075
39.537200
39.612475
39.713000
39.795000
39.859625
39.903800
39.998225
40.034950
40.101250
40.154700
40.291900
40.351275
40.468375
40.580225
40.716125
40.751800
41.019275
41.045750
41.127625
41.165725
41.233150
41.326800
41.501325
41.513175
41.549575
41.716250
41.762600
41.837375
41.861575
41.900225
41.962250
42.070300
42.090925
42.140825
42.215150
42.246950
42.310800
42.516300
42.566150
42.620825
42.696750
42.719825
42.868125
43.049575
43.093425
43.134300
43.184950
43.227775
43.376325
43.409700
43.468600
43.602825
43.624450
43.688775
43.762500
43.883325
43.939700
43.996375
44.086550
44.133925
44.201025
44.277350
44.307750
44.333950
44.395375
44.530575
44.578025
44.639450
44.651550
44.709925
44.723750
44.882175
44.907875
44.932325
44.949775
45.131375
45.187525
45.328025
45.347975
45.364125
45.453500
45.483750
45.504925
45.557925
45.590500
45.698925
45.807150
45.846025
45.930875
45.962800
45.989100
46.087150
46.253450
46.419825
46.520825
46.558650
46.605550
46.643675
46.656375
46.672200
46.805925
46.826300
46.852750
46.872975
46.973100
47.069425
47.256675
47.293775
47.340925
47.366750
47.425600
47.512175
47.530875
47.576575
47.710100
47.732150
47.896350
47.933200
48.113700
48.166450
48.185725
48.453100
48.529450
48.615075
48.631275
48.693050
48.742800
48.833625
48.850325
48.911925
48.941225
48.995925
49.022925
49.036675
49.110025
49.126175
49.147725
49.221050
49.341075
49.372775
49.435200
49.455400
49.572050
49.719450
49.754350
49.793025
49.821375
49.912100
50.065600
50.086925
50.155825
50.228750
50.292250
50.439850
50.673325
50.722225
50.790325
50.807675
50.845025
50.872775
50.987875
51.081450
51.142450
51.181475
51.222900
51.270300
51.337400
51.362900
51.413375
51.444925
51.541425
51.582550
51.685175
51.760425
51.780225
51.825525
51.848950
51.874450
51.934400
52.005025
52.043775
52.100550
52.170575
52.275375
52.315525
52.379500
52.526625
52.555025
52.734875
52.766200
53.066925
53.085175
53.121175
53.266075
53.308025
53.337275
53.370850
53.439775
53.503850
53.536450
53.589075
53.693200
53.837575
54.102825
54.288025
54.367525
54.392475
54.489850
54.633000
54.720125
54.764200
54.790650
54.937175
55.129850
55.167675
55.236550
55.303825
55.368850
55.618550
55.680025
55.765850
55.823875
55.859300
55.868125
56.064375
56.153725
56.256750
56.321125
56.350800
56.394900
56.473675
56.663875
56.788375
56.839825
56.897800
56.933575
57.070025
57.146100
57.292700
57.366575
57.440475
57.485050
57.631175
57.717925
57.790775
58.043000
58.064050
58.065425
58.126500
58.180775
58.255875
58.519250
58.576925
58.600200
58.633875
58.703425
58.907775
58.967775
59.026925
59.113800
59.136575
59.251075
59.435075
59.471250
59.527225
59.568800
59.599750
59.733725
59.741675
59.774825
59.888425
59.931900
59.937825
60.023025
60.229225
60.293850
60.330675
60.384500
60.424250
60.477500
60.544425
60.612500
60.693700
60.720925
60.775625
60.793250
60.862900
60.881200
61.147475
61.167450
61.302975
61.398525
61.606275
61.642450
61.811325
61.844500
61.947600
62.036600
62.085300
62.261300
62.293350
62.335875
62.421825
62.451900
62.498700
62.592650
62.631275
62.674550
62.722025
62.757775
62.892800
62.936350
63.042350
63.083300
63.142675
63.160575
63.221600
63.290450
63.407450
63.447425
63.480650
63.536300
63.592025
63.688975
63.715975
63.767500
63.859750
63.894825
63.900825
63.953875
64.000775
64.119000
64.264800
64.290850
64.497475
64.612525
64.687800
64.739300
64.823275
64.853400
64.894625
64.910375
64.975650
65.085775
65.185275
65.236400
65.335125
65.407875
65.483550
65.568050
65.668425
65.710500
65.791900
65.990075
66.098200
66.172550
66.214325
66.259650
66.321275
66.371975
66.579400
66.603425
66.652000
66.839050
66.873400
66.951950
66.993175
67.013425
67.049725
67.067500
67.132750
67.190175
67.227775
67.260675
67.573925
67.606700
67.673525
67.791525
67.925575
67.952750
67.997250
68.059900
68.130950
68.282775
68.424350
68.496375
68.521375
68.563225
68.661400
68.683100
68.795225
68.810175
68.851400
69.013650
69.053325
69.167475
69.203625
69.232925
69.256125
69.275375
69.278950
69.320325
69.433275
69.522600
69.544150
69.634000
69.656625
69.757475
69.815875
70.319650
70.338925
70.386125
70.468325
70.481700
70.526400
70.641450
70.761600
70.822125
70.896975
70.945225
70.992300
71.053275
71.141150
71.164350
71.423575
71.476125
71.544700
71.624425
71.792975
71.870925
71.927150
71.988950
72.067025
72.124450
72.159750
72.197075
72.288600
72.348750
72.391100
72.438125
72.546450
72.665600
72.720675
72.800650
72.870025
72.962200
72.996200
73.046925
73.084525
73.142475
73.427175
73.528600
73.594200
73.616875
73.697975
73.735775
73.824650
73.978900
74.026175
74.038200
74.058450
74.377525
74.439225
74.463800
74.592750
74.624775
74.681200
74.816525
74.938150
74.981900
75.055700
75.084250
75.115675
75.336425
75.489050
75.639125
75.686925
75.707025
75.749625
76.242200
76.323825
76.354275
76.383975
76.452525
76.489875
76.641175
76.694350
76.733725
76.735025
76.749700
76.764600
76.913525
76.948675
77.001100
77.173000
77.244700
77.291525
77.384825
77.488975
77.521325
77.563075
77.625700
77.725950
77.850450
77.967225
78.030575
78.063375
78.165000
78.213425
78.326175
78.375575
78.429500
78.453850
78.510925
78.573175
78.733475
78.765525
78.786750
78.869500
78.897650
78.992300
79.029550
79.092125
79.131875
79.220675
79.235275
79.280450
79.328350
79.352750
79.461050
79.485775
79.510475
79.622075
79.722525
79.764925
79.794550
79.910900
80.097600
80.117125
80.155325
80.193975
80.236500
80.308725
80.341825
80.445825
80.483425
80.517875
80.577200
80.610750
80.654675
80.720800
80.797750
80.932175
80.956100
80.978825
81.019700
81.039050
81.062800
81.137525
81.172300
81.200875
81.249150
81.753850
81.839925
81.853550
81.945525
82.007750
82.049300
82.125400
82.266175
82.364275
82.408200
82.466650
82.619725
82.646200
82.711075
82.734050
82.867750
82.957950
83.067225
83.099725
83.187250
83.416400
83.444575
83.519700
83.577925
83.693175
83.746575
83.844375
83.905900
83.974125
84.055350
84.140175
84.268900
84.291525
84.464825
84.632350
84.714625
84.725800
84.908750
84.925950
84.983575
85.012100
85.092575
85.123325
85.158150
85.188450
85.284500
85.308600
85.335825
85.362600
85.413050
85.435350
85.526925
85.561575
85.615600
85.727325
85.796225
85.902900
86.019950
86.105425
86.204325
86.275775
86.367975
86.370175
86.574775
86.580625
86.897600
86.956200
86.983075
87.156125
87.178925
87.206175
87.356150
87.377950
87.613700
87.779600
87.835700
87.949375
88.010050
88.048225
88.076275
88.181350
88.257600
88.311300
88.347700
88.441150
88.466475
88.536525
88.605875
88.692150
88.750900
88.818875
88.880200
88.947400
89.074350
89.125825
89.159500
89.293475
89.319800
89.334000
89.351025
89.378550
89.429550
89.456550
89.517800
89.563725
89.614125
89.631400
90.128050
90.332250
90.435350
90.482375
90.578000
90.629975
90.695400
90.806500
90.834525
90.918625
90.963375
91.061750
91.154250
91.198675
91.224175
91.297675
91.316575
91.333875
91.339000
91.401025
91.432375
91.510800
91.645975
91.726725
91.805175
91.829675
91.861850
91.878800
92.071000
92.230375
92.252275
92.265950
92.299950
92.321175
92.413725
92.439000
92.482250
92.513925
92.539550
92.559600
92.616025
92.639650
92.665075
92.697125
92.768050
92.877175
92.892875
92.913450
92.968350
93.040175
93.089575
93.116600
93.140025
93.171575
93.264550
93.285125
93.321150
93.364225
93.394400
93.411200
93.423950
93.574200
93.602425
93.627375
93.660175
93.710125
93.767925
93.816350
93.839925
93.983750
94.047250
94.171550
94.188325
94.329500
94.489375
94.525175
94.567975
94.569475
94.757450
94.813175
94.837625
94.849400
94.948475
94.967175
95.066875
95.127025
95.213425
95.629975
95.716275
95.943475
96.028500
96.132325
96.188875
96.303950
96.374600
96.601525
96.631225
96.721625
96.745925
96.847500
97.159650
97.204750
97.310850
97.354625
97.441150
97.477100
97.507925
97.792000
97.850800
98.138850
98.252825
98.295400
98.318175
98.350375
98.379300
98.432700
98.464250
98.550525
98.639775
98.659425
98.772050
98.816350
98.849000
98.865625
98.880450
98.907875
98.992325
99.051125
99.139850
99.291650
99.302925
99.382775
99.432825
99.453025
99.485825
99.670625
99.794975
99.821800
99.971125
100.144925
100.336800
100.391750
100.513600
100.520675
100.560900
100.617250
100.799675
100.830075
100.894575
100.949425
101.022200
101.082700
101.097275
101.282200
101.387250
101.478125
101.503800
101.536800
101.812700
101.858300
102.023650
102.039725
102.051475
102.116825
102.478925
102.488825
102.654200
102.811775
102.859900
103.006675
103.062950
103.091550
103.178775
103.220100
103.264950
103.301975
103.525350
103.594175
103.841825
103.922375
104.040525
104.086850
104.110800
104.238475
104.253550
104.311225
104.493350
104.538525
104.600150
104.685575
104.728950
104.778300
104.799750
104.826150
104.863125
104.919075
104.953475
105.215725
105.298225
105.302175
105.379400
105.546850
105.576400
105.619625
105.675000
105.862800
105.930475
105.964000
105.979000
106.027100
106.044825
106.140725
106.176675
106.250550
106.287025
106.362325
106.424525
106.519525
106.592025
106.626725
106.798325
106.841200
106.915500
106.966225
107.005350
107.126450
107.271575
107.296675
107.334875
107.506875
107.715150
107.760150
107.879450
107.968500
108.033100
108.166075
108.239425
108.275300
108.322225
108.343500
108.419525
108.459300
108.551400
108.599925
108.620500
108.685925
108.722725
108.810825
108.890150
109.072725
109.126325
109.133825
109.165525
109.195725
109.209200
109.351175
109.463975
109.485450
109.573150
109.602900
109.670125
109.792200
109.872025
109.913125
109.943100
110.023100
110.050400
110.132075
110.164250
110.192225
110.274625
110.336950
110.362425
110.412000
110.454275
110.477675
110.593675
110.632100
110.668075
110.752600
110.780600
110.801250
110.830200
110.861900
110.916575
110.987325
111.020600
111.075625
111.113500
111.146575
111.241800
111.398700
111.429775
111.534050
111.591850
111.621400
111.678500
111.898150
111.954000
111.972100
112.004425
112.045675
112.053675
112.060900
112.085200
112.169025
112.227650
112.252875
112.361350
112.393950
112.446050
112.542625
112.575175
112.670425
112.705825
112.729375
112.759150
112.873575
112.908550
112.956900
112.978000
113.155225
113.232525
113.524500
113.544400
113.571400
113.733775
113.835225
113.866550
113.941775
114.006275
114.062075
114.129550
114.168450
114.258175
114.287100
114.352150
114.449550
114.517450
114.695775
114.765325
114.788125
114.849450
114.914000
114.956775
115.114750
115.215825
115.266425
115.284575
115.345600
115.396675
115.454350
115.475375
115.513150
115.574625
115.652850
115.774100
115.865175
116.023550
116.065025
116.077200
116.116350
116.196300
116.271750
116.348575
116.372225
116.395850
116.439975
116.466175
116.495450
116.526575
116.571475
116.611675
116.636325
116.759550
116.786025
116.870950
116.896000
117.087450
117.136925
117.169525
117.198125
117.227900
117.286550
117.430225
117.454175
117.497075
117.537675
117.559375
117.603650
117.629200
117.641375
117.677200
117.698250
117.733325
117.753625
117.814000
117.856550
118.126250
118.281500
118.445750
118.521350
118.535050
118.556775
118.604500
118.646825
118.655750
118.686625
118.725300
118.767400
118.787575
118.801775
118.851850
118.925550
118.962325
118.976750
119.022675
119.046975
119.109575
119.134400
119.268575
119.347300
119.380100
119.413200
119.479250
119.509000
119.528800
119.566975
119.697850
119.716525
119.790400
119.832625
119.935175
120.107225
120.159800
120.206475
120.218375
120.335925
120.410350
120.525825
120.553350
120.618550
120.857300
121.003575
121.056200
121.215400
121.237550
121.286825
121.315500
121.362150
121.400925
121.535000
121.569200
121.715125
121.735300
121.820425
121.858450
121.891725
121.925250
121.990400
122.033875
122.155975
122.188050
122.192175
122.212100
122.255750
122.279450
122.357475
122.421050
122.453925
122.478950
122.527075
122.580750
122.653475
122.675825
122.852275
122.947025
123.097375
123.186225
123.209325
123.248475
123.389000
123.411275
123.439950
123.480750
123.566925
123.598600
123.652950
123.722650
123.787000
123.915075
123.938950
123.963600
124.037325
124.158675
124.387750
124.399550
124.417900
124.466700
124.511775
124.570575
124.612850
124.703400
124.794175
124.843575
124.927950
124.971150
125.084125
125.205075
125.251325
125.310075
125.441225
125.512500
125.661650
125.687175
125.723075
125.824550
126.090950
126.115850
126.262675
126.281925
126.302050
126.437500
126.463825
126.525725
126.597250
126.696725
126.716875
126.824575
127.040575
127.115350
127.139000
127.330775
127.434525
127.477975
127.528775
127.553525
127.589550
127.647950
127.691425
127.771525
127.803500
127.843825
127.981625
128.059675
128.164100
128.183925
128.361100
128.388650
128.466150
128.502325
128.696925
128.729775
128.799725
128.880300
128.915600
128.953650
128.989450
129.118825
129.215175
129.301625
129.389150
129.644925
129.701675
129.737750
129.775950
129.867000
129.884350
129.937075
129.972650
129.982700
130.101800
130.140950
130.297650
130.354925
130.490675
130.505525
130.574525
130.686600
130.718850
130.804025
130.929975
130.949075
131.053825
131.092250
131.208175
131.266700
131.405475
131.462350
131.590950
131.709275
131.729925
131.771975
131.830575
131.930975
131.985550
132.366525
132.390700
132.470550
132.528750
132.572750
132.597625
132.783575
132.893600
132.919225
133.101550
133.140075
133.191000
133.298400
133.321250
133.350300
133.379225
133.415625
133.494125
133.585975
133.629300
133.717425
133.794350
133.898050
133.908600
134.034625
134.143050
134.250375
134.280400
134.346250
134.446175
134.588250
134.630200
134.694450
134.798325
134.819325
134.872825
134.904250
134.935900
134.949850
135.027650
135.050075
135.177625
135.233100
135.255300
135.274275
135.392225
135.446000
135.533150
135.569500
135.634100
135.663000
135.726375
135.779350
135.878475
135.988225
136.052400
136.166075
136.186550
136.240850
136.273450
136.308975
136.339725
136.416625
136.571875
136.603000
136.726725
136.762150
136.803650
136.943425
136.988650
137.052100
137.136075
137.236225
137.276525
137.287950
137.459375
137.553700
137.586900
137.614900
137.637950
137.686175
137.702350
137.763925
137.843525
137.892850
137.976700
138.008775
138.050200
138.145650
138.190475
138.207125
138.239425
138.440900
138.680300
138.702450
138.731925
138.818050
138.926950
138.977625
139.006150
139.078650
139.110975
139.144300
139.329375
139.371425
139.407850
139.427100
139.475200
139.497000
139.539750
139.576425
139.605525
139.630100
139.717075
139.831925
139.880675
139.908000
139.951500
140.000900
140.102350
140.149275
140.209650
140.312725
140.344525
140.425600
140.464675
140.626975
140.664450
140.710200
140.771950
140.817125
140.860225
141.060500
141.080425
141.139650
141.462375
141.830500
141.943300
141.975875
142.177400
142.214400
142.249675
142.313550
142.379575
142.597225
142.870400
143.157150
143.183250
143.236675
143.447425
143.539150
143.689225
143.724150
143.875125
144.033625
144.111125
144.133450
144.166750
144.217900
144.338900
144.348975
144.417425
144.502550
144.657025
144.742050
144.767275
144.842725
144.869125
144.923050
145.047450
145.065925
145.099800
145.186575
145.240775
145.279000
145.309475
145.351275
145.571325
145.607475
145.670175
145.732950
145.768025
145.790900
145.830100
145.887700
145.924925
146.076900
146.099475
146.279825
146.371100
146.445675
146.616125
146.648700
146.673900
146.730600
146.844050
146.866850
146.952450
146.976800
147.074475
147.096175
147.109700
147.237425
147.301075
147.327400
147.535600
147.585125
147.744075
147.770425
147.833525
147.853450
147.907525
147.923575
147.954450
147.974025
148.112125
148.128425
148.156325
148.292925
148.309800
148.392350
148.442750
148.497525
148.582000
148.624900
148.677950
148.814625
148.831275
149.186325
149.246675
149.309850
149.345675
149.383625
149.411100
149.488675
149.554325
149.699150
149.728125
149.803000
149.898975
149.935900
150.062550
150.101925
150.134250
150.378850
150.457325
150.699250
150.786025
150.888075
150.954400
151.022750
151.150425
151.415225
151.429975
151.561650
151.581525
151.627500
151.700800
151.725350
151.768700
151.836150
151.919475
151.931975
152.059625
152.140975
152.170550
152.203950
152.273075
152.301725
152.365750
152.392200
152.442325
152.476825
152.513000
152.602625
152.837375
152.897875
152.930325
152.966375
153.005250
153.075075
153.121100
153.145150
153.191750
153.304900
153.342675
153.427625
153.484975
153.554175
153.701700
153.737450
153.846925
153.949525
154.000300
154.024250
154.057650
154.209775
154.242300
154.290150
154.526025
154.629025
154.664300
154.707350
154.740850
154.915500
154.949150
154.983525
155.080550
155.124825
155.178925
155.264775
155.328250
155.396000
155.422750
155.472225
155.498625
155.636350
155.713250
155.813600
155.825575
155.977400
156.073125
156.135100
156.288575
156.361125
156.420750
156.450425
156.582575
156.703450
156.730100
156.878775
156.963275
157.005000
157.101350
157.224850
157.235825
157.277225
157.324125
157.430225
157.519700
157.558850
157.657775
157.690075
157.774850
157.954425
158.026225
158.262350
158.304625
158.438150
158.474175
158.516725
158.698850
158.767775
158.823725
158.878200
158.895475
158.919675
158.978725
159.035500
159.181225
159.369775
159.533650
159.617675
159.668575
159.827900
160.026250
160.182500
160.312475
160.343350
160.394650
160.425200
160.529250
160.670750
160.712150
160.747150
160.887850
161.039925
161.055950
161.102550
161.259475
161.329000
161.476000
161.600600
161.643200
161.676325
161.795400
162.038500
162.074700
162.163050
162.339500
162.377025
162.456075
162.665525
162.808200
162.871600
162.894125
163.046900
163.098025
163.122825
163.144675
163.172075
163.213275
163.235400
163.261075
163.338350
163.378550
163.402850
163.468625
163.492075
163.594525
163.725600
163.779875
163.852650
163.897425
163.958200
164.005925
164.066225
164.136375
164.233600
164.267550
164.403125
164.508200
164.575700
164.643350
164.683900
164.744850
164.769850
164.796050
164.852275
165.053625
165.125800
165.285500
165.543500
165.578050
165.716150
165.793475
166.008325
166.029900
166.165100
166.244875
166.278500
166.507100
166.593950
166.617175
166.657425
166.775750
166.964475
167.012025
167.039425
167.092050
167.260875
167.308175
167.351625
167.416350
167.467875
167.524775
167.559225
167.596775
167.634775
167.788350
167.819400
167.960950
167.975525
168.039475
168.071125
168.110875
168.155750
168.282375
168.338850
168.367500
168.414800
168.440450
168.442750
168.532650
168.589525
168.708825
168.772650
168.810675
168.841700
168.844925
168.886100
168.934450
169.083625
169.231125
169.331875
169.380150
169.420275
169.457000
169.495100
169.530375
169.630900
169.694350
169.833750
169.871800
170.037925
170.059700
170.092625
170.108050
170.131800
170.172000
170.204550
170.233475
170.288950
170.327725
170.496125
170.538050
170.725325
170.746125
170.771050
170.807675
170.849475
170.979950
171.104175
171.187150
171.265250
171.364525
171.394325
171.466775
171.743800
171.873225
171.920000
171.951600
171.980800
172.019000
172.078075
172.123025
172.196050
172.246725
172.271900
172.344300
172.419425
172.511525
172.553750
172.614400
172.649725
172.740325
172.795475
172.885225
172.925850
173.013300
173.038400
173.073900
173.110425
173.272600
173.323625
173.368725
173.470700
173.512475
173.562700
173.589275
173.650725
173.690275
173.744100
173.830600
173.927800
173.944325
174.030775
174.068650
174.099150
174.151975
174.215950
174.274850
174.334475
174.441650
174.468275
174.510825
174.545750
174.717725
174.840250
174.947075
175.115200
175.128350
175.147625
175.160250
175.190975
175.302925
175.387325
175.469275
175.491675
175.543875
175.653000
175.871100
175.922925
175.953750
175.970275
176.068225
176.168925
176.255175
176.322150
176.367450
176.397875
176.526700
176.623550
176.820125
176.882200
176.975000
177.009925
177.021700
177.121450
177.192000
177.214500
177.397500
177.429000
177.515775
177.545375
177.573775
177.618550
177.706325
177.740800
177.826825
177.882625
177.948625
178.087950
178.249700
178.335125
178.355100
178.420800
178.467525
178.556250
178.591025
178.635550
178.677200
178.702975
178.718100
178.746600
178.827775
178.904725
179.091150
179.241350
179.327275
179.356525
179.470500
179.496725
179.551150
179.608900
179.745325
179.783175
179.859425
179.903925
180.130625
180.276775
180.298025
180.406850
180.425925
180.494250
180.563875
180.588175
180.635775
180.748975
180.807175
180.866075
180.911725
180.951425
180.988150
181.000325
181.082500
181.160650
181.187350
181.232300
181.260125
181.406475
181.437725
181.460425
181.470725
181.537900
181.570800
181.600400
181.720675
181.771725
181.805650
181.940250
181.959225
181.990775
182.050150
182.078125
182.148100
182.176950
182.206325
182.242150
182.411500
182.442050
182.468850
182.500375
182.544650
182.690525
182.766750
182.815125
182.845875
182.903150
182.981850
183.020775
183.048675
183.113200
183.141975
183.240525
183.278450
183.407950
183.546375
183.604525
183.638000
183.688250
183.759425
183.882600
183.892775
183.901775
184.042700
184.108900
184.154650
184.267675
184.298500
184.325475
184.395800
184.457975
184.562200
184.714175
184.757200
184.805750
184.904675
184.978700
185.057925
185.092225
185.186625
185.221825
185.313400
185.352925
185.465275
185.501775
185.538575
185.576250
185.691800
185.726850
185.746075
185.880850
185.914150
185.989225
186.060900
186.222875
186.391275
186.431050
186.498150
186.796700
186.918000
187.025550
187.341700
187.471300
187.496250
187.543500
187.623175
187.774300
187.851125
187.897875
188.066600
188.171850
188.248225
188.301450
188.345075
188.417700
188.452475
188.563725
188.757925
188.988400
189.058450
189.181975
189.275300
189.352725
189.423000
189.451850
189.477325
189.559250
189.611675
189.652125
189.703325
189.753900
189.792975
189.826375
189.874800
189.895300
189.996175
190.086025
190.334875
190.386150
190.534625
190.809050
191.011900
191.121125
191.232200
191.250100
191.308975
191.348325
191.405625
191.501600
191.639775
191.665825
191.685500
191.715300
191.729900
191.748450
191.823725
191.928650
191.968250
192.002900
192.150875
192.165000
192.188225
192.315700
192.328625
192.357725
192.395975
192.464025
192.491550
192.535525
192.695250
192.735725
192.793575
192.857875
192.902600
192.928675
193.093200
193.123150
193.172150
193.252125
193.407975
193.545625
193.582200
193.692300
193.825725
193.948375
194.030550
194.114925
194.154375
194.230950
194.246200
194.653650
194.905475
195.001350
195.039775
195.146050
195.285325
195.312700
195.376350
195.399175
195.440975
195.477725
195.642325
195.785600
195.810475
195.838625
195.871475
195.972875
196.034075
196.077925
196.096850
196.111750
196.231950
196.251625
196.288900
196.315175
196.382250
196.469850
196.609600
196.756325
196.843575
196.922500
196.991550
197.061575
197.092550
197.225725
197.267850
197.355700
197.393300
197.399300
197.410400
197.595900
197.801225
197.810575
197.818100
197.850100
197.874300
197.910650
198.024975
198.053325
198.152100
198.298500
198.363975
198.411300
198.572350
198.641675
198.742875
198.775700
198.797900
198.923350
199.033925
199.245975
199.277200
199.297875
199.398925
199.433500
199.459700
199.508900
199.613400
199.667000
199.671950
199.734025
199.762275
199.877175
200.046700
200.118300
200.197050
200.226800
200.255400
200.461875
200.494700
200.545225
200.580950
200.650775
200.677275
200.791950
200.811275
200.922450
201.221725
201.236975
201.346675
201.445475
201.650250
201.723000
201.766450
201.829375
201.856150
201.891900
202.058025
202.125250
202.216475
202.251150
202.350400
202.377375
202.412350
202.544775
202.638050
202.748550
202.804775
202.916250
202.975275
203.031875
203.078650
203.129425
203.174775
203.307350
203.404425
203.552050
203.568450
203.682800
203.722275
203.775250
203.884450
203.914000
203.945250
204.085925
204.134250
204.191800
204.251000
204.365200
204.463725
204.529175
204.563875
204.607500
204.658775
204.752925
204.869975
204.942600
205.159425
205.206900
205.291875
205.334900
205.408600
205.539275
205.643800
205.886850
205.912400
205.954575
206.113200
206.151400
206.186750
206.215150
206.230425
206.275875
206.403800
206.418225
206.488600
206.679800
206.738425
206.763450
206.795300
207.024075
207.084000
207.108350
207.137125
207.200825
207.277400
207.452275
207.588575
207.606850
207.674000
207.793075
207.819050
207.897525
208.031550
208.054875
208.163100
208.184500
208.407300
208.435125
208.520650
208.589775
208.818175
209.023675
209.045950
209.095200
209.142650
209.261475
209.304475
209.320600
209.378975
209.432800
209.514500
209.583875
209.665125
209.691350
209.711025
209.824100
209.871325
210.054875
210.233900
210.289225
210.471425
210.607225
210.694575
210.715825
210.740850
210.766275
210.801925
210.814600
210.920800
210.990050
211.023025
211.058000
211.085025
211.228600
211.288975
211.384900
211.451975
211.467350
211.483450
211.537750
211.572125
211.642300
211.703700
211.757050
211.815450
211.888750
212.061250
212.185175
212.203150
212.237225
212.287525
212.313650
212.557675
212.614175
212.680300
212.741825
212.826650
212.848425
212.881725
212.917475
212.990300
213.179725
213.309825
213.360375
213.489175
213.560650
213.575500
213.640975
213.688950
213.709450
213.717075
213.799575
213.845925
214.051000
214.102950
214.122125
214.180975
214.206425
214.264475
214.277825
214.445100
214.471100
214.500325
214.539900
214.575750
214.595075
214.623700
214.710875
214.735225
214.767725
214.896475
214.923825
214.990825
215.096925
215.184050
215.200525
215.234225
215.260275
215.300225
215.543775
215.558050
215.631750
215.772200
215.919950
215.928400
216.130700
216.169275
216.192775
216.252350
216.309725
216.424750
216.456750
216.624525
216.710725
216.731875
216.756550
216.791625
216.852925
216.881800
216.892050
216.911300
216.974925
217.208575
217.263850
217.297600
217.320225
217.336250
217.449225
217.512300
217.547950
217.711100
217.816775
217.853625
217.889225
217.920775
218.074025
218.151100
218.190650
218.242625
218.266800
218.300925
218.375625
218.437100
218.465175
218.513425
218.554225
218.607850
218.725750
218.781075
218.834700
218.868575
218.973825
218.988400
219.077775
219.169050
219.232675
219.255450
219.275950
219.391500
219.553525
219.566375
219.627425
219.638150
219.668675
219.728575
219.822475
219.929825
220.102075
220.136325
220.191450
220.349300
220.408275
220.431675
220.454900
220.518050
220.529900
220.556100
220.724875
220.767200
220.796750
220.870625
220.901175
220.969125
221.176275
221.207425
221.264550
221.294625
221.382475
221.437650
221.528825
221.598300
221.810900
221.935475
221.963750
222.056250
222.129875
222.267775
222.336600
222.409325
222.428275
222.468125
222.603475
222.650900
222.735000
222.794625
222.861075
222.885650
222.939300
223.070500
223.174525
223.207150
223.265350
223.357325
223.382525
223.402700
223.416625
223.470425
223.525900
223.550075
223.659450
223.689875
223.759600
223.811375
223.897500
223.958375
223.998975
224.093275
224.119825
224.160575
224.175250
224.200050
224.228050
224.380150
224.424150
224.452650
224.528275
224.571875
224.633400
224.656675
224.747300
224.791900
224.845150
224.917050
224.955700
225.013275
225.095375
225.136925
225.223000
225.459925
225.469875
225.611250
225.690425
225.724775
225.752800
225.769950
225.803825
225.979050
226.031475
226.185750
226.426775
226.451550
226.580300
226.655850
226.693100
226.724000
226.789750
226.831000
226.866225
226.910950
227.234050
227.255950
227.418725
227.496325
227.700425
227.762950
227.930025
227.980450
227.989425
228.013175
228.021675
228.212450
228.266725
228.404950
228.524675
228.787700
228.791525
228.828750
228.851250
228.965625
229.046975
229.178750
229.236925
229.252700
229.275425
229.325275
229.347725
229.364875
229.579650
229.600550
229.622775
229.834025
229.844275
229.885425
229.927775
229.978400
230.003400
230.036775
230.082225
230.245875
230.263650
230.480025
230.534350
230.553650
230.687125
230.834050
230.902600
230.943775
230.994450
231.063075
231.174625
231.204050
231.237275
231.255425
231.287150
231.357625
231.423700
231.573850
231.620525
231.638675
231.733500
231.759725
231.905525
232.023125
232.042525
232.097300
232.270075
232.300575
232.316525
232.339075
232.482575
232.563825
232.624225
232.678650
232.716025
232.759550
232.782175
232.979825
233.003450
233.033175
233.045125
233.100575
233.181425
233.207150
233.238375
233.374125
233.440425
233.475500
233.525975
233.529950
233.639000
233.671475
233.689150
233.709825
233.773775
233.898400
234.026950
234.065325
234.134800
234.261975
234.308375
234.334925
234.457775
234.471925
234.506025
234.533150
234.590125
234.802950
234.863550
234.883225
234.910525
234.927950
234.943050
235.043375
235.057700
235.136875
235.224325
235.254975
235.317075
235.352525
235.405100
235.538500
235.549475
235.602375
235.737125
235.851875
235.882925
235.938575
236.044500
236.078450
236.158950
236.212950
236.330350
236.408325
236.514525
236.661875
236.965700
237.041400
237.089475
237.112325
237.173050
237.292850
237.369625
237.595500
237.742100
237.803675
238.050500
238.167800
238.209300
238.262150
238.437600
238.469275
238.485825
238.678400
238.743675
238.769975
238.830225
238.927675
238.969750
239.049725
239.066550
239.149825
239.187775
239.229975
239.302175
239.332950
239.481250
239.494150
239.534725
239.608000
239.619800
239.647250
239.670650
239.752375
239.774675
239.826975
239.845025
239.861575
239.887100
239.917975
239.990775
240.109450
240.230800
240.253675
240.383550
240.423000
240.462125
240.512775
240.584750
240.615700
240.698375
240.858100
240.908675
240.987875
241.076700
241.151600
241.184650
241.313450
241.423050
241.478150
241.550975
241.747400
241.763775
241.810800
241.880425
242.010500
242.238900
242.344300
242.533650
242.606125
242.633050
242.678900
242.833525
242.861475
242.930350
243.033575
243.061425
243.078050
243.117675
243.157525
243.445450
243.567700
243.659975
243.849250
243.894675
243.986500
244.016975
244.030525
244.151525
244.226125
244.251875
244.376200
244.434925
244.474400
244.528775
244.538775
244.700275
244.725100
244.745150
244.912325
245.093200
245.133575
245.158500
245.229525
245.252125
245.318450
245.371000
245.427250
245.513350
245.590025
245.638225
245.656325
245.673825
245.796350
245.895525
245.944650
245.979000
246.230900
246.260175
246.317650
246.334950
246.399800
246.429750
246.455650
246.474250
246.556650
246.579525
246.603450
246.734075
246.765125
246.829350
246.866200
246.912225
246.929025
246.951850
247.056025
247.255450
247.335325
247.381175
247.409425
247.523950
247.620450
247.747400
247.820800
247.861275
247.890675
247.938850
247.979750
248.060775
248.080150
248.160975
248.244025
248.459525
248.497675
248.606875
248.633600
249.088550
249.165475
249.250175
249.282450
249.356650
249.532050
249.568650
249.610250
249.648150
249.694600
249.770125
249.790275
249.899175
249.970225
250.033475
250.205875
250.485600
250.654575
250.772600
250.799175
250.844300
251.019300
251.156925
251.205325
251.279825
251.415600
251.456225
251.508050
251.534100
251.565375
251.617000
251.664375
251.691000
251.710950
251.834350
251.890275
251.914925
252.037025
252.154375
252.191250
252.259200
252.292750
252.352675
252.515950
252.540125
252.584000
252.622150
252.650350
252.784825
252.984925
253.036750
253.098025
253.169600
253.190875
253.261125
253.412275
253.554375
253.762000
253.828050
253.895500
254.074925
254.193050
254.228000
254.273650
254.312825
254.485725
254.512700
254.538650
254.585425
254.614075
254.634700
254.707950
254.837925
254.997100
255.220975
255.235300
255.273050
255.343025
255.419800
255.442950
255.464525
255.619625
255.648725
255.692425
255.712525
255.792050
255.928850
256.007175
256.073775
256.213450
256.391900
256.422675
256.451075
256.473300
256.511150
256.768350
256.801850
256.867250
256.969550
257.008225
257.070475
257.478625
257.513925
257.558750
257.701950
257.728450
257.759725
257.856725
257.981250
258.007650
258.046625
258.127375
258.195900
258.248875
258.311625
258.339900
258.379075
258.615775
258.705800
258.887375
258.922175
258.979625
259.060475
259.091375
259.146500
259.351000
259.385225
259.495425
259.521575
259.530350
259.684875
259.697250
259.912650
259.953800
259.982650
260.187425
260.240725
260.325275
260.359075
260.461175
260.487900
260.511550
260.604900
260.696500
260.806525
260.844900
260.999000
261.044825
261.093525
261.144450
261.180725
261.302300
261.358325
261.393675
261.451375
261.486900
261.600425
261.637600
261.907375
261.994225
262.024950
262.101550
262.176875
262.206600
262.249600
262.402650
262.429925
262.469700
262.546325
262.742200
262.771625
262.834675
262.861225
263.023100
263.045400
263.226450
263.313050
263.453950
263.494450
263.604875
263.638250
263.690300
263.862425
263.890250
263.926600
264.083575
264.125200
264.179950
264.254150
264.332050
264.361200
264.429925
264.463300
264.630775
264.785275
264.931375
264.976350
265.050750
265.073775
265.093175
265.147800
265.182975
265.242975
265.447100
265.475775
265.551450
265.600875
265.642425
265.708775
265.754175
265.819750
266.028775
266.145175
266.239425
266.293375
266.340375
266.421650
266.426175
266.642600
266.781475
266.900900
266.965100
267.011600
267.044800
267.060900
267.084575
267.257725
267.296200
267.394125
267.416775
267.446325
267.476075
267.573850
267.705100
267.774975
267.821325
267.963500
267.987075
268.221950
268.285975
268.452600
268.553200
268.562625
268.653575
268.692000
268.737325
268.857150
268.872900
268.898650
268.970300
268.997200
269.041450
269.072900
269.277200
269.336550
269.459150
269.538600
269.628850
269.779725
269.788950
269.806125
269.906425
269.928850
270.079650
270.118925
270.181125
270.222400
270.246225
270.261225
270.266875
270.422425
270.448200
270.519975
270.712575
270.776700
270.949675
270.998050
271.040325
271.070275
271.177975
271.264125
271.332250
271.551300
271.653775
271.685750
271.746575
271.839900
271.866800
271.957700
272.093125
272.173625
272.304250
272.427975
272.521200
272.540000
272.701100
272.705575
273.047925
273.224025
273.335200
273.414300
273.434875
273.458400
273.493700
273.513950
273.597225
273.682475
273.691600
273.722650
273.737375
273.989575
274.059550
274.106025
274.287225
274.312300
274.355250
274.368625
274.399975
274.421300
274.439325
274.635025
274.670000
274.833500
274.869550
275.028075
275.129150
275.181775
275.306200
275.464500
275.499975
275.676550
275.707775
275.861950
275.924550
275.947775
276.057500
276.088050
276.185475
276.227125
276.270850
276.392525
276.524100
276.621875
276.650850
276.754225
276.768025
276.982925
277.077350
277.132950
277.216075
277.290075
277.328625
277.362450
277.401375
277.419950
277.528325
277.589025
277.802675
277.873800
277.956850
278.039375
278.096950
278.156100
278.194275
278.353975
278.396175
278.489525
278.551075
278.658150
278.703850
278.736075
278.779975
278.996900
279.045300
279.080600
279.236050
279.267000
279.332350
279.375825
279.435975
279.459800
279.550925
279.696075
279.731675
279.785125
279.886800
280.023950
280.113450
280.410025
280.454250
280.529375
280.544925
280.692150
280.855800
280.967925
281.163675
281.286325
281.399750
281.580650
281.609975
281.644825
281.670175
281.745375
281.771975
281.968775
281.997675
282.044000
282.068750
282.128200
282.175675
282.311650
282.672250
282.723875
282.754725
282.801150
282.890425
283.068125
283.136175
283.180275
283.383750
283.401600
283.451275
283.531200
283.546200
283.555450
283.724900
283.755300
283.863700
283.891525
284.150750
284.177950
284.359025
284.416750
284.442700
284.457700
284.542225
284.589350
284.621950
284.645850
284.730825
284.740700
284.848425
284.865100
284.893950
284.964575
284.986625
285.122050
285.198750
285.268700
285.374525
285.472600
285.504100
285.623500
285.651950
285.774725
285.875950
286.054575
286.081975
286.294575
286.332425
286.413575
286.525000
286.560675
286.638925
286.681450
286.792975
286.961250
287.015625
287.047150
287.068400
287.131850
287.240375
287.397625
287.428700
287.557975
287.576900
287.669425
287.722550
287.760425
287.842350
287.977850
288.107450
288.150800
288.177325
288.207950
288.265550
288.306650
288.393950
288.531250
288.542300
288.552950
288.558150
288.685375
288.810075
288.864825
288.905850
288.992425
289.024575
289.044650
289.108700
289.155250
289.182900
289.286125
289.353725
289.461125
289.490400
289.507500
289.559700
289.769300
289.816275
289.977300
290.030425
290.088300
290.189500
290.250700
290.408575
290.419700
290.455525
290.497900
290.548375
290.620425
290.747925
290.769600
291.031225
291.074750
291.205350
291.229150
291.249575
291.293325
291.352675
291.388000
291.410775
291.510975
291.649675
291.769900
291.809900
291.911125
291.956575
291.979650
291.999575
292.085350
292.477850
292.521325
292.583625
292.621075
292.633375
292.654350
292.668225
292.714000
292.734950
292.808525
292.915850
292.960875
292.981750
293.054750
293.166150
293.198275
293.236750
293.255075
293.282350
293.286650
293.297325
293.384750
293.407325
293.453425
293.580175
293.619600
293.653825
293.864300
293.986575
294.020950
294.070650
294.144200
294.160675
294.213500
294.232975
294.261825
294.348300
294.458550
294.489800
294.517050
294.538050
294.604925
294.642200
294.676700
294.973950
295.006400
295.034825
295.063875
295.089075
295.121950
295.162825
295.244125
295.266900
295.350925
295.425725
295.537025
295.586625
295.622275
295.648400
295.667325
295.709125
295.789600
295.843175
295.854000
295.904400
295.931275
295.962900
296.023825
296.078525
296.159725
296.219675
296.266350
296.304400
296.379400
296.414575
296.640925
296.661650
296.683025
296.783350
296.799275
296.997425
297.016925
297.096725
297.142250
297.165850
297.198550
297.269750
297.389150
297.487275
297.536125
297.599400
297.713325
297.810750
297.831425
297.987650
298.071825
298.115600
298.202700
298.239175
298.386975
298.559525
298.638725
298.661600
298.787075
298.845800
298.858800
298.886950
298.932975
298.972225
299.006850
299.104350
299.184275
299.312900
299.365075
299.430050
299.455600
299.566900
299.606300
299.662450
299.788525
299.822375
300.001375
300.154450
300.203525
300.287600
300.326950
300.464075
300.505800
300.637225
300.718650
300.752225
300.867575
300.932350
300.989350
301.011050
301.357175
301.382750
301.425275
301.462225
301.468125
301.556475
301.705875
301.773850
301.826400
301.880975
301.951675
301.985800
301.989325
302.075325
302.122125
302.346775
302.551825
302.599975
302.729400
302.827125
302.844825
302.861550
302.897400
303.003825
303.260200
303.361950
303.437000
303.487350
303.587650
303.612400
303.632500
303.700475
303.732925
303.796850
303.863800
304.006900
304.115375
304.203625
304.216450
304.340725
304.436975
304.473375
304.536450
304.848325
304.942725
305.113825
305.197500
305.222000
305.272025
305.379450
305.417200
305.500475
305.568050
305.667250
305.735300
305.788200
305.850850
305.939475
305.984925
306.013050
306.057925
306.102350
306.126025
306.147650
306.184525
306.531400
306.760450
306.789600
306.897875
307.023875
307.042250
307.103300
307.135575
307.286800
307.317625
307.357175
307.426100
307.549950
307.592125
307.711550
307.775375
307.822175
307.862075
307.911500
308.005625
308.070150
308.117050
308.191350
308.281275
308.339250
308.467850
308.533225
308.579050
308.655025
308.706650
308.725700
308.932950
309.023500
309.083775
309.267500
309.391425
309.445800
309.489650
309.652400
309.696275
309.733575
309.977450
310.134325
310.202525
310.268200
310.375150
310.448975
310.493850
310.536450
310.609600
310.721275
310.796900
310.901750
311.024250
311.066350
311.211700
311.273300
311.357825
311.411400
311.465550
311.544750
311.585175
311.719575
311.797225
311.872850
311.992575
312.044500
312.176450
312.220375
312.250125
312.314700
312.360150
312.469900
312.518300
312.586075
312.670900
312.711700
312.738825
312.791000
312.847425
312.884300
312.932050
313.021650
313.060500
313.103225
313.123725
313.259625
313.341275
313.453975
313.547775
313.588950
313.636300
313.677300
313.767200
313.826900
313.923225
314.010875
314.089925
314.146075
314.208525
314.315225
314.446600
314.491250
314.596675
314.639350
314.689600
314.714700
314.787625
314.879350
315.083900
315.314900
315.398250
315.404425
315.446525
315.478675
315.747350
315.788025
315.919275
316.056025
316.089000
316.308700
316.463025
316.503900
316.550725
316.581225
316.623075
316.665700
316.727700
316.742600
316.801300
316.877375
316.887650
317.156650
317.211550
317.239775
317.444125
317.502725
317.685500
317.963000
318.072200
318.174475
318.381950
318.485850
318.693450
318.742450
318.798225
318.920675
318.991850
319.045700
319.120650
319.217425
319.416975
319.445300
319.517375
319.578725
319.605150
319.621500
319.668100
319.773425
319.907050
319.919600
319.960075
320.025100
320.072525
320.107175
320.216650
320.332775
320.490100
320.541825
320.706025
320.798300
320.838225
320.926175
320.991925
321.119300
321.174875
321.403700
321.440575
321.697750
321.820250
321.942275
321.993450
322.069550
322.117175
322.151275
322.256675
322.425900
322.446650
322.517975
322.564400
322.595900
322.669875
322.735050
322.772900
322.832850
322.855750
322.891725
322.992400
323.048575
323.107700
323.443950
323.658850
323.798075
323.840600
323.913875
323.925200
323.935325
323.960900
324.053275
324.145800
324.227725
324.275350
324.335925
324.380150
324.415100
324.453775
324.508250
324.538525
324.584675
324.624200
324.667225
324.929000
324.993600
325.029450
325.340850
325.392125
325.544675
325.573600
325.691975
325.774750
325.815325
325.947825
326.082100
326.161275
326.254075
326.294050
326.502875
326.556350
326.674825
326.757725
326.992850
327.234975
327.265675
327.308575
327.358125
327.435300
327.560175
327.690300
327.829975
327.895700
328.111575
328.140575
328.239950
328.328050
328.392175
328.427675
328.510875
328.549200
328.555075
328.646525
328.738550
328.857825
328.964125
329.003275
329.130950
329.251750
329.331800
329.366650
329.427350
329.457550
329.494225
329.548025
329.663525
329.844375
329.882025
329.910975
329.989050
330.093700
330.349125
330.394000
330.442275
330.449800
330.537675
330.696700
330.716500
330.759175
330.778675
330.830675
331.026525
331.137950
331.201050
331.252375
331.308275
331.381100
331.440150
331.481800
331.691725
331.712375
331.828825
331.910650
331.949175
331.981125
332.079475
332.092275
332.154650
332.463200
332.506800
332.573225
332.642775
332.756575
332.826350
332.917100
333.096000
333.145500
333.175750
333.239525
333.360150
333.461200
333.616550
333.649475
333.719400
333.771800
333.810600
333.875525
333.904250
333.944700
334.070200
334.101900
334.224850
334.333250
334.368050
334.677900
334.763350
334.972050
334.993150
335.052125
335.095750
335.151250
335.169125
335.208350
335.235950
335.302600
335.505925
335.606500
335.649350
335.695050
335.761725
335.837850
335.968625
336.018875
336.314150
336.346525
336.549500
336.577100
336.667550
336.988175
337.027850
337.110500
337.144025
337.278225
337.510800
337.554500
337.569275
337.800450
337.845800
337.951575
338.020100
338.315950
338.453975
338.471675
338.711550
338.847175
338.863350
338.924425
338.993725
339.064650
339.113800
339.166800
339.183575
339.193350
339.212975
339.243050
339.306575
339.393150
339.435600
339.550550
339.575425
339.625950
339.855850
339.880900
339.940375
340.115400
340.164450
340.248125
340.273725
340.439325
340.525650
340.967825
341.129725
341.268600
341.312375
341.350350
341.414775
341.660850
341.882050
341.916375
342.058925
342.145000
342.222850
342.530925
342.605025
342.787425
342.805025
342.836725
342.931475
343.072100
343.175625
343.187575
343.205850
343.310175
343.380350
343.595150
343.658925
343.801425
343.831825
343.900925
343.978100
344.033425
344.062825
344.100800
344.149800
344.186900
344.215500
344.320650
344.381375
344.421525
344.448600
344.479525
344.651000
344.669225
344.815775
344.839100
344.896425
344.945950
345.024250
345.123775
345.155975
345.164925
345.193825
345.277325
345.339700
345.524325
345.589875
345.731525
345.785125
345.815325
346.024025
346.096925
346.168375
346.201800
346.350325
346.462425
346.580450
346.708150
347.146700
347.192300
347.221700
347.421450
347.550350
347.565075
347.598150
347.647000
347.783000
348.039550
348.070600
348.153150
348.181325
348.251975
348.266550
348.343875
348.518825
348.715475
348.789600
348.944675
349.077475
349.170275
349.192325
349.289800
349.315700
349.357875
349.444550
349.838950
349.903700
349.952950
350.035775
350.180850
350.338075
350.549700
350.652675
350.676825
351.224550
351.249300
351.389850
351.491750
351.553900
351.716425
351.963125
352.166950
352.268700
352.335400
352.477125
352.658750
352.788600
352.902800
353.039650
353.158375
353.172675
353.297650
353.327550
353.416450
353.482750
353.519875
353.619850
353.736575
353.899650
353.936250
354.000175
354.058100
354.063725
354.126175
354.154525
354.331875
354.445375
354.522575
354.767950
354.795875
355.052475
355.146875
355.559525
355.640250
355.799575
355.803200
356.057350
356.093525
356.242075
356.322225
356.336525
356.516925
356.660675
356.695600
356.813975
356.917025
357.010250
357.117225
357.213800
357.478375
357.508750
357.550600
357.579900
357.665075
357.679475
357.847600
357.912900
358.006000
358.086575
358.234175
358.339625
358.490350
358.530275
358.703575
358.725875
358.773450
358.836000
358.899050
358.962425
359.108950
359.152950
359.257275
359.470925
359.574075
359.603775
359.845925
359.957300
359.987825
360.141125
360.254600
360.310700
360.452800
360.488300
360.537700
360.572600
360.596825
360.813550
361.021425
361.083750
361.478450
361.552775
361.611025
361.638650
361.658150
361.736800
361.877225
361.917675
361.946950
362.049350
362.102500
362.150200
362.180325
362.271675
362.311425
362.381650
362.403825
362.499450
362.662125
362.718575
362.749175
362.765350
362.865250
362.918425
363.000750
363.045875
363.174650
363.276700
363.513000
363.653675
363.691550
363.782075
363.881975
363.936600
363.985300
364.025100
364.043475
364.157200
364.220325
364.237175
364.308450
364.342500
364.362375
364.497850
364.563950
364.629625
364.657225
364.701325
364.777450
364.803900
364.974525
365.031525
365.166200
365.191900
365.460475
365.493400
365.667875
365.828675
366.087125
366.117400
366.154325
366.315600
366.346650
366.377975
366.478300
366.511425
366.627525
366.889650
367.006675
367.089800
367.207100
367.286950
367.509950
367.548000
367.571250
367.681050
367.763450
367.892675
367.999200
368.089050
368.190600
368.226150
368.348800
368.430100
368.632125
368.660675
368.786325
368.818300
368.831900
368.885650
368.960050
369.018300
369.061875
369.160225
369.230075
369.276175
369.409150
369.423650
369.564725
369.630775
369.823825
369.919175
369.983725
370.168800
370.242650
370.352550
370.380400
370.517400
370.532200
370.583425
370.746450
370.769625
370.807825
370.958650
370.970075
371.178525
371.208275
371.504550
371.602725
371.717450
371.796875
372.113600
372.143825
372.169225
372.484125
372.508150
372.779025
372.827925
372.887750
372.899475
372.985200
373.042975
373.132375
373.226625
373.429100
373.528325
373.567725
373.584725
373.595525
373.918450
374.042150
374.079025
374.114975
374.236525
374.291550
374.304975
374.410875
374.491300
374.671200
374.784950
374.833500
374.901350
374.931000
374.976625
375.153400
375.178750
375.328475
375.492525
375.782525
375.970975
376.043150
376.161850
376.206575
376.333425
376.368475
376.666400
376.687250
376.713425
376.773700
376.798700
376.828725
376.909000
377.048050
377.075650
377.113650
377.374250
377.463425
377.539725
378.033650
378.122975
378.335975
378.370650
378.472150
378.501975
378.651875
378.699425
378.728850
378.748875
378.833625
379.107800
379.131725
379.145750
379.246125
379.273725
379.342425
379.374400
379.471500
379.659625
379.691175
379.720450
379.772900
379.876575
379.957675
380.019975
380.373075
380.454325
380.676625
380.793250
380.938675
380.969350
381.106950
381.178275
381.255625
381.277225
381.294325
381.323525
381.392200
381.498825
381.517975
381.570700
381.594675
381.623750
381.699475
381.787350
381.803450
381.853025
381.988700
382.013000
382.242175
382.257950
382.302500
382.434150
382.573275
382.600875
382.636800
382.641675
382.666375
382.790475
382.854625
382.881525
382.931600
382.977175
383.052375
383.184425
383.210075
383.405150
383.496950
383.635225
383.652650
383.845650
383.867850
383.905475
383.946825
384.006450
384.136625
384.481225
384.529600
384.570025
384.646800
384.804450
384.921150
385.039400
385.089400
385.222150
385.266125
385.291800
385.543475
385.569500
385.582800
385.708425
385.839075
385.898550
386.060625
386.167775
386.187625
386.224400
386.301425
386.327750
386.341325
386.426050
386.468275
386.668600
386.701875
386.746650
386.872850
387.135650
387.175225
387.212825
387.395375
387.464075
387.493350
387.557375
387.580100
387.677975
387.736300
387.793375
387.827225
387.843925
387.956575
388.103675
388.112050
388.176125
388.385000
388.428500
388.465400
388.477100
388.534450
388.769675
388.814250
389.016175
389.174675
389.258900
389.347625
389.380650
389.396950
389.429650
389.449000
389.472175
389.523725
389.689900
390.011700
390.157550
390.194725
390.227300
390.329475
390.387600
390.567750
390.711025
390.858725
390.886400
390.961600
391.156400
391.381200
391.424875
391.658875
391.736200
391.812550
391.843375
391.904325
392.162600
392.405450
392.541475
392.579225
392.602875
392.647025
392.714900
392.776125
392.866575
392.931825
392.973500
392.989950
393.009300
393.068075
393.227425
393.246900
393.268825
393.295275
393.311200
393.348925
393.372825
393.401800
393.450925
393.469300
393.537725
393.565550
393.610825
393.692350
393.723575
393.870925
393.901700
394.039675
394.054175
394.101100
394.200200
394.252450
394.415075
394.428825
394.455325
394.530175
394.589250
394.819750
395.089900
395.136575
395.155775
395.367950
395.409100
395.431300
395.561100
395.621925
395.678300
395.710175
395.739900
395.828000
395.905275
395.930950
395.958675
396.124875
396.200525
396.350675
396.396625
396.425750
396.510050
396.600850
396.762550
396.832575
396.893725
397.037575
397.070500
397.128850
397.230250
397.363225
397.385300
397.486525
397.516475
397.580550
397.682350
397.768125
397.816900
397.915325
398.014150
398.081450
398.346425
398.536925
398.584600
398.628000
398.644125
398.688375
398.701550
398.780100
398.965325
398.996325
399.019550
399.133000
399.263650
399.284700
399.388650
399.437925
399.480200
399.588500
399.721175
399.762025
399.796450
399.842600
399.914700
400.093200
400.122850
400.183100
400.417525
400.467875
400.667500
400.747625
400.832000
400.904475
400.940725
400.974400
401.084725
401.162900
401.230150
401.537225
401.567725
401.775050
401.918975
401.959400
401.989475
402.161550
402.250025
402.303550
402.480575
402.511800
402.536875
402.563400
402.614800
402.641850
402.742400
402.875200
402.926450
402.976825
403.196275
403.213450
403.399925
403.881525
404.015925
404.164675
404.346600
404.371000
404.587525
404.617550
404.687275
404.739450
405.135475
405.270775
405.314550
405.361325
405.416675
405.517375
405.592525
405.962650
406.031850
406.181850
406.332400
406.521275
406.662000
406.694725
406.830275
406.961500
407.012925
407.027050
407.127225
407.155600
407.487475
407.521425
407.561525
407.630525
407.652375
407.808275
408.000700
408.041600
408.157300
408.215000
408.538175
408.566650
408.585400
408.706650
408.785250
408.802450
408.935525
409.014300
409.154825
409.243000
409.307175
409.335325
409.346150
409.365400
409.445675
409.519050
409.577950
409.627225
409.672500
409.873300
409.958525
410.023400
410.078925
410.116925
410.149050
410.199925
410.291300
410.359150
410.466275
410.575650
410.670625
410.711100
410.745425
410.804875
411.089750
411.212200
411.230200
411.254725
411.371675
411.404975
411.512475
411.783000
411.830200
411.859300
411.917175
412.021225
412.065300
412.080950
412.118350
412.224025
412.322275
412.408800
412.465525
412.537225
412.695000
412.775250
412.962550
413.077725
413.115750
413.137825
413.231425
413.253075
413.574275
413.605450
413.630150
413.726050
413.761100
413.828175
413.891075
413.979400
414.144900
414.390850
414.521425
414.554850
414.579875
414.654875
414.833375
414.875650
414.979375
415.007600
415.067525
415.085725
415.220000
415.250925
415.361450
415.376450
415.423675
415.497350
415.515600
415.723500
415.883450
415.996150
416.054600
416.139225
416.226175
416.363650
416.401700
416.499550
416.566350
416.725350
416.752625
416.756175
416.909875
417.008575
417.047200
417.075700
417.246550
417.304925
417.416500
417.488025
417.578500
417.626800
417.910050
417.977025
418.091975
418.206525
418.396000
418.531225
418.562450
418.605225
418.728325
418.752925
418.804500
418.849175
418.944500
418.973500
419.024475
419.045050
419.117575
419.203875
419.434375
419.479125
419.605075
419.640200
419.686775
419.789275
419.823425
419.853000
419.879275
419.905775
420.073925
420.098675
420.119625
420.167975
420.293400
420.336850
420.383375
420.458200
420.471975
420.499100
420.605425
420.716475
420.748875
420.777975
420.966300
421.050325
421.116275
421.174150
421.176100
421.317550
421.395050
421.597025
421.619300
421.737575
421.818875
421.874575
421.896100
421.953075
422.001450
422.020375
422.263275
422.284725
422.378775
422.447275
422.496525
422.519275
422.655600
422.671775
422.991350
423.129275
423.175850
423.307475
423.379575
423.418450
423.503800
423.715250
423.788450
423.820775
423.869200
424.115900
424.179825
424.293000
424.312825
424.366275
424.573175
424.593975
424.623925
424.690050
424.820075
425.110325
425.142350
425.217925
425.250200
425.440900
425.483250
425.679600
425.864200
425.903225
425.998075
426.099050
426.126025
426.310900
426.357350
426.465800
426.585650
426.754400
426.806125
426.868525
427.036025
427.239850
427.280100
427.304625
427.398875
427.545000
427.612625
427.692550
427.869725
427.877475
427.939150
428.109400
428.184100
428.265400
428.294675
428.335875
428.477225
428.541425
428.628425
428.673150
428.761150
428.804350
428.876925
428.909200
429.177125
429.277450
429.345775
429.383625
429.646525
429.668925
429.867850
429.892900
430.004425
430.037950
430.171825
430.285175
430.332650
430.394975
430.568125
430.746600
430.875050
430.906700
430.944500
430.985125
431.263825
431.542550
431.563450
431.593550
431.708750
431.732525
431.793250
431.859175
431.909450
431.947800
432.040475
432.090550
432.125350
432.195100
432.273450
432.343750
432.474200
432.506675
432.524150
432.581550
432.857500
433.027600
433.110600
433.143025
433.192225
433.257975
433.311950
433.329750
433.464375
433.552600
433.672900
433.822475
433.897075
433.922800
434.001225
434.166275
434.264325
434.333650
434.390350
434.446225
434.751575
434.788750
434.850450
434.878600
434.910325
435.057150
435.090875
435.364475
435.459675
435.616525
435.739250
435.918950
436.294225
436.325150
436.579200
436.743250
436.801900
436.827475
437.099675
437.156700
437.175200
437.197075
437.212200
437.246475
437.371325
437.695950
437.739400
437.756450
437.820125
437.855350
438.000000
438.045325
438.197425
438.235475
438.262225
438.330525
438.430200
438.832100
439.007850
439.170700
439.257825
439.351675
439.435625
439.479150
439.492750
439.511300
439.656800
439.689050
439.766400
439.810150
439.871500
440.000775
440.050625
440.275125
440.384425
440.500150
440.551025
440.655350
440.701575
440.795650
440.994675
441.071075
441.089950
441.536800
441.999175
442.012875
442.079025
442.140075
442.167425
442.256750
442.474600
442.486225
442.513700
442.767100
442.989125
443.122775
443.383075
443.447725
443.530325
443.633250
443.773650
443.800925
444.382600
444.399200
444.429450
444.444200
444.455475
444.541850
444.561275
444.670575
444.706725
444.730525
444.742250
444.873850
445.008600
445.109525
445.234275
445.258325
445.305825
445.391700
445.535325
445.563050
445.620400
445.641300
445.812150
446.045575
446.065775
446.193525
446.304775
446.494575
446.672725
446.728175
446.813150
446.879450
446.939200
447.121925
447.203325
447.440875
447.457675
447.533125
447.560375
447.576525
447.613700
447.723400
447.806825
447.974700
448.025975
448.172800
448.258675
448.291900
448.381400
448.571050
448.734775
448.796350
448.845725
448.896550
448.947475
449.030300
449.076975
449.124625
449.227925
449.251925
449.371000
449.618675
449.680350
449.702900
449.731925
449.919625
450.032400
450.100675
450.118000
450.244100
450.367150
450.488150
450.515925
450.565375
450.592150
450.741750
450.803250
450.985400
451.187950
451.493800
451.592750
451.659225
451.823575
451.981575
452.073475
452.199275
452.374950
452.590050
452.722575
452.760850
452.791575
452.903275
452.922925
453.104275
453.224550
453.504825
453.569500
453.639700
453.672925
453.720950
453.847700
454.022825
454.115350
454.155100
454.346950
454.571075
454.705675
454.855200
455.303150
455.441275
455.649425
455.881650
455.910975
455.969200
456.050175
456.113900
456.153750
456.181775
456.380450
456.422175
456.721050
456.742550
456.995450
457.095850
457.188325
457.302300
457.363225
457.545900
457.588575
457.689275
457.738050
457.768325
457.859200
458.034700
458.104825
458.134625
458.151725
458.424725
458.596550
458.620125
458.650400
458.680300
458.895650
458.924275
459.160925
459.274525
459.614275
459.928550
460.067775
460.319975
460.550950
460.585775
460.784575
460.829025
460.905250
460.958025
461.123375
461.481150
461.512325
461.662975
461.799500
461.881950
462.579075
462.805950
462.834850
462.944550
463.005700
463.207800
463.650500
463.718550
464.035975
464.182050
464.240925
464.283475
464.349675
464.448675
464.815050
464.859325
464.877975
465.239825
465.328250
465.441075
465.596525
465.651550
465.893475
465.916400
466.085575
466.260650
466.300250
466.316700
466.349400
466.445125
466.487050
466.582850
466.903500
466.955000
467.024525
467.133750
467.246225
467.364600
467.458400
467.518575
467.942200
468.090550
468.198025
468.217775
468.270000
468.314975
468.346175
468.591875
468.783475
468.894825
469.003075
469.076850
469.159250
469.408750
469.562625
469.588075
469.660275
469.697125
469.757950
469.824700
469.880250
469.956325
469.992650
470.041800
470.059000
470.090800
470.213050
470.286800
470.434875
470.600525
470.640175
470.747250
470.839675
470.869025
470.921875
470.971875
471.071875
471.118650
471.290775
471.796775
471.845775
471.982925
472.217200
472.331875
472.457000
472.840475
472.887225
473.150325
473.231350
473.352900
473.596550
473.623250
473.684550
473.777525
473.854825
473.941250
474.045150
474.069800
474.114750
474.260850
474.304375
474.658150
474.705375
474.861675
474.893225
474.929200
475.032075
475.035975
475.069350
475.250175
475.394350
475.487650
475.525725
475.617725
475.655925
475.790175
475.990025
476.086625
476.147625
476.173950
476.200050
476.405225
476.483900
476.515375
476.577200
476.597625
476.660175
476.764075
476.830425
476.842400
476.871775
476.965375
477.016925
477.109325
477.137850
477.211575
477.329425
477.433350
477.636650
477.676700
477.732975
477.778975
477.801700
478.049925
478.082375
478.174050
478.327150
478.475875
478.504800
478.515400
478.560825
478.687150
478.717800
479.125875
479.141250
479.197850
479.297500
479.424825
479.587825
479.680275
479.708175
479.788800
480.202450
480.231125
480.780025
480.809250
481.147375
481.253700
481.266525
481.353300
481.514125
481.588925
481.659925
481.773200
482.156025
482.674475
482.744875
482.786775
483.125600
483.156350
483.381350
483.488875
483.723300
483.866700
483.935925
484.038700
484.059175
484.150525
484.381150
484.978750
485.007075
485.057250
485.099025
485.188200
485.282175
485.394625
485.526775
485.559050
485.774750
485.817725
485.836125
485.964200
486.016900
486.088425
486.106575
486.154875
486.173500
486.269750
486.394725
486.578700
486.662250
486.882100
486.966300
487.006600
487.062050
487.209375
487.769925
487.784625
487.807675
488.036375
488.284450
488.337250
488.686275
488.728075
488.804675
488.854075
488.972750
489.006825
489.020350
489.040750
489.104475
489.252150
489.328900
489.374200
489.499125
489.613950
489.630050
489.733625
489.765150
489.801625
490.074700
490.259125
490.448400
490.818350
491.399050
492.138400
492.186100
492.268175
492.474800
492.573175
492.594825
492.624300
492.663500
492.704175
492.957675
492.982025
493.168100
493.241425
493.358000
493.508375
493.631925
493.682875
493.897975
493.935075
493.974450
494.125700
494.179925
494.239100
494.432000
494.498750
494.518325
494.597250
494.629300
494.744375
494.783250
495.049500
495.068500
495.149575
495.175250
495.385050
495.795700
495.815600
496.075225
496.144350
496.169150
496.199925
496.299800
496.525175
496.805350
496.961275
497.127050
497.200825
497.327550
497.502450
497.716075
497.821225
498.089000
498.268925
498.329975
498.382200
498.481225
498.820900
499.220675
499.381775
499.450875
499.642225
500.255725
500.354325
500.457625
500.691300
500.756075
500.811225
501.014375
501.039500
501.259350
501.381550
501.490450
501.664125
501.819800
501.851500
501.875275
501.893150
501.938250
501.972475
502.061325
502.295275
502.751725
502.787675
502.859825
502.902900
503.057425
503.096800
503.132500
503.163875
503.216750
503.366200
503.375150
503.474100
503.533725
503.552875
503.578125
503.625825
503.653550
503.751900
503.775375
503.910700
504.002575
504.030325
504.121850
504.188750
504.218900
504.381725
504.440200
504.472725
504.819075
504.842500
504.885575
504.919775
504.955150
505.070150
505.235300
505.288850
505.375450
505.428975
505.585200
505.779950
505.809050
505.893425
505.919500
505.946475
505.982725
506.047400
506.075700
506.105475
506.193275
506.225500
506.340050
506.363425
506.417700
506.476825
506.508800
506.654050
506.682775
506.708875
506.893800
507.064650
507.126875
507.251100
507.350825
507.509775
507.533400
507.773675
507.864475
507.895000
508.016050
508.035100
508.081675
508.208300
508.245975
508.282375
508.427175
508.565750
508.599900
508.875650
508.964225
509.125800
509.183025
509.404125
509.560025
509.649925
509.678450
509.728975
509.750175
509.774825
509.817550
509.954700
509.991375
510.012600
510.026375
510.073350
510.170950
510.200375
510.228325
510.504925
510.517075
510.843100
510.927850
511.019150
511.117200
511.160225
511.232400
511.265700
511.419425
511.552775
511.922775
512.010400
512.096875
512.200600
512.372175
512.397975
512.504625
512.771575
512.857475
513.035050
513.109400
513.120350
513.245275
513.294225
513.324300
513.584750
513.614825
513.667550
513.711450
513.734125
513.802200
513.825450
513.986275
514.178775
514.293475
514.376550
514.431825
514.569350
514.608700
514.636200
514.783250
514.933175
514.950950
515.074125
515.117750
515.150600
515.219825
515.316950
515.436350
515.460500
515.631625
515.670425
515.684725
515.714100
515.853075
515.933050
516.041700
516.062050
516.164050
516.228200
516.353050
516.502200
516.631375
516.709600
516.798775
516.876625
516.905875
517.161350
517.187700
517.233600
517.303775
517.340950
517.366625
517.438775
517.467025
517.520925
517.635175
517.666225
517.752825
517.837875
517.921975
517.987300
518.182675
518.212950
518.285725
518.323250
518.412000
518.471225
518.623175
518.643050
518.655800
518.891825
519.153800
519.207125
519.235050
519.299025
519.332950
519.368300
519.731025
519.846300
520.112075
520.143025
520.219625
520.539000
520.654300
520.678550
520.695975
520.726875
520.754275
520.881175
520.921675
520.941875
521.031075
521.246425
521.337475
521.356475
521.526275
521.575200
521.653875
521.710725
521.746225
521.792800
521.817375
521.958675
522.060275
522.331525
522.410800
522.436100
522.673075
522.793325
522.961800
523.063475
523.119425
523.299125
523.467875
523.595925
523.616550
523.689600
523.851800
523.999475
524.029275
524.136425
524.329675
524.434325
524.723750
524.771625
524.948400
525.068400
525.144575
525.278050
525.394775
525.413625
525.488175
525.515350
525.550975
525.862525
525.994100
526.077150
526.195375
526.212950
526.248450
526.292350
526.316525
526.346275
526.382600
526.457600
526.492700
526.625375
526.792625
526.820950
527.070050
527.134050
527.255925
527.538875
527.712100
527.735575
527.809600
527.841100
527.915775
527.981500
528.008750
528.110925
528.222850
528.244850
528.269425
528.306925
528.421100
528.504300
528.510450
528.624975
528.814175
528.928800
529.071050
529.134425
529.147675
529.291075
529.338725
529.380425
529.462575
529.581550
529.631050
529.642175
529.718250
529.785350
529.873850
529.903225
529.994300
530.140825
530.173925
530.204050
530.242075
530.439000
530.496200
530.515725
530.537475
530.618125
530.659975
530.680025
530.779675
530.908275
530.950325
530.983925
531.065775
531.211600
531.289925
531.414625
531.466600
531.503550
531.562425
531.576650
531.721300
531.797775
531.820050
532.260825
532.282150
532.449800
532.517375
532.594350
532.718525
532.792975
532.912750
532.951975
532.990400
533.075325
533.102425
533.140075
533.228475
533.302400
533.387025
533.475525
533.500675
533.573975
533.588075
533.598950
533.651425
533.762375
533.894725
533.993775
534.021675
534.128050
534.161625
534.222650
534.285450
534.417725
534.444150
534.519450
534.563650
534.576475
534.741450
534.778900
534.803575
534.873075
535.089000
535.120475
535.147725
535.321975
535.542175
535.606300
535.693600
535.795925
535.838900
535.862975
536.185525
536.318400
536.356475
536.398600
536.538275
536.615225
536.742675
536.925350
537.032300
537.121975
537.279825
537.357975
537.526025
537.663575
537.758975
537.973450
538.134325
538.145600
538.200225
538.224425
538.247625
538.312000
538.333775
538.413675
538.524150
538.583425
538.705125
538.794300
538.840625
538.900100
538.969900
538.997800
539.029400
539.067625
539.108175
539.200350
539.251225
539.375025
539.427025
539.464700
539.494825
539.597050
539.757575
539.798125
539.863050
539.925800
540.069800
540.156225
540.311275
540.347125
540.508800
540.529750
540.553000
540.592250
540.662550
540.703750
540.968100
541.207625
541.281525
541.391450
541.585250
541.606750
541.729150
541.802575
541.919175
541.952725
541.986850
542.068750
542.152825
542.194125
542.222875
542.277950
542.401500
542.472800
542.700975
