# # All spikes for Neuron
0.077575
0.205500
0.336150
0.386925
0.431225
0.488675
0.558275
0.629400
0.670850
0.709725
0.953525
1.000975
1.086575
1.133950
1.165600
1.257725
1.400975
1.489475
1.547550
1.678350
1.772500
1.824425
1.937625
2.135725
2.184225
2.460000
2.631100
2.707850
2.787625
2.873550
2.999500
3.051200
3.265400
3.306300
3.357025
3.410825
3.448600
3.533225
3.671250
3.705300
3.738075
3.771275
3.897775
4.014350
4.066475
4.099825
4.132375
4.163550
4.194775
4.368025
4.442675
4.478400
4.575900
4.731075
4.775575
4.872875
4.917225
4.950500
5.026125
5.159700
5.255000
5.293125
5.325475
5.369250
5.391500
5.424875
5.452375
5.496425
5.540025
5.630975
5.669200
5.810475
5.834875
5.878675
5.972425
6.020525
6.054850
6.093025
6.308550
6.413500
6.465825
6.512175
6.583200
6.618475
6.701975
7.052650
7.106350
7.159975
7.213475
7.453100
7.510000
7.608550
7.646825
7.722475
7.780950
7.875975
8.234100
8.434175
8.481725
8.535100
8.606800
8.648375
8.772025
8.865275
8.911825
8.955025
9.008400
9.042750
9.070200
9.101475
9.228650
9.268400
9.319800
9.363600
9.400350
9.451825
9.534475
9.613675
9.701375
9.741800
9.890475
10.045500
10.096825
10.127850
10.193175
10.282475
10.350225
10.384825
10.464700
10.509150
10.550025
10.614500
10.655675
10.707350
10.912800
10.971600
11.019950
11.058475
11.156100
11.385450
11.442950
11.492525
11.525175
11.557250
11.730950
11.972900
12.007100
12.095150
12.196675
12.271300
12.337175
12.416600
12.461000
12.514500
12.560375
12.590400
12.636300
12.787800
12.911900
13.003825
13.165050
13.357375
13.693500
13.725125
13.774550
13.816550
13.894875
14.156675
14.185750
14.265700
14.405625
14.473800
14.550875
14.579700
14.612150
14.661200
14.758225
14.798000
14.888850
14.940200
14.984375
15.052850
15.182275
15.229275
15.263500
15.291850
15.526400
15.564150
15.609775
15.714600
15.765150
15.875925
15.904675
15.954225
16.016000
16.077075
16.119225
16.152075
16.197275
16.251350
16.415625
16.480025
16.598800
16.671800
16.803450
16.868875
16.972400
17.015200
17.078975
17.169175
17.227500
17.265900
17.311200
17.367125
17.459750
17.506075
17.533875
17.642375
17.669275
17.713600
17.748525
17.797625
17.833825
17.954150
17.987000
18.031750
18.206350
18.252500
18.300850
18.392725
18.560450
18.593150
18.643300
18.760000
18.802500
18.841275
18.880650
18.933450
19.036900
19.081050
19.217750
19.254075
19.346250
19.392450
19.436625
19.488625
19.538825
19.626350
19.691250
19.844600
19.894100
19.943100
19.981175
20.098000
20.266875
20.328475
20.372750
20.423725
20.469125
20.607275
20.671025
20.717850
20.799025
20.922700
21.038050
21.201075
21.333000
21.404900
21.478400
21.554750
21.655525
21.985550
22.147025
22.250975
22.305425
22.419600
22.466925
22.556925
22.600775
22.729675
22.813450
22.886775
22.938700
23.024975
23.070775
23.244400
23.295975
23.414500
23.470825
23.516925
23.613250
23.663975
23.711900
23.760725
23.816850
23.884375
23.909400
24.020225
24.096075
24.267925
24.319600
24.394700
24.540025
24.725475
24.790500
24.842100
24.918375
25.171025
25.251550
25.356975
25.485175
25.602025
25.687975
25.820475
25.869000
25.918075
25.946425
25.978850
26.202725
26.299000
26.541975
26.581850
26.664200
26.792375
26.876075
27.009750
27.056550
27.143325
27.204950
27.385625
27.443750
27.483250
27.572825
27.652925
27.717400
27.875750
27.952475
27.982375
28.018875
28.242750
28.286725
28.322500
28.350375
28.507550
28.687475
28.756875
28.887325
28.944200
28.986375
29.025800
29.260275
29.318375
29.374450
29.445725
29.684575
29.769375
29.910825
30.042075
30.184250
30.280350
30.363025
30.462125
30.496125
30.532800
30.657150
30.696075
30.872450
30.908625
31.041250
31.144550
31.182350
31.210125
31.262325
31.345125
31.479125
31.590175
31.628525
31.672500
31.752600
31.830625
31.876850
32.016425
32.160550
32.202550
32.245025
32.572850
32.607400
32.674450
32.714700
32.749350
32.783250
32.962225
33.067300
33.099100
33.291200
33.365150
33.417200
33.458425
33.554150
33.642425
33.776700
33.814275
33.851450
33.896175
33.953050
34.012350
34.089750
34.126650
34.158550
34.201650
34.342150
34.383325
34.551050
34.633175
34.679075
34.725650
34.811425
35.121825
35.230600
35.320875
35.370575
35.414300
35.496550
35.536400
35.626675
35.802450
35.919325
36.125800
36.202850
36.240050
36.296300
36.377325
36.527500
36.573750
36.615250
36.664325
36.695025
36.723100
36.762950
36.890200
36.922650
36.978475
37.035975
37.312625
37.368925
37.477725
37.522125
37.589100
37.667600
37.718650
37.743725
37.810275
37.854825
37.893625
38.105600
38.192600
38.275525
38.443350
38.529075
38.672625
38.725975
38.833875
38.912100
39.010825
39.034975
39.238150
39.430525
39.470625
39.519900
39.564225
39.594200
39.640800
39.688400
39.747450
39.792150
39.828725
39.895600
39.926625
40.009975
40.030600
40.111850
40.144950
40.224975
40.455050
40.610725
40.733000
40.825550
40.856600
40.901575
40.946250
40.997175
41.028525
41.272225
41.446375
41.492850
41.604425
41.698950
41.749925
41.866975
41.918200
41.981675
42.073175
42.213625
42.278075
42.329200
42.398450
42.457775
42.541650
42.621275
42.737575
42.780575
42.831250
42.861900
43.033575
43.069125
43.212800
43.294375
43.350150
43.382575
43.479450
43.525075
43.643350
43.673600
43.707450
43.869850
44.005400
44.104675
44.206250
44.245700
44.344475
44.429000
44.533125
44.569025
44.608500
44.737650
44.893175
44.949425
45.001100
45.052525
45.229050
45.319050
45.511050
45.556075
45.601550
45.716750
45.773800
45.816250
46.125050
46.159700
46.215750
46.249100
46.286175
46.441500
46.594650
46.637850
46.687300
46.721125
46.759225
46.802000
46.940175
47.030025
47.222800
47.254250
47.342875
47.384475
47.612125
47.694025
47.741475
47.826300
47.942925
48.015700
48.104500
48.372100
48.436600
48.494200
48.540600
48.661350
48.734075
48.790000
48.843375
48.879675
48.921600
48.994425
49.025850
49.249225
49.565200
49.612750
49.648025
49.685625
49.766800
49.850025
49.890425
49.946200
49.995625
50.044650
50.173525
50.256825
50.334725
50.788750
50.869875
50.970300
51.089175
51.626975
51.666625
51.689075
51.715450
52.046750
52.092525
52.158075
52.233000
52.281100
52.368250
52.490850
52.573050
52.613525
52.665475
52.779200
52.907050
53.059950
53.140025
53.184475
53.265800
53.304300
53.476325
53.510825
53.554725
53.579625
53.621775
53.652900
53.717000
53.905000
53.958700
54.011125
54.062600
54.149100
54.193075
54.383600
54.577475
54.640175
54.689825
54.733650
54.795275
54.843400
54.896100
54.950575
55.070000
55.319600
55.361950
55.473325
55.534575
55.627275
55.673825
55.724100
55.868675
55.914100
55.957000
56.078650
56.244050
56.295025
56.363525
56.409675
56.457025
56.510200
56.559575
56.603375
56.649875
56.857025
56.909950
56.946525
56.988550
57.049400
57.115575
57.147350
57.193100
57.239125
57.465450
57.511475
57.600450
57.692450
57.868250
57.932325
58.049475
58.101775
58.158475
58.269025
58.319475
58.359775
58.403225
58.485025
58.539525
58.633950
58.691225
58.729925
58.774350
58.854300
58.898275
58.979475
59.020300
59.123175
59.159125
59.189175
59.230675
59.307725
59.396600
59.444300
59.576100
59.600300
59.644425
59.693650
59.791300
59.898950
59.937825
60.069375
60.115575
60.156375
60.223000
60.251725
60.381550
60.443525
60.602000
60.753075
60.792825
60.975175
61.061425
61.200725
61.240625
61.270150
61.317700
61.415125
61.474125
61.507625
61.863400
61.896075
61.997200
62.048175
62.078575
62.130800
62.213200
62.260975
62.310425
62.382575
62.449350
62.502875
62.537300
62.612525
62.707550
62.755525
62.796825
62.839225
62.882925
62.912975
63.033700
63.117950
63.150950
63.183725
63.276600
63.359350
63.394925
63.522900
63.620350
63.691825
63.726000
63.781975
63.839400
63.922325
64.032350
64.117075
64.150850
64.192500
64.288925
64.366175
64.412275
64.477700
64.523300
64.615900
64.653400
64.740200
64.779575
64.921025
64.971500
65.127325
65.173825
65.248650
65.290150
65.337600
65.393100
65.437875
65.515875
65.603775
65.652175
65.690200
65.735925
65.771450
65.798350
65.848600
65.928350
66.047400
66.103150
66.175775
66.207950
66.323350
66.352925
66.453500
66.499475
66.526550
66.616200
66.658325
66.723200
66.888075
66.930600
67.027050
67.078350
67.287750
67.407300
67.488425
67.574975
67.627225
67.672350
67.730025
67.771300
67.818150
67.965200
68.023200
68.087375
68.160700
68.213475
68.327300
68.371925
68.419050
68.607700
68.720775
68.813100
68.888475
68.938350
69.059625
69.099225
69.135625
69.247375
69.318425
69.433900
69.483400
69.538150
69.589600
69.630625
69.704575
69.778175
69.954925
70.007050
70.137325
70.240175
70.309475
70.366875
70.435025
70.473450
70.510475
70.543400
70.594025
70.669050
70.730725
70.829925
70.990350
71.260425
71.455575
71.572000
71.615525
71.694950
71.731700
71.792200
71.843425
71.891150
71.941875
72.058975
72.104850
72.161200
72.211025
72.269650
72.332600
72.378725
72.420025
72.466925
72.502000
72.565450
72.594800
72.673900
72.778300
72.806825
72.928050
72.967425
73.010225
73.221900
73.325850
73.376500
73.420225
73.511825
73.582075
73.605650
73.625300
73.667300
73.840325
73.917475
73.949300
74.063675
74.102750
74.147800
74.237550
74.277775
74.325125
74.441075
74.507000
74.671850
74.728350
74.767375
74.821425
74.892400
74.934500
74.993225
75.125525
75.206225
75.334200
75.420100
75.575800
75.705225
75.781825
75.821150
75.859850
75.894875
75.971000
76.007225
76.046975
76.069350
76.113500
76.158625
76.202775
76.236425
76.367225
76.472525
76.553450
76.613775
76.676625
76.773775
76.815350
76.893000
76.965300
77.001300
77.142325
77.282600
77.340225
77.389525
77.471025
77.520850
77.565650
77.611600
77.651675
77.687750
77.736550
77.783800
77.857000
77.977525
78.097750
78.252175
78.400925
78.430975
78.475250
78.551625
78.605125
78.698175
78.761325
78.810800
78.877125
79.029250
79.074600
79.175375
79.246450
79.376925
79.662975
79.711300
79.888100
79.918925
79.974825
80.027600
80.120275
80.164150
80.215175
80.460475
80.619325
80.720175
80.776400
80.864325
80.909975
80.999950
81.065975
81.114425
81.163750
81.200425
81.241800
81.294250
81.356625
81.517250
81.594800
82.034025
82.378475
82.462075
82.613375
82.735525
82.793800
82.914275
82.981250
83.052000
83.617125
83.632825
83.728075
84.016125
84.198900
84.347675
84.432975
84.576200
85.005475
85.132300
85.201150
85.334300
85.407925
85.562475
85.661325
85.833400
86.019900
86.137525
86.204875
86.477925
86.556450
86.623975
86.739925
86.824050
87.132100
87.205575
87.339425
87.511375
87.815950
87.941100
88.018725
88.102900
88.242875
88.346550
88.454075
88.664625
88.822725
88.984750
89.061325
89.141975
89.220300
89.473425
89.531000
89.629300
89.749525
89.816425
89.859250
89.967550
90.062400
90.117550
90.298475
90.412425
90.475125
90.507025
90.598700
90.654975
90.712675
90.731750
90.810700
90.859125
91.052325
91.147750
91.351275
91.490625
91.521900
91.804650
91.916075
92.078675
92.167275
92.222825
92.269900
92.391975
92.446025
92.496200
92.597050
92.643125
92.796725
92.834475
92.880100
92.902575
93.060125
93.216750
93.298075
93.420450
93.549900
93.594625
93.706650
93.881275
93.925025
94.054275
94.108625
94.154100
94.270250
94.465750
94.751850
94.856650
95.061550
95.095925
95.334650
95.469025
95.693875
96.047375
96.079600
96.113500
96.378175
96.421600
96.522575
96.615775
96.716075
96.846675
97.010975
97.124500
97.161350
97.230200
97.498950
97.635850
97.691275
97.822275
97.823425
97.869975
97.973575
98.433925
98.663000
98.719150
98.901450
98.991025
99.321350
99.691550
99.846150
99.948650
100.209425
100.258975
100.479000
100.537725
100.565600
100.689100
100.792725
100.845700
101.152800
101.249125
101.696250
101.781100
101.879725
102.076775
102.331800
102.476675
102.722575
102.779325
102.966925
103.022275
103.063125
103.114450
103.162550
103.377825
103.428550
103.579225
103.654575
103.697650
103.775300
103.965825
103.998500
104.090700
104.131150
104.425925
104.564975
104.606700
104.644350
104.685700
104.753050
104.799725
104.957000
105.000475
105.088825
105.213500
105.417625
105.466125
105.506300
105.571025
105.615025
105.774175
105.835525
105.887475
105.958500
106.152725
106.269725
106.334150
106.378875
106.463350
106.570875
106.628950
106.727800
106.775225
106.825425
106.901825
107.127200
107.163950
107.389450
107.427625
107.530150
107.582425
107.623575
107.657075
107.687475
107.885775
108.159775
108.210100
108.320400
108.543300
108.595600
108.634500
108.737175
108.834750
108.905900
108.943700
108.983700
109.082350
109.133700
109.328150
109.432275
109.555075
109.596875
109.644100
109.692175
109.730225
109.756550
109.850500
109.986050
110.289575
110.407250
110.727725
110.788025
110.856275
110.891100
110.954650
111.024850
111.055425
111.084150
111.148450
111.191300
111.236050
111.280250
111.320450
111.473450
111.676675
111.836075
111.890850
112.032600
112.210225
112.244625
112.283975
112.374300
112.412575
112.447700
112.484200
112.555125
112.603500
112.713900
112.759025
112.850975
112.903150
112.939525
112.978400
113.048550
113.160175
113.206950
113.235750
113.276100
113.313750
113.347250
113.419150
113.462175
113.505975
113.552825
113.606225
113.720175
113.745425
114.139925
114.231350
114.263075
114.419800
114.561975
114.605400
114.655225
114.862975
114.891775
115.060800
115.110825
115.148125
115.355050
115.410475
115.777775
115.872500
115.901825
115.928550
116.065375
116.166525
116.310975
116.373000
116.516700
116.657975
116.695400
116.786175
116.824125
116.939250
116.992925
117.105250
117.142600
117.163025
117.306375
117.374000
117.429550
117.584025
117.643775
117.692525
117.735625
117.846100
117.889175
118.153125
118.196775
118.286250
118.546375
118.646750
118.931525
118.988450
119.139225
119.171300
119.265725
119.300250
119.551825
119.590625
119.653750
119.750750
119.841150
119.857750
119.902200
119.948500
119.985850
120.078975
120.121175
120.211225
120.390700
120.446100
120.848300
120.906700
121.044875
121.090375
121.141650
121.187625
121.226725
121.282850
121.343400
121.374875
121.499050
121.546825
121.579475
121.618125
121.680775
121.738075
121.980925
122.138025
122.177850
122.293600
122.344025
122.388425
122.498100
122.551950
122.650425
122.753075
122.809750
122.848575
122.902225
122.991625
123.126150
123.202025
123.356325
123.437350
123.524600
123.695900
123.740825
123.779025
123.852750
123.905675
123.949425
124.009225
124.092450
124.129425
124.163825
124.305900
124.445175
124.543400
124.578425
124.690075
124.753400
124.814725
124.880500
124.925400
125.003825
125.338500
125.423250
125.535475
125.618850
125.727325
125.786275
125.939075
126.013925
126.057350
126.108925
126.419600
126.475100
126.518025
126.656650
126.743300
126.971850
127.020125
127.318500
127.394925
127.469125
127.518525
127.568450
127.627500
127.684200
127.728725
127.772800
127.825925
127.923975
128.023550
128.087950
128.170775
128.208475
128.261950
128.301475
128.340500
128.833150
129.062700
129.176350
129.194925
129.222350
129.327350
129.460275
129.638675
129.848325
129.890875
129.936000
130.077200
130.290950
130.352350
130.423025
130.489975
130.586900
130.658225
130.731425
130.795100
130.868625
130.951950
131.298625
131.346375
131.422575
131.538325
131.903625
132.009350
132.277950
132.598225
133.355875
133.437575
133.604000
133.752800
133.829175
134.298550
134.455800
134.592425
134.681650
134.818575
134.944825
135.229075
135.308850
135.389850
135.437750
135.507950
135.804050
135.903350
136.071400
136.116600
136.258475
136.597050
136.747025
136.787275
137.020500
137.166075
137.203850
137.257375
137.341800
137.534125
137.663650
137.819875
137.898925
137.959300
138.013325
138.071375
138.136200
138.208725
138.264875
138.406500
138.572475
138.864900
139.277925
139.495475
139.814800
140.294875
140.333050
140.372000
140.463575
140.536125
140.629725
140.685275
140.738450
140.783275
140.867950
140.943825
140.985600
141.019225
141.118050
141.317675
141.361375
141.435700
141.528300
141.581425
141.791025
141.937275
141.997325
142.097725
142.156650
142.208100
142.239700
142.270750
142.601600
142.653900
142.778250
142.813625
142.904875
142.962275
143.148250
143.230550
143.367100
143.428075
143.499650
143.545125
143.598750
143.641600
143.728275
143.855100
143.992050
144.075650
144.186275
144.226975
144.265200
144.376325
144.417700
144.447775
144.698925
144.760675
144.837750
144.920400
144.968325
145.049650
145.180450
145.367450
145.490850
145.509450
145.573200
145.624950
145.806675
145.889650
145.987725
146.059500
146.091850
146.167325
146.259875
146.301350
146.403650
146.456750
146.480425
146.511125
146.541325
146.650250
146.783225
146.843450
146.922000
146.946400
146.994500
147.072500
147.185700
147.323475
147.401625
147.657450
147.851700
147.904350
148.026650
148.297125
148.342075
148.490025
148.578675
148.610750
148.675775
148.780925
148.815275
148.971350
149.029800
149.374475
149.424400
149.501850
149.587450
149.688825
149.757000
149.944275
150.097075
150.198525
150.231400
150.264150
150.310075
150.584225
150.727575
150.801875
150.833425
150.871425
150.902975
151.159025
151.199750
151.282725
151.416450
151.660925
151.762975
151.814400
151.867450
151.986475
152.010125
152.045525
152.096225
152.192625
152.320075
152.490375
152.584100
152.624525
152.994500
153.036325
153.168375
153.317975
153.350450
153.406250
153.530300
153.601750
153.658375
153.701350
153.840300
153.901100
154.288600
154.333600
154.373850
154.406500
154.466925
154.504975
154.562525
154.617125
154.687050
154.718050
154.870100
154.927000
154.944750
155.042900
155.155500
155.206750
155.242750
155.378675
155.597125
155.624625
155.760475
155.828450
156.019625
156.059075
156.150975
156.203725
156.356425
156.419275
156.485100
156.510750
156.566150
156.733850
156.845550
157.009025
157.045950
157.148475
157.214850
157.257825
157.299875
157.349450
157.472950
157.702775
157.822250
157.857750
158.028950
158.115475
158.173000
158.210150
158.263750
158.427175
158.461375
158.514200
158.563050
158.603825
158.737275
158.827325
158.916275
158.949950
159.275000
159.332650
159.395175
159.440775
159.491125
159.541025
159.637075
159.665550
159.694925
159.745750
159.787850
159.919250
159.955650
160.006950
160.041125
160.117300
160.153725
160.194200
160.370275
160.411400
160.516200
160.548650
160.573500
160.668475
160.761475
160.858075
160.942025
161.076825
161.099250
161.193725
161.468125
161.509650
161.538200
161.573575
161.595050
161.689075
161.788525
161.827200
162.224825
162.264325
162.300250
162.464475
162.499000
162.585825
162.668050
162.702375
162.729625
162.764325
162.829125
162.878300
162.929550
163.000475
163.146750
163.339475
163.522575
163.586875
163.778375
163.816450
163.980025
164.030975
164.071625
164.291350
164.411150
164.485725
164.637575
164.767400
164.891450
164.926600
165.112525
165.172750
165.254350
165.436750
165.614175
165.794725
165.851075
165.904675
165.968900
166.011500
166.085475
166.349625
166.493200
166.599600
166.738475
166.993350
167.030800
167.136500
167.178675
167.268125
167.321675
167.427850
167.553250
167.590675
167.676725
167.803475
167.854500
167.905475
168.060025
168.125100
168.156775
168.302325
168.376775
168.455225
168.520025
168.708350
168.875850
168.910525
168.954825
168.995825
169.042400
169.077300
169.135300
169.174725
169.266900
169.300375
169.351125
169.385800
169.466825
169.536000
169.552650
169.582275
169.680775
169.746825
169.786100
169.848875
169.877000
169.979050
170.013825
170.132450
170.263300
170.434800
170.474575
170.578075
170.726650
170.830975
170.870050
170.908325
171.008250
171.075600
171.206600
171.308925
171.356925
171.591850
171.647825
171.688050
171.846875
171.912550
172.008150
172.064250
172.093450
172.137025
172.322925
172.419400
172.472200
172.522075
172.542200
172.567175
172.634375
172.694725
172.882850
172.905275
172.994650
173.117800
173.156750
173.262575
173.410050
173.445000
173.603775
173.686875
173.736175
173.764800
173.792825
174.135900
174.253975
174.399100
174.464375
174.560250
174.594675
174.690075
174.733900
174.878775
174.944825
174.983350
175.032075
175.139175
175.182325
175.340125
175.427125
175.545400
175.582975
175.652725
175.844300
175.892475
175.961425
175.997450
176.035750
176.068100
176.109500
176.110600
176.147225
176.251400
176.378475
176.422900
176.514775
176.550000
176.655725
176.692625
176.760925
176.873950
176.924875
177.111175
177.146525
177.273200
177.340375
177.414250
177.446350
177.489300
177.796150
177.821700
177.973175
178.054925
178.147875
178.199500
178.238500
178.343475
178.390800
178.442725
178.557500
178.596875
178.701150
178.733150
178.933225
179.017400
179.091750
179.139150
179.426125
179.508400
179.555575
179.636550
179.685575
179.774550
179.832700
179.939975
180.008050
180.043875
180.138950
180.167550
180.319375
180.590800
180.666625
180.743850
180.916300
181.376100
181.816550
182.187450
182.244150
182.354225
182.417825
182.525550
182.570025
183.064150
183.163625
183.440875
183.579200
183.820825
183.907875
184.027825
184.184800
184.268650
184.386700
184.578800
184.793800
184.993125
185.346050
185.445575
185.649225
185.753575
185.831100
185.886600
186.052100
186.237425
186.298100
186.435475
186.506775
186.570350
186.942375
187.421025
187.570025
187.748925
187.862600
187.931275
187.982700
188.054600
188.160700
188.453975
188.522100
188.601425
188.699025
188.765450
189.110425
189.267800
189.455225
189.935325
190.116100
190.230550
190.290950
190.344325
190.371550
190.665150
190.718650
190.854825
190.904775
191.102375
191.166425
191.200350
191.253775
191.289250
191.373850
191.424000
191.615325
191.760875
191.924150
191.960975
192.084475
192.133975
192.318875
192.402175
192.446625
192.495975
192.532275
192.581300
192.673725
193.055850
193.095950
193.265875
193.456750
193.482975
193.690925
193.759625
193.922450
193.962900
194.252425
194.308825
194.406750
194.590775
194.631825
194.668850
194.731225
194.785525
194.875725
195.106275
195.252100
195.338875
195.553900
195.671900
196.124775
196.203800
196.381625
196.425700
196.507125
196.541625
196.606175
196.782325
196.860975
196.887300
196.954075
197.037450
197.170050
197.198125
197.294750
197.344975
197.529150
197.646050
197.684175
197.727950
197.779675
197.890775
198.019700
198.067050
198.264025
198.294875
198.327875
198.398575
198.447300
198.502075
198.593075
198.708350
198.754850
198.779600
198.880725
198.937525
198.975100
199.097225
199.129325
199.162975
199.493825
199.619375
199.704875
199.742775
200.059500
200.212150
200.277150
200.314075
200.447775
200.526025
200.564025
200.656250
200.789725
201.077775
201.168675
201.210150
201.263125
201.341300
201.382850
201.435825
201.472775
201.543100
201.590450
201.637675
201.687375
201.713300
201.827250
201.866550
201.905750
202.089725
202.200450
202.235975
202.317000
202.470000
202.499625
202.541150
202.573375
202.674725
202.732475
202.761300
202.934675
203.121700
203.272475
203.316000
203.400425
203.436525
203.609625
203.670275
203.776950
203.848775
203.995550
204.021100
204.121300
204.212300
204.272925
204.378875
204.425775
204.512375
204.574375
204.758600
204.966600
205.292375
205.353325
205.382600
205.429800
205.466550
205.506175
205.532875
205.565175
205.612325
205.676250
205.708900
205.774975
205.880650
205.928900
205.958575
206.077475
206.125250
206.188400
206.252175
206.333575
206.424350
206.472200
206.495200
206.544675
206.572650
206.674250
206.729675
206.805325
206.840925
206.919250
206.966600
206.995500
207.038400
207.081175
207.145675
207.279900
207.400450
207.435775
207.469425
207.661200
207.703050
207.740425
207.841450
207.886575
207.916925
208.008425
208.046800
208.082800
208.122150
208.180650
208.236125
208.336625
208.428775
208.525050
208.640975
208.745975
208.786875
208.905650
209.028775
209.053000
209.095600
209.194625
209.580875
209.652850
209.693775
209.714775
209.738425
209.804175
209.835575
209.918425
209.962625
210.002825
210.135675
210.209825
210.284950
210.318600
210.374600
210.498250
210.541275
210.739050
210.828050
210.857125
211.071900
211.157950
211.189725
211.307625
211.343175
211.380600
211.498725
211.537975
211.591000
211.814600
211.849125
211.938700
212.151625
212.253600
212.297800
212.363925
212.657750
212.695375
212.746325
212.789500
212.829575
212.885575
212.969275
213.165750
213.297675
213.347500
213.470225
213.614325
213.674925
213.715950
213.751300
213.796525
213.880975
213.934475
213.973700
214.005000
214.065925
214.102225
214.147900
214.451650
214.497075
214.535025
214.571450
214.612975
214.692150
214.749900
214.785950
215.067025
215.131750
215.212125
215.294575
215.329225
215.496550
215.572025
215.610650
215.680450
215.763150
215.833075
215.873525
215.926500
215.959250
216.042325
216.226025
216.261075
216.313100
216.494925
216.549525
216.589025
216.632300
216.736050
216.762625
216.868125
216.989575
217.164800
217.212550
217.255000
217.307075
217.460400
217.505700
217.601175
217.640675
217.772600
217.810325
217.938550
217.974550
218.074775
218.108750
218.180975
218.254425
218.281725
218.306600
218.339150
218.471825
218.507800
218.614700
218.713350
218.822925
218.854650
218.905475
218.977125
219.055400
219.137025
219.321250
219.409375
219.460600
219.494975
219.564925
219.585150
219.624525
219.652900
219.738350
219.813800
220.039050
220.132650
220.301225
220.352775
220.414525
220.465425
220.560150
220.639175
220.681900
220.713575
220.736350
220.772225
220.993350
221.020675
221.104850
221.165750
221.192100
221.259450
221.299825
221.392650
221.531100
221.577575
221.635825
221.688650
221.849050
222.120225
222.229225
222.302975
222.428850
222.476325
222.516150
222.569200
222.597250
222.673425
222.705775
222.804775
223.118775
223.162225
223.198775
223.377200
223.486225
223.573050
223.777975
224.030300
224.129350
224.175200
224.208175
224.325525
224.409300
224.436375
224.485100
224.735525
224.900150
225.002375
225.076125
225.099450
225.145400
225.169125
225.382500
225.531950
225.568225
225.690175
225.731325
225.770475
225.815775
225.845825
225.905575
225.939775
225.977425
226.021750
226.092500
226.169150
226.212800
226.293700
226.336575
226.379200
226.657525
226.777250
226.821125
226.883125
226.956375
227.082275
227.118400
227.175600
227.219000
227.331250
227.370100
227.477500
227.555025
227.762800
227.808175
227.888050
227.919175
227.965075
228.010325
228.065975
228.117125
228.176275
228.220550
228.274525
228.319125
228.367775
228.409475
228.444925
228.489600
228.661825
228.689375
228.761050
228.820425
228.854150
228.917375
228.980525
229.013450
229.063450
229.110325
229.209100
229.305725
229.390925
229.419100
229.492825
229.564875
229.656825
229.703100
229.801875
229.847950
229.936775
230.091925
230.208950
230.521150
230.584350
230.631225
230.804950
230.897450
230.984950
231.061425
231.267000
231.589600
231.793050
232.267425
232.523350
232.596100
232.718875
232.975750
233.288350
233.744550
233.949350
234.150225
234.200275
234.421650
234.624825
234.666250
234.783525
234.914525
234.982150
235.144275
235.206350
235.281750
235.347725
235.423500
235.497125
235.554500
235.631400
235.917900
235.970225
236.047025
236.111125
236.226375
236.567950
236.865550
237.174625
237.265450
237.429225
237.567750
237.707125
237.882950
238.033950
238.120375
238.203600
238.302550
238.588025
238.909450
239.048300
239.202600
239.370825
239.575300
240.027350
240.185175
240.295450
240.427100
240.595100
240.751975
240.937950
240.999500
241.046450
241.083275
241.218175
241.303100
241.364400
241.536200
241.699350
241.736625
241.781575
241.863825
241.912200
242.259700
242.324250
242.449800
242.671550
242.779125
242.830675
242.878825
242.905075
242.946550
243.210975
243.255850
243.357700
243.444450
243.488050
243.529550
243.554175
244.054700
244.112925
244.277275
244.335200
244.415425
244.499275
244.740750
244.776725
244.949200
245.063625
245.107225
245.158775
245.245525
245.313000
245.365250
245.444175
245.649400
245.685400
245.735775
245.787300
245.877475
245.935750
246.043625
246.075300
246.116750
246.148350
246.358500
246.398125
246.467050
246.498325
246.652150
246.734650
246.877500
246.987825
247.107775
247.251050
247.313725
247.361500
247.501775
247.587750
247.756250
247.810400
247.941050
247.979025
248.031650
248.089200
248.236250
248.328950
248.424800
248.545725
248.775875
248.859150
248.885900
248.994325
249.039875
249.148450
249.237675
249.283075
249.328275
249.459675
249.648025
249.936100
250.177850
250.317550
250.538075
250.695375
250.721775
250.871900
251.021125
251.096350
251.138550
251.393750
251.437375
251.621475
251.858675
252.119550
252.404575
252.464875
252.719675
252.753625
252.843150
252.908425
253.044700
253.139600
253.241600
253.366825
253.499925
253.556825
253.610650
253.637400
253.685450
253.813325
253.850050
253.891750
253.981300
254.161275
254.263250
254.348700
254.409725
254.451925
254.574225
254.891500
254.931650
255.053875
255.130900
255.184525
255.353700
255.390775
255.427375
255.475550
255.543075
255.732200
255.982525
256.011625
256.123825
256.172425
256.230600
256.381375
256.661000
256.858525
256.912850
256.946125
257.002800
257.130525
257.454500
257.579250
257.612350
257.655250
257.784825
257.888625
257.960775
257.990225
258.269975
258.384500
258.554300
258.589525
258.649325
258.691875
258.738650
258.804925
258.962000
258.999100
259.038725
259.113275
259.263575
259.424125
259.482375
259.518650
259.644550
259.758125
259.865975
259.950500
259.997550
260.180300
260.217850
260.316900
260.351900
260.401550
260.655975
260.771300
260.893625
260.993100
261.223225
261.351325
261.399125
261.441700
261.496200
261.593325
261.713575
261.764575
261.817475
261.886975
261.975500
262.053975
262.175300
262.250750
262.310500
262.376425
262.568300
262.597425
262.631425
262.814350
262.872975
262.946025
262.975425
263.024800
263.102375
263.194650
263.229300
263.281500
263.312475
263.314800
263.349425
263.425800
263.487550
263.589825
263.623525
263.679125
263.800425
263.837750
263.875325
263.995700
264.024425
264.107525
264.159750
264.294125
264.376925
264.518775
264.625800
264.646325
264.708900
264.745600
264.818700
264.959575
265.136600
265.214200
265.315100
265.376175
265.431900
265.510725
265.587700
265.720500
265.811025
265.854675
266.275825
266.588325
266.747575
266.884675
267.012725
267.088325
267.269925
267.461800
267.512325
267.598825
267.688200
267.923125
268.110600
268.163150
268.189400
268.320225
268.429075
268.469525
268.494925
268.528100
268.579950
268.632150
268.690975
268.728675
268.746575
268.951325
269.060525
269.083300
269.161625
269.207025
269.321325
269.356300
269.502125
269.643525
269.698675
269.807025
269.900150
269.944025
269.987700
270.038200
270.087400
270.134325
270.230850
270.293000
270.363875
270.432475
270.634300
270.669625
270.708000
270.858650
270.944800
270.986850
271.099000
271.259900
271.284925
271.767675
271.843500
271.886100
271.922475
271.956350
272.005775
272.045750
272.123550
272.388250
272.487800
272.531475
273.173025
273.224375
273.290975
273.413925
273.634575
273.768300
273.874125
273.919025
274.018700
274.346075
274.550875
274.693400
274.758775
274.844550
274.896075
274.999825
275.108075
275.211900
275.459525
275.564475
275.614600
275.804975
275.851650
276.089500
276.144275
276.187500
276.573025
276.772150
276.938325
277.068950
277.158025
277.196375
277.283600
277.335550
277.492825
277.930375
278.221075
278.382500
278.715950
278.778175
279.058000
279.119125
279.191775
279.471050
279.550700
279.597700
279.743575
279.880175
280.266575
280.485375
280.553025
280.801925
280.854675
281.063575
281.172700
281.328350
281.544625
282.119525
282.233500
282.312675
282.526200
282.650100
282.900850
283.466650
283.613550
283.758225
283.828875
283.926700
284.027900
284.583900
284.729125
285.122850
285.174575
285.523075
285.768500
285.933550
285.986850
286.204400
286.360400
286.443350
286.543700
286.599850
286.656025
286.722150
287.022850
287.230450
287.338775
287.632725
287.708625
287.738500
287.750675
287.779525
287.895825
288.186375
288.526625
288.596425
288.665925
288.759000
288.851400
289.071000
289.135675
289.301750
289.367550
289.568275
289.609300
290.159975
290.216275
290.262400
290.405450
290.797150
290.831825
290.866300
290.905675
290.981975
291.020725
291.054900
291.095450
291.185800
291.208475
291.376725
291.435675
291.658625
291.742275
291.915050
292.007250
292.158475
292.217400
292.225550
292.275750
292.359725
292.519675
292.567150
292.715800
292.760150
293.101750
293.167625
293.239400
293.286675
293.325025
293.381225
293.492275
293.536775
293.642925
293.764650
293.800175
294.054600
294.139700
294.547050
294.691750
294.789850
294.860925
295.022300
295.073950
295.124375
295.174800
295.261475
295.373025
295.411350
295.708175
295.801850
295.884950
295.918900
295.960950
296.085175
296.348775
296.412675
296.548350
296.787000
296.822525
296.864075
297.073175
297.124050
297.386800
297.431000
297.519600
297.561250
297.638125
297.661700
297.720600
297.768575
297.959000
297.993775
298.100275
298.311750
298.440100
298.442875
298.537425
298.614475
298.726300
298.911275
298.942950
298.982175
299.166700
299.215525
299.538275
299.639900
299.689050
299.739625
299.779450
299.808350
299.850300
299.924575
299.984250
300.175425
300.274100
300.380175
300.424075
300.478475
300.532375
300.689000
300.890725
301.070950
301.164300
301.196900
301.349025
301.425725
301.616550
301.907950
301.953625
302.084400
302.521500
302.582175
302.622200
302.837775
302.994025
303.077875
303.150450
303.362600
303.473325
303.572700
303.622575
303.809025
303.856350
303.925150
303.952500
303.965700
304.286750
304.552750
304.928800
304.976275
305.097525
305.141625
305.177300
305.237750
305.296075
305.346650
305.628475
305.642175
306.104025
306.200975
306.241975
306.408825
306.464450
306.594275
306.888975
306.931400
307.039975
307.083950
307.263950
307.308200
307.454050
307.577875
307.734550
307.782075
308.048300
308.078475
308.319475
308.641750
308.706525
308.741775
308.835875
308.997375
309.330525
309.505925
309.590750
309.679800
309.822125
309.857525
310.095675
310.196725
310.282525
310.516600
310.556400
310.576225
311.037650
311.147025
311.449850
311.497350
311.538150
311.596025
311.643475
311.696175
311.923950
312.141300
312.231450
312.295500
312.333275
312.531700
312.681600
312.735500
312.819450
313.070400
313.111325
313.146625
313.194700
313.263850
313.308600
313.376050
313.429325
313.461300
313.561025
313.616875
313.650025
313.871875
313.947100
313.994725
314.151575
314.295000
314.328675
314.350500
314.481775
314.582225
314.667575
314.741225
314.780050
314.933050
315.131900
315.159225
315.253025
315.386425
315.429050
315.518625
315.659025
315.735325
315.821975
316.039500
316.220500
316.341825
316.434875
316.698325
316.765225
316.891125
317.041050
317.165325
317.335300
317.435450
317.542850
317.578700
317.738000
317.774850
318.002825
318.103575
318.300625
318.338200
318.412150
318.649075
318.707250
318.749200
318.820525
318.915250
318.955025
319.046125
319.108600
319.143025
319.202200
319.257450
319.401125
319.612225
319.715150
319.763800
319.881850
319.934125
319.979725
320.081750
320.166550
320.331800
320.379050
320.672500
320.905500
320.952175
321.035025
321.106250
321.216250
321.261100
321.360425
321.457775
321.655250
321.706900
321.841175
321.877950
321.974200
322.084150
322.313625
322.548800
322.594525
322.694500
322.799475
322.848825
323.062025
323.235650
323.325200
323.363225
323.504150
323.649300
323.721425
323.887575
324.070375
324.114925
324.158625
324.223675
324.316600
324.355075
324.398675
324.476425
324.522025
324.742850
324.781250
324.848425
324.914300
325.024225
325.204875
325.241900
325.275725
325.366825
325.517775
325.721300
325.795425
325.870250
325.903100
326.171600
326.201575
326.695700
327.066925
327.131925
327.269275
327.309450
327.349575
327.603475
327.668050
327.703150
327.746075
327.813300
328.017100
328.057700
328.096350
328.120725
328.221875
328.299900
328.489000
328.539500
328.745750
328.779400
328.836750
328.960375
329.009275
329.047075
329.153575
329.240100
329.341625
329.463100
329.572225
329.661325
329.733900
329.780150
329.984475
330.033150
330.077850
330.316200
330.378250
330.486275
330.546300
330.781150
330.920350
331.023750
331.097025
331.240375
331.444150
331.912150
332.004225
332.117725
332.286000
332.435100
332.618500
332.649825
332.703750
333.039525
333.427825
333.724125
333.847050
334.381750
334.587275
334.903825
335.225525
335.340325
335.409100
335.557250
335.634050
335.704525
335.872750
335.931525
336.122825
336.179575
336.300775
336.357150
336.559475
336.617100
336.694650
336.766350
337.026925
337.090750
337.517925
337.576075
337.663150
337.760725
338.099050
338.768000
338.833475
339.038975
339.141725
339.333750
339.392350
339.460900
339.647100
339.703025
339.766925
339.852925
339.979450
340.080275
340.366900
340.448500
340.593375
340.644800
340.682225
340.859175
340.998325
341.050000
341.173925
341.315975
341.494775
341.583800
341.639325
341.726525
341.866650
342.099425
342.200075
342.242275
342.280925
342.336525
342.383425
342.661325
343.111200
343.193600
343.230450
343.280125
343.334150
343.384900
343.438800
343.494800
343.549950
343.583750
343.615350
343.939400
344.015850
344.063775
344.104050
344.145475
344.241625
344.280250
344.327100
344.489825
344.622100
344.671700
344.715125
344.773750
344.821425
344.954700
345.041250
345.108250
345.310600
345.365875
345.597725
345.636200
345.747400
345.823375
345.992550
346.037375
346.291575
346.345150
346.406825
346.629250
346.737400
346.759950
346.794200
346.970400
347.121400
347.242950
347.465625
347.584100
347.614750
347.709325
347.820350
347.850100
347.915025
348.104675
348.199100
348.237700
348.495625
348.582100
348.738225
348.837600
348.964475
349.134275
349.241875
349.428025
349.470375
349.793400
349.835275
350.123400
350.169675
350.200825
350.315750
350.853500
350.890400
350.999100
351.124800
351.216350
351.281625
351.481500
351.618850
351.716625
351.763675
351.811200
352.065375
352.109825
352.273150
352.491325
352.556800
352.761375
352.872575
352.921275
352.974775
353.256225
353.373925
353.711575
353.885250
353.988725
354.101625
354.170875
354.320825
354.402050
354.542825
354.586700
354.729775
354.769025
354.787350
354.837200
355.165050
355.269650
355.397775
355.437700
355.503850
355.572025
355.829325
355.882625
356.097525
356.149550
356.287675
356.330450
356.434925
356.520700
356.616875
356.661625
356.732775
356.867050
356.917175
356.989350
357.003000
357.011875
357.063975
357.109350
357.261525
357.490375
357.589775
357.859300
357.902875
357.963150
358.221225
358.261950
358.305925
358.340800
358.389100
358.527575
358.573700
358.677875
358.863350
359.005075
359.040100
359.073725
359.198450
359.235375
359.275550
359.579500
359.617400
360.124950
360.153550
360.262750
360.336400
360.397075
360.553000
360.593175
360.751825
360.953475
361.015225
361.202075
361.562875
361.668000
361.752350
361.818025
361.870800
361.905075
361.932350
362.041200
362.720650
362.759125
362.786050
362.819825
362.919975
362.950475
363.005650
363.067975
363.171550
363.256150
363.270050
363.274375
363.288275
363.310525
363.342900
363.473500
363.508550
363.546550
363.684725
363.995400
364.044400
364.192150
364.245425
364.314925
364.555975
364.636725
364.910025
364.979850
365.026650
365.113850
365.268875
365.374825
365.501050
365.864150
365.886925
366.044875
366.118425
366.203775
366.293925
366.303100
366.532600
366.662350
366.757450
366.964275
367.005575
367.096275
367.189150
367.354850
367.502425
367.610800
367.663550
367.715350
367.874500
367.962775
368.017025
368.158175
368.254775
368.282500
368.307750
368.311575
368.353275
368.395750
368.494975
368.602475
368.666000
369.419775
369.529500
369.570350
369.618875
369.695150
369.751575
369.843750
369.928975
370.018525
370.158750
370.439075
370.483525
370.563450
370.707375
370.898450
371.094000
371.214450
371.437850
371.489250
371.691800
371.781150
371.916725
371.921875
372.046475
372.123975
372.208600
372.295500
372.408350
372.830400
372.894700
373.103375
373.160150
373.207850
373.259775
373.358400
373.544225
373.874500
373.946925
374.181275
374.218225
374.416325
374.465525
374.614175
374.676325
374.707600
374.763950
374.828150
375.070300
375.195175
375.246375
375.416000
375.435600
375.464525
375.549925
375.616750
375.675850
375.781200
375.829975
375.879300
376.005625
376.138275
376.185450
376.353600
376.408650
376.478600
376.643375
376.727675
376.801050
377.075500
377.305150
377.725350
377.798200
377.851325
377.917925
377.967425
378.148950
378.183775
378.428225
378.630075
378.663950
378.789500
378.831075
378.876200
378.914350
378.945800
379.058475
379.133400
379.166825
379.328150
379.404650
379.438550
379.513350
379.837150
379.986650
380.060925
380.188075
380.469625
380.614925
380.797100
381.062300
381.125150
381.196575
381.479650
381.595350
381.725850
382.119450
382.369300
382.902050
383.029425
383.528225
383.805775
385.396725
385.424775
385.528075
385.680200
385.776725
385.831950
385.969225
386.041475
386.064825
386.152550
386.246775
386.385175
386.808850
386.989600
387.051000
387.172275
387.290950
387.393850
387.435675
387.569675
387.693775
387.888875
388.072600
388.149800
388.465175
388.578900
388.699550
388.731150
388.811000
388.850575
388.866700
389.020225
389.211175
389.313125
389.414000
389.578775
389.808150
390.377250
390.419450
390.528850
390.566125
390.690775
390.786250
390.912200
391.070200
391.210775
391.325700
391.403950
391.596600
391.763550
391.885625
391.910025
391.990975
392.104275
392.369850
392.502150
392.642350
392.653325
392.772050
392.786875
392.846525
392.965650
393.294950
393.413575
393.446825
393.488900
393.542075
393.621375
393.663875
393.709400
393.720525
393.965250
394.006975
394.196000
394.205400
394.273225
394.499250
394.673650
394.923300
394.963725
395.016725
395.176625
395.409175
395.458675
395.633300
395.672525
396.078600
396.163150
396.228925
396.345525
396.479200
396.563950
396.788575
397.041000
397.771300
397.813775
397.881925
398.100875
398.174675
398.176700
398.207900
398.222600
398.466900
398.560975
398.989975
399.115175
399.189525
399.628800
399.774100
399.824150
399.883000
400.213800
400.398075
400.751175
400.816675
400.884275
400.963525
401.036600
401.306075
401.384575
401.391350
401.782250
401.834925
401.865900
401.884175
401.970550
402.168600
402.285175
402.551925
402.802700
403.142850
403.373600
403.415825
403.494925
403.530125
403.586050
403.733825
403.791450
403.904525
404.073500
404.233450
404.556950
404.581125
404.744350
404.824450
405.039850
405.076225
405.090600
405.162400
405.285800
405.363675
405.584100
405.938675
405.981575
406.024500
406.059600
406.181300
406.276600
406.290975
406.450475
406.577975
406.947425
407.399025
407.485875
407.690375
407.784550
407.840625
407.847325
407.906375
407.928925
408.067150
408.179625
408.331075
408.539625
408.571400
408.696175
408.803200
408.851900
409.382500
409.423200
409.563125
409.617550
409.669850
409.838325
409.895800
410.022300
410.088650
410.133525
410.191200
410.507350
410.600400
410.683800
410.723950
410.855800
410.951400
411.052525
411.136525
411.283725
411.424650
411.706425
411.890025
412.133450
412.222150
412.235400
412.243600
412.272100
412.299800
412.413100
412.465075
412.542850
412.672925
412.833125
412.861050
413.059900
413.095650
413.138975
413.246950
413.261850
413.304200
413.345800
413.933800
414.038650
414.099625
414.302950
414.421275
414.683600
414.970225
415.075875
415.112775
415.199050
415.367325
415.524950
415.773250
415.810750
415.995950
416.145450
416.727300
416.771625
416.956500
416.974250
417.027075
417.221550
417.229500
417.322425
417.427550
417.729725
417.874575
417.906950
417.947275
418.003675
418.159975
418.165375
418.265150
418.283950
418.566550
418.784675
418.905000
419.069300
419.173925
419.248300
419.588700
419.725500
419.796250
419.810625
420.065900
420.347625
420.462850
420.470150
420.514025
420.969275
421.119375
421.219275
421.308475
421.392900
421.446125
421.469275
421.663800
421.743825
421.781025
421.834250
421.863075
422.137250
422.166125
422.217650
422.262675
422.433500
422.542950
422.544775
422.574675
422.619250
422.652875
422.758800
422.848800
423.070225
423.233200
423.386600
423.512775
423.595675
423.754950
423.905575
424.243800
424.405300
424.469900
424.511775
424.605775
424.704250
424.847300
424.853675
424.901150
424.942700
425.237475
425.336325
425.440200
425.686025
425.776525
426.213575
426.245225
426.311300
426.561400
426.665300
426.771950
426.992475
427.018850
427.055600
427.286275
427.440700
427.691225
427.717575
427.936250
427.977525
428.179300
428.245425
428.419600
428.502850
429.198600
429.215375
429.318050
429.553200
429.601075
429.735000
429.784525
429.865325
430.367725
430.637450
430.789800
430.901025
431.024125
431.094600
431.297675
431.363575
431.405050
431.608125
431.687775
431.828950
432.243525
432.339200
432.391425
432.500525
432.622375
432.755300
433.705225
433.890250
433.997600
434.239525
434.464925
434.624500
434.753525
434.779375
435.314175
435.425350
435.443000
435.537425
435.575675
435.694625
435.757325
435.765525
435.893300
435.994700
436.026025
436.124975
436.230625
436.251250
436.306625
436.455175
436.600050
436.758525
436.879000
437.590000
437.631725
437.668600
437.686300
437.754025
437.906725
437.957225
438.022750
438.385925
438.487700
438.691475
439.095750
439.469125
439.538425
439.609125
439.613500
439.817325
439.828250
439.881400
440.218175
440.280800
440.327000
440.414050
440.902200
441.002275
441.029225
441.138025
441.314900
441.325850
441.379500
441.431750
441.596100
441.658475
441.730225
441.746775
442.014150
442.030950
442.106100
442.120200
442.174700
442.193600
442.278950
442.293900
442.440975
442.488500
442.645950
442.699100
442.776450
442.853775
442.900925
442.906850
442.930300
442.935775
442.997925
443.029425
443.434475
443.474100
443.490000
443.541925
443.584975
443.720075
443.741450
443.759550
444.021425
444.158400
444.231350
444.699125
444.780150
444.792850
444.795875
444.802450
445.086100
445.093675
445.173750
445.214150
445.280325
445.657150
445.662575
445.712825
445.802450
445.876100
446.023000
446.024525
446.051200
446.206600
446.496550
446.522825
446.825650
446.942075
446.984525
447.046525
447.104050
447.118075
447.132100
447.156950
447.189350
447.196125
447.204825
447.398950
447.468050
447.477075
447.583500
447.648375
447.774350
448.043800
448.120650
448.125925
448.205200
448.446950
448.457525
448.671800
448.749525
448.965475
449.022875
449.257425
449.380350
449.535700
449.582175
449.599450
449.741025
450.034575
450.248100
450.321225
450.335450
450.580425
450.692100
450.769775
450.811750
450.838525
450.932200
451.090350
451.092150
451.397875
451.584775
451.586500
451.884975
451.975750
452.210225
452.756800
452.838750
452.995050
453.054775
453.121825
453.125375
453.177425
453.198900
453.263625
453.457350
453.540875
453.593750
453.744000
453.776275
453.804400
453.996525
454.052850
454.133700
454.300450
454.416025
454.595050
454.633975
454.647800
454.700700
454.725975
454.960050
454.990000
455.085200
455.454325
455.483975
455.560525
455.580675
456.098250
456.454850
456.703975
456.836400
456.959750
456.996100
457.006075
457.032300
457.059300
457.096500
457.190050
457.253100
457.267000
457.424675
457.520575
457.596500
457.628350
457.725075
458.235200
458.274425
458.291675
458.323300
458.395050
458.438750
458.510625
458.550550
458.845300
459.126875
459.204650
459.233725
459.309000
459.523750
459.546125
459.592375
459.628925
459.804850
459.844000
459.981875
460.149350
460.151675
460.194700
460.339600
460.399025
460.424250
460.467050
460.769500
460.807675
460.907150
460.920175
461.013825
461.060675
461.073400
461.336075
461.545425
461.856600
461.880525
461.934825
462.031800
462.082325
462.297625
462.302900
462.349925
462.354725
462.652350
462.740400
462.792650
462.827400
462.878525
463.095150
463.139650
463.177550
463.185100
463.368250
463.578000
463.665000
463.718450
463.758050
463.923950
463.989300
464.086175
464.111675
464.146075
464.226350
464.566800
464.609675
464.678050
464.940100
465.064675
465.130075
465.143650
465.247825
465.365625
466.173875
466.236625
466.267250
466.330200
466.375625
466.438500
466.462625
466.527850
466.586025
466.763350
466.944450
467.083975
467.120425
467.364725
467.770975
467.911775
467.962075
468.007525
468.022450
468.495125
468.682275
468.818200
468.840150
468.876850
468.940750
468.998150
469.166125
469.238000
469.618000
469.673100
469.747325
469.848675
469.964475
470.062275
470.103125
470.437325
470.520775
470.571025
470.620575
470.900150
470.986050
471.144550
471.184675
471.434450
471.637475
471.707000
471.967525
472.130700
472.195775
472.689800
472.721775
472.803425
473.089800
473.203425
473.395900
473.574300
473.662775
473.722350
474.215550
474.252350
474.473850
474.705525
474.717250
474.811250
474.851625
474.951875
475.264625
475.333050
475.547550
475.649525
475.926425
475.961200
475.999200
476.250050
476.470550
476.559925
476.785875
476.990250
477.047950
477.177275
477.256100
477.390175
477.526625
477.612550
477.692625
477.731775
477.748300
477.752475
477.916375
477.988150
478.074875
478.216150
478.230250
478.294600
478.336250
478.356050
478.415900
478.487425
478.556225
478.725800
478.802450
478.848500
478.950200
479.379700
479.593400
479.636075
479.765350
479.857500
479.863900
479.963800
480.110350
480.752250
480.833150
480.883500
480.992775
481.041775
481.067750
481.070025
481.237975
481.303250
481.404275
481.648550
481.889250
482.353000
482.688075
482.924725
483.159600
483.187250
483.244475
485.520100
485.531125
486.220700
486.595625
486.792650
487.167325
487.253600
487.343275
487.601050
488.090000
488.317575
488.745850
489.003200
489.179350
489.406675
489.697700
489.800475
489.928650
489.977250
490.129250
490.226800
490.246500
490.540600
490.803750
491.051075
491.119300
491.469625
491.733225
491.895525
491.959100
492.140575
492.333025
492.474050
492.534725
492.627025
492.720150
492.784950
492.868075
492.997350
493.196250
493.305975
493.396925
493.435875
493.541100
493.867400
494.144125
494.214925
494.266800
494.394500
494.459900
494.649550
494.927400
494.962625
495.094875
495.100575
495.153300
495.223975
495.655850
496.168375
496.254300
496.369700
496.474950
496.521250
496.555450
496.785250
496.797975
497.245025
497.437125
497.719500
498.184450
498.541900
498.664125
498.707300
498.964400
499.517650
499.758600
499.787100
500.136125
500.547900
500.617850
500.721900
500.915700
501.413925
501.492600
501.548450
501.909025
501.910500
502.153800
502.208175
502.382250
502.387275
502.645775
502.741175
503.514825
503.727750
503.781275
503.964925
504.117025
504.191325
504.289925
504.428000
504.458700
504.494850
504.552600
504.695550
504.962625
505.437400
505.449625
505.700650
505.760425
506.026025
506.057250
506.083675
506.118150
506.229375
506.231775
506.314525
506.322225
506.385875
506.592350
506.701525
506.890100
507.146150
507.179625
507.391700
507.400800
507.607150
507.667750
507.888875
508.108025
508.399025
508.580575
508.908500
509.093725
509.333025
509.404725
509.444425
509.593875
509.608050
509.832250
509.945700
510.080850
510.114750
510.134425
510.199375
510.310575
510.644700
510.740275
510.827500
510.935425
511.033475
511.065175
511.205850
511.233400
511.313425
511.664125
511.715350
512.121200
512.499250
512.579075
512.934500
512.969800
513.019175
513.057525
513.120300
513.370025
513.513575
513.569825
513.858400
513.961325
514.076850
514.134250
514.411000
515.063050
515.107950
515.116525
515.266325
515.312275
515.510925
515.752975
516.002300
516.055900
516.307300
516.638500
516.860650
517.150575
517.274850
517.528125
517.583125
517.644800
517.718500
517.793900
518.374050
518.663775
519.142375
519.522725
519.557825
519.904000
520.075450
520.205100
520.789500
520.940700
521.037975
521.332500
521.527500
521.790950
521.912725
521.939575
522.506975
522.685000
523.340225
523.397225
523.413100
523.717400
523.802950
524.152000
524.645350
524.836875
524.929250
525.048225
525.285250
525.297400
525.346875
525.835075
526.086675
526.338225
526.630725
526.872000
526.977600
527.097700
527.331975
527.819975
527.955850
528.184400
528.234775
528.418875
528.488750
528.855375
529.069050
529.509175
529.549075
529.635975
529.920825
529.969550
530.149075
530.255350
530.439125
530.731275
530.848250
530.930125
531.828225
532.071400
533.427125
533.745525
533.814425
533.853575
533.925075
534.502600
534.562425
534.688025
534.691650
534.801125
535.006950
535.042225
535.303750
535.388100
535.566600
535.946875
535.968375
536.094650
536.383400
536.454775
536.592500
536.643850
536.719775
536.831725
537.173000
537.320525
537.364650
537.468825
537.581150
537.598550
537.746475
537.826775
537.901925
538.012925
538.239950
538.552175
538.624525
538.875250
538.883850
539.183000
539.211675
539.215000
539.218500
539.231375
539.300950
539.328225
539.337825
539.426525
539.504225
539.664575
539.711350
539.924375
539.992300
540.103150
540.120100
540.221125
540.326500
540.362200
540.404525
540.461250
540.607575
540.700875
540.751625
540.834525
540.966075
540.969250
540.999250
541.323825
541.343200
541.724200
541.769700
541.803800
541.880950
542.043025
542.080450
542.283400
542.315900
542.384325
542.423950
542.498975
542.746125
542.747700
542.787825
542.890025
543.270825
543.403950
543.482300
543.545800
543.571900
543.576150
543.580675
543.615475
543.881950
543.906100
543.939825
544.022000
544.104600
544.149000
544.213775
544.428875
544.446825
544.500375
544.601850
544.711800
544.959575
544.979300
545.076900
545.117275
545.144200
545.150700
545.270475
545.344275
545.494850
545.712150
545.741175
545.798000
545.809600
545.899500
545.963025
546.056200
546.433025
546.754650
546.901800
547.030050
547.172625
547.239725
547.339025
547.541325
547.554425
547.625150
547.627050
547.677175
547.859125
547.937350
548.054825
548.094225
548.231150
548.567525
548.901025
549.276725
549.328150
549.479700
549.504125
