# # All spikes for Neuron
0.001175
0.025525
0.062925
0.081900
0.131875
0.150550
0.177825
0.250800
0.340975
0.386350
0.427000
0.586400
0.653800
0.724925
0.758325
0.864100
0.890125
0.958875
1.001675
1.093450
1.172025
1.198675
1.238925
1.252475
1.299275
1.436425
1.497675
1.550450
1.594725
1.646775
1.677650
1.768225
1.859425
1.900300
2.015275
2.162800
2.250175
2.429100
2.475175
2.535750
2.650100
2.739625
2.776575
2.872700
2.916275
3.031600
3.132400
3.303950
3.332075
3.381975
3.496050
3.582375
3.671325
3.704475
3.765725
3.822375
3.860200
3.960050
4.034050
4.221425
4.361500
4.397900
4.512725
4.567825
4.603750
4.667975
4.734025
4.807300
4.895850
4.907125
4.941700
4.968275
5.010000
5.061050
5.108175
5.137975
5.158950
5.175950
5.192750
5.213025
5.275300
5.346225
5.424575
5.474325
5.513550
5.557825
5.578625
5.611950
5.647900
5.683675
5.705475
5.746275
5.780100
5.802850
5.841525
5.871075
5.907475
5.975150
5.996400
6.026850
6.076575
6.100650
6.128950
6.156950
6.210100
6.228400
6.287575
6.331525
6.358100
6.430750
6.451025
6.471575
6.505875
6.523475
6.550000
6.594675
6.611625
6.654775
6.700350
6.755225
6.789350
6.817950
6.825375
6.846850
6.892825
6.952050
6.994100
7.007925
7.041050
7.064500
7.094525
7.137050
7.155000
7.185250
7.205700
7.230375
7.267450
7.275675
7.296450
7.327925
7.369950
7.391375
7.412475
7.438025
7.476625
7.494325
7.514575
7.538300
7.554450
7.581350
7.599200
7.610200
7.631175
7.647150
7.669850
7.690850
7.707475
7.722325
7.757075
7.796350
7.813075
7.840425
7.859575
7.869800
7.880225
7.887550
7.933225
7.977525
7.996225
8.036075
8.064800
8.080125
8.118375
8.129950
8.146350
8.182675
8.200825
8.222625
8.240225
8.265725
8.278025
8.313825
8.351950
8.379175
8.407350
8.425800
8.449125
8.460550
8.469725
8.501000
8.514275
8.531250
8.549025
8.584350
8.610050
8.630450
8.650275
8.664950
8.682300
8.697250
8.715300
8.735550
8.768950
8.809050
8.824750
8.845950
8.881325
8.903175
8.930500
9.009925
9.024950
9.038350
9.064075
9.084400
9.127475
9.154400
9.210425
9.236225
9.258350
9.293300
9.312800
9.329775
9.343625
9.370725
9.388850
9.423950
9.455700
9.474175
9.498800
9.553600
9.591825
9.631525
9.640350
9.665750
9.691575
9.706675
9.742500
9.790450
9.815400
9.841000
9.861900
9.879775
9.904575
9.962500
9.994350
10.056800
10.072600
10.097750
10.130350
10.160325
10.188525
10.221250
10.261050
10.354750
10.386225
10.404525
10.477725
10.508000
10.553200
10.586750
10.622425
10.649850
10.664075
10.702050
10.716825
10.753200
10.805175
10.912025
10.941200
11.000000
11.044775
11.085750
11.134425
11.168625
11.202650
11.282575
11.310500
11.329475
11.351175
11.413300
11.432850
11.451625
11.471175
11.489700
11.510200
11.527750
11.533925
11.563675
11.588350
11.612675
11.635225
11.739000
11.783575
11.787325
11.825175
11.870200
11.907900
11.979725
12.014075
12.036350
12.063900
12.096725
12.139000
12.193250
12.220825
12.259275
12.309000
12.338750
12.347300
12.366000
12.529725
12.644150
12.698825
12.755075
12.790300
12.821825
12.847375
12.889825
12.965050
13.039400
13.084350
13.111950
13.142375
13.186100
13.237300
13.317125
13.340450
13.410350
13.444425
13.506150
13.584075
13.630600
13.664450
13.718875
13.756900
13.772300
13.790600
13.822900
13.844275
13.866950
13.884025
13.900550
13.962525
14.003950
14.053200
14.079900
14.093425
14.124175
14.181275
14.200950
14.237400
14.263825
14.297450
14.320775
14.342650
14.369325
14.384925
14.400975
14.445000
14.466900
14.496075
14.522625
14.538700
14.559475
14.606100
14.625425
14.647725
14.674700
14.677350
14.692425
14.719975
14.792475
14.809375
14.830475
14.857750
14.880350
14.922675
14.946475
14.970375
14.991400
15.013975
15.053425
15.091700
15.112975
15.129650
15.151725
15.176150
15.279550
15.297850
15.329700
15.344475
15.363775
15.384925
15.407125
15.435525
15.470400
15.492900
15.528800
15.540475
15.578450
15.609275
15.639750
15.652400
15.662200
15.693650
15.797250
15.828800
15.857700
15.890025
15.920925
15.957250
15.997975
16.025750
16.042100
16.063725
16.084725
16.106375
16.128250
16.148400
16.181350
16.203700
16.239025
16.262975
16.291925
16.310300
16.328800
16.348900
16.401450
16.430775
16.459675
16.475750
16.492125
16.524925
16.565375
16.630825
16.667925
16.702200
16.756675
16.783200
16.839375
16.852975
16.877450
16.907850
16.931750
16.952425
16.970300
17.013225
17.038075
17.071575
17.100950
17.112925
17.172650
17.202900
17.225500
17.252825
17.280825
17.294975
17.304975
17.313050
17.346175
17.366000
17.380475
17.409750
17.430550
17.447525
17.484200
17.500775
17.527275
17.567475
17.588550
17.624025
17.673700
17.705025
17.774925
17.846325
17.945925
17.971875
18.022000
18.038300
18.071225
18.120850
18.175500
18.193625
18.210900
18.232875
18.255350
18.347125
18.366050
18.388975
18.427125
18.455500
18.482750
18.514300
18.534525
18.565025
18.629425
18.661875
18.683650
18.723150
18.748475
18.773250
18.807425
18.844625
18.867150
18.899750
18.931650
18.999325
19.034600
19.066650
19.094625
19.135375
19.169575
19.205300
19.226350
19.252225
19.273150
19.291675
19.325000
19.354425
19.385025
19.414950
19.449200
19.478900
19.546075
19.583350
19.640100
19.671250
19.692750
19.745150
19.831200
19.867400
19.897675
19.942600
19.970375
20.017200
20.053125
20.097650
20.123950
20.152300
20.225175
20.271325
20.321125
20.355075
20.375425
20.411600
20.442875
20.478575
20.521300
20.547800
20.573550
20.615575
20.673625
20.706850
20.715300
20.758800
20.802475
20.829625
20.977050
21.015500
21.038400
21.089375
21.128375
21.161850
21.177950
21.221550
21.272675
21.326325
21.357175
21.382050
21.424225
21.467025
21.500850
21.570975
21.602875
21.625975
21.664250
21.702025
21.750425
21.781725
21.807525
21.821025
21.850700
21.877825
21.911050
21.938050
21.969350
22.001750
22.053575
22.082925
22.111350
22.153700
22.184350
22.211575
22.225700
22.242125
22.265450
22.323075
22.358050
22.388325
22.411675
22.438400
22.536350
22.560750
22.610550
22.632925
22.664025
22.730725
22.756200
22.790375
22.826150
22.850800
22.878500
22.935850
22.967975
22.987050
23.007350
23.032625
23.089575
23.139600
23.155225
23.171325
23.191925
23.208225
23.242450
23.274825
23.337250
23.357600
23.402450
23.431525
23.454075
23.479800
23.509250
23.563775
23.596950
23.629525
23.652400
23.675075
23.710525
23.742825
23.780450
23.802250
23.811900
23.888725
23.909575
23.976100
24.004350
24.033800
24.048375
24.070050
24.097600
24.113175
24.127350
24.159550
24.171150
24.192175
24.220525
24.251900
24.289600
24.310050
24.324625
24.366700
24.392725
24.425650
24.441700
24.476775
24.501400
24.551000
24.593475
24.667900
24.717175
24.742725
24.815825
24.849700
24.871250
24.887550
24.907550
24.926325
24.956550
25.053500
25.081800
25.137075
25.181150
25.197700
25.248175
25.265925
25.278825
25.344650
25.413675
25.481500
25.496800
25.522950
25.541125
25.565125
25.586225
25.624675
25.652350
25.701450
25.718650
25.737150
25.775925
25.824050
25.853600
25.874300
25.919050
25.963525
25.983675
26.002850
26.031300
26.055500
26.085425
26.120125
26.139500
26.156025
26.181975
26.219925
26.243550
26.266900
26.297350
26.319350
26.382000
26.392050
26.413050
26.438575
26.459950
26.518800
26.552975
26.575675
26.604900
26.620950
26.645925
26.660325
26.677750
26.705825
26.717150
26.734550
26.776650
26.810875
26.827775
26.843475
26.866725
26.883975
26.926575
26.965600
27.019900
27.106325
27.171900
27.194300
27.216425
27.257625
27.297350
27.323125
27.395575
27.445875
27.492275
27.541350
27.571700
27.596675
27.615600
27.674975
27.697275
27.723300
27.777725
27.806450
27.828800
27.846225
27.906150
27.935250
27.963025
28.003025
28.073525
28.101550
28.128900
28.184325
28.217225
28.240800
28.263875
28.292100
28.311175
28.335825
28.380225
28.405975
28.441650
28.469900
28.525425
28.556000
28.590425
28.612875
28.629150
28.660150
28.745875
28.766575
28.780400
28.800425
28.874675
28.894050
28.905150
28.922800
28.934450
28.953400
28.969700
28.989125
29.001900
29.044000
29.056200
29.088825
29.108400
29.177025
29.222125
29.229075
29.237950
29.286650
29.301600
29.320550
29.347250
29.359375
29.370800
29.421775
29.462975
29.490450
29.510275
29.537025
29.563650
29.586325
29.602975
29.619400
29.668500
29.687500
29.700825
29.758525
29.770250
29.798425
29.822050
29.836625
29.851975
29.878325
29.920025
29.936250
29.991375
30.011675
30.030200
30.044875
30.086950
30.102800
30.118750
30.186850
30.220050
30.232600
30.257500
30.288775
30.321800
30.340400
30.366700
30.392075
30.406250
30.428575
30.469450
30.487650
30.513700
30.531800
30.567650
30.600925
30.616775
30.671425
30.686475
30.705825
30.724175
30.737850
30.766000
30.813125
30.832300
30.912850
30.930325
31.029925
31.049950
31.093350
31.114375
31.129350
31.142225
31.211375
31.234975
31.258250
31.272650
31.294500
31.322825
31.349825
31.371975
31.423400
31.444800
31.461900
31.472675
31.510400
31.554375
31.570775
31.619250
31.646200
31.675125
31.690900
31.724475
31.740525
31.778450
31.817225
31.849325
31.868975
31.892275
31.910100
31.920825
31.938075
31.994525
32.012450
32.037900
32.059850
32.091200
32.114875
32.145675
32.180375
32.201100
32.280500
32.332825
32.360125
32.387525
32.432200
32.448200
32.473375
32.491150
32.527625
32.546275
32.565675
32.579375
32.627325
32.642850
32.682325
32.702075
32.725275
32.753250
32.801000
32.845600
32.872325
32.933975
32.997975
33.008525
33.027000
33.043925
33.078400
33.099850
33.164075
33.188525
33.327550
33.350725
33.372350
33.397850
33.436925
33.463175
33.499500
33.522850
33.610675
33.644725
33.676150
33.747475
33.810500
33.832675
33.862825
33.902775
33.917850
33.968250
34.007950
34.032125
34.062300
34.086725
34.112150
34.125775
34.178025
34.206575
34.236050
34.259675
34.339925
34.465200
34.503750
34.531350
34.567775
34.614175
34.659000
34.699000
34.767300
34.815825
34.848250
34.891000
34.988500
35.036575
35.067600
35.137025
35.176225
35.213850
35.251050
35.268025
35.326950
35.345375
35.401500
35.449800
35.504425
35.543875
35.613125
35.648275
35.665575
35.697050
35.730850
35.759275
35.819525
35.831175
35.847000
35.849250
35.872750
35.878225
35.890625
35.929100
35.958100
35.988025
36.009400
36.035450
36.058375
36.079500
36.103775
36.139675
36.167850
36.187075
36.233300
36.254475
36.286925
36.313550
36.333650
36.369225
36.379850
36.444800
36.468825
36.534575
36.562075
36.587675
36.599800
36.656450
36.684525
36.717975
36.736475
36.775600
36.793675
36.817225
36.861800
36.884825
36.928100
36.951500
36.989250
37.022700
37.070950
37.089000
37.095425
37.126500
37.153950
37.172250
37.190825
37.235575
37.262750
37.319125
37.353850
37.393200
37.464525
37.498675
37.515725
37.546025
37.581400
37.642650
37.667150
37.702225
37.755800
37.803225
37.834400
37.877450
37.918800
37.924150
37.982550
38.020500
38.067275
38.133725
38.154950
38.185875
38.214025
38.272300
38.292875
38.324950
38.349125
38.393375
38.444200
38.491925
38.535200
38.574600
38.599200
38.628625
38.654750
38.699350
38.739575
38.823275
38.868400
38.963700
39.014375
39.066850
39.100650
39.140025
39.173250
39.188250
39.225625
39.248950
39.274725
39.324325
39.346350
39.383000
39.411075
39.428650
39.465250
39.502550
39.520350
39.578725
39.641950
39.679525
39.708625
39.750000
39.797675
39.834650
39.883375
39.923550
39.970875
39.972500
40.025200
40.062650
40.101025
40.126100
40.177000
40.217500
40.248450
40.349875
40.424675
40.455575
40.589350
40.633100
40.662775
40.723700
40.775575
40.810600
40.845225
40.847525
40.882800
40.927025
40.986950
41.036825
41.072900
41.165525
41.194250
41.262325
41.312025
41.368325
41.399675
41.529025
41.557300
41.634775
41.690375
41.779050
41.838550
41.905500
41.992225
42.000000
42.064225
42.104725
42.164100
42.240350
42.309150
42.363625
42.413100
42.447825
42.506075
42.563225
42.604250
42.629300
42.646450
42.681475
42.729925
42.741425
42.763125
42.807950
42.831325
42.883375
42.900325
42.957575
42.979550
43.004975
43.040300
43.055500
43.110000
43.136850
43.162350
43.195525
43.223375
43.259800
43.294450
43.318700
43.348525
43.372800
43.405500
43.435050
43.465550
43.495400
43.543400
43.635250
43.682000
43.722775
43.736375
43.750150
43.773450
43.817225
43.825700
43.837675
43.857450
43.877025
43.915075
43.931350
44.006650
44.029500
44.049150
44.065200
44.099750
44.120375
44.155700
44.175925
44.188850
44.215250
44.233550
44.282500
44.312075
44.351600
44.378550
44.409350
44.429050
44.474400
44.551400
44.573850
44.633300
44.660875
44.678550
44.705900
44.731450
44.747725
44.779300
44.802825
44.839450
44.856675
44.879925
44.902600
44.935500
44.969975
44.998800
45.021375
45.061250
45.089250
45.113075
45.159175
45.192250
45.221575
45.240650
45.248650
45.292750
45.320175
45.343325
45.369375
45.403200
45.435425
45.454625
45.497225
45.523100
45.583450
45.616800
45.644900
45.671000
45.714375
45.754375
45.799800
45.854275
45.889700
45.917325
45.947475
45.967950
45.983400
46.003075
46.037900
46.099825
46.159025
46.220500
46.261525
46.287175
46.313875
46.345775
46.399350
46.423825
46.454225
46.486675
46.523000
46.581075
46.613875
46.649725
46.705725
46.761175
46.785800
46.810575
46.836600
46.883225
46.937500
46.966000
47.012050
47.083250
47.088575
47.106075
47.139075
47.185925
47.236825
47.277325
47.320925
47.369650
47.409050
47.446225
47.481850
47.587025
47.623450
47.640200
47.673350
47.694075
47.707750
47.735450
47.757075
47.776450
47.805525
47.826075
47.852750
47.910350
47.935150
47.967775
47.991200
48.063825
48.092625
48.142625
48.164375
48.187625
48.209825
48.248975
48.267675
48.300600
48.337375
48.373725
48.401350
48.420875
48.457075
48.482250
48.527575
48.561050
48.589850
48.627100
48.657500
48.713425
48.790325
48.864050
48.916900
48.948175
48.992625
49.011975
49.042150
49.109375
49.141700
49.175250
49.210450
49.235500
49.253625
49.288575
49.308625
49.357425
49.402225
49.425025
49.455225
49.480900
49.511075
49.539325
49.570350
49.595625
49.624500
49.664700
49.710175
49.743175
49.788175
49.864275
49.890575
49.924550
49.973275
50.034075
50.072000
50.134750
50.173750
50.218550
50.280825
50.334475
50.404825
50.418250
50.450700
50.511750
50.558025
50.616650
50.704925
50.765050
50.842425
50.930900
50.966400
51.020875
51.077800
51.210650
51.276000
51.318075
51.366425
51.444500
51.547250
51.597550
51.816050
51.900250
51.956825
51.999975
52.042575
52.124325
52.200225
52.281200
52.349650
52.416500
52.553100
52.630000
52.662250
52.706750
52.736125
52.825550
52.858700
52.896375
52.939825
52.975500
53.014175
53.048325
53.065875
53.091625
53.139800
53.191425
53.227100
53.257825
53.278625
53.293150
53.335350
53.420750
53.472400
53.509225
53.551000
53.567900
53.590150
53.610750
53.702250
53.765950
53.805450
53.860075
53.891600
53.963700
53.985225
54.022850
54.067700
54.122675
54.169825
54.201050
54.258650
54.299700
54.330900
54.422450
54.483400
54.521450
54.547550
54.579625
54.613475
54.630275
54.670950
54.707275
54.763200
54.823350
54.877525
54.958125
54.983600
55.029550
55.066525
55.103525
55.133275
55.159450
55.197725
55.240250
55.271575
55.315825
55.424225
55.509350
55.545225
55.583400
55.595575
55.662950
55.695150
55.726975
55.755800
55.789900
55.808925
55.820575
55.834950
55.871150
55.938275
55.962050
55.983925
56.017875
56.042225
56.071675
56.108400
56.152900
56.199675
56.234050
56.300450
56.365125
56.386425
56.409575
56.543950
56.568700
56.657575
56.700350
56.722600
56.774250
56.803525
56.833400
56.854150
56.886900
56.935525
56.976550
57.014375
57.059550
57.109925
57.135625
57.164525
57.232725
57.251750
57.295325
57.332950
57.372900
57.403275
57.475125
57.680775
57.773950
57.822550
57.842325
57.860725
57.901625
57.952500
58.032450
58.082050
58.147550
58.219550
58.262300
58.285525
58.288975
58.301075
58.324625
58.356525
58.366750
58.403275
58.425700
58.483225
58.520675
58.562800
58.621075
58.721375
58.757450
58.799125
58.900350
58.929475
58.989900
59.049950
59.107175
59.130700
59.149050
59.202325
59.229925
59.245975
59.266325
59.300950
59.317650
59.347650
59.367350
59.409200
59.424850
59.436275
59.465525
59.486250
59.494750
59.527275
59.544400
59.568625
59.581725
59.601650
59.628450
59.646350
59.672350
59.709475
59.743900
59.770650
59.835775
59.873125
59.921875
59.966125
60.002250
60.032775
60.056975
60.085350
60.123600
60.147900
60.177025
60.200950
60.224975
60.269325
60.295700
60.334225
60.460050
60.477800
60.510675
60.559075
60.594650
60.629250
60.675325
60.704900
60.752600
60.772150
60.785975
60.812850
60.849850
60.875425
60.900150
60.926475
60.977400
61.020850
61.054525
61.080975
61.113950
61.138650
61.152100
61.210550
61.237200
61.332575
61.370625
61.399550
61.433125
61.458500
61.506550
61.523075
61.547100
61.591175
74.214150
74.475025
74.790650
75.038100
75.155650
75.331875
75.458175
75.500525
75.536775
75.578625
75.714800
75.742700
75.790800
75.824175
75.838750
75.856750
75.877000
75.896025
75.916100
75.947550
76.136100
76.248450
76.313750
76.376425
76.391250
76.454575
76.477600
76.495550
76.542075
76.614950
76.639675
76.685325
76.694775
76.711850
76.722550
76.744825
76.760725
76.847975
76.863925
76.877125
76.897550
76.933525
77.032425
77.095450
77.111975
77.132975
77.169275
77.180525
77.212300
77.234075
77.256825
77.283650
77.305050
77.342250
77.352125
77.391450
77.410675
77.457025
77.484075
77.528725
77.543150
77.616075
77.637475
77.673075
77.693800
77.717300
77.768600
77.794150
77.816000
77.829800
77.851325
77.865575
77.889900
77.908325
77.947675
77.968425
78.037250
78.044425
78.089975
78.099225
78.135125
78.238700
78.244175
78.272150
78.285025
78.305675
78.328725
78.388475
78.424100
78.451625
78.470625
78.480075
78.571500
78.590675
78.617300
78.639675
78.653950
78.699050
78.712925
78.771425
78.810225
78.815375
78.854600
78.889075
79.019500
79.048025
79.067050
79.075725
79.079175
79.130825
79.145000
79.160250
79.178275
79.192000
79.213500
79.221300
79.248175
79.273350
79.320475
79.355800
79.393000
79.416725
79.437575
79.450100
79.510625
79.527700
79.576075
79.656450
79.712600
79.730925
79.762450
79.775900
79.874000
79.936075
79.968125
80.018550
80.029925
80.081625
80.107225
80.115625
80.163825
80.189400
80.246650
80.292800
80.302075
80.321625
80.346100
80.508900
80.556275
80.573925
80.633900
80.666350
80.749575
80.766100
80.776600
80.978775
81.025350
81.052850
81.170825
81.208800
81.231350
81.289900
81.318575
81.378575
81.396125
81.426700
81.445975
81.494900
81.544025
81.583475
81.656775
81.708425
81.795550
81.901350
81.948000
81.976275
82.011125
82.127350
82.133250
82.270275
82.287650
82.329725
82.459175
82.573875
82.636475
82.674725
82.764250
82.854775
82.893450
82.944725
83.018700
83.106475
83.135050
83.250325
83.370850
83.518825
83.583725
83.652025
83.658275
83.762200
83.784025
83.835500
83.872475
83.930900
83.954525
84.006575
84.138325
84.205875
84.228425
84.240200
84.306375
84.333400
84.362475
84.397650
84.424000
84.512075
84.576750
84.626550
84.655600
84.730175
84.748375
84.787200
84.821575
84.845250
84.862700
84.876150
84.892175
84.915700
84.929550
84.979875
85.000650
85.031300
85.043925
85.066425
85.084450
85.112625
85.154900
85.208450
85.237225
85.275675
85.306950
85.326200
85.359825
85.457975
85.485775
85.568575
85.622225
85.677600
85.756525
85.811575
85.854050
85.874625
85.964825
86.018025
86.141550
86.223450
86.335900
86.361075
86.523750
86.565800
86.605625
86.643350
86.782500
86.884950
86.962475
87.076950
87.205225
87.312275
87.457675
87.511900
87.644350
87.776575
87.898575
88.086075
88.182575
88.343700
88.382950
88.432600
88.573575
88.636025
88.759050
88.809950
88.851425
88.953275
89.001025
89.069325
89.132925
89.256450
89.283450
89.308675
89.329125
89.352925
89.368200
89.397850
89.508200
89.565850
89.621400
89.659100
89.709550
89.731475
89.766000
89.814350
89.830175
89.861000
89.937850
89.981400
90.044150
90.067525
90.223500
90.285100
90.331075
90.369450
90.401175
90.426475
90.458525
90.481625
90.529050
90.550025
90.583300
90.667975
90.685325
90.730975
90.746525
90.784450
90.811525
90.852175
90.879625
90.920800
90.979650
91.013900
91.050100
91.123725
91.147250
91.171325
91.220150
91.261050
91.273175
91.306125
91.357125
91.439075
91.472550
91.523150
91.547225
91.621075
91.657775
91.712775
91.733675
91.827100
91.867150
92.027400
92.098100
92.122375
92.235450
92.258550
92.279850
92.325350
92.345275
92.386425
92.431925
92.492875
92.593725
92.622350
92.721750
92.755025
92.830275
92.896300
92.930925
92.960700
92.995575
93.086500
93.156350
93.208700
93.242875
93.268075
93.317125
93.340975
93.377950
93.451900
93.480600
93.569250
93.700750
93.782575
93.853525
94.159850
94.327125
94.644375
95.167375
95.261625
95.275075
95.330025
95.343725
95.388200
95.497550
95.562850
95.700150
95.749925
95.857100
96.009575
96.091150
96.548950
96.609500
96.980150
97.022075
97.047000
97.056275
97.115600
97.260100
97.338450
97.412825
97.454650
97.520950
97.538750
97.641525
97.672125
97.698500
97.757875
97.875200
97.910525
98.068350
98.105375
98.138900
98.206975
98.313425
98.595400
98.633575
98.759350
98.785375
98.880350
98.997400
99.142975
99.837475
99.893550
100.092925
100.779700
101.482025
104.034850
104.150925
104.276925
104.524325
104.637575
104.762725
104.921150
107.841100
107.873250
108.609325
108.854500
108.886675
109.077225
109.098625
109.130475
109.231825
109.313125
109.498475
109.738775
109.858725
110.044150
110.463025
110.684200
111.022250
111.072350
111.107450
111.195525
111.245225
111.495975
111.694775
111.975700
112.132625
112.221800
112.247200
112.569775
113.894475
114.536525
114.579550
115.490100
116.040650
116.535925
116.804900
116.925625
117.255525
117.266175
117.346925
117.362025
117.425625
117.445700
117.486000
117.508625
117.565425
117.594775
117.642700
117.671075
117.730450
117.752000
117.774425
117.791600
117.800975
117.827700
117.900750
117.923650
118.001125
118.119900
118.149175
118.159725
118.174400
118.240900
118.258625
118.293725
118.350375
118.385850
118.432775
118.525225
118.589125
118.607500
118.639325
118.691600
118.728475
118.756000
118.789725
118.822575
118.867375
118.910500
118.956400
118.972700
118.990650
119.073475
119.157025
119.195050
119.241325
119.290750
119.313950
119.359550
119.406550
119.442050
119.468100
119.501650
119.561650
119.602275
119.625500
119.653325
119.691075
119.809825
119.893800
119.938025
119.997950
120.058475
120.090725
120.145750
120.156275
120.205375
120.212750
120.225625
120.246100
120.283125
120.360550
120.383175
120.401500
120.442925
120.460175
120.514750
120.532975
120.562375
120.626175
120.647800
120.848650
120.878375
120.940975
120.964675
121.027975
121.097025
121.112750
121.153075
121.226250
121.258450
121.300600
121.371275
121.394975
121.518125
121.581650
132.890575
133.456825
133.955425
134.214525
134.412275
134.578275
134.648675
134.735225
134.833050
134.879325
134.928050
134.960100
134.981350
135.026600
135.106900
135.192150
135.321000
135.366575
135.407750
135.530200
135.580875
135.614775
135.637675
135.691550
135.782325
135.810975
135.840500
135.867675
135.958725
136.032600
136.076975
136.147950
136.179975
136.203400
136.305550
136.427575
136.434450
136.490025
136.603625
136.618500
136.681300
136.759500
136.818475
136.831325
136.860200
136.899400
136.913225
136.917375
136.936750
136.995875
137.074125
137.143500
137.176275
137.184200
137.201425
137.296500
137.321650
137.367700
137.384475
137.470725
137.488250
137.512425
137.533400
137.555450
137.614450
137.697350
137.735800
137.773375
137.832000
137.850400
137.920800
137.981700
137.992825
138.034675
138.048425
138.055675
138.069450
138.095075
138.119025
138.309550
138.325350
138.494875
138.534025
138.724000
138.745025
138.892300
138.989125
138.994975
139.012975
139.215325
139.304200
139.378350
139.466475
140.087350
140.144150
140.451500
140.838000
142.622125
143.076300
144.205425
144.525250
144.575225
144.883725
145.085625
145.116775
145.353150
145.452900
145.525375
145.818450
145.873800
145.889775
145.915650
145.996450
146.080500
146.130750
146.363175
146.417625
146.680175
146.694925
146.872450
146.885050
146.899375
146.972500
147.097325
147.136950
147.342375
147.447100
147.488950
147.557650
147.587175
147.668475
147.816950
148.277450
148.474025
148.604525
148.639475
148.802525
148.973400
149.531325
149.847625
149.864450
149.979225
150.041575
150.110550
150.277050
150.616500
150.688625
150.798925
150.874425
151.149775
151.188575
151.225625
151.306750
151.380300
151.449425
151.548650
151.605850
151.808150
151.933375
152.011725
152.126550
152.274425
152.310225
152.362825
152.518100
152.741050
152.903600
153.040575
153.328975
153.368825
153.403600
153.447275
153.507300
153.643425
153.703900
153.806850
153.840700
153.895925
153.929350
153.999225
154.082600
154.112650
154.206575
154.247225
154.300400
154.310200
154.328025
154.342600
154.392775
154.484225
154.518775
154.571575
154.608000
154.647600
154.689175
154.714450
154.734400
154.747350
154.784775
154.883925
154.963800
155.004375
155.048450
155.126500
155.149250
155.212175
155.250175
155.313850
155.355725
155.496500
155.604375
155.625525
155.645050
155.666150
155.693225
155.718925
155.814275
155.879700
155.935075
155.970550
156.023275
156.127625
156.172050
156.197400
156.261925
156.342425
156.378775
156.405525
156.490825
156.585150
156.665575
156.715150
156.755225
156.864950
157.035925
157.123425
157.184050
157.339850
157.436475
157.500275
157.560700
157.607025
157.631050
157.663475
157.689400
157.727050
157.759575
157.792900
157.825575
157.886725
157.963950
157.986875
158.039450
158.083200
158.184675
158.214525
158.237400
158.278350
158.282600
158.312925
158.354950
158.385175
158.431300
158.449075
158.502225
158.556000
158.596350
158.668275
158.727600
158.793300
158.843750
158.935700
158.982375
159.011925
159.040250
159.085750
159.111075
159.144300
159.266150
159.313825
159.354800
159.381700
159.527025
159.559500
159.614525
159.745000
159.796750
159.899500
159.953300
160.001950
160.051675
160.114875
160.178475
160.198950
160.223925
160.251850
160.363575
160.400825
160.432950
160.536475
160.599800
160.644950
160.678650
160.737475
160.762175
160.789475
160.832600
160.856175
160.885150
160.936200
161.009850
161.050950
161.154000
161.185375
161.309800
161.366125
161.388475
161.464650
161.505050
161.531800
161.551400
161.617175
161.653300
161.714300
161.743875
161.774850
161.852950
161.900625
162.014625
162.066325
162.095750
162.154700
162.206725
162.323225
162.463300
162.492025
162.576775
162.599075
162.632850
162.705725
162.728750
162.844950
162.943400
162.988225
163.019400
163.145025
163.193025
163.274050
163.382300
163.455200
163.510150
163.564600
163.657450
163.828400
163.920475
163.965850
164.041925
164.130575
164.226475
164.284500
164.316400
164.378025
164.470575
164.516575
164.575850
164.752675
164.848175
164.873300
164.938775
164.965500
165.048600
165.076275
165.124550
165.297575
165.346875
165.452400
165.478925
165.699400
165.763400
165.826300
165.938800
166.045200
166.084250
166.158550
166.183425
166.225800
166.273500
166.305425
166.353200
166.386600
166.423850
166.450500
166.496175
166.586750
166.636150
166.663350
166.788625
166.790375
166.800225
166.843600
166.920875
166.994375
167.046325
167.074900
167.133450
167.141925
167.175050
167.197175
167.221800
167.281450
167.327750
167.405375
167.432175
167.449550
167.481575
167.513475
167.551000
167.574775
167.598000
167.640575
167.674925
167.689625
167.734375
167.764750
167.783475
167.863950
167.892225
167.919300
167.972675
168.005125
168.058350
168.080400
168.125050
168.145225
168.187000
168.229875
168.260175
168.296800
168.437875
168.487900
168.515725
168.575800
168.622750
168.719300
168.767100
168.793825
168.829125
168.868375
168.912100
168.994925
169.058575
169.114875
169.122100
169.131625
169.172250
169.307675
169.324700
169.359775
169.384975
169.425950
169.509700
169.537150
169.586875
169.620075
169.658550
169.738425
169.810650
169.835350
169.963300
169.986400
170.074850
170.130025
170.238775
170.261900
170.384525
170.441775
170.495750
170.551125
170.601600
170.659975
170.682475
170.741900
170.886750
170.933675
171.025575
171.076975
171.216200
171.296575
171.334800
171.416975
171.453350
171.482600
171.591100
171.656200
171.768750
171.817675
171.923150
171.995750
172.075500
172.126625
172.151950
172.214300
172.286350
172.393550
172.419450
172.559375
172.580550
172.626750
172.706225
172.798475
172.815800
172.853400
172.906575
172.961125
173.012425
173.057475
173.077200
173.143600
173.208950
173.224525
173.255100
173.389775
173.453725
173.584050
173.610825
173.712350
173.841250
173.887400
173.974675
174.024050
174.073000
174.103100
174.173025
174.234100
174.293275
174.354375
174.413300
174.524225
174.610825
174.709350
174.744725
174.823975
174.843825
174.857500
174.893850
174.949125
174.987400
175.027300
175.040550
175.061525
175.079675
175.177100
175.216275
175.235175
175.312675
175.378050
175.452600
175.479800
175.579350
175.736475
175.756525
175.801550
176.023200
176.056050
176.084025
176.126900
176.160350
176.173500
176.202650
176.255225
176.298625
176.315950
176.346200
176.489725
176.553175
176.622625
176.749225
176.769350
176.795925
176.850500
176.879700
176.892925
176.939800
176.971050
177.037100
177.096250
177.117300
177.141725
177.298200
177.318700
177.348750
177.410800
177.426525
177.433475
177.470275
177.605875
177.658800
177.735150
177.788375
177.817950
177.882375
177.889400
177.923600
177.945650
178.110725
178.141025
178.154975
178.178100
178.297100
178.354675
178.366150
178.500650
178.554800
178.913750
178.961475
179.019625
179.060275
179.087650
179.113275
179.164225
179.274000
179.325100
179.415900
179.628750
179.646775
179.686575
179.725250
179.868600
179.934550
180.011425
180.037325
180.071225
180.085675
180.140150
180.210150
180.291650
180.404050
180.435950
180.542025
180.564725
180.744325
180.802300
180.859875
180.923150
181.096550
181.128375
181.169225
181.215050
181.288250
181.321000
181.372675
181.378575
181.462675
181.475000
181.572925
181.590550
194.395400
194.471900
195.004300
195.032350
195.231725
195.254225
195.456700
195.531575
195.574150
195.612875
195.651825
195.701075
195.723050
195.755325
195.784925
195.861625
195.886275
195.907175
195.958675
196.018150
196.128675
196.160900
196.202000
196.248000
196.294500
196.312050
196.346100
196.400400
196.454125
196.470875
196.513725
196.554075
196.555600
196.574950
196.589400
196.628850
196.657600
196.712025
196.737350
196.793475
196.816525
196.849650
196.893600
197.024500
197.047500
197.082950
197.102525
197.127350
197.239900
197.267125
197.280650
197.316925
197.340025
197.359250
197.514250
197.553500
197.585550
197.669475
197.736650
197.841500
197.873075
197.902100
197.928875
198.031975
198.054075
198.091700
198.103625
198.135875
198.201450
198.211950
198.266850
198.316125
198.333650
198.386250
198.430750
198.463950
198.550300
198.647175
198.673400
198.705525
198.724400
198.880975
198.905875
198.931200
199.036450
199.233325
199.264850
199.301600
199.321825
199.357275
199.375075
199.378525
199.388600
199.413125
199.518225
199.589250
199.666375
199.703775
199.750675
199.773275
199.806300
199.839175
199.860150
199.870675
199.937300
200.036125
200.048775
200.161650
200.309875
200.378525
200.421900
200.431950
200.478750
200.652225
200.728850
200.759850
200.822675
200.907325
201.045300
201.081550
201.175225
201.199175
201.286500
201.419350
201.530075
201.686400
201.858125
201.869425
201.921075
201.964700
202.323850
202.570550
203.227400
203.663100
203.714400
203.901850
203.932800
204.234500
204.927800
205.503925
205.518375
206.639325
208.137775
208.286325
208.628900
208.652000
208.854275
208.855525
209.372050
209.845150
209.907775
210.198800
210.223425
210.273200
210.354650
210.491775
210.630500
210.747275
210.820850
210.900800
210.924325
211.016700
211.063800
211.265125
211.282050
211.305625
211.348075
211.361050
211.373200
211.585725
211.629075
211.659050
211.908625
211.997800
212.108975
212.136650
212.159425
212.204775
212.224875
212.241200
212.288075
212.839675
212.882275
212.959475
213.032850
213.080200
213.100025
213.239750
213.330475
213.352725
213.389275
213.434375
213.503050
213.538475
213.679525
213.693125
213.753475
213.812350
213.902175
213.925525
213.995825
214.124400
214.130400
214.188650
214.254925
214.331175
214.404375
214.548650
214.620575
214.678575
214.726750
214.792850
214.844425
214.886450
215.112275
215.178075
215.323375
215.396675
215.428575
215.452200
215.605075
215.652750
215.747175
215.764050
215.792200
215.811325
215.922350
215.958700
216.022325
216.094775
216.112475
216.170350
216.260900
216.314800
216.378650
216.446650
216.485125
216.583350
216.626250
216.664250
216.684750
216.702375
216.858475
216.963675
217.032825
217.074975
217.095700
217.126050
217.181550
217.304750
217.359975
217.573275
217.620650
217.694900
217.747850
217.826250
217.854800
217.883450
218.021975
218.074400
218.150175
218.208525
218.261475
218.360375
218.388400
218.446750
218.694050
218.729425
218.788275
218.876525
218.895150
218.998375
219.035575
219.086325
219.155675
219.188350
219.270475
219.360025
219.431900
219.442675
219.492050
219.533675
219.594950
219.638925
219.699600
219.740600
219.782325
219.826475
219.877125
219.924325
219.971175
220.008700
220.057200
220.093225
220.113225
220.142775
220.171500
220.202050
220.240925
220.297400
220.332325
220.369200
220.394250
220.549725
220.594925
220.617175
220.666500
220.718875
220.756500
220.801025
220.837350
220.959850
220.988450
221.017450
221.044250
221.065250
221.097175
221.160900
221.171975
221.233600
221.270200
221.319400
221.393025
221.664675
221.745825
221.878375
221.921075
221.982675
221.999000
222.044625
222.111150
222.173950
222.237750
222.364875
222.374650
222.452350
222.482725
222.526125
222.568975
222.663850
222.740800
222.841050
222.873875
222.881700
222.998300
223.018250
223.115925
223.161800
223.228675
223.241775
223.291175
223.334050
223.360100
223.432800
223.528925
223.552500
223.587100
223.620200
223.634750
223.655125
223.684050
223.778825
223.792075
223.832125
223.842325
223.929550
223.976750
224.005950
224.033350
224.082525
224.104350
224.126350
224.186775
224.204325
224.211600
224.263850
224.330325
224.352175
224.394400
224.416725
224.467950
224.520050
224.543325
224.587875
224.749375
224.798950
224.888625
224.910075
224.925125
224.970025
224.996200
225.020100
225.111225
225.199475
225.276825
225.484625
225.631950
225.673975
225.817500
225.862350
225.930425
226.016950
226.060125
226.089975
226.106950
226.154900
226.206375
226.266900
226.291050
226.417725
226.480600
226.532600
226.574325
226.639750
226.804225
226.825725
226.856150
227.024425
227.100175
227.119200
227.161500
227.220050
227.334000
227.429350
227.493100
227.505475
227.522250
227.641075
227.706200
227.739150
227.768150
227.841600
227.873375
227.923775
228.031425
228.036250
228.186975
228.292675
228.346200
228.384050
228.397950
228.421825
228.436000
228.478050
228.526750
228.825025
228.857700
228.942225
228.965900
228.989750
229.025550
229.070600
229.368000
229.405925
229.456650
229.468625
229.516325
229.552225
229.629125
229.642200
229.695125
229.730400
229.888750
229.927250
230.022975
230.056350
230.156650
230.256575
230.276750
230.318825
230.353775
230.423475
230.480050
230.520200
230.614175
230.672725
230.759675
230.803200
230.858175
230.925275
231.071900
231.089400
231.118675
231.140525
231.205350
231.280425
231.302200
231.344775
231.412475
231.453925
231.505275
231.543350
231.642300
231.826025
231.860950
231.897575
231.958975
231.983350
232.076300
232.132425
232.187550
232.249025
232.279025
232.335175
232.388425
232.402000
232.418425
232.633500
232.682775
232.738075
232.778875
232.872900
232.928675
232.948775
232.999175
233.028050
233.040100
233.125950
233.152575
233.168725
233.192425
233.205350
233.212100
233.477475
233.645775
233.701950
233.731275
233.809100
233.956800
233.983825
234.021300
234.140825
234.280125
234.346825
234.422625
234.681325
234.696350
234.716275
234.741350
234.766725
234.835200
234.914050
234.967675
234.989050
235.023625
235.067300
235.143550
235.249525
235.355175
235.394950
235.457325
235.471150
235.495150
235.519575
235.557175
235.579075
235.635875
235.960075
235.979375
236.161125
236.223800
236.239725
236.289075
236.394950
236.478225
236.504475
236.528750
236.606825
236.626750
236.709025
236.775700
236.802525
236.821900
236.834825
236.968100
237.015550
237.108450
237.269675
237.476375
237.525350
237.656425
237.704550
237.993600
238.019625
238.109775
238.146450
238.168575
238.203875
238.274525
238.370975
238.389250
238.414800
238.473075
238.601100
238.655025
238.716150
238.823175
238.836550
238.880300
239.036200
239.163475
239.234725
239.271600
239.321125
239.387400
239.417975
239.502375
239.527400
239.620675
239.689850
239.759425
239.817675
239.888725
239.969775
240.014425
240.120025
240.205200
240.239525
240.258475
240.273450
240.292250
240.343175
240.437675
240.463175
240.500975
240.523500
240.647625
240.659950
240.709800
240.731725
240.836725
240.856650
240.971425
241.111825
241.255875
241.278500
241.341950
241.397525
241.409225
241.575575
241.883875
252.448625
253.685450
253.749750
253.791575
253.830300
253.867800
253.893350
253.916575
254.008450
254.033025
254.083350
254.116100
254.208675
254.230050
254.318725
254.391450
254.434850
254.492925
254.550950
254.609900
254.633225
254.645825
254.749150
254.827350
254.877675
254.920250
254.961450
255.001125
255.124325
255.167125
255.189600
255.413925
255.447775
255.486400
255.535450
255.588275
255.683300
255.716100
255.740975
255.782650
255.826300
255.917075
255.947050
255.988025
256.069025
256.074775
256.219100
256.238375
256.272100
256.338025
256.357875
256.386800
256.430550
256.464100
256.506150
256.537575
256.555750
256.571175
256.583750
256.613475
256.684050
256.741775
256.756375
256.865000
256.885375
256.906325
256.925025
256.983500
257.045950
257.133875
257.232225
257.258000
257.409975
257.530875
257.571250
257.600075
257.633450
257.689500
257.732675
257.806825
257.852750
257.954675
257.989150
258.021325
258.082550
258.101675
258.119650
258.194300
258.226200
258.266600
258.314900
258.347375
258.449875
258.532075
258.558850
258.596775
258.612775
258.688075
258.729000
258.757175
258.799650
258.823475
258.892300
259.093275
259.125800
259.308525
259.309850
259.388325
259.477000
259.545650
259.574950
259.653425
259.807375
259.830600
259.928375
259.957350
259.995850
260.066375
260.097500
260.125875
260.163725
260.234950
260.314875
260.353575
260.461175
260.494400
260.523200
260.573325
260.627800
260.675425
260.738600
260.771300
260.838025
260.987700
261.065475
261.126700
261.212600
261.277300
261.293150
261.314325
261.335575
261.447750
261.484975
261.499950
261.513150
261.575175
261.603125
261.691575
261.751850
261.764925
261.791875
261.817950
261.828650
261.858050
261.861675
261.922450
261.938100
261.998875
262.033550
262.084550
262.176775
262.202125
262.255350
262.266425
262.370800
262.388400
262.389950
262.413775
262.545525
262.574950
262.618925
262.633350
262.693950
262.718475
262.835800
262.895125
262.914800
262.940725
262.958575
262.985675
262.995025
263.033525
263.052150
263.077025
263.101725
263.124475
263.154475
263.181075
263.202725
263.274625
263.315450
263.331400
263.341650
263.433475
263.528425
263.554725
263.659625
263.839575
263.937000
263.956375
263.975050
263.977650
264.021675
264.106475
264.128175
264.143225
264.189125
264.253375
264.275650
264.302725
264.359350
264.399500
264.462350
264.534150
264.564325
264.655875
264.673975
264.707975
264.877350
264.980525
265.110750
265.137775
265.173975
265.197750
265.232000
265.237800
265.251050
265.384775
265.408625
265.445250
265.476250
265.522850
265.547200
265.649425
265.712425
265.782325
265.837075
265.900025
265.974950
265.985725
266.009150
266.076775
266.086625
266.115550
266.165225
266.216575
266.272900
266.351100
266.424625
266.440375
266.595375
266.606875
266.729050
266.805700
266.843750
266.857000
266.898400
266.982025
267.027025
267.055725
267.081000
267.147650
267.166775
267.336675
267.374950
267.457000
267.659800
267.672825
267.702000
267.793850
267.822225
267.860000
267.996250
268.028050
268.170350
268.210600
268.578000
268.858575
268.968075
269.058100
269.115225
269.125800
269.140925
269.175950
269.231575
269.301750
269.324100
269.380175
269.471300
269.507925
269.524450
269.674325
269.836275
269.929775
270.125000
270.212275
270.236325
270.319800
270.425125
270.480675
270.546450
270.604950
270.658175
270.725325
270.828025
270.843900
271.082775
271.136875
271.266950
271.365875
271.496875
271.823025
271.922100
271.961875
272.011525
272.143725
272.186050
272.250675
272.367850
272.540075
272.560325
272.593775
272.699975
272.714650
272.796675
272.858700
272.911150
273.079225
273.402225
273.430625
273.489000
273.523850
273.601500
273.647425
273.757650
273.773325
273.812525
273.832600
274.014700
274.059700
274.107275
274.147050
274.176875
274.340775
274.497875
274.604475
274.635250
274.651050
274.673625
274.711525
274.813650
274.931725
275.297900
275.352250
275.422675
275.438075
275.496975
275.628275
275.662225
275.680725
275.704925
275.731050
275.781400
275.857625
275.882500
275.909350
275.951625
275.968700
276.113300
276.193700
276.223975
276.269975
276.337400
276.388675
276.607375
276.733025
276.754375
276.778550
276.881600
276.987250
277.270275
277.272275
277.310825
277.492850
277.524475
277.624900
277.651150
277.724650
277.865650
277.948900
277.981200
278.009075
278.094100
278.329375
278.395200
278.409375
278.592275
278.623425
278.701200
278.802575
278.819150
278.840500
278.864800
278.980175
279.023275
279.172000
279.189675
279.211500
279.282775
279.360475
279.385400
279.534275
279.623200
279.648550
279.706025
279.786500
279.820625
279.869725
279.927875
279.968350
279.988650
280.017025
280.031875
280.154050
280.196225
280.259350
280.304875
280.320850
280.342825
280.377550
280.408025
280.508375
280.545950
280.557100
280.674350
280.710550
280.736550
280.750925
280.786450
280.857325
280.910250
280.984325
281.012150
281.146400
281.390550
281.585325
281.643475
281.673325
281.725550
281.772225
281.845375
281.901625
281.958075
281.978875
282.067400
282.124100
282.142050
282.287825
282.325200
282.385875
282.411975
282.449350
282.497450
282.556550
282.595275
282.637075
282.771400
282.790400
282.810500
282.834450
282.851525
282.866850
282.977775
283.208475
283.263950
283.285625
283.347025
283.388475
283.452525
283.470225
283.528225
283.601775
283.655375
283.692150
283.750675
283.777500
283.881050
283.955425
284.008925
284.127975
284.232425
284.289975
284.329075
284.403175
284.439475
284.469600
284.566150
284.597450
284.648000
284.707450
284.781625
284.814725
284.883325
284.915175
284.978025
285.025275
285.075025
285.099400
285.160325
285.250300
285.354725
285.398475
285.419875
285.630175
285.706075
285.734100
285.749950
285.943700
286.025575
286.126550
286.184850
286.230775
286.282075
286.319025
286.343900
286.394875
286.495525
286.540100
286.608700
286.624725
286.671625
286.721150
286.741675
286.785000
286.800175
286.934675
286.975775
286.999925
287.032125
287.087625
287.119350
287.147300
287.222400
287.252375
287.308775
287.405675
287.464000
287.524800
287.612750
287.650175
287.706175
287.730250
287.748250
287.803375
287.886900
287.979900
288.059875
288.142925
288.171800
288.219900
288.350150
288.366650
288.369800
288.451150
288.487550
288.594300
288.719375
288.958475
288.996975
289.033225
289.070850
289.237175
289.307325
289.355350
289.410275
289.447575
289.472275
289.520250
289.533625
289.684200
289.749250
289.771050
289.811800
289.828200
289.858025
289.923325
289.936400
289.956000
290.002400
290.026025
290.077650
290.182000
290.260725
290.274475
290.352050
290.391075
290.434175
290.715775
290.739150
290.780950
290.828875
290.953625
290.995075
291.063950
291.120125
291.139350
291.198000
291.378500
291.547725
291.566775
291.783925
291.834225
292.026525
292.070000
292.185925
292.199925
292.260650
292.289200
292.355925
292.477400
292.543575
292.591825
292.717675
292.798875
292.819275
292.857050
292.949500
292.990250
293.113325
293.180525
293.222250
293.241250
293.340425
293.494250
293.531775
293.579950
293.607325
293.646550
293.697125
293.723125
293.731500
293.757525
293.795875
293.861775
293.882850
293.923975
293.968850
293.984050
294.033275
294.051950
294.082675
294.089050
294.267425
294.347850
294.395775
294.425425
294.467825
294.494300
294.537800
294.557000
294.641250
294.656500
294.715000
294.735725
294.751400
294.815200
294.904600
294.928400
294.948325
295.052775
295.070400
295.188775
295.247525
295.325650
295.438100
295.514300
295.608300
295.647575
295.676100
295.702875
295.779350
295.814750
295.865150
295.892000
295.963875
295.999400
296.022475
296.063800
296.100475
296.148825
296.177425
296.251975
296.276425
296.342650
296.359600
296.466875
296.499725
296.580275
296.626425
296.671200
296.744150
296.768225
296.822325
296.920150
296.985600
297.007675
297.013225
297.038625
297.122975
297.166325
297.216150
297.251750
297.306325
297.346100
297.368975
297.416200
297.449725
297.480025
297.518275
297.550725
297.655925
297.660450
297.680175
297.698550
298.121250
298.151750
298.184250
298.202550
298.305425
298.338800
298.392525
298.436325
298.510350
298.543500
298.578150
298.611725
298.646800
298.692300
298.754850
298.785200
298.818625
298.898650
298.930500
298.956475
298.959225
298.973200
299.033000
299.061975
299.100075
299.191725
299.280900
299.354000
299.470075
299.499575
299.530225
299.564350
299.596675
299.667300
299.686700
299.740850
299.766700
299.783675
299.867200
299.901550
299.912125
299.928425
299.950550
300.026275
300.119675
300.141850
300.181300
300.197275
300.316300
300.378300
300.398525
300.422600
300.477650
300.493175
300.507600
300.539225
300.585875
300.640850
300.660225
300.697125
300.706650
300.748825
300.886150
300.911475
300.930850
300.984050
300.995625
301.058275
301.084750
301.157650
301.186650
301.208350
301.259975
301.289800
301.326725
301.338950
301.378575
301.448150
301.463175
301.528450
301.570275
313.073500
313.308825
313.326100
313.369700
313.441275
313.502325
313.555625
313.662125
313.676700
313.878725
314.002725
314.075650
314.132575
314.172375
314.203600
314.276200
314.293275
314.327450
314.377025
314.404125
314.433150
314.467200
314.528150
314.548350
314.622500
314.646800
314.673750
314.733800
314.749025
314.776825
314.828875
314.848550
314.862100
314.870100
314.891350
314.902425
314.930000
314.998675
315.009100
315.078525
315.095000
315.120250
315.192025
315.212475
315.255850
315.286825
315.309450
315.329450
315.345825
315.390350
315.432600
315.452325
315.473550
315.491700
315.511475
315.552725
315.569600
315.581500
315.618325
315.651275
315.687825
315.715575
315.730225
315.750500
315.790025
315.855250
315.893125
316.006500
316.065725
316.115650
316.231375
316.248700
316.261175
316.297650
316.322125
316.369350
316.391850
316.429975
316.459150
316.482000
316.509900
316.537425
316.561050
316.592550
316.622375
316.652075
316.669100
316.684400
316.711400
316.741475
316.766675
316.824775
316.898050
316.916900
316.955625
316.957900
317.042100
317.054100
317.074825
317.112275
317.116250
317.145250
317.175775
317.196275
317.211925
317.264800
317.282525
317.316525
317.343450
317.369450
317.391525
317.460775
317.501100
317.526950
317.551725
317.573050
317.596875
317.624575
317.679800
317.708475
317.767000
317.838950
317.877875
317.903225
317.944650
318.006475
318.019550
318.046675
318.109925
318.183475
318.200300
318.237975
318.271575
318.300400
318.366450
318.405725
318.446850
318.492950
318.512175
318.552175
318.577100
318.586675
318.631150
318.653825
318.683600
318.702300
318.722250
318.736375
318.788825
318.803550
318.848125
318.867200
318.889125
318.921000
318.937475
318.962650
318.985850
319.000675
319.017600
319.036575
319.069700
319.089075
319.103000
319.199725
319.240800
319.280975
319.307250
319.332600
319.375475
319.444525
319.467275
319.496175
319.514175
319.564775
319.585075
319.624725
319.641575
319.709675
319.732300
319.757800
319.775950
319.801275
319.823700
319.858425
319.873700
319.935275
319.955675
319.972350
320.023650
320.051500
320.073225
320.075550
320.099075
320.142875
320.164275
320.254900
320.281850
320.331300
320.399750
320.439200
320.466300
320.498725
320.578600
320.601300
320.615325
320.666275
320.695000
320.733825
320.837350
320.870800
320.996000
321.064175
321.088625
321.141825
321.162575
321.231000
321.247225
321.278375
321.309325
321.334700
321.361950
321.400750
321.462275
321.584500
321.639000
321.667575
321.785050
321.820250
321.931650
321.947150
322.021025
322.060475
322.135475
322.175625
322.191800
322.260050
322.364925
322.376825
322.459975
322.461175
322.490550
322.582350
322.657650
322.683525
322.716975
322.743025
322.761625
322.792225
322.835475
322.884950
322.923625
322.975725
323.011400
323.087525
323.143050
323.162675
323.205000
323.245475
323.321125
323.343400
323.373300
323.406250
323.430550
323.488175
323.572400
323.594025
323.646175
323.706275
323.776900
323.782025
323.828875
323.849325
323.893800
323.934025
323.976075
324.016100
324.041625
324.067325
324.119750
324.161325
324.192100
324.233700
324.257950
324.308625
324.316925
324.353850
324.394000
324.406800
324.430725
324.452075
324.490125
324.536350
324.624200
324.654675
324.697750
324.722375
324.755625
324.784550
324.827125
324.845875
324.924750
325.029925
325.073500
325.104550
325.138975
325.201400
325.263750
325.379225
325.417100
325.544575
325.569800
325.624300
325.672275
325.687425
325.752075
325.811000
325.893475
325.946600
326.018050
326.047925
326.127050
326.195525
326.197825
326.265825
326.302575
326.331750
326.366225
326.448150
326.474675
326.495250
326.540050
326.558150
326.589100
326.672000
326.697075
326.705325
326.732300
326.776725
326.847600
326.872950
326.908125
327.035500
327.075925
327.097175
327.125425
327.173500
327.204700
327.227325
327.252925
327.331400
327.363450
327.395300
327.439375
327.499175
327.519700
327.552850
327.576575
327.671125
327.681375
327.708350
327.724150
327.749125
327.852700
327.940850
327.975550
328.006075
328.032475
328.048825
328.067825
328.090050
328.119675
328.145875
328.181975
328.213100
328.240175
328.264100
328.352225
328.385025
328.429250
328.482175
328.507675
328.546250
328.574000
328.614875
328.717250
328.743800
328.763825
328.843775
328.899075
328.919325
328.951350
328.979725
328.999125
329.032950
329.107250
329.131750
329.193775
329.222375
329.282100
329.308575
329.328375
329.364225
329.405000
329.429475
329.448575
329.510525
329.566500
329.573125
329.776300
329.792950
329.838575
330.023625
330.067100
330.089900
330.288125
330.313000
330.362725
330.381000
330.429075
330.456175
330.509675
330.539650
330.590600
330.631150
330.675075
330.709025
330.827325
330.839975
330.863850
330.878700
330.897325
330.916350
330.926950
330.940700
330.983650
331.103925
331.113650
331.154825
331.216750
331.249275
331.259175
331.308600
331.325525
331.379775
331.411000
331.520125
331.638550
331.660500
331.675750
331.697925
331.742750
331.761350
331.773175
331.786975
331.839425
331.894600
331.954425
331.981775
332.008500
332.152875
332.252150
332.276625
332.289625
332.340275
332.368700
332.379650
332.397700
332.411975
332.666550
332.708250
332.730900
332.751950
332.803875
332.890375
332.990875
333.024350
333.077750
333.098475
333.190475
333.223050
333.291650
333.369450
333.391500
333.410600
333.461175
333.495925
333.560500
333.651975
333.737975
333.756825
333.795275
333.844025
333.866000
333.893675
333.911375
333.936175
333.947650
333.963225
334.013975
334.043500
334.063150
334.083625
334.118200
334.141700
334.213100
334.224325
334.266650
334.285725
334.304200
334.321400
334.407925
334.453975
334.473700
334.509100
334.533450
334.546250
334.567600
334.583875
334.612875
334.655425
334.680375
334.933850
334.947100
334.996525
335.030525
335.089875
335.138425
335.159975
335.240075
335.297600
335.343825
335.389875
335.422050
335.483375
335.520925
335.603025
335.638225
335.681050
335.707975
335.769075
335.792675
335.815925
335.882975
335.892975
335.944675
335.962000
335.983475
336.014600
336.028525
336.138825
336.163600
336.210150
336.229575
336.295200
336.308800
336.350900
336.374800
336.395725
336.455350
336.488975
336.510350
336.530800
336.585900
336.614125
336.632875
336.656600
336.758650
336.778450
336.804450
336.840100
336.879475
336.897875
336.915175
337.130425
337.151875
337.228150
337.258725
337.296175
337.334575
337.353975
337.368800
337.403825
337.422100
337.453850
337.495225
337.527875
337.549925
337.567025
337.615750
337.619500
337.678325
337.758375
337.783350
337.812600
337.936600
338.025450
338.070825
338.148925
338.161275
338.219800
338.231650
338.433325
338.448900
338.462650
338.590225
338.665775
338.749775
338.777650
338.912650
338.932650
339.171700
339.206750
339.310050
339.341950
339.398800
339.414725
339.484175
339.497100
339.505800
339.561750
339.581875
339.704475
339.784125
339.809725
339.832900
339.901550
339.938400
339.958325
340.060900
340.079300
340.097425
340.115475
340.137750
340.186425
340.208125
340.231925
340.263050
340.301475
340.324475
340.376375
340.466325
340.490150
340.521000
340.577400
340.605725
340.677375
340.696925
340.752850
340.764825
340.786225
340.803500
340.956150
341.014725
341.044625
341.057850
341.061050
341.220525
341.354000
341.377325
341.403525
341.436450
341.459725
341.537750
341.568125
341.599275
341.641125
341.660175
341.709425
341.732175
341.854475
341.883675
341.886425
341.911425
341.967925
342.006225
342.054975
342.096725
342.128275
342.147025
342.182050
342.267750
342.306975
342.411900
342.443350
342.467925
342.502200
342.516375
342.559375
342.600100
342.648900
342.755450
342.818150
342.867625
342.981200
343.057400
343.076725
343.116575
343.144325
343.187900
343.265825
343.333200
343.417325
343.511475
343.529025
343.548375
343.570200
343.600900
343.661825
343.678400
343.740875
343.810875
343.864800
343.931575
344.009575
344.044250
344.071825
344.097625
344.138225
344.158225
344.183225
344.220100
344.256825
344.311425
344.396250
344.422150
344.442625
344.461425
344.561525
344.657200
344.680275
344.715075
344.747075
344.815550
344.909800
344.936125
345.001300
345.064300
345.113275
345.135075
345.286475
345.322400
345.443800
345.479200
345.527050
345.569400
345.620500
345.658875
345.687450
345.720875
345.742325
345.816550
345.840825
345.869400
345.902375
345.939475
345.979200
345.993400
346.034175
346.059200
346.092675
346.131550
346.202075
346.216950
346.245750
346.311250
346.351575
346.400000
346.444400
346.478525
346.497850
346.529325
346.553300
346.596325
346.632175
346.662025
346.735075
346.762150
346.808900
346.883800
346.896650
346.941325
346.978800
347.054250
347.068650
347.131275
347.144675
347.210525
347.241750
347.268675
347.298975
347.337900
347.358325
347.378900
347.391000
347.435700
347.485775
347.517675
347.556725
347.583800
347.604375
347.624550
347.700750
347.735950
347.752500
347.768850
347.810800
347.878950
347.915375
347.942700
347.967200
348.036250
348.082100
348.102025
348.122825
348.156575
348.193100
348.251300
348.314675
348.400200
348.430225
348.497050
348.520300
348.544450
348.575025
348.599775
348.628175
348.656825
348.714650
348.790175
348.854375
348.873525
348.884425
348.965150
348.990525
349.009125
349.019900
349.040275
349.075700
349.121975
349.195350
349.269150
349.282675
349.353025
349.374450
349.457850
349.498800
349.547075
349.590350
349.742025
349.806000
349.819850
349.865800
349.914675
350.006175
350.025175
350.085650
350.118450
350.182200
350.229075
350.302050
350.336125
350.372900
350.412675
350.446875
350.484325
350.523725
350.547150
350.608000
350.637475
350.659975
350.732700
350.755025
350.790700
350.855350
350.941000
350.999625
351.028650
351.091275
351.112250
351.163400
351.240875
351.266600
351.360475
351.389000
351.422400
351.453000
351.481800
351.501850
351.533975
351.562875
351.586675
351.603500
351.638350
351.707275
351.765600
351.813275
351.985575
352.019075
352.216125
352.238450
352.284700
352.413400
352.454575
352.470975
352.526375
352.677400
352.734950
352.881775
352.922325
353.006075
353.037475
353.137325
353.182775
353.273975
353.288250
353.323075
353.365175
353.452300
353.556525
353.649700
353.668500
353.686050
353.714650
353.726775
353.805300
353.831525
353.861625
353.877300
353.900275
353.931375
353.977050
354.044475
354.102250
354.116200
354.198250
354.211775
354.347250
354.369600
354.482325
354.715075
354.768375
354.801175
354.964075
354.984650
355.045725
355.103825
355.148150
355.172825
355.213275
355.272300
355.448500
355.489075
355.507050
355.550625
355.630325
355.643800
355.694975
355.735750
355.790300
355.808100
355.873125
355.892250
355.970550
356.118900
356.129050
356.187225
356.241425
356.327825
356.354500
356.415625
356.446100
356.514375
356.680850
356.726075
356.769175
356.889025
357.058325
357.094575
357.169400
357.238550
357.275325
357.319650
357.503525
357.632225
357.752025
357.797700
357.833050
357.858800
357.888575
358.022075
358.079225
358.107850
358.136075
358.185000
358.225725
358.286275
358.353525
358.368950
358.413850
358.538300
358.588100
358.656425
358.682275
358.712250
358.773550
358.820350
358.839500
358.918550
358.920775
358.988825
359.023400
359.114625
359.146700
359.207150
359.237100
359.264950
359.302675
359.354800
359.393425
359.414850
359.511875
359.537350
359.560050
359.593475
359.640625
359.669625
359.698900
359.719200
359.748625
359.770975
359.880625
359.911300
359.932900
360.031800
360.068525
360.108275
360.253325
360.275450
360.317900
360.352975
360.369200
360.443425
360.587975
360.657600
360.710225
360.795975
360.800575
360.871575
360.883400
360.907725
361.107550
361.124600
361.188525
361.358875
361.421375
361.486825
361.524175
361.674275
372.666650
373.423350
374.015825
374.200800
374.303475
374.352325
374.445600
374.575400
374.712700
374.739100
374.794975
374.871300
374.958250
375.196775
375.276925
375.377800
375.399700
375.401425
375.441750
375.470700
375.483250
375.495725
375.509575
375.535725
375.591825
375.617725
375.660875
375.671775
375.699325
375.749025
375.760800
375.855225
375.887600
375.913200
375.930100
375.952425
375.966450
375.982075
375.992725
376.014525
376.045250
376.085150
376.129125
376.139225
376.153975
376.209150
376.223950
376.236400
376.257425
376.293550
376.343275
376.377425
376.388650
376.416775
376.438200
376.464650
376.480275
376.530250
376.545800
376.572550
376.602875
376.626025
376.668925
376.688825
376.731450
376.767000
376.822400
376.924600
376.965825
377.004075
377.036850
377.083275
377.100275
377.154925
377.210375
377.231500
377.263100
377.287400
377.315300
377.337425
377.393300
377.421200
377.521900
377.546900
377.571675
377.632200
377.692225
377.740950
377.763775
377.788200
377.820575
377.851675
377.893325
377.923475
377.957950
378.024800
378.057650
378.086750
378.199000
378.231350
378.271000
378.294475
378.311750
378.332575
378.360950
378.490600
378.515925
378.557875
378.609175
378.637525
378.668575
378.699550
378.721250
378.745125
378.781850
378.812725
378.883850
378.900225
378.935900
378.969925
379.051575
379.150675
379.179850
379.201450
379.262350
379.279575
379.295525
379.310875
379.403250
379.417200
379.492400
379.554575
379.575100
379.630200
379.642700
379.644825
379.686550
379.728225
379.754025
379.777950
379.810850
379.838200
379.865400
379.911600
379.945025
379.971525
379.993275
380.025125
380.060675
380.081825
380.114625
380.122800
380.139200
380.283400
380.317525
380.481000
380.497400
380.509700
380.546600
380.559625
380.710125
380.749425
380.756425
380.799825
380.827725
380.875975
380.907350
380.914450
381.001350
381.057050
381.080775
381.114775
381.176300
381.191350
381.233500
381.248975
381.326775
381.358075
381.381325
381.404075
381.486975
381.553900
381.581950
381.639075
381.684925
381.696875
381.714925
381.725825
381.744650
381.755800
381.786075
381.878175
382.020275
382.033200
382.054700
382.083500
382.104975
382.166000
382.234050
382.289375
382.368325
382.509325
382.564075
382.576500
382.612375
382.659125
382.806625
382.966200
382.979000
383.063050
383.122275
383.162550
383.190800
383.207000
383.300400
383.327450
383.347050
383.375450
383.454400
383.475750
383.598850
383.623050
383.678475
383.707100
383.788725
383.810050
383.831750
383.912750
383.953675
384.021675
384.079150
384.109100
384.124350
384.145375
384.270375
384.285500
384.318425
384.333175
384.386000
384.411525
384.447900
384.484725
384.515675
384.541275
384.597700
384.668775
384.687450
384.772900
384.861975
384.887675
384.994125
385.024050
385.096850
385.102825
385.109200
385.154950
385.174400
385.200600
385.240750
385.263025
385.316500
385.401075
385.418875
385.487650
385.531500
385.553475
385.584825
385.639750
385.697800
385.732375
385.848850
385.881450
385.907450
385.929675
385.977775
386.049300
386.064725
386.175750
386.196000
386.226825
386.328850
386.357750
386.376425
386.403450
386.425250
386.444350
386.470475
386.497350
386.529550
386.598575
386.625000
386.673500
386.757625
386.787375
386.807000
386.868275
386.927650
386.934975
387.006750
387.029150
387.074600
387.123275
387.140050
387.158200
387.183500
387.295725
387.322000
387.339700
387.372325
387.427775
387.628850
387.650300
387.693975
387.709300
387.807175
387.837400
387.949100
387.973225
387.991500
388.013225
388.202875
388.348775
388.362950
388.405300
388.450650
388.613275
388.724750
388.754725
388.774625
389.054150
389.066450
389.098225
389.159775
389.185325
389.205350
389.225300
389.271700
389.300500
389.368625
389.417600
389.473500
389.530000
389.723325
389.724625
389.793700
389.846725
389.875225
389.915500
389.926400
389.955150
390.035000
390.053300
390.225450
390.364450
390.511975
390.527525
390.547750
390.569600
390.602275
390.622025
390.644250
390.730875
390.752675
390.775200
390.852025
390.911125
390.940125
390.976100
391.020800
391.128225
391.274700
391.322175
391.337800
391.361275
391.477300
391.600275
391.728950
391.770075
391.850975
391.952725
391.981300
392.070925
392.129050
392.163625
392.246725
392.347075
392.365100
392.411750
392.427550
392.453250
392.480400
392.498925
392.576600
392.668100
392.686300
392.732025
392.788575
392.851700
392.879175
393.025125
393.188925
393.305375
393.386150
393.516750
393.555075
393.586150
393.603475
393.974950
394.042050
394.317050
394.383225
394.443500
394.461050
394.503575
394.560125
394.594275
394.628900
394.710850
394.732850
394.819525
394.875375
394.917975
394.947175
394.961125
394.998825
395.029850
395.043600
395.173925
395.212525
395.241925
395.272925
395.351300
395.591625
395.710175
395.808050
395.894100
395.970825
396.251100
396.349050
396.401875
396.513000
396.537425
396.557675
396.590750
396.606175
396.617050
396.677325
396.801775
396.838275
396.859925
396.925100
396.995325
397.071275
397.076725
397.098625
397.163225
397.214075
397.249625
397.305350
397.345575
397.409800
397.482175
397.519825
397.665750
397.732200
397.751725
397.762775
397.901400
397.920275
397.953525
398.059950
398.141475
398.208700
398.322750
398.404250
398.434100
398.474100
398.516525
398.571800
398.620800
398.646300
398.748650
398.845475
398.915175
398.955525
399.027950
399.090875
399.192675
399.216300
399.309275
399.353650
399.431225
399.461950
399.484500
399.516175
399.545300
399.674150
399.716925
399.739850
399.752025
399.771775
399.781700
399.841950
399.929025
399.951775
399.972600
400.006550
400.027775
400.081825
400.131525
400.167400
400.193775
400.234825
400.281550
400.312675
400.596725
400.635750
400.661675
400.722325
400.737950
400.773825
400.802600
400.826975
400.850800
400.954900
400.970125
401.085050
401.094375
401.118625
401.149575
401.172925
401.197375
401.215775
401.293950
401.311375
401.374100
401.386100
401.464550
401.478525
401.588675
401.753275
401.778150
401.820575
401.851225
401.948150
402.007250
402.021850
402.149150
402.177250
402.282800
402.519625
402.609950
402.639600
402.760325
402.791625
402.911000
402.916775
402.964700
403.024625
403.046550
403.081850
403.116300
403.153800
403.189875
403.348450
403.392400
403.499650
403.563025
403.596150
403.637175
403.673025
403.703300
403.745150
403.814275
403.847525
403.892925
403.927600
404.130325
404.271800
404.421650
404.504850
404.547975
404.652775
404.717650
404.751475
404.818325
404.855125
404.936700
405.004850
405.031625
405.069875
405.134900
405.181875
405.237400
405.383525
405.438950
405.451375
405.566350
405.607225
405.647550
405.687450
405.734075
405.764125
405.812175
405.868375
405.924850
405.957475
405.978150
406.009425
406.046950
406.074300
406.161325
406.179275
406.215400
406.268000
406.305250
406.333525
406.355075
406.507200
406.542100
406.603050
406.621750
406.667200
406.691975
406.791800
406.819350
406.989175
407.058775
407.087650
407.121900
407.184700
407.269775
407.320850
407.340875
407.439700
407.535475
407.687375
407.735475
407.774925
407.839275
407.871375
407.908150
407.965025
407.999575
408.047725
408.153925
408.207700
408.235775
408.319725
408.344200
408.425850
408.460650
408.488150
408.550375
408.576550
408.600150
408.684700
408.724825
408.758175
408.775550
408.865000
408.940250
408.969825
409.055600
409.102950
409.172450
409.225275
409.268950
409.302975
409.340075
409.379325
409.409025
409.456150
409.509850
409.546150
409.624700
409.650075
409.681175
409.749425
409.771800
409.785425
409.924100
409.963925
410.002625
410.098250
410.138000
410.183525
410.205650
410.225150
410.269625
410.369375
410.394675
410.406225
410.416200
410.500975
410.562350
410.746650
410.784775
410.840200
410.864200
410.961925
410.980200
411.118475
411.134325
411.152425
411.217800
411.247175
411.269750
411.291750
411.335525
411.363500
411.474250
411.563425
411.666950
411.686975
411.709375
411.767450
411.805325
411.904525
411.954375
411.975050
412.014775
412.040900
412.088525
412.132050
412.261100
412.325025
412.344250
412.350425
412.360925
412.380550
412.442425
412.449175
412.477950
412.538025
412.580700
412.649100
412.694250
412.766925
412.782275
412.835175
412.897150
412.924700
412.953800
412.962450
413.220600
413.282250
413.342050
413.384925
413.427875
413.463650
413.513125
413.576700
413.591375
413.613025
413.680625
413.728250
413.777600
413.893325
413.931600
413.952750
414.003375
414.037950
414.090500
414.227800
414.276450
414.366900
414.460825
414.514550
414.589075
414.617925
414.643425
414.718200
414.815850
414.850800
414.876400
415.016950
415.040300
415.104025
415.149675
415.161450
415.176400
415.205600
415.235825
415.295650
415.320950
415.362925
415.380700
415.429650
415.486000
415.520425
415.567950
415.670625
415.698650
415.773125
415.800675
415.866450
415.967625
416.241400
416.275275
416.333500
416.427925
416.527925
416.592525
416.656150
416.696475
416.812050
416.902975
416.988975
417.005900
417.013950
417.081200
417.151900
417.193475
417.222950
417.258525
417.278825
417.323900
417.383200
417.606150
417.653075
417.693875
417.771875
417.947525
417.983050
418.141900
418.199425
418.249475
418.293925
418.378025
418.460625
418.664250
418.715350
418.756925
418.780000
418.813975
418.829850
418.869300
418.974975
419.030800
419.144725
419.375000
419.557550
419.614725
419.701600
419.714650
419.764600
419.864325
419.874075
419.893475
419.952650
419.989225
420.175550
420.240625
420.347475
420.481100
420.497100
420.571475
420.684600
420.772300
420.844650
420.963975
420.984375
421.009075
421.035025
421.115750
421.219025
421.233925
421.313800
421.338050
421.379775
421.404750
421.435650
421.458075
421.459475
421.501950
421.508050
421.513375
421.570075
432.277325
433.117700
433.857750
434.057725
434.548950
434.686775
434.816175
434.850100
434.992500
435.058175
435.077775
435.137125
435.194975
435.282825
435.335375
435.384025
435.456750
435.518150
435.557250
435.633225
435.666775
435.678875
435.736475
435.760500
435.803425
435.823250
435.881275
435.924375
435.997225
436.077975
436.169825
436.265425
436.321900
436.373975
436.390775
436.440375
436.556400
436.597050
436.630375
436.654825
436.684800
436.709325
436.755575
436.828650
436.851775
436.882525
436.907850
436.935200
437.026500
437.118850
437.217850
437.267375
437.297650
437.349350
437.362925
437.384400
437.396675
437.458000
437.523775
437.560250
437.589375
437.627275
437.657925
437.689925
437.708800
437.749025
437.802800
437.818900
437.839150
437.896425
437.913500
437.933500
437.949075
437.963725
437.997525
438.012275
438.052625
438.127200
438.218025
438.302875
438.339450
438.412850
438.460225
438.505050
438.556900
438.585475
438.618725
438.652550
438.780125
438.907775
438.927775
438.960125
438.971075
439.031375
439.050600
439.086600
439.114525
439.132725
439.161425
439.192775
439.224525
439.266825
439.330100
439.361175
439.381925
439.406975
439.468675
439.511375
439.551225
439.572875
439.583175
439.607975
439.671650
439.685350
439.716100
439.802750
439.824275
439.900050
439.951650
439.998875
440.020025
440.068650
440.095950
440.124150
440.150450
440.213200
440.265650
440.303700
440.322800
440.339075
440.360475
440.426900
440.446050
440.472000
440.497075
440.526425
440.547900
440.642100
440.680250
440.763875
440.801250
440.868025
440.880475
440.898475
440.919350
440.998900
441.025075
441.047275
441.173075
441.251725
441.269250
441.386950
441.453975
441.490600
441.509400
441.538725
441.589975
441.604875
441.621100
441.667025
441.700950
441.753125
441.819125
441.859400
441.887375
441.926000
441.942475
442.018475
442.072250
442.116225
442.157725
442.212875
442.300025
442.329825
442.376750
442.438250
442.605400
442.617300
442.671000
442.719450
442.773600
442.800075
442.826850
442.893175
442.908100
442.970425
443.001225
443.045125
443.069100
443.093375
443.200375
443.221400
443.360075
443.385800
443.443200
443.450575
443.472175
443.595825
443.678400
443.752975
443.773325
443.840375
443.927875
444.000900
444.008450
444.054675
444.081400
444.174975
444.202825
444.204625
444.249400
444.287550
444.335325
444.374600
444.395700
444.462825
444.505750
444.550950
444.571275
444.591150
444.619775
444.656850
444.687825
444.736425
444.786750
444.803325
444.887975
444.930150
444.944750
444.967725
444.991275
445.025175
445.140375
445.159150
445.172300
445.188300
445.285275
445.318475
445.449525
445.483825
445.563975
445.589475
445.813175
445.837225
445.858025
445.912625
445.933800
445.963850
445.987975
446.015500
446.036950
446.100950
446.124525
446.196275
446.244900
446.369575
446.394425
446.433275
446.500700
446.526050
446.588375
446.612725
446.633600
446.711375
446.783825
446.803425
446.909500
446.991825
447.110125
447.141275
447.173400
447.206200
447.247500
447.291050
447.362400
447.415150
447.485500
447.504400
447.518625
447.567850
447.652075
447.711800
447.744450
447.800700
447.850000
447.927700
448.053175
448.082575
448.170000
448.204000
448.222050
448.284350
448.338000
448.394825
448.417750
448.457275
448.546675
448.610575
448.632850
448.746175
448.787200
449.012775
449.037700
449.056900
449.207450
449.249200
449.303025
449.336800
449.359700
449.435975
449.605575
449.716050
449.827125
449.843075
449.886375
449.940875
449.965975
450.016350
450.131375
450.166475
450.169600
450.188875
450.230950
450.253850
450.363375
450.494875
450.565100
450.595900
450.636525
450.652600
450.688225
450.763475
450.809475
450.853350
450.891075
450.977950
451.140250
451.206550
451.258700
451.352000
451.383850
451.401375
451.435700
451.486750
451.517500
451.543125
451.686800
451.725825
451.793700
451.817325
451.845500
451.919225
451.952250
451.991475
452.061400
452.100675
452.140525
452.169825
452.199925
452.240825
452.278025
452.294100
452.318625
452.370025
452.395500
452.411900
452.483050
452.517875
452.527225
452.542500
452.579725
452.597275
452.642250
452.674050
452.703075
452.748900
452.830100
452.867950
452.921025
453.043475
453.073450
453.168300
453.189275
453.279150
453.339975
453.402075
453.440700
453.557675
453.628925
453.648475
453.677100
453.695500
453.736525
453.805025
453.853500
453.874600
453.908100
453.963550
453.992000
454.021450
454.073600
454.153675
454.189950
454.294975
454.330025
454.357350
454.474500
454.513950
454.618375
454.643700
454.676525
454.711275
454.930825
454.961075
455.012850
455.065900
455.124825
455.146800
455.166400
455.183650
455.220375
455.300050
455.315900
455.340650
455.404275
455.466325
455.485825
455.546800
455.669075
455.688500
455.709475
455.728775
455.829900
455.869525
455.917925
455.976025
456.029500
456.060200
456.103900
456.125900
456.140000
456.224200
456.324825
456.359550
456.386550
456.411375
456.459875
456.526125
456.584225
456.615250
456.707000
456.733325
456.836250
456.872825
456.904425
457.009200
457.074700
457.191500
457.229525
457.379150
457.391800
457.482250
457.591850
457.662025
457.686875
458.000675
458.074200
458.108550
458.139825
458.202875
458.213400
458.231225
458.401625
458.489575
458.600725
458.629250
458.649875
458.681800
458.717500
458.758000
458.771250
458.812875
458.829175
459.013750
459.069350
459.123050
459.151150
459.160100
459.185650
459.226350
459.354600
459.384675
459.411725
459.463225
459.510100
459.535275
459.555775
459.627950
459.701100
459.829900
459.870825
460.028525
460.059600
460.068400
460.084325
460.109850
460.243500
460.256500
460.284825
460.348900
460.364825
460.391425
460.410350
460.430450
460.504000
460.530975
460.599550
460.624300
460.693875
460.721375
460.763900
460.817575
460.831975
460.857925
460.891200
460.917375
460.957550
461.062600
461.068450
461.089825
461.109400
461.199200
461.237650
461.269325
461.304350
461.528925
461.586475
461.617200
461.671200
461.717400
461.822225
461.845425
461.897450
461.974825
462.025450
462.059825
462.079625
462.112025
462.162250
462.191800
462.220025
462.293750
462.330225
462.368475
462.455625
462.481575
462.537325
462.570975
462.651025
462.672425
462.692950
462.733800
462.749325
462.758575
462.782250
462.803875
463.006300
463.025700
463.069475
463.105775
463.149325
463.159650
463.187850
463.204175
463.218975
463.240550
463.248750
463.303175
463.374875
463.482650
463.566300
463.629050
464.177425
464.213675
464.236125
464.336275
464.406675
464.437750
464.456150
464.479325
464.686750
464.764900
464.781775
464.862325
464.888400
465.013350
465.184500
465.202900
465.235375
465.284300
465.313025
465.345875
465.360325
465.422275
465.435925
465.499025
465.595600
465.664925
465.705275
465.778600
466.013400
466.060000
466.098450
466.129300
466.287250
466.302150
466.416475
466.447725
466.473975
466.497500
466.529175
466.663400
466.744875
466.879025
466.961275
467.214525
467.249750
467.366225
467.416775
467.584750
467.612950
467.739875
467.781425
467.863475
467.919500
467.945700
468.090625
468.121800
468.292225
468.353075
468.377900
468.427150
468.576200
468.692500
468.767200
468.792475
468.873800
468.947100
469.001400
469.047275
469.193100
469.225125
469.245650
469.318450
469.330275
469.393200
469.423425
469.499725
469.528900
469.585125
469.666300
469.729875
469.855975
469.873725
469.919650
470.033150
470.180000
470.217875
470.409200
470.580625
470.692100
470.718400
470.767075
470.785825
470.875875
471.082325
471.148550
471.301500
471.311850
471.352825
471.422600
471.471375
471.533575
471.550600
471.557700
471.607500
471.687075
471.758275
471.786975
471.850075
471.938975
472.026425
472.064775
472.226700
472.316150
472.356650
472.389375
472.500800
472.546350
472.678000
472.776800
472.798975
472.931525
473.029825
473.129900
473.221200
473.241425
473.280700
473.294700
473.527425
473.589975
473.660500
473.696475
473.716200
473.926075
474.021675
474.081525
474.138150
474.274175
474.309900
474.411925
474.431725
474.459400
474.560850
474.623800
474.649800
474.928800
474.962275
475.054175
475.086525
475.130250
475.154625
475.197625
475.289325
475.366250
475.404250
475.428900
475.451825
475.537950
475.846250
475.874675
475.916050
475.945400
476.001675
476.033550
476.130475
476.148225
476.248625
476.322900
476.407400
476.455025
476.476375
476.608600
476.674975
476.826400
476.853500
476.988700
477.156775
477.198700
477.225800
477.459325
477.806400
477.952925
477.979625
478.255000
478.292650
478.319675
478.396700
478.422250
478.467975
478.620000
478.666825
478.704475
478.811450
478.850150
478.871375
479.022850
479.057425
479.089850
479.126775
479.164650
479.179925
479.210600
479.240000
479.292075
479.313750
479.384575
479.409325
479.480975
479.540375
479.567950
479.679025
479.779475
479.850700
479.871250
479.883750
480.106825
480.257375
480.279850
480.297850
480.414450
480.472475
480.744700
480.770700
481.020650
481.192075
481.229950
481.242925
481.277400
481.394750
481.491025
481.518725
493.286850
493.556650
493.672650
493.756125
493.868550
493.912525
493.931725
493.970300
494.131250
494.275075
494.300100
494.323925
494.386400
494.409775
494.492575
494.547800
494.664175
494.797925
494.895175
494.917550
495.003025
495.087950
495.192925
495.240550
495.409450
495.542500
495.611150
495.714775
495.830000
495.860450
496.023925
496.132225
496.174525
496.275300
496.312025
496.347900
496.401100
496.446925
496.480975
496.548025
496.579225
496.608450
496.703725
496.723450
496.739025
496.766975
496.785050
496.818200
496.837600
496.890000
496.913700
496.926175
496.942275
497.156100
497.205475
497.243775
497.277325
497.296550
497.347500
497.437675
497.470200
497.536875
497.622300
497.669925
497.689500
497.770675
497.793350
497.834125
497.876800
497.921475
497.943150
497.999275
498.028325
498.118450
498.149775
498.308025
498.318075
498.348675
498.440975
498.479600
498.498625
498.528875
498.572575
498.597150
498.653600
498.685325
498.865825
498.898975
498.941400
499.045350
499.091125
499.142975
499.168175
499.251425
499.288600
499.344500
499.485050
499.600550
499.632475
499.654875
499.698550
499.742925
499.799025
499.957250
499.992975
500.059150
500.095000
500.114400
500.194550
500.221925
500.250425
500.306225
500.328350
500.356125
500.453375
500.465300
500.497000
500.593450
500.630650
500.692475
500.707625
500.736625
500.764275
500.781075
500.843525
500.867550
500.885275
500.908600
500.943800
501.019175
501.074025
501.123225
501.211350
501.477750
501.547125
501.604500
501.625850
501.653400
501.716575
501.769875
501.792950
501.812650
501.851125
501.904525
501.970075
501.990550
502.020225
502.048950
502.110300
502.131200
502.216925
502.253800
502.340075
502.386125
502.411750
502.438225
502.456450
502.596975
502.696350
502.731975
502.820100
502.884475
502.995425
503.009050
503.035850
503.070650
503.086850
503.116225
503.133425
503.147725
503.185500
503.238075
503.263300
503.293400
503.327325
503.431200
503.462675
503.585125
503.647525
503.669200
503.686300
503.752200
503.781025
503.806575
503.897475
503.946900
503.969600
504.014025
504.087450
504.178650
504.399200
504.424175
504.457000
504.487450
504.553775
504.631500
504.738825
504.782150
504.814550
504.974675
504.990225
505.009500
505.020025
505.034700
505.078975
505.229775
505.261550
505.281950
505.327750
505.345550
505.407800
505.431300
505.558475
505.704225
505.720000
505.767100
505.795775
505.847825
505.869850
505.877675
505.901800
505.930175
505.953950
505.988325
506.004500
506.091175
506.113625
506.202625
506.230575
506.283250
506.405600
506.423550
506.507100
506.599175
506.617725
506.685950
506.706600
506.741425
506.757675
506.875250
506.922500
506.950525
506.964175
507.118625
507.129275
507.423100
507.443000
507.464025
507.478875
507.603300
507.680425
507.692450
507.733650
507.792125
507.825050
507.957025
508.002625
508.015325
508.030550
508.134175
508.156250
508.173575
508.234200
508.426275
508.429200
508.519550
508.595475
508.611525
508.913800
509.020500
509.121700
509.278550
509.337775
509.405750
509.588100
509.610500
509.647800
509.735325
509.768850
509.821200
509.986450
510.046675
510.142650
510.181850
510.193825
510.427625
510.458650
510.503475
510.537700
510.567600
510.582400
510.821100
511.056725
511.174125
511.322125
511.483750
511.569550
511.635100
511.735750
511.832700
511.902125
512.003175
512.019725
512.050250
512.458300
512.545550
512.654250
512.677775
512.704150
512.776025
512.801875
512.851350
512.939250
513.026075
513.053625
513.098200
513.151850
513.169600
513.219450
513.231475
513.354875
513.407375
513.477425
513.588200
513.690425
513.803700
513.978950
514.177400
514.277900
514.403425
514.435150
514.483525
514.507500
514.611925
514.684200
514.786125
514.825125
514.862475
514.973200
515.083325
515.199725
515.231325
515.392400
515.495875
515.758375
515.825750
515.913075
516.019050
516.051375
516.127425
516.190575
516.220400
516.283175
516.317600
516.354550
516.375550
516.471100
516.518275
516.537725
516.619075
516.647975
516.676850
516.806225
516.978550
516.990975
517.021475
517.051525
517.234000
517.264100
517.312250
517.329000
517.355475
517.508925
517.627050
517.710750
517.724900
517.764700
517.815500
517.857550
517.899150
517.937350
517.944625
518.067850
518.152500
518.209075
518.369225
518.445675
518.472425
518.494275
518.509750
518.669475
518.741400
518.846250
519.030150
519.051550
519.149650
519.186800
519.265275
519.314550
519.365350
519.408650
519.461250
519.484975
519.574225
519.638250
519.655225
519.680175
519.712350
519.811225
519.878850
519.985725
520.056175
520.082750
520.096625
520.138975
520.251650
520.278975
520.368300
520.447425
520.506800
520.568025
520.817425
520.911000
520.963150
520.998750
521.041325
521.225525
521.227700
521.360000
521.393400
521.454675
521.527050
521.573675
521.594575
521.633025
521.786150
521.878400
521.903225
522.153000
522.173425
522.198425
522.372100
522.391350
522.550350
522.573775
522.705275
522.758175
522.776500
522.808400
522.859075
522.878275
522.918975
522.972000
523.048075
523.143675
523.213925
523.234500
523.363925
523.416400
523.444300
523.699400
523.729125
523.743825
523.872200
523.906550
523.973275
524.027500
524.085600
524.106150
524.134250
524.333625
524.519800
524.568975
524.743875
524.792200
524.813925
524.858400
525.064425
525.115250
525.224225
525.281200
525.351600
525.433600
525.523675
525.592450
525.619300
525.662550
525.690250
525.707450
525.754750
525.915700
526.100300
526.273075
526.292925
526.304675
526.547450
526.649950
526.712650
526.767375
526.790350
526.874675
526.947900
527.049050
527.090200
527.157825
527.191275
527.301175
527.364175
527.586500
527.608450
527.690350
527.779025
527.854850
528.081725
528.233675
528.438525
528.573275
528.702225
528.724600
528.912400
528.932825
529.196725
529.291850
529.372250
529.433000
529.448675
529.660725
530.076925
530.139200
530.166225
530.189350
530.209675
530.471975
530.515125
530.561775
530.618475
530.719325
530.790700
530.817075
530.951275
530.952500
530.982100
531.030675
531.276875
531.310550
531.388800
531.476800
531.524550
531.653600
531.668150
531.888175
532.012350
532.245975
532.486950
532.588325
532.607950
532.848575
532.913625
532.950750
533.086375
533.144825
533.261000
533.298900
533.390625
533.473275
533.709775
533.933475
533.957375
534.298100
534.406050
534.505400
534.511375
534.535450
534.589025
534.646575
534.741875
534.757525
534.946075
535.000075
535.323875
535.329200
535.539650
535.633025
535.634800
535.733925
535.968475
536.088975
536.259650
536.497375
536.593975
536.603325
536.637300
536.639325
536.654725
536.673150
536.687400
536.837725
537.163125
537.199525
537.212275
537.321250
537.345050
537.428900
537.498050
537.693850
537.934850
537.999925
538.040125
538.058100
538.660825
538.794075
539.036700
539.144950
539.313000
539.507500
539.670800
539.695850
539.715675
539.735350
539.865750
540.124575
540.208975
540.272800
540.296725
540.431200
540.444350
540.521400
540.582200
541.231800
541.345875
541.355075
541.508050
541.763925
542.005850
554.040400
554.207075
554.360350
554.466875
554.524925
554.556600
554.639425
554.685000
554.778000
554.848875
554.919475
554.939625
554.968225
555.025200
555.055125
555.094375
555.168925
555.190250
555.264825
555.294350
555.338425
555.407275
555.481575
555.524525
555.574975
555.762600
555.860625
556.110050
556.178400
556.205100
556.237625
556.286975
556.330275
556.359450
556.490450
556.547600
556.686600
556.835925
556.939150
556.967450
557.063500
557.172250
557.236400
557.329150
557.356325
557.405150
557.452825
557.529900
557.580500
557.591925
557.602500
557.628150
557.653875
557.799525
557.876350
557.970875
557.988450
558.104750
558.219375
558.284025
558.305725
558.413175
558.645675
558.675625
558.717625
558.747825
558.765650
558.823225
558.883525
558.930075
559.050225
559.106950
559.219575
559.291875
559.325375
559.382375
559.499625
559.586875
559.963200
560.054475
560.153575
560.270925
560.424350
560.593475
560.610800
560.625425
560.685875
560.804475
560.880300
560.905175
560.936400
561.000675
561.146800
561.185575
561.210275
561.240675
561.276475
561.308775
561.377425
561.400450
561.440625
561.532725
561.616350
561.688350
561.748550
561.786975
561.815425
561.883725
562.058200
562.116800
562.207175
562.219500
562.234175
562.339075
562.375675
562.532675
562.667325
562.715550
562.740725
562.753475
562.830575
562.924075
563.047550
563.142050
563.163700
563.197350
563.358900
563.531725
563.589625
563.830950
563.923425
564.002250
564.015900
564.063175
564.098325
564.113775
564.169100
564.236425
564.295000
564.350850
564.384400
564.460350
564.495875
564.620475
564.685875
564.732025
564.786225
564.835475
564.915025
564.940750
564.988400
565.074775
565.118700
565.238425
565.354250
565.442550
565.458600
565.493700
565.513275
565.580700
565.682500
565.736850
565.796600
565.825025
565.907625
565.961150
566.014575
566.200325
566.241950
566.451675
566.748175
566.849525
566.872600
566.896975
566.949275
567.005550
567.042725
567.259050
567.331375
567.540225
567.603375
567.717550
567.780450
567.839425
568.048375
568.085900
568.145225
568.198975
568.332675
568.385000
568.635075
568.774425
568.845775
568.867900
568.898600
568.988700
569.102850
569.160000
569.197300
569.292425
569.330475
569.471900
569.556475
569.631825
569.709275
569.847675
569.867875
569.980975
570.107000
570.211450
570.476575
570.516600
570.660700
570.776975
570.962600
570.993950
571.033600
571.065050
571.206775
571.381075
571.394650
571.495875
571.663575
571.671025
571.720175
571.738725
571.802425
572.020325
572.211325
572.279525
572.336800
572.357000
572.593900
572.791325
573.031475
573.078800
573.158075
573.204300
573.515050
573.856950
574.165950
574.491700
574.546175
574.927550
575.128825
575.207175
575.289800
575.345750
575.464275
575.813350
575.996350
576.227025
576.273200
576.414325
576.609975
576.944800
576.979425
577.083500
577.219975
577.296850
577.356825
577.374875
577.550625
577.655000
577.697700
578.474075
578.520800
578.822650
578.874825
578.953275
579.000125
579.264625
579.446050
579.606150
579.858625
579.959375
580.020450
580.234400
580.415775
580.436450
580.531325
580.552875
580.615375
580.705025
580.733525
580.847675
581.013275
581.035425
581.169900
582.026900
582.055350
582.231575
582.323850
582.433275
582.546250
582.650300
583.000550
583.032150
583.066625
583.081025
583.102500
583.128850
583.246500
583.267375
583.397050
583.513600
583.620000
583.640275
584.069400
584.124550
584.466475
584.518550
584.530575
584.576300
584.726850
584.788950
584.835825
585.761500
585.946275
585.969400
586.301300
586.324550
586.353975
586.444000
586.674950
586.951300
587.068725
587.327700
587.351375
587.381350
587.479550
587.580725
587.902450
588.119550
588.149725
588.413925
588.839975
588.921975
588.941650
588.986150
589.021050
589.404100
589.478800
589.526175
589.662350
589.795525
589.965200
590.131300
590.426750
590.442350
590.897175
590.952575
591.066100
591.294225
591.433075
591.607350
591.656100
591.808925
591.976050
592.120550
592.165150
592.485550
592.605625
592.713750
592.917500
592.987150
593.095500
593.370200
593.672175
593.779250
594.427600
594.495200
594.818875
594.829100
594.992050
595.465000
595.605725
595.879650
595.962550
596.229500
596.351650
596.406400
596.437550
596.533675
596.621300
596.639875
596.691475
596.887375
597.011200
597.338775
597.491950
597.694100
598.194575
598.284425
598.395850
598.553600
598.710600
598.872400
598.949175
599.154200
599.797700
599.898800
599.921925
600.625125
600.633625
600.703250
600.885925
601.201300
613.116225
613.187700
613.233800
613.359300
613.605100
613.822050
613.863850
613.926400
613.960375
614.007975
614.051375
614.079925
614.238725
614.268725
614.299325
614.365350
614.451625
614.499625
614.532325
614.572525
614.598550
614.658525
614.680200
614.725225
614.768400
614.844600
614.966725
615.097375
615.145000
615.206225
615.339725
615.375875
615.397000
615.425550
615.472075
615.692700
615.713275
615.794850
615.863550
615.899875
615.943150
615.955675
616.011825
616.069200
616.098875
616.193625
616.245025
616.285450
616.319050
616.420150
616.453500
616.469325
616.487775
616.540050
616.707775
616.775175
616.802725
616.821975
616.881725
616.913175
617.008075
617.091375
617.188400
617.290850
617.309650
617.331300
617.403025
617.428375
617.492200
617.519075
617.556400
617.567375
617.608550
617.633050
617.668200
617.695250
617.746525
617.766800
617.879500
617.964000
618.022125
618.042200
618.049225
618.102575
618.242125
618.339950
618.360375
618.385125
618.399975
618.423225
618.524550
618.571900
618.748025
618.766975
618.845350
618.878400
618.938700
618.965600
619.031350
619.105800
619.127875
619.166825
619.193500
619.257825
619.292500
619.338150
619.359350
619.398000
619.469050
619.500550
619.540850
619.595350
619.610425
619.624350
619.672925
619.744400
619.820275
619.898750
620.024150
620.054775
620.098175
620.214500
620.286800
620.372000
620.418050
620.616725
620.723425
620.770675
620.792000
620.880650
620.915250
621.081400
621.104525
621.173625
621.259000
621.326075
621.345150
621.367950
621.578800
621.601225
621.698250
621.748750
621.805700
621.913800
621.928800
621.989975
622.016875
622.124700
622.152750
622.172150
622.267000
622.322200
622.341400
622.368375
622.409050
622.425300
622.446475
622.477350
622.506275
622.560550
622.762300
622.792925
622.840075
623.053975
623.170400
623.234850
623.366475
623.442825
623.494025
623.512350
623.671600
623.727000
623.795700
623.812825
623.973875
624.043250
624.104775
624.162325
624.319075
624.450500
624.554075
624.612400
624.663125
624.752250
624.788425
624.819900
624.840375
624.905550
625.039775
625.058925
625.074550
625.164575
625.236975
625.254375
625.442275
625.494475
625.548550
625.631275
625.663825
625.668300
625.683950
625.736875
625.763375
625.899150
625.966575
626.047100
626.110950
626.127075
626.155700
626.233075
626.293300
626.313800
626.365075
626.385725
626.478525
626.505425
626.573025
626.626425
626.702650
626.739750
626.779800
626.849825
626.872350
626.954625
626.987375
627.054475
627.241200
627.265450
627.331050
627.350600
627.395250
627.565125
627.690175
627.815250
627.886750
627.982925
628.008150
628.058825
628.197975
628.247050
628.378575
628.472875
628.530125
628.579550
628.591775
628.604450
628.645200
628.708625
628.749675
628.976925
629.025350
629.062425
629.088400
629.126000
629.161200
629.180800
629.265850
629.301050
629.358100
629.445675
629.517100
629.590275
629.659000
629.691800
629.802225
629.847500
629.876350
629.937650
629.990750
630.015575
630.051950
630.067975
630.199475
630.230900
630.284050
630.326200
630.470700
630.601725
630.640425
630.745500
630.776725
630.799650
630.972550
631.075125
631.105000
631.151275
631.305500
631.352000
631.362900
631.451125
631.511200
631.551475
631.617250
631.708700
631.755475
631.768550
631.923825
632.021475
632.077025
632.321500
632.831400
632.854550
633.117050
633.152175
633.185625
633.305050
633.359000
633.373025
633.385850
633.492675
633.583750
633.606000
633.776050
633.910525
634.081825
634.141975
634.176425
634.322950
634.629050
634.681325
634.700925
634.774750
634.808575
634.848250
634.900300
634.945825
634.963175
635.026825
635.183775
635.320500
635.349250
635.420975
635.474925
635.614475
635.862400
635.912175
636.038150
636.149125
636.275625
636.299800
636.311550
636.542275
636.581975
636.673850
636.699875
636.787475
636.835700
636.870550
636.938325
636.982500
637.239725
637.320700
637.435675
637.514325
637.571000
637.604700
637.648975
637.686600
637.847750
637.876075
637.896775
637.982125
638.029050
638.124975
638.146650
638.352825
638.360200
638.392450
638.533775
638.585625
638.728400
638.761300
638.767200
638.781800
638.873900
639.143275
639.200775
639.272050
639.301125
639.365700
639.478775
639.529775
639.556700
639.746000
640.052525
640.099900
640.174550
640.258075
640.322025
640.436725
640.577075
640.650375
640.680925
640.784450
640.863775
641.187200
641.201350
641.279975
641.391850
641.498100
641.543925
641.645550
641.706525
641.773675
641.856375
641.886300
642.114725
642.142425
642.195225
642.307175
642.313800
642.335400
642.346175
642.732000
642.802125
642.815925
643.210350
643.827900
643.964350
645.082075
645.158925
645.666675
645.957525
646.139650
646.197175
646.336300
646.461325
646.758650
646.772875
647.073600
647.470800
647.526525
647.689100
647.804200
647.861725
648.334225
648.441000
648.521200
648.527775
648.792125
649.102875
649.296850
649.348600
649.747275
650.334375
650.491700
650.534150
650.662075
650.696025
650.859025
650.907050
651.055075
651.201200
651.327925
651.414300
651.459250
651.507575
651.573675
651.767050
651.811900
651.841325
651.945475
652.049600
652.138300
652.216775
652.347425
652.424625
652.440475
652.556450
652.791000
652.848675
652.872675
652.896275
653.072250
653.287725
653.373850
653.436400
653.509650
653.619150
654.154225
654.275250
654.318300
654.341850
654.950725
655.081375
655.087175
655.108600
655.259075
655.269925
655.403600
655.862025
655.925325
655.970775
656.114300
656.435925
656.674600
656.698825
656.736025
656.941625
657.287200
657.794575
657.864125
658.464950
658.507575
658.574325
658.617675
658.706800
658.745325
658.810500
658.877825
659.110625
659.752425
