3.353700
4.944425
23.451400
25.251050
31.291850
31.934350
32.939050
34.591375
36.677000
37.034325
37.135350
38.835775
39.944125
45.091775
45.186950
45.382100
45.473625
46.003225
48.591100
51.022775
51.036450
54.192425
57.365500
60.250525
61.060350
62.928750
66.400700
70.349250
73.506300
73.686675
73.872975
74.058925
75.077175
75.703925
79.385975
90.386000
91.042975
91.580925
93.844675
93.852850
98.365175
99.811600
102.083625
102.508175
104.012675
106.331625
110.167750
111.860575
114.736875
115.092750
115.821675
117.069750
119.504650
120.934550
121.203175
121.449625
123.318400
127.391300
128.090350
132.007000
132.873675
133.394850
133.999000
135.091200
136.483575
138.566025
142.701325
142.949600
142.995425
144.316275
144.323575
145.015100
145.508750
148.726825
149.589600
149.784050
