0.018050
0.037750
0.061800
0.076100
0.164000
0.194150
0.216250
0.231975
0.255150
0.278250
0.295325
0.341575
0.367400
0.388500
0.409375
0.432825
0.450400
0.491150
0.530675
0.580050
0.609875
0.649575
0.691150
0.735075
0.792125
0.854075
0.891425
0.927050
0.958900
0.979550
0.996600
1.046825
1.066150
1.085000
1.111150
1.123500
1.140600
1.153775
1.173100
1.217375
1.233975
1.250600
1.266350
1.282925
1.326750
1.366175
1.387575
1.407575
1.443425
1.455700
1.487400
1.519100
1.535050
1.547725
1.620250
1.667250
1.694725
1.733550
1.755450
1.781875
1.840375
1.879300
2.003525
2.048875
2.091975
2.157200
2.209625
2.251300
2.276525
2.313775
2.333650
2.362375
2.383425
2.402900
2.426450
2.472100
2.537725
2.636675
2.706050
2.749975
2.777125
2.864175
2.894250
2.926225
2.957900
3.048350
3.075000
3.209550
3.240875
3.272325
3.285575
3.305250
3.328700
3.341175
3.355900
3.369150
3.396725
3.423900
3.448875
3.485850
3.517275
3.531125
3.564925
3.578525
3.598000
3.609550
3.636475
3.703375
3.742975
3.779725
3.821100
3.892525
3.933325
3.989275
4.013500
4.059125
4.083050
4.107525
4.120500
4.152350
4.165050
4.178100
4.191375
4.203475
4.214475
4.300600
4.320600
4.355975
4.408600
4.429475
4.448400
4.463925
4.482375
4.526225
4.555750
4.580550
4.616525
4.637875
4.689850
4.726700
4.753850
4.789150
4.814050
4.833675
4.853225
4.904050
4.930050
4.948150
4.965625
4.974375
4.996325
5.012125
5.029175
5.043100
5.082175
5.110525
5.140100
5.167200
5.222350
5.274125
5.413225
5.441325
5.505500
5.534050
5.590175
5.613450
5.640125
5.676450
5.699125
5.716175
5.725775
5.759075
5.769425
5.789200
5.816600
5.861350
5.895975
5.911550
5.970525
6.027675
6.057450
6.078550
6.179900
6.222175
6.265400
6.318375
6.349375
6.416850
6.445650
6.512875
6.551725
6.580650
6.616450
6.659075
6.693000
6.752475
6.812925
6.853700
6.915350
6.952875
6.989000
7.005425
7.039250
7.084800
7.125925
7.178975
7.233700
7.257575
7.294725
7.322050
7.345975
7.377125
7.396375
7.451600
7.469750
7.491375
7.532550
7.558550
7.595650
7.610900
7.629500
7.667725
7.697350
7.717425
7.744825
7.768475
7.796750
7.839500
7.896725
7.973175
8.018375
8.028875
8.038150
8.046200
8.058100
8.075125
8.098700
8.125575
8.148950
8.208100
8.222300
8.255775
8.289775
8.304575
8.331275
8.352025
8.385950
8.416600
8.446200
8.474225
8.505375
8.520200
8.560200
8.584850
8.646950
8.681425
8.719825
8.740825
8.764725
8.792325
8.834725
8.876425
8.929375
8.962225
9.038050
9.091800
9.162900
9.197575
9.232125
9.257050
9.289600
9.305425
9.335175
9.377850
9.437950
9.498300
9.536275
9.564200
9.590675
9.629775
9.700550
9.725825
9.749775
9.835150
9.867400
9.891475
9.904250
9.920100
9.938950
9.953400
9.981350
10.015475
10.087175
10.125900
10.164275
10.247950
10.315050
10.347425
10.378500
10.391125
10.419000
10.427925
10.436175
10.444800
10.463975
10.486675
10.514050
10.529025
10.535050
10.550800
10.578375
10.590625
10.606100
10.625225
10.637550
10.692175
10.706125
10.745425
10.759825
10.784775
10.817900
10.831025
10.846200
10.865425
10.885000
10.930675
10.955850
10.997725
11.069400
11.101200
11.122825
11.153375
11.174800
11.187100
11.214575
11.270450
11.280875
11.296825
11.329200
11.364675
11.414425
11.437100
11.460625
11.492575
11.516325
11.540350
11.617700
11.648550
11.676950
11.731725
11.795400
11.860125
11.887775
11.910650
11.933900
11.968325
11.985025
11.998125
12.033550
12.050425
12.071975
12.089350
12.105750
12.128250
12.144750
12.161400
12.190075
12.204650
12.229875
12.256325
12.344825
12.400300
12.520750
12.572950
12.607475
12.635225
12.672125
12.737900
12.755325
12.777400
12.807450
12.825100
12.894575
12.928825
12.963650
12.989500
13.015025
13.065950
13.096075
13.197425
13.230300
13.278500
13.311275
13.329025
13.338025
13.353875
13.374150
13.443125
13.461750
13.483575
13.504575
13.577800
13.629800
13.654325
13.682325
13.713500
13.796025
13.835775
13.858000
13.889375
13.914800
13.935875
13.963175
13.991225
14.080975
14.142575
14.173975
14.231650
14.282950
14.337925
14.391325
14.430550
14.486800
14.551975
14.575775
14.603525
14.623350
14.633775
14.646125
14.660150
14.669225
14.691125
14.724200
14.744350
14.787925
14.817650
14.830075
14.852850
14.897575
14.976325
15.047200
15.080625
15.123925
15.149500
15.172850
15.255925
15.290650
15.327350
15.347775
15.445050
15.542325
15.596500
15.675150
15.714325
15.783100
15.829250
15.888375
15.918075
15.946300
15.973050
16.005925
16.045525
16.070000
16.086125
16.101125
16.127975
16.147550
16.217325
16.252775
16.300550
16.328600
16.371675
16.408450
16.439325
16.478800
16.527875
16.563175
16.603675
16.649925
16.702000
16.734250
16.758725
16.789050
16.799475
16.814150
16.830650
16.868575
16.894700
16.965675
16.991700
17.021025
17.091725
17.153725
17.220800
17.242825
17.286850
17.315250
17.329975
17.420750
17.489875
17.533525
17.581975
17.629500
17.673450
17.710900
17.763850
17.807775
17.847575
17.893125
17.931025
17.969575
18.053125
18.108825
18.168400
18.237900
18.331875
18.401950
18.448200
18.486050
18.506450
18.520850
18.538100
18.580450
18.612500
18.667125
18.698950
18.742325
18.755225
18.772800
18.782750
18.796875
18.812325
18.832375
18.850825
18.903025
18.919525
18.943025
18.988550
19.015450
19.056150
19.109375
19.158000
19.214150
19.252175
19.281325
19.348650
19.386900
19.428425
19.471825
19.505725
19.542125
19.570425
19.596525
19.625925
19.649550
19.674150
19.695000
19.707850
19.735325
19.751300
19.765675
19.776075
19.804950
19.822825
19.834125
19.845775
19.857550
19.869825
19.898125
19.933550
19.968875
20.078850
20.131575
20.165200
20.212825
20.250925
20.276500
20.303775
20.345500
20.370875
20.411875
20.442975
20.478675
20.526825
20.584300
20.625225
20.655125
20.689975
20.736975
20.793475
20.864250
20.897700
20.933900
20.968875
20.997675
21.051300
21.070175
21.128425
21.150175
21.172725
21.193625
21.211475
21.233700
21.265925
21.284975
21.312375
21.334725
21.350625
21.365775
21.426375
21.439050
21.472725
21.543675
21.569075
21.587200
21.620175
21.649825
21.677225
21.743725
21.760725
21.785950
21.805775
21.823850
21.854425
21.879500
21.892350
21.912425
21.931525
21.955425
21.992575
22.034525
22.062825
22.104325
22.133725
22.187600
22.261900
22.308325
22.369800
22.386175
22.417325
22.439125
22.460925
22.487075
22.532375
22.562675
22.589500
22.607825
22.656300
22.697775
22.764625
22.823650
22.867675
22.943350
22.977425
22.990950
23.020750
23.035525
23.051350
23.075825
23.095175
23.109225
23.125825
23.146200
23.163150
23.183450
23.224925
23.242975
23.269825
23.294800
23.333800
23.374750
23.397350
23.419900
23.434825
23.455550
23.466225
23.473575
23.482450
23.496150
23.508150
23.550850
23.560825
23.603150
23.654250
23.664500
23.678025
23.702750
23.709550
23.717925
23.761550
23.778850
23.801425
23.810900
23.819775
23.832200
23.853925
23.864100
23.886875
23.914875
23.924950
23.940850
23.986075
24.041075
24.068300
24.087775
24.110725
24.133525
24.201950
24.225250
24.248350
24.285075
24.303350
24.356850
24.369575
24.402950
24.423750
24.453550
24.488175
24.512950
24.562725
24.584025
24.597275
24.613300
24.627350
24.644375
24.689150
24.703275
24.735325
24.788125
24.809700
24.825625
24.961075
24.996050
25.035675
25.053325
25.071250
25.105775
25.154500
25.171025
25.226675
25.241125
25.267900
25.298325
25.345775
25.385375
25.448300
25.474450
25.487100
25.512525
25.534250
25.558075
25.607900
25.616325
25.626300
25.639050
25.647050
25.657250
25.668725
25.680000
25.712550
25.723675
25.735125
25.787750
25.804700
25.826150
25.840450
25.845800
25.860300
25.870525
25.921475
25.934125
25.955250
25.986900
26.011925
26.024525
26.054875
26.118400
26.153750
26.170075
26.183025
26.190675
26.217525
26.228800
26.247275
26.257525
26.285400
26.323500
26.334000
26.400550
26.432325
26.491775
26.523450
26.573375
26.645000
26.703000
26.756550
26.777325
26.873775
26.893900
26.914575
26.929800
26.959325
26.992100
27.006575
27.018750
27.033575
27.053000
27.068850
27.085525
27.110500
27.142325
27.195375
27.209350
27.229650
27.230650
27.252825
27.265725
27.284475
27.326650
27.361525
27.416675
27.442725
27.492500
27.521100
27.547750
27.560175
27.580525
27.589100
27.603700
27.617200
27.644500
27.663375
27.704950
27.718600
27.737175
27.756375
27.799875
27.842100
27.923650
27.948425
28.006700
28.049525
28.065400
28.097900
28.112850
28.123425
28.136250
28.142650
28.152850
28.170175
28.183375
28.189625
28.206300
28.232150
28.268225
28.291600
28.311750
28.336950
28.351000
28.362050
28.379975
28.392975
28.407425
28.419700
28.454625
28.466650
28.475425
28.496675
28.505150
28.551075
28.560300
28.568025
28.591400
28.613850
28.650475
28.701175
28.721525
28.738950
28.758175
28.777050
28.786225
28.793900
28.811925
28.820600
28.858000
28.897625
28.912450
28.924650
28.973475
29.016675
29.048800
29.086600
29.097125
29.121675
29.169875
29.221125
29.251000
29.262025
29.330750
29.340350
29.358725
29.369800
29.400150
29.419000
29.441900
29.477425
29.488300
29.524975
29.558850
29.588250
29.607775
29.619975
29.642625
29.686500
29.699375
29.716025
29.734650
29.758600
29.788950
29.802125
29.809350
29.824850
29.839475
29.848600
29.873825
29.895275
29.931700
29.942225
29.965250
30.000025
30.050700
30.070250
30.122175
30.134575
30.149050
30.163775
30.207350
30.287275
30.301925
30.318450
30.331850
30.368550
30.422600
30.439450
30.473675
30.503550
30.533500
30.548700
30.591025
30.600875
30.613725
30.636475
30.647300
30.667725
30.682750
30.695000
30.708350
30.728250
30.762475
30.812400
30.833575
30.852250
30.877125
30.886175
30.902150
30.911600
30.928575
30.948425
30.973450
31.071025
31.091875
31.119550
31.136125
31.142900
31.155900
31.185500
31.194350
31.261550
31.290725
31.311600
31.337925
31.390875
31.421650
31.472500
31.493775
31.513475
31.533675
31.557350
31.592775
31.610050
31.667800
31.706650
31.726600
31.747250
31.760500
31.778225
31.816400
31.892500
31.933375
31.983275
32.033500
32.070750
32.116475
32.185225
32.210700
32.244750
32.275200
32.288775
32.322775
32.375050
32.410675
32.463775
32.506725
32.608675
32.667250
32.712175
32.742025
32.792375
32.814975
32.830925
32.848500
32.872525
32.907825
32.968425
33.048425
33.100975
33.142250
33.161675
33.181275
33.189025
33.199100
33.211350
33.223000
33.258675
33.281350
33.299725
33.318625
33.377325
33.407275
33.474250
33.550150
33.566700
33.598875
33.611525
33.631350
33.668750
33.691275
33.721375
33.771600
33.824975
33.870775
33.917925
33.972975
34.009000
34.020950
34.028525
34.036725
34.063950
34.074300
34.124800
34.145250
34.232950
34.300150
34.403900
34.421275
34.436975
34.451425
34.461525
34.509100
34.532625
34.545975
34.558000
34.567075
34.578150
34.607500
34.655775
34.705675
34.752150
34.777600
34.811675
34.896025
34.908825
34.927150
35.008075
35.041375
35.116050
35.144675
35.178250
35.214725
35.278100
35.322075
35.373675
35.405125
35.430525
35.453475
35.469975
35.491850
35.520475
35.546050
35.588225
35.641975
35.690050
35.725900
35.751675
35.778525
35.801300
35.847200
35.871250
35.903550
35.945525
35.974625
36.032150
36.152350
36.219650
36.292125
36.363175
36.400900
36.503550
36.581575
36.614200
36.642300
36.709275
36.750225
36.812525
36.870200
36.917600
36.947975
36.962975
36.979825
37.054375
37.113775
37.156350
37.190450
37.232425
37.271200
37.313225
37.345900
37.387400
37.446600
37.487125
37.513475
37.575100
37.624825
37.662400
37.713950
37.766475
37.787650
37.827950
37.864000
37.895875
37.915450
37.969825
37.991575
38.019800
38.048150
38.087550
38.145175
38.189250
38.251700
38.300150
38.363675
38.405525
38.433800
38.454900
38.480275
38.520475
38.554025
38.573400
38.600125
38.615750
38.619450
38.635000
38.760150
38.808200
38.848925
38.907050
38.933450
38.990225
39.029325
39.056300
39.093250
39.117900
39.141450
39.166350
39.198000
39.247975
39.277325
39.307250
39.366325
39.404350
39.447600
39.471125
39.507650
39.536275
39.557150
39.579900
39.623925
39.658350
39.714000
39.750750
39.784050
39.853475
39.874150
39.904175
39.945350
39.986050
40.031825
40.077125
40.093425
40.152675
40.198675
40.235200
40.270725
40.338250
40.405125
40.441075
40.528175
40.556200
40.597200
40.652275
40.712250
40.769425
40.794800
40.849975
40.885825
40.933950
40.995625
41.059100
41.097200
41.145125
41.205325
41.255125
41.296000
41.311975
41.369200
41.449875
41.515050
41.574875
41.610500
41.636025
41.661425
41.691375
41.739400
41.776050
41.827525
41.865300
41.909350
41.945275
41.989525
42.042050
42.098850
42.143150
42.192425
42.220900
42.282075
42.323025
42.360500
42.382600
42.407000
42.419750
42.436650
42.454800
42.479700
42.548100
42.583050
42.614900
42.647625
42.693400
42.735775
42.832250
42.872250
42.909075
42.950600
42.974625
43.010625
43.060675
43.104500
43.143125
43.178225
43.263050
43.306800
43.362375
43.393775
43.478650
43.530650
43.589125
43.648050
43.698525
43.734325
43.760350
43.791175
43.839575
43.856850
43.911650
43.966200
43.988275
44.031625
44.056550
44.130225
44.177025
44.215675
44.259475
44.308650
44.376875
44.427400
44.463075
44.510550
44.539525
44.570400
44.639575
44.664850
44.682925
44.710425
44.736750
44.819450
44.865525
44.922650
44.976575
45.034125
45.083725
45.101900
45.186900
45.250300
45.282575
45.338925
45.386150
45.443300
45.542250
45.590575
45.636125
45.671800
45.694475
45.711225
45.751900
45.765950
45.783100
45.797275
45.810350
45.816450
45.830375
45.846700
45.864250
45.907675
45.919375
45.943650
45.965525
46.030125
46.096725
46.145475
46.165650
46.201025
46.226600
46.254225
46.296875
46.348675
46.416675
46.440225
46.470275
46.496325
46.531925
46.584500
46.614225
46.626400
46.636875
46.658375
46.681400
46.700625
46.713275
46.723525
46.739350
46.751275
46.798400
46.830200
46.846700
46.862650
46.878275
46.912525
46.927625
46.963525
46.994725
47.101325
47.159650
47.217400
47.277775
47.322225
47.339700
47.356675
47.375150
47.389350
47.407250
47.426925
47.472650
47.527775
47.546300
47.564650
47.607125
47.637975
47.651025
47.686500
47.709625
47.767000
47.880725
47.962275
47.994075
48.026275
48.064225
48.103150
48.132950
48.166125
48.200725
48.248450
48.273125
48.322400
48.356300
48.395075
48.418525
48.466100
48.572875
48.610575
48.749925
48.806300
48.853850
48.909500
48.949700
48.988475
49.009475
49.027200
49.041200
49.057450
49.078550
49.094750
49.110375
49.139100
49.168925
49.199550
49.277700
49.325775
49.362475
49.403225
49.443125
49.535100
49.596300
49.648075
49.680600
49.727825
49.757950
49.776500
49.793250
49.811150
49.852950
49.899625
49.915150
49.934850
49.975475
50.007075
50.040250
50.070775
50.108125
50.146150
50.183900
50.225300
50.249325
50.288300
50.352675
50.390950
50.415425
50.438225
50.475450
50.498150
50.529250
50.550750
50.583725
50.600025
50.625075
50.641575
50.671625
50.715525
50.748625
50.808125
50.874900
50.939300
50.988125
51.041375
51.088425
51.125750
51.173550
51.231600
51.272925
51.326500
51.377350
51.414525
51.450950
51.474475
51.502400
51.545850
51.582025
51.604750
51.627375
51.661675
51.686375
51.726525
51.763050
51.804000
51.845275
51.897775
51.940275
51.958850
51.995850
52.027825
52.054700
52.074325
52.096775
52.114975
52.139275
52.165325
52.214900
52.250575
52.298875
52.345800
52.388375
52.402725
52.420900
52.436600
52.461450
52.478425
52.497300
52.522625
52.536675
52.549425
52.566375
52.597850
52.611950
52.623850
52.638825
52.698650
52.725125
52.745525
52.775225
52.811800
52.835050
52.854200
52.885575
52.913775
52.989475
53.035825
53.082850
53.115700
53.153250
53.179500
53.271950
53.300500
53.324575
53.346900
53.372550
53.392925
53.424750
53.445275
53.478025
53.506700
53.606025
53.632025
53.634950
53.656325
53.707975
53.752600
53.773725
53.792675
53.853750
53.975425
54.013475
54.070950
54.094225
54.131625
54.185450
54.229900
54.268675
54.295900
54.344200
54.389500
54.423725
54.479550
54.518875
54.549850
54.586650
54.625450
54.665825
54.715650
54.743325
54.765875
54.797250
54.852050
54.882250
54.910925
54.949900
54.984525
55.006425
55.039900
55.076225
55.094900
55.122600
55.165000
55.196300
55.231375
55.293250
55.328750
55.374575
55.410775
55.467125
55.544000
55.579200
55.663100
55.694050
55.714650
55.721100
55.726750
55.740150
55.780850
55.792975
55.803275
55.814625
55.843725
55.856075
55.867875
55.906775
55.916225
55.929450
55.989750
56.037625
56.061200
56.093400
56.152050
56.200825
56.312950
56.378950
56.448050
56.474275
56.509925
56.521575
56.537175
56.547650
56.552700
56.579375
56.624125
56.637400
56.683175
56.695400
56.709600
56.723900
56.753925
56.774075
56.786925
56.814775
56.827725
56.839150
56.853575
56.915625
56.943025
57.008450
57.037525
57.073225
57.092875
57.123950
57.155525
57.176125
57.207000
57.230650
57.250350
57.269850
57.281075
57.296100
57.321675
57.350625
57.420625
57.477350
57.518250
57.549775
57.578600
57.616325
57.667975
57.699325
57.746500
57.783775
57.814950
57.862450
57.899750
57.941300
57.990100
58.036675
58.064300
58.099650
58.132350
58.168550
58.199125
58.232825
58.273100
58.326050
58.359400
58.400575
58.453050
58.497950
58.554350
58.615000
58.650300
58.677425
58.700450
58.742175
58.758250
58.777250
58.792125
58.811550
58.842875
58.876550
58.891975
58.907275
58.944500
58.980900
59.007225
59.027150
59.044350
59.057850
59.071200
59.085375
59.151250
59.163400
59.182700
59.229450
59.256550
59.270775
59.282075
59.300725
59.316375
59.333475
59.346550
59.370400
59.470325
59.492475
59.522850
59.540075
59.615150
59.710700
59.788700
59.820025
59.904575
59.960275
59.997050
60.063500
60.099825
60.122625
60.147550
60.207900
60.242400
60.283650
60.310300
60.355600
60.386900
60.432700
60.472300
60.509475
60.572300
60.612375
60.639825
60.692700
60.733875
60.749750
60.789525
60.824125
60.847600
60.869650
60.885975
60.899050
60.922600
60.937250
60.950575
60.969075
60.989950
61.010450
61.026925
61.036450
61.050225
61.060050
61.075325
61.092375
61.113025
61.137600
61.150675
61.172850
61.220225
61.241975
61.270900
61.292050
61.312000
61.326100
61.341625
61.360000
61.385575
61.398800
61.414950
61.426950
61.447275
61.465950
61.492725
61.511525
61.531525
61.542250
61.562975
61.578150
61.610800
61.670625
61.696300
61.737500
61.807850
61.862300
61.893550
61.926000
61.956300
61.976375
62.007050
62.022300
62.062800
62.082475
62.100625
62.122850
62.143450
62.185825
62.268925
62.328000
62.371725
62.458250
62.501975
62.546500
62.573050
62.600200
62.616025
62.643825
62.657350
62.675825
62.702125
62.719775
62.734700
62.751850
62.788100
62.811375
62.834650
62.860825
62.889675
63.023525
63.064900
63.108825
63.211025
63.236725
63.272450
63.325925
63.356075
63.406175
63.445725
63.514375
63.598075
63.644125
63.679000
63.699400
63.733875
63.752175
63.762375
63.777850
63.791100
63.819000
63.834550
63.863350
63.916950
63.956025
63.977450
64.011550
64.067125
64.099625
64.124275
64.253800
64.300600
64.400625
64.436300
64.481800
64.483350
64.515800
64.527350
64.545900
64.572675
64.591800
64.612100
64.627325
64.640750
64.652100
64.664650
64.680950
64.702275
64.716575
64.732400
64.816250
64.828025
64.850650
64.869350
64.898975
64.923750
64.963825
64.999700
65.123625
65.150100
65.177375
65.208325
65.244225
65.285750
65.308125
65.340600
65.356275
65.392625
65.407800
65.425975
65.554900
65.575875
65.604200
65.625775
65.648625
65.681100
65.726575
65.766350
65.809875
65.833175
65.884600
65.907325
65.936975
65.955325
65.968025
65.979650
66.007650
66.039425
66.069125
66.087575
66.127475
66.153050
66.170450
66.199925
66.215200
66.269650
66.302575
66.322650
66.352300
66.367000
66.385275
66.408050
66.426075
66.502900
66.529500
66.559750
66.591375
66.645625
66.690825
66.749075
66.777750
66.802900
66.824325
66.842575
66.857550
66.891225
66.928825
66.957975
66.979050
67.014450
67.065300
67.086150
67.128250
67.178775
67.211125
67.240775
67.277200
67.304875
67.331900
67.355000
67.375100
67.407475
67.437200
67.467325
67.480675
67.496000
67.510550
67.534850
67.559800
67.572450
67.581775
67.599800
67.660025
67.701175
67.731300
67.764300
67.823075
67.862325
67.882750
67.921425
67.980675
68.020125
68.078750
68.117225
68.185200
68.213950
68.248275
68.272175
68.369700
68.403900
68.440275
68.495625
68.524200
68.552500
68.581350
68.607500
68.625425
68.692225
68.744975
68.785775
68.848950
68.887675
68.942100
68.975775
68.990075
69.009125
69.020375
69.038700
69.062925
69.080100
69.096075
69.131350
69.161500
69.184050
69.227425
69.279875
69.356375
69.411100
69.473825
69.526500
69.578050
69.620925
69.669225
69.700375
69.720900
69.758475
69.794950
69.819425
69.857225
69.885350
69.911325
69.988275
70.019600
70.042675
70.069275
70.095650
70.210825
70.252850
70.296900
70.324750
70.374525
70.428475
70.443125
70.454075
70.464775
70.474825
70.498900
70.523925
70.540500
70.554525
70.569150
70.585400
70.597250
70.609425
70.643675
70.658050
70.691250
70.709625
70.739275
70.800075
70.871650
70.933650
70.970050
71.018975
71.069100
71.119175
71.154450
71.174800
71.223925
71.277300
71.305325
71.326000
71.342250
71.367950
71.389675
71.417650
71.467050
71.482500
71.506900
71.518675
71.529700
71.539325
71.557025
71.572775
71.586450
71.615825
71.651150
71.665250
71.679350
71.696000
71.717775
71.781975
71.795025
71.824525
71.840950
71.862100
71.939975
71.968150
72.017275
72.047575
72.078175
72.092925
72.119900
72.135675
72.145350
72.191200
72.253025
72.269775
72.293300
72.327925
72.391300
72.413750
72.451350
72.478600
72.514925
72.557325
72.581700
72.608400
72.650100
72.665500
72.685050
72.698525
72.714225
72.766350
72.791225
72.880425
72.913600
72.953250
72.987550
73.014525
73.087375
73.150800
73.210050
73.258600
73.294075
73.351550
73.410050
73.437575
73.461475
73.486900
73.503750
73.516300
73.535000
73.608500
73.647500
73.695800
73.743925
73.775325
73.807600
73.821275
73.872250
73.895625
73.916375
73.937875
73.967700
73.999475
74.024650
74.043625
74.087400
74.103250
74.136275
74.163050
74.210450
74.246825
74.292925
74.331525
74.391500
74.419050
74.442800
74.460475
74.486800
74.502725
74.520550
74.534650
74.579200
74.591850
74.607200
74.623550
74.654725
74.691975
74.723875
74.770925
74.808575
74.855675
74.895600
74.956400
74.988025
75.009475
75.029775
75.076950
75.092200
75.109775
75.125825
75.150225
75.177750
75.220825
75.235650
75.248075
75.263300
75.280225
75.329975
75.367075
75.395275
75.434775
75.484500
75.535800
75.589825
75.635700
75.660875
75.695175
75.728350
75.784050
75.831425
75.869600
75.917975
75.976150
76.035875
76.073575
76.102825
76.142875
76.185025
76.209375
76.259975
76.294275
76.321675
76.364025
76.399050
76.423375
76.458450
76.495450
76.520700
76.555375
76.648500
76.683900
76.746750
76.796475
76.888275
76.959075
77.018475
77.049675
77.083700
77.136675
77.151825
77.174450
77.194700
77.214250
77.228625
77.241400
77.257925
77.279100
77.291075
77.322225
77.330050
77.343425
77.352525
77.367300
77.379500
77.388850
77.410875
77.430675
77.443425
77.493025
77.514200
77.527575
77.543050
77.601500
77.612550
77.628175
77.667025
77.708250
77.745225
77.754525
77.768925
77.780575
77.793875
77.801400
77.829100
77.856750
77.891950
77.991650
78.043125
78.075400
78.098975
78.110150
78.129475
78.144350
78.165275
78.201800
78.253725
78.300275
78.325650
78.340050
78.347425
78.360575
78.370725
78.378125
78.391550
78.423050
78.438100
78.458025
78.478925
78.496325
78.511800
78.550625
78.568175
78.582950
78.604375
78.690450
78.744275
78.773125
78.877125
78.928375
78.952150
78.972850
78.981675
79.028775
79.049400
79.084350
79.112175
79.122975
79.132525
79.145325
79.168200
79.180425
79.216200
79.233775
79.256925
79.285125
79.370425
79.398900
79.425525
79.494925
79.506025
79.526725
79.539875
79.573125
79.609375
79.656975
79.677825
79.701925
79.729200
79.778050
79.815075
79.885975
79.921750
79.935700
79.955600
79.999650
80.013325
80.029925
80.045800
80.065875
80.080050
80.111925
80.206525
80.264100
80.299450
80.323850
80.351575
80.378025
80.425775
80.485625
80.507300
80.527550
80.546725
80.584125
80.602300
80.630150
80.652600
80.665225
80.686550
80.695475
80.707750
80.726500
80.816450
80.872850
80.904550
80.943475
80.989375
81.029125
81.072425
81.136100
81.195550
81.219225
81.249975
81.302650
81.339250
81.370900
81.414400
81.434525
81.449025
81.461850
81.475625
81.496950
81.529675
81.548750
81.566575
81.595150
81.614925
81.638400
81.681875
81.708600
81.733300
81.745975
81.800600
81.813250
81.831425
81.865500
81.888250
81.903550
81.921500
81.942275
81.951600
81.966050
81.982950
82.005125
82.046450
82.066700
82.081825
82.117200
82.134975
82.168850
82.199975
82.253925
82.293550
82.311950
82.341625
82.360675
82.391750
82.416375
82.434725
82.456875
82.478300
82.499500
82.519750
82.581050
82.628900
82.678675
82.708050
82.734475
82.757725
82.795375
82.824975
82.842175
82.875800
82.904050
82.951475
82.974575
83.019600
83.069975
83.099975
83.123350
83.167175
83.190550
83.204475
83.234775
83.273000
83.301250
83.323825
83.366675
83.390575
83.422175
83.459050
83.487350
83.521600
83.559175
83.590650
83.618550
83.646975
83.666725
83.689000
83.696150
83.707675
83.735025
83.745400
83.770650
83.779525
83.815100
83.824150
83.836050
83.910475
83.922200
83.965600
83.979900
84.003175
84.018225
84.030050
84.046650
84.115250
84.131950
84.144725
84.156800
84.184675
84.201025
84.233175
84.247075
84.288125
84.309425
84.345925
84.405800
84.455475
84.528075
84.558450
84.582725
84.615525
84.636450
84.651350
84.684450
84.717650
84.737300
84.768000
84.780650
84.797600
84.819550
84.845000
84.869325
84.888625
84.941950
84.975025
84.992500
85.024900
85.068325
85.111725
85.151925
85.187875
85.223025
85.247000
85.279225
85.313675
85.344525
85.370100
85.417675
85.434100
85.468225
85.511025
85.534425
85.559450
85.672300
85.725125
85.782325
85.831100
85.874550
85.930100
85.974600
86.018275
86.033850
86.067675
86.093875
86.109225
86.126000
86.158175
86.182500
86.239925
86.277475
86.330200
86.381325
86.419050
86.460525
86.502250
86.527125
86.575000
86.607975
86.646900
86.674675
86.702950
86.711525
86.728850
86.752650
86.771975
86.781700
86.793750
86.807125
86.820750
86.869850
86.891825
86.964025
86.986400
87.032550
87.143600
87.262550
87.304600
87.334200
87.349600
87.365100
87.419600
87.443675
87.457700
87.504650
87.533700
87.622675
87.651575
87.688275
87.725850
87.767825
87.793375
87.835925
87.903275
87.936400
87.955875
87.988325
88.033475
88.085200
88.129500
88.178925
88.200250
88.310225
88.369050
88.437475
88.490875
88.529975
88.573500
88.617975
88.645925
88.695225
88.718200
88.748500
88.764650
88.780475
88.795800
88.811800
88.821775
88.840800
88.854750
88.874800
88.894875
88.912225
88.925200
88.954150
88.998675
89.055950
89.104375
89.156625
89.204300
89.268650
89.313675
89.347950
89.399925
89.456325
89.498525
89.528225
89.539625
89.555275
89.567650
89.600725
89.625750
89.664425
89.683950
89.701950
89.733150
89.744275
89.758600
89.778075
89.793600
89.817650
89.841250
89.867100
89.913900
89.995675
90.036825
90.073675
90.102175
90.139750
90.169575
90.196100
90.218875
90.235800
90.255450
90.279900
90.298375
90.325250
90.367200
90.396900
90.461425
90.509200
90.542200
90.569450
90.595775
90.635725
90.659200
90.684600
90.761750
90.810225
90.857250
90.894975
90.929000
90.960000
90.995375
91.003700
91.017050
91.029300
91.056375
91.076800
91.126075
91.154925
91.195600
91.234450
91.267600
91.326450
91.364275
91.419375
91.479900
91.528500
91.576525
91.612600
91.633175
91.650650
91.678825
91.724725
91.761450
91.780750
91.791575
91.806000
91.840200
91.849625
91.869200
91.891725
91.910325
91.919075
91.935850
91.950700
91.962900
91.996975
92.026050
92.037050
92.061575
92.113600
92.132125
92.154050
92.190300
92.212900
92.237750
92.267975
92.301100
92.332850
92.369100
92.401225
92.431875
92.469425
92.518275
92.579450
92.614125
92.631300
92.668950
92.721175
92.772450
92.826450
92.872700
92.920575
92.964600
93.005950
93.049100
93.090200
93.138175
93.170950
93.217725
93.246600
93.273850
93.288325
93.310775
93.357800
93.403725
93.429375
93.463875
93.489275
93.529000
93.571025
93.593875
93.620300
93.639575
93.671900
93.687775
93.711525
93.745350
93.775450
93.827500
93.868525
93.928350
93.978600
94.027175
94.064675
94.086350
94.115225
94.133000
94.145650
94.162975
94.202050
94.229875
94.248975
94.295425
94.322125
94.379875
94.428500
94.481625
94.566500
94.639175
94.678975
94.715875
94.748850
94.792725
94.939950
94.966175
95.008300
95.032250
95.059150
95.080700
95.098475
95.123975
95.163475
95.211650
95.255800
95.301250
95.333025
95.383275
95.418275
95.451475
95.497300
95.522375
95.558050
95.602125
95.642600
95.669300
95.765100
95.808000
95.832800
95.868550
95.896350
95.926725
95.951800
95.976375
96.032925
96.110875
96.166300
96.215975
96.271750
96.318750
96.340225
96.357625
96.374950
96.391850
96.405500
96.418475
96.455100
96.483900
96.509075
96.528150
96.550225
96.563975
96.581475
96.602850
96.622500
96.646400
96.692000
96.727525
96.783275
96.800975
96.846025
96.943475
96.989025
97.015550
97.071775
97.143200
97.179375
97.208750
97.237175
97.279925
97.410550
97.430725
97.477275
97.516725
97.543975
97.585425
97.617625
97.657100
97.713700
97.735100
97.768125
97.786825
97.815850
97.848025
97.865325
97.925075
97.945425
97.977750
98.009800
98.053475
98.080725
98.105550
98.128700
98.147975
98.166700
98.189050
98.216600
98.232825
98.252200
98.281975
98.316725
98.347525
98.359525
98.375675
98.390850
98.407500
98.436725
98.459100
98.495975
98.520875
98.572275
98.597400
98.620425
98.653125
98.664375
98.669700
98.679500
98.710650
98.736350
98.757900
98.816450
98.845875
98.944325
98.963800
98.988200
99.019000
99.082550
99.104325
99.126325
99.197475
99.219850
99.238925
99.279700
99.316750
99.353100
99.398100
99.438450
99.500425
99.523700
99.542075
99.555500
99.579475
99.592925
99.603125
99.613050
99.627450
99.636100
99.645350
99.658450
99.670050
99.717175
99.736425
99.772050
99.793700
99.802575
99.812450
99.823750
99.874225
99.901325
99.914200
99.925025
99.935575
99.947475
99.966200
100.007800
100.031250
100.056525
100.068900
100.086150
100.094575
100.108375
100.132775
100.143675
100.171725
100.231125
100.241225
100.260600
100.329750
100.344425
100.365825
100.376700
100.386325
100.399650
100.417975
100.499025
100.526475
100.569675
100.610250
100.643675
100.672175
100.738500
100.754225
100.776975
100.794450
100.819825
100.837850
100.862775
100.888125
100.903350
100.925875
100.938625
100.953550
100.972675
100.989475
101.013700
101.067250
101.084050
101.135850
101.170650
101.195800
101.216350
101.251400
101.276650
101.349725
101.382400
101.410225
101.460350
101.490375
101.521150
101.535800
101.563400
101.592250
101.610675
101.626800
101.649350
101.668175
101.711900
101.737500
101.769175
101.803675
101.828650
101.893700
101.997325
102.067500
102.121000
102.167675
102.186125
102.202375
102.214375
102.229175
102.236850
102.245250
102.253500
102.265300
102.291975
102.307800
102.324950
102.336875
102.374650
102.387650
102.405550
102.423275
102.436300
102.438625
102.458875
102.508925
102.538025
102.553525
102.593075
102.616750
102.665950
102.726725
102.764150
102.793400
102.822850
102.843825
102.906800
102.925075
102.930325
102.946100
102.957750
102.996000
103.043250
103.086450
103.132425
103.159375
103.186525
103.254300
103.271725
103.353550
103.416250
103.465250
103.497450
103.521700
103.542925
103.569050
103.596425
103.626175
103.667850
103.731700
103.763650
103.814125
103.863125
103.906075
103.948400
103.983550
104.081425
104.131400
104.163425
104.177475
104.194500
104.233275
104.246550
104.279375
104.334350
104.353100
104.409125
104.428875
104.455325
104.525275
104.548950
104.581125
104.619325
104.654450
104.707900
104.786800
104.819850
104.864775
104.892900
104.911525
104.951225
104.973550
104.996100
105.018525
105.045825
105.073275
105.090975
105.110600
105.135550
105.176125
105.238700
105.287475
105.404225
105.448475
105.483375
105.525275
105.541450
105.575300
105.617725
105.659075
105.699400
105.748750
105.783075
105.822625
105.836550
105.854425
105.892575
105.901425
105.916150
105.929950
105.943225
105.981050
105.996925
106.026075
106.065250
106.102550
106.137600
106.181125
106.242375
106.310750
106.341850
106.399150
106.435050
106.481975
106.517225
106.551700
106.599275
106.621925
106.651150
106.661950
106.674800
106.692975
106.705050
106.718575
106.766200
106.785125
106.829000
106.862550
106.910650
106.971000
107.031825
107.065350
107.126375
107.236800
107.269800
107.339675
107.392975
107.431250
107.483900
107.511625
107.565850
107.591325
107.614900
107.713150
107.777725
107.820800
107.855775
107.882525
107.901150
107.914800
107.930150
107.941325
107.952650
107.970025
107.992625
108.002500
108.013550
108.028900
108.036725
108.049250
108.059650
108.074875
108.084175
108.106050
108.122600
108.130075
108.149650
108.161650
108.186200
108.201475
108.240625
108.251525
108.296775
108.318200
108.329825
108.345550
108.369100
108.385425
108.418100
108.443625
108.458475
108.476925
108.492975
108.511300
108.528975
108.543475
108.565250
108.586500
108.624225
108.666325
108.699650
108.740825
108.803600
108.829975
108.890700
108.929150
108.955700
109.005800
109.102225
109.169750
109.227250
109.297725
109.318050
109.331150
109.349600
109.358800
109.375875
109.414150
109.438175
109.450950
109.474950
109.491000
109.505375
109.529625
109.548350
109.597825
109.634250
109.671600
109.729750
109.770800
109.824500
109.864125
109.898925
109.926425
109.965050
109.981950
110.007225
110.047250
110.078400
110.125425
110.167175
110.215475
110.272450
110.302325
110.352000
110.379525
110.434825
110.484975
110.598425
110.629125
110.661900
110.734850
110.776425
110.815075
110.866900
110.903850
110.957375
111.013750
111.053325
111.111525
111.172000
111.218575
111.250825
111.281675
111.326900
111.361625
111.407925
111.420500
111.439425
111.450200
111.464850
111.497000
111.506375
111.520175
111.533700
111.547900
111.559950
111.575150
111.603550
111.621200
111.653500
111.750700
111.827600
111.880700
111.944075
112.014525
112.058975
112.088300
112.100900
112.107300
112.154500
112.197800
112.225650
112.242650
112.285925
112.304725
112.328675
112.344500
112.355900
112.364350
112.423325
112.464575
112.482775
112.499600
112.516850
112.530925
112.541575
112.563075
112.605350
112.647650
112.689375
112.742500
112.773550
112.800275
112.816875
112.836925
112.871825
112.899050
112.924450
112.945625
112.986500
113.025475
113.075850
113.112975
113.161200
113.191450
113.230525
113.251500
113.277275
113.334200
113.390875
113.448300
113.528425
113.564400
113.591825
113.622550
113.681100
113.734150
113.830175
113.844450
113.878300
113.892775
113.926900
113.943375
113.967575
114.007425
114.026550
114.110875
114.143775
114.222300
114.265225
114.294200
114.318700
114.342775
114.384750
114.396775
114.409000
114.455125
114.496550
114.513325
114.534425
114.551550
114.575100
114.594575
114.610825
114.629400
114.675650
114.702700
114.724425
114.807650
114.873325
114.905125
114.927150
114.953250
114.978250
115.017575
115.041475
115.064975
115.090050
115.110050
115.158325
115.179900
115.200825
115.248125
115.319075
115.344600
115.391950
115.439300
115.489200
115.544625
115.595875
115.638300
115.664050
115.675025
115.691625
115.707475
115.719700
115.728800
115.764850
115.824950
115.841750
115.884450
115.900825
115.919000
115.967650
116.040725
116.140975
116.174050
116.189875
116.209075
116.241625
116.261575
116.293750
116.320725
116.337925
116.361175
116.377300
116.398500
116.411350
116.457825
116.506525
116.544875
116.585275
116.631175
116.688000
116.740775
116.803475
116.820600
116.839700
116.856650
116.874525
116.906400
116.931975
116.956550
116.970325
116.988625
117.007825
117.029200
117.042425
117.083675
117.121025
117.204775
117.259350
117.343825
117.388125
117.476725
117.528600
117.585225
117.634675
117.655625
117.675425
117.691400
117.704325
117.718850
117.736225
117.748925
117.763250
117.819975
117.836500
117.865600
117.934050
117.968800
117.994800
118.021375
118.041000
118.070100
118.092275
118.128550
118.152000
118.207350
118.246300
118.303175
118.406050
118.445450
118.463525
118.487725
118.497275
118.510650
118.525525
118.543500
118.564950
118.585800
118.600550
118.613875
118.633475
118.653150
118.674325
118.691350
118.710500
118.724350
118.740275
118.761100
118.775150
118.796775
118.819150
118.856050
118.874650
118.891075
118.922500
118.932175
118.958275
118.974525
119.007775
119.021875
119.033800
119.065900
119.077875
119.093650
119.111175
119.144650
119.180775
119.201325
119.217400
119.228150
119.238350
119.254650
119.319775
119.365325
119.411400
119.427350
119.440125
119.460250
119.481175
119.501650
119.540825
119.560625
119.598650
119.615075
119.637425
119.673925
119.728475
119.836500
119.856475
119.881350
119.903775
119.945875
119.972150
119.998600
120.034600
120.058150
120.089300
120.123550
120.149425
120.201900
120.232425
120.267150
120.286650
120.307000
120.323975
120.373300
120.403500
120.432025
120.457500
120.493575
120.594150
120.675075
120.719750
120.766625
120.805250
120.877950
120.937775
120.981700
121.023325
121.058675
121.078750
121.093775
121.120450
121.126100
121.135300
121.147375
121.183475
121.229500
121.236600
121.256875
121.324600
121.339800
121.348975
121.380300
121.403000
121.418200
121.436200
121.450175
121.472650
121.490200
121.526325
121.544150
121.562925
121.576575
121.596775
121.609875
121.647450
121.720200
121.752575
121.774900
121.873325
121.933600
121.984325
122.045675
122.081875
122.107875
122.142700
122.183575
122.218875
122.259075
122.294425
122.321625
122.340975
122.374200
122.397950
122.415450
122.430125
122.463150
122.479725
122.505150
122.520300
122.557975
122.587650
122.617475
122.632075
122.653450
122.673550
122.684600
122.716675
122.735125
122.797050
122.821425
122.869525
122.888425
122.920000
122.930075
122.947775
122.963125
122.994625
123.014625
123.016100
123.032975
123.049050
123.070225
123.108675
123.126050
123.189925
123.210400
123.226025
123.264475
123.319800
123.335000
123.391400
123.408975
123.469475
123.542075
123.557975
123.579450
123.606425
123.625800
123.641700
123.668125
123.727875
123.751775
123.771200
123.788150
123.808625
123.852225
123.884675
123.912575
123.944725
123.969600
123.985850
124.016500
124.047075
124.069125
124.124350
124.187875
124.236850
124.270850
124.307150
124.350650
124.376925
124.437350
124.469350
124.502800
124.570400
124.620700
124.662100
124.730975
124.760900
124.781875
124.827600
124.861675
124.883550
124.909575
124.934975
124.968375
125.062525
125.110050
125.145950
125.238675
125.263300
125.302050
125.311800
125.321900
125.345125
125.355100
125.387425
125.405875
125.420900
125.451525
125.466350
125.478400
125.493150
125.523825
125.565175
125.613350
125.667225
125.716475
125.774275
125.814075
125.851750
125.893350
125.933000
125.951525
125.971450
125.994400
126.014250
126.046125
126.069525
126.090350
126.103275
126.127300
126.143275
126.155675
126.174775
126.210300
126.238275
126.265900
126.303100
126.345525
126.395225
126.417175
126.456475
126.536425
126.566725
126.603700
126.617925
126.632175
126.654450
126.670350
126.686250
126.700000
126.752650
126.770350
126.791600
126.811050
126.830375
126.844600
126.863750
126.879975
126.902150
126.932400
127.015325
127.052325
127.093700
127.126275
127.159350
127.176475
127.197425
127.261000
127.270850
127.289675
127.308600
127.322450
127.336100
127.345625
127.395050
127.404575
127.423050
127.478575
127.502600
127.529625
127.541125
127.552750
127.582500
127.604125
127.616825
127.659525
127.688650
127.709375
127.720425
127.729375
127.751100
127.761200
127.780925
127.808050
127.817500
127.872425
127.884050
127.893650
127.904300
127.931175
127.943225
127.956150
128.006550
128.049875
128.064675
128.084750
128.099975
128.114850
128.122950
128.133425
128.183675
128.202175
128.217050
128.257900
128.278925
128.297175
128.325375
128.380100
128.428475
128.458700
128.487125
128.517950
128.547175
128.584725
128.603675
128.635100
128.661325
128.686125
128.709475
128.730775
128.745550
128.773425
128.800625
128.914475
128.961500
129.002475
129.063400
129.101675
129.161125
129.238900
129.303075
129.313975
129.330425
129.344175
129.357600
129.375650
129.393150
129.411900
129.475575
129.524275
129.585275
129.658675
129.711975
129.744525
129.770400
129.791900
129.813375
129.843600
129.871025
129.921825
129.996950
130.013125
130.023300
130.033275
130.042375
130.049900
130.059525
130.071250
130.099025
130.126300
130.150000
130.163050
130.179975
130.204725
130.222375
130.239050
130.262100
130.307475
130.367425
130.408300
130.458525
130.504425
130.582125
130.609325
130.661725
130.704175
130.735750
130.788300
130.813450
130.835000
130.849575
130.870200
130.916225
130.940250
131.041875
131.138775
131.181300
131.225600
131.273700
131.298800
131.334700
131.381375
131.405775
131.437775
131.455675
131.473075
131.486875
131.506700
131.527150
131.579650
131.713175
131.742475
131.813350
131.880875
131.937925
131.999900
132.029025
132.044550
132.063150
132.116100
132.168000
132.191375
132.209000
132.225875
132.250625
132.276700
132.335375
132.417375
132.502625
132.584950
132.632000
132.681275
132.735225
132.783350
132.822975
132.855775
132.882925
132.910250
132.946125
133.007050
133.087275
133.144900
133.270100
133.309325
133.358250
133.402200
133.447900
133.482300
133.543925
133.576950
133.618750
133.719025
133.762050
133.846025
133.887050
133.929750
133.961775
133.978800
134.003875
134.034875
134.048275
134.066375
134.082200
134.101850
134.117725
134.136750
134.150125
134.175925
134.201125
134.233350
134.255125
134.274225
134.293325
134.334000
134.354600
134.378350
134.405475
134.423950
134.451375
134.474375
134.504925
134.551775
134.581600
134.618350
134.657900
134.725550
134.760500
134.802950
134.823775
134.874950
134.904575
134.981600
135.008575
135.037750
135.063950
135.107025
135.201450
135.230200
135.263100
135.299500
135.360250
135.419475
135.479250
135.515500
135.543075
135.580425
135.596225
135.616325
135.632250
135.647300
135.668975
135.704025
135.733700
135.751725
135.764425
135.779425
135.868850
135.907200
135.936175
136.004875
136.084200
136.126475
136.163700
136.200000
136.234350
136.275425
136.305150
136.412725
136.480400
136.525925
136.577275
136.609025
136.662175
136.750475
136.812050
136.836025
136.866525
136.907650
136.957900
136.987325
137.017475
137.043125
137.075200
137.092350
137.112625
137.127975
137.167425
137.191575
137.211500
137.258050
137.280675
137.302750
137.378750
137.427800
137.502650
137.561300
137.585650
137.599625
137.608825
137.632025
137.643675
137.659425
137.667125
137.690825
137.708275
137.735050
137.748350
137.766025
137.779025
137.799925
137.813625
137.828925
137.856950
137.874550
137.892100
137.913075
137.932075
137.957800
138.025875
138.079500
138.106650
138.140200
138.196925
138.236750
138.272275
138.297450
138.321125
138.367400
138.398675
138.449675
138.540100
138.569000
138.612325
138.631000
138.645925
138.659575
138.669050
138.684800
138.707675
138.738000
138.754850
138.772625
138.787875
138.802500
138.820250
138.884375
138.901675
138.913950
138.942075
138.956600
138.991425
139.018325
139.031925
139.054300
139.091500
139.118575
139.183425
139.269350
139.326675
139.356350
139.388850
139.408625
139.439300
139.450575
139.461375
139.484125
139.514525
139.530125
139.546225
139.575275
139.602325
139.663325
139.684150
139.702875
139.782625
139.817925
139.856975
139.909300
139.997900
140.031875
140.063125
140.105950
140.143125
140.158550
140.205925
140.218875
140.227575
140.237525
140.242175
140.253650
140.271625
140.286475
140.301800
140.329425
140.345425
140.365600
140.381825
140.404525
140.414000
140.429050
140.456625
140.479225
140.503875
140.525775
140.561375
140.594150
140.637050
140.670950
140.726175
140.775875
140.808475
140.857875
140.886825
140.906250
140.924725
140.945925
140.989150
141.000825
141.021000
141.037550
141.048100
141.076875
141.091425
141.127650
141.144900
141.163800
141.183500
141.213325
141.233850
141.255325
141.282700
141.315025
141.451800
141.492450
141.516500
141.533525
141.556750
141.586725
141.620125
141.646425
141.700800
141.718000
141.741925
141.781425
141.799450
141.826375
141.895100
141.924450
141.972525
142.068450
142.096775
142.137475
142.156650
142.168950
142.183000
142.194900
142.205625
142.215525
142.226275
142.270175
142.299675
142.339725
142.365150
142.391725
142.423900
142.508875
142.554600
142.610450
142.651375
142.694575
142.712225
142.757200
142.807525
142.836125
142.860750
142.902375
142.926100
142.959925
142.978000
143.015175
143.046325
143.081575
143.114825
143.155175
143.211150
143.274050
143.288300
143.304075
143.323575
143.336625
143.355275
143.369925
143.385075
143.413875
143.459700
143.498325
143.545750
143.587925
143.629425
143.664500
143.717325
143.757825
143.847375
143.882850
143.916825
143.949575
143.993850
144.031225
144.062600
144.104700
144.134700
144.176325
144.215050
144.249675
144.280650
144.305400
144.338800
144.374000
144.398175
144.426550
144.462825
144.498900
144.523900
144.561300
144.595900
144.627975
144.643325
144.680850
144.715150
144.726400
144.727450
144.746650
144.763875
144.784850
144.795850
144.809275
144.829725
144.846650
144.922825
144.965875
145.008875
145.038725
145.062100
145.078250
145.108825
145.127175
145.148325
145.182525
145.215400
145.258475
145.294400
145.329125
145.371400
145.429325
145.472750
145.502050
145.530025
145.579350
145.581675
145.605950
145.649675
145.698550
145.721800
145.756925
145.804125
145.830875
145.852225
145.871325
145.895100
145.940300
145.964700
146.006300
146.033100
146.060250
146.075225
146.099400
146.122425
146.141125
146.168125
146.186125
146.227675
146.284575
146.357725
146.389275
146.435575
146.465600
146.483825
146.511225
146.525900
146.542175
146.552950
146.566300
146.586225
146.609850
146.625250
146.641475
146.675475
146.689525
146.758600
146.773125
146.788050
146.809600
146.919175
146.953475
147.006050
147.034925
147.088975
147.122200
147.170650
147.207925
147.255900
147.308675
147.370925
147.394900
147.453475
147.498300
147.513575
147.533825
147.545400
147.561825
147.579800
147.597975
147.626050
147.645925
147.676375
147.729150
147.760025
147.788925
147.821975
147.867775
147.889150
147.916575
147.951175
147.979700
148.000750
148.023125
148.076775
148.088700
148.101475
148.116825
148.134300
148.144200
148.157825
148.169050
148.188800
148.202100
148.216125
148.282025
148.332925
148.361175
148.394725
148.458575
148.493800
148.521850
148.550150
148.587675
148.607875
148.635025
148.654475
148.683975
148.733150
148.754250
148.766475
148.779775
148.797825
148.815950
148.833350
148.872975
148.890725
148.939475
148.958700
148.978125
148.996950
149.018875
149.039475
149.102725
149.145600
149.250600
149.307350
149.341550
149.380250
149.404300
149.501100
149.549250
149.581500
149.613800
149.635700
149.675975
149.703300
149.740050
149.768050
149.803425
149.840150
149.895700
149.938625
150.002650
150.037825
150.070775
150.094300
150.111075
150.137800
150.157875
150.168250
150.194525
150.207925
150.227250
150.244825
150.258800
150.280275
150.343350
150.378300
150.403000
150.424550
150.472275
150.495275
150.532875
150.579675
150.621775
150.690950
150.759200
150.796000
150.831925
150.867325
150.907775
150.934925
150.978175
151.022900
151.064800
151.120950
151.190125
151.270175
151.292575
151.309075
151.324325
151.353850
151.369350
151.385875
151.404950
151.420600
151.446050
151.461125
151.476650
151.494825
151.524600
151.558475
151.581500
151.601725
151.628475
151.661250
151.762150
151.815525
151.853475
151.931200
151.944150
151.957275
151.990925
152.013950
152.024675
152.040475
152.056625
152.111800
152.138700
152.171225
152.210250
152.239625
152.269800
152.323650
152.362800
152.421875
152.469375
152.504700
152.527575
152.541475
152.553850
152.587650
152.605675
152.621550
152.636025
152.652375
152.673000
152.691950
152.716100
152.742625
152.770250
152.800675
152.836700
152.857575
152.921975
152.983725
153.025450
153.074250
153.086550
153.105750
153.116025
153.129450
153.146750
153.162425
153.176850
153.198350
153.208150
153.219225
153.232150
153.283050
153.308625
153.319125
153.349675
153.369350
153.387600
153.407050
153.432025
153.466050
153.481350
153.519775
153.533725
153.580800
153.601550
153.619375
153.663575
153.682150
153.714375
153.734975
153.762675
153.785875
153.825200
153.845650
153.903175
153.924750
153.950350
153.972700
154.000375
154.014150
154.027650
154.043900
154.050525
154.063550
154.080250
154.094600
154.110675
154.131650
154.147650
154.164475
154.177175
154.280800
154.306750
154.338725
154.354725
154.367750
154.380350
154.397550
154.411025
154.427100
154.461200
154.473900
154.494900
154.506275
154.524300
154.544950
154.576625
154.608375
154.634975
154.676450
154.694625
154.712025
154.738050
154.757850
154.804150
154.866950
154.912050
155.001900
155.063950
155.080750
155.104475
155.117775
155.133275
155.144050
155.156300
155.171150
155.185400
155.207550
155.220950
155.230800
155.247125
155.269200
155.284550
155.300300
155.322700
155.352900
155.368725
155.386350
155.397650
155.410000
155.427400
155.441700
155.459000
155.477550
155.498875
155.531525
155.546850
155.557375
155.570550
155.595975
155.610325
155.640200
155.663775
155.689200
155.742775
155.773575
155.802700
155.869475
155.913325
155.972925
156.033875
156.070775
156.101475
156.118600
156.132900
156.151325
156.162675
156.184150
156.198925
156.211725
156.224125
156.248725
156.260850
156.280025
156.316675
156.346025
156.367225
156.382400
156.398125
156.415875
156.438950
156.460950
156.481275
156.501450
156.554725
156.625000
156.685300
156.719775
156.763800
156.810050
156.832300
156.840675
156.852975
156.854100
156.873900
156.885100
156.897650
156.905650
156.916875
156.929500
156.943475
156.960475
156.972550
156.987350
157.025150
157.046000
157.080200
157.102675
157.136350
157.184375
157.221425
157.247200
157.266950
157.282275
157.318525
157.328500
157.390975
157.402400
157.467025
157.517325
157.550675
157.595125
157.636075
157.695700
157.730100
157.763675
157.811350
157.829250
157.849525
157.863875
157.877275
157.896150
157.917475
157.931425
157.963950
157.975875
158.001050
158.044375
158.058325
158.076575
158.088150
158.098850
158.116600
158.128925
158.173100
158.213400
158.258225
158.288925
158.330850
158.376750
158.422700
158.462625
158.496600
158.514425
158.537375
158.581425
158.597100
158.613125
158.630175
158.654600
158.678775
158.708075
158.735225
158.790250
158.918350
158.961450
159.023175
159.077475
159.112775
159.137325
159.164700
159.186850
159.198450
159.205275
159.217175
159.273200
159.284325
159.297050
159.317550
159.350100
159.373900
159.394600
159.408725
159.421500
159.433475
159.455000
159.461300
159.492325
159.503425
159.516125
159.554050
159.570650
159.608425
159.626525
159.644950
159.664475
159.731525
159.774225
159.839675
159.875325
159.900975
159.935525
159.976600
160.016775
160.047075
160.103825
160.130075
160.208050
160.251800
160.272650
160.299550
160.316550
160.331350
160.340075
160.349625
160.359925
160.382875
160.391325
160.415325
160.447950
160.473925
160.524900
160.538475
160.549125
160.565075
160.590275
160.602675
160.615625
160.661175
160.672100
160.689825
160.700550
160.728025
160.764925
160.797075
160.809725
160.839725
160.886125
160.905350
160.935275
160.963925
161.004325
161.035725
161.065125
161.089300
161.106975
161.129900
161.145300
161.192575
161.215775
161.242225
161.297575
161.354975
161.396125
161.458550
161.491200
161.528875
161.558800
161.608325
161.644600
161.698750
161.754700
161.770425
161.778925
161.790825
161.806125
161.825250
161.843075
161.857950
161.893050
161.909225
161.923200
161.944300
161.972950
161.996750
162.033125
162.075225
162.104625
162.159275
162.212375
162.243400
162.289375
162.307650
162.321275
162.353225
162.400075
162.425400
162.443650
162.470200
162.487850
162.502875
162.549000
162.613275
162.665550
162.699050
162.735750
162.772075
162.801450
162.873450
162.915900
162.971275
162.998675
163.032175
163.071875
163.112950
163.139050
163.152225
163.165850
163.175650
163.190525
163.214650
163.234100
163.268625
163.308400
163.328750
163.343050
163.354800
163.369300
163.437150
163.451250
163.469475
163.486575
163.502725
163.519125
163.596700
163.638550
163.669500
163.690800
163.716800
163.758600
163.773500
163.828175
163.852875
163.879500
163.907975
163.946450
163.975225
164.015750
164.035825
164.052325
164.107925
164.134875
164.145325
164.191300
164.213600
164.228400
164.244725
164.258750
164.266025
164.279100
164.325475
164.339900
164.354625
164.367600
164.408850
164.436625
164.453925
164.489150
164.524425
164.532275
164.549075
164.560150
164.592650
164.606475
164.628725
164.640000
164.670425
164.681300
164.687825
164.697375
164.710225
164.749800
164.760025
164.786050
164.797650
164.808075
164.834125
164.844475
164.855700
164.874200
164.896475
164.907550
164.925525
164.938150
165.004200
165.020025
165.048300
165.063350
165.069800
165.086150
165.110150
165.124975
165.170725
165.177650
165.190550
165.217350
165.231275
165.244475
165.256925
165.283100
165.329875
165.337450
165.411125
165.427925
165.445925
165.465975
165.485000
165.500525
165.517275
165.542575
165.563825
165.580825
165.601175
165.619200
165.637825
165.653850
165.667875
165.682150
165.697050
165.722250
165.753025
165.772800
165.788575
165.838125
165.864650
165.898350
165.947175
166.005575
166.061150
166.081550
166.098925
166.110250
166.122600
166.133025
166.145325
166.167225
166.179400
166.194275
166.209850
166.234700
166.276075
166.289475
166.309525
166.358200
166.388750
166.413975
166.455575
166.476575
166.497675
166.518125
166.566825
166.589475
166.644225
166.670700
166.686775
166.692925
166.783325
166.837150
166.892900
166.902525
166.916950
166.958775
166.972750
166.992250
167.010575
167.035275
167.081850
167.270250
167.304125
167.360250
167.400950
167.459575
167.480575
167.490550
167.498225
167.514625
167.544050
167.581725
167.598625
167.619000
167.636075
167.653700
167.668325
167.684075
167.710275
167.723475
167.739375
167.756700
167.786675
167.818850
167.836950
167.850275
167.882100
167.907525
167.934625
168.032250
168.080625
168.109950
168.144900
168.162875
168.236275
168.260075
168.283575
168.299400
168.328825
168.366200
168.387725
168.410450
168.440100
168.506725
168.628075
168.655775
168.683300
168.720475
168.773800
168.800125
168.820225
168.840000
168.852950
168.870150
168.879775
168.889100
168.902900
168.918450
168.936625
168.977500
169.000675
169.051325
169.081425
169.132025
169.199075
169.247750
169.302200
169.354325
169.391750
169.434750
169.457100
169.483950
169.511550
169.539200
169.586375
169.631400
169.736675
169.781025
169.856775
169.893225
169.910550
169.928700
169.941475
169.954775
170.000525
170.023225
170.041450
170.061450
170.102150
170.125425
170.173175
170.217675
170.278925
170.322025
170.358525
170.399225
170.421400
170.463375
170.496425
170.540250
170.579350
170.617750
170.645850
170.690625
170.734725
170.781925
170.803100
170.825875
170.869150
170.904575
170.939350
170.982825
171.088175
171.173925
171.242775
171.298875
171.324175
171.344275
171.359400
171.377350
171.403325
171.418225
171.433200
171.451925
171.482300
171.507175
171.532925
171.580000
171.604900
171.645500
171.700775
171.743675
171.913900
171.958275
171.988450
172.024350
172.082825
172.120375
172.153675
172.171050
172.186000
172.253025
172.296800
172.343000
172.389800
172.445900
172.515525
172.615900
172.676850
172.721375
172.765700
172.826625
172.899600
172.975050
173.001325
173.043525
173.106025
173.157900
173.217625
173.247200
173.292250
173.322250
173.344150
173.369900
173.415675
173.438150
173.466550
173.505100
173.530675
173.550300
173.648475
173.691925
173.726675
173.766625
173.836375
173.884475
173.921475
173.970400
174.004350
174.026200
174.059625
174.093425
174.125025
174.147350
174.177275
174.207900
174.230525
174.255800
174.350200
174.388900
174.426150
174.494675
174.520150
174.558275
174.622875
174.681100
174.742575
174.819825
174.915900
174.957075
175.004725
175.043100
175.087425
175.163800
175.232300
175.291450
175.357625
175.491700
175.530925
175.554775
175.605850
175.620450
175.714950
175.737300
175.756725
175.786575
175.811850
175.841725
175.863300
175.890200
175.921825
175.939125
175.979900
175.986775
176.006975
176.037500
176.066975
176.142175
176.200450
176.253625
176.290075
176.307300
176.327600
176.338875
176.359050
176.373975
176.416100
176.480925
176.510600
176.532650
176.582475
176.643050
176.706750
176.737025
176.775000
176.806100
176.833600
176.875000
176.916050
176.942100
177.012475
177.076300
177.100500
177.130075
177.165150
177.206950
177.231425
177.266825
177.312650
177.364875
177.402450
177.436025
177.511650
177.551400
177.601525
177.647425
177.684150
177.718375
177.748625
177.775125
177.828000
177.898925
177.932375
177.961900
177.991725
178.018675
178.040675
178.069850
178.086900
178.109575
178.128650
178.145000
178.161425
178.178725
178.196675
178.242500
178.262875
178.285800
178.353700
178.381725
178.407100
178.456600
178.505275
178.584725
178.653400
178.685000
178.719175
178.748225
178.769825
178.785900
178.814600
178.840550
178.855075
178.879175
178.923625
178.958025
178.982375
178.999825
179.012550
179.021125
179.045900
179.064875
179.093900
179.110750
179.126975
179.140250
179.163900
179.205725
179.219675
179.234525
179.245925
179.277275
179.296775
179.316675
179.360600
179.392100
179.443250
179.487825
179.516350
179.572300
179.628150
179.682450
179.716650
179.754425
179.817325
179.843550
179.868425
179.890550
179.919850
179.948000
179.976600
179.997550
180.022850
180.037150
180.062800
180.102875
180.135375
180.183825
180.213025
180.249000
180.288875
180.325400
180.356975
180.393350
180.437425
180.481350
180.514975
180.553375
180.579100
180.635250
180.656950
180.672075
180.687150
180.700200
180.713725
180.727800
180.744100
180.761975
180.784850
180.817075
180.881725
180.950850
180.983450
181.083300
181.131500
181.185575
181.230725
181.262400
181.351400
181.388675
181.408025
181.424500
181.446875
181.469450
181.486850
181.526275
181.548950
181.579675
181.633325
181.654650
181.696075
181.783925
181.857275
181.924825
181.989525
182.036400
182.098350
182.147375
182.174775
182.190450
182.205325
182.222100
182.235300
182.267450
182.292600
182.324300
182.357850
182.399600
182.452025
182.490450
182.511000
182.543325
182.604775
182.650075
182.705850
182.752325
182.785500
182.801425
182.820750
182.837850
182.856525
182.939875
182.969900
183.010825
183.035650
183.055675
183.073800
183.095525
183.164750
183.184400
183.204925
183.225325
183.282625
183.321675
183.364525
183.401300
183.461850
183.487850
183.541100
183.572775
183.633200
183.665750
183.713375
183.744650
183.794475
183.852275
183.886350
183.911100
183.935975
184.005700
184.031600
184.096025
184.140850
184.257100
184.298675
184.352025
184.389475
184.476775
184.510975
184.548175
184.568325
184.585550
184.599300
184.624875
184.662025
184.684425
184.707900
184.777825
184.792275
184.835775
184.945525
184.981200
185.024800
185.041600
185.071350
185.110875
185.133000
185.175050
185.193150
185.214050
185.231450
185.247175
185.268475
185.286375
185.317625
185.339900
185.366800
185.438075
185.498450
185.539450
185.565650
185.619750
185.673325
185.736750
185.782100
185.819050
185.846650
185.866150
185.888125
185.914350
185.948250
185.982400
186.021025
186.058150
186.080150
186.127250
186.146200
186.175225
186.205475
186.248700
186.274000
186.294675
186.335775
186.372725
186.425400
186.464125
186.486150
186.497125
186.510700
186.523575
186.539425
186.617000
186.643325
186.678425
186.728200
186.775200
186.806700
186.867075
186.928175
186.967250
187.001500
187.078725
187.091350
187.101400
187.129275
187.140050
187.167750
187.188275
187.243475
187.263525
187.285125
187.313675
187.328800
187.361800
187.395900
187.416425
187.439000
187.490150
187.534100
187.588425
187.623000
187.655625
187.689175
187.746125
187.774100
187.820825
187.847825
187.863400
187.879525
187.950400
187.968450
187.987700
188.022350
188.046875
188.071025
188.096675
188.121850
188.155075
188.207550
188.268900
188.308425
188.349275
188.377350
188.399950
188.438150
188.482275
188.522700
188.577675
188.616025
188.646400
188.666150
188.698100
188.735425
188.779875
188.822650
188.860575
188.910275
189.001975
189.040375
189.125600
189.144875
189.163675
189.193775
189.223200
189.237700
189.255900
189.275675
189.304825
189.329375
189.350100
189.372725
189.416925
189.464650
189.508600
189.557375
189.617875
189.661475
189.709650
189.760425
189.777300
189.794600
189.820475
189.854200
189.885125
189.912875
190.007875
190.054250
190.065325
190.078000
190.122575
190.155800
190.229775
190.289400
190.304900
190.322575
190.346675
190.360850
190.396775
190.430875
190.483300
190.523125
190.558075
190.585900
190.612200
190.650025
190.664350
190.680375
190.692575
190.727575
190.744175
190.777975
190.801825
190.826350
190.847725
190.872425
190.897100
190.950725
191.012675
191.052250
191.088600
191.141875
191.182725
191.224900
191.259475
191.306850
191.330125
191.374025
191.419825
191.451850
191.470400
191.490325
191.515150
191.529800
191.560825
191.599375
191.643725
191.679825
191.688625
191.703875
191.740650
191.783075
191.831100
191.842450
191.866550
191.935425
191.980900
192.081600
192.107000
192.162700
192.194450
192.229675
192.264100
192.291975
192.315075
192.341025
192.368125
192.396175
192.422225
192.449750
192.482950
192.518025
192.553625
192.636325
192.695850
192.741175
192.771775
192.883150
192.921125
192.949800
192.968450
192.991650
193.051950
193.078200
193.124925
193.164975
193.194925
193.275025
193.304450
193.332075
193.352900
193.368800
193.377925
193.384925
193.399625
193.414350
193.447475
193.483400
193.543175
193.569925
193.599550
193.631575
193.663600
193.718025
193.782575
193.800025
193.821050
193.849575
193.917700
193.978425
194.021375
194.045725
194.080825
194.126225
194.166775
194.200025
194.221500
194.271025
194.316300
194.336000
194.367800
194.402525
194.442325
194.460475
194.498175
194.517575
194.536925
194.570700
194.595950
194.626475
194.654850
194.694175
194.731275
194.764800
194.787950
194.825850
194.882375
194.942325
194.975750
195.031475
195.067025
195.093700
195.122700
195.145800
195.164675
195.189950
195.204300
195.225775
195.239050
195.255525
195.293900
195.341800
195.357175
195.396650
195.410500
195.424325
195.463300
195.479525
195.520150
195.553925
195.584900
195.661150
195.707275
195.732200
195.765125
195.776575
195.781600
195.796875
195.820150
195.841800
195.852275
195.865600
195.903400
195.952250
195.971225
196.009000
196.095925
196.151825
196.213300
196.258175
196.302125
196.345600
196.406975
196.471575
196.516850
196.546400
196.565800
196.601450
196.628575
196.666600
196.694150
196.737725
196.792300
196.822750
196.870725
196.911650
196.949250
197.002975
197.075575
197.123875
197.186100
197.278400
197.316300
197.332125
197.359825
197.396150
197.438100
197.446025
197.466825
197.493350
197.508225
197.530700
197.551050
197.563350
197.593350
197.620075
197.663975
197.690300
197.705175
197.731025
197.758400
197.769150
197.846700
197.859025
197.893000
197.905525
197.916625
197.945550
197.956775
197.972800
197.987325
198.015325
198.027175
198.080025
198.099050
198.119625
198.163600
198.175700
198.264550
198.332825
198.353100
198.363800
198.378225
198.387425
198.393650
198.418750
198.431675
198.443925
198.494225
198.521875
198.530575
198.553850
198.591450
198.606525
198.634550
198.650450
198.690075
198.715425
198.748775
198.777200
198.801500
198.826750
198.847500
198.889650
198.907700
198.933425
198.961125
198.980575
199.004025
199.023300
199.052325
199.085325
199.107250
199.123850
199.148625
199.212350
199.292225
199.348950
199.383500
199.399475
199.421475
199.447175
199.478125
199.533225
199.570750
199.641925
199.681250
199.705600
199.732300
199.778550
199.813925
199.848525
199.897125
199.930225
199.951400
199.967750
199.983775
