0.254900
0.267050
0.669250
0.789800
1.025000
1.952075
2.431625
2.708375
3.449825
3.578775
3.949200
4.382225
4.407250
4.545450
4.592800
4.689800
4.702950
4.752475
5.120325
5.367950
5.421900
5.547675
5.744875
5.768275
5.784800
5.896950
5.934025
7.122800
7.289350
7.951525
8.366775
8.402675
8.455700
8.730075
9.746725
10.173750
10.462675
10.647300
10.682575
11.033125
11.582900
11.596750
11.875300
12.539150
12.583300
12.737700
13.455200
13.813825
14.292300
14.815175
15.091475
15.223200
15.994475
16.009375
16.499800
16.640975
16.728925
17.046025
17.072650
17.148300
17.266425
17.417075
17.682500
18.149525
18.587725
18.666450
19.495075
19.846150
19.881650
20.068575
20.517200
21.172650
21.190975
21.572150
21.634025
21.663500
21.829900
22.905875
23.331800
23.580450
23.731625
23.792075
24.125775
24.202500
24.325250
24.544400
24.619900
24.861200
25.314400
25.508175
25.633625
25.703375
25.875275
25.947350
26.417825
27.208300
27.222850
27.882700
28.403425
28.506900
28.627100
29.090600
29.126875
29.160275
29.242800
29.295075
29.660250
29.848175
29.988750
30.368325
30.549150
30.709350
30.778675
30.929875
31.226700
31.489725
31.544575
31.566700
31.690175
31.927525
32.357650
32.434675
32.878625
33.275275
33.340550
33.840300
33.953625
34.024975
34.083750
34.146000
34.247900
34.280425
34.568125
35.071250
35.185625
35.315375
35.346175
35.928800
36.081850
36.161350
36.579525
36.701200
36.762975
37.574050
38.008850
38.225200
38.260500
38.354575
38.534450
38.726725
38.844125
38.926550
39.478775
39.788650
39.866775
40.106025
40.435750
40.648050
40.768925
41.002100
41.052875
41.179075
41.573150
41.792750
41.838475
42.058275
42.199825
42.363325
42.670400
42.782975
42.812300
43.414425
43.577950
43.654600
43.917600
44.381950
44.499875
44.558950
45.028175
45.386725
45.838525
46.097700
46.449250
46.762375
47.224050
47.319550
47.747600
47.888225
48.057750
48.171600
48.736500
48.784850
48.974925
49.235800
49.256000
49.569500
49.709925
49.752800
49.870175
50.119325
50.829900
51.104450
51.135525
51.280125
51.309700
51.576950
51.608050
52.138550
52.517650
52.539400
53.055150
53.275650
53.289475
53.302175
53.309475
53.438175
53.623525
54.005525
54.028775
54.618850
54.894525
55.676600
55.815775
55.853500
55.876875
56.024300
56.202050
56.403200
57.094825
57.197125
57.486975
58.560050
59.114900
59.836800
59.883575
60.041150
60.157475
60.403750
60.866475
61.017525
61.084700
61.179125
61.189725
61.698950
61.769775
61.780100
61.857275
61.867750
62.252000
62.283125
62.348925
62.654100
62.790750
63.027550
63.037750
63.154725
63.286875
63.555775
63.812475
64.449475
64.564000
64.733625
64.748400
64.777950
64.914325
64.965950
65.149625
65.394000
65.541325
65.670350
65.678400
65.884750
65.906800
66.055825
66.166450
66.349175
66.748500
66.791025
67.386750
67.469575
67.559675
67.731850
68.076875
68.240125
68.265825
68.448425
68.935275
69.071050
69.183375
69.691700
69.985225
70.193150
70.448025
70.859450
72.002200
72.339250
72.762600
73.051825
73.326050
73.517300
73.552225
73.635350
73.715625
73.773125
74.345800
74.660950
74.946025
75.059675
75.380425
75.708525
75.999600
76.231250
76.240900
76.413925
76.558175
76.972725
77.093650
77.338625
77.786100
77.987700
78.135150
78.198875
78.245200
78.314850
78.883375
79.538700
79.602175
79.844750
80.102175
80.611275
80.685650
81.179200
81.623675
81.674650
81.982975
82.119850
82.449525
83.227575
83.249750
83.619200
83.642975
83.781550
83.859925
83.939700
84.073500
84.285825
84.372675
84.816100
85.965000
86.319400
86.505575
86.574400
86.989275
87.045125
87.951150
88.608600
88.639475
88.936375
88.960300
89.081950
89.151325
89.635750
90.052675
90.141075
90.359050
90.483475
91.143125
91.906925
92.261750
92.377825
92.479225
92.890425
92.999425
93.029550
93.051750
93.194350
93.356475
93.591325
93.748525
93.808900
95.053050
95.210975
95.428650
96.297450
96.326125
96.900600
96.988375
97.382750
97.460550
98.082525
98.136100
98.280350
98.320325
98.693875
99.087275
99.130000
100.042850
100.096000
100.097975
100.335425
100.403225
101.317025
101.594725
101.747800
101.769300
101.876850
102.030200
102.776125
103.158750
103.256025
103.474125
104.174425
104.707500
105.068125
105.100475
105.313850
105.346150
105.528350
105.680375
105.718500
105.735475
105.841125
106.423425
106.539525
106.695050
106.750600
106.839000
106.917450
106.931275
107.077800
107.861300
108.093125
108.245150
108.352950
108.655350
108.980725
109.025400
109.165600
109.895300
110.076800
110.446600
110.768625
110.788800
110.884350
111.805175
112.319275
112.439300
112.847400
113.823475
114.409225
115.009525
115.543800
115.568075
115.903650
115.907050
116.200350
116.432000
116.481150
116.670200
116.690200
116.778725
117.426650
117.660625
117.779675
117.809225
117.813275
118.082725
118.723350
119.360725
119.413325
120.230625
120.315775
121.367650
121.456500
123.122800
123.217275
123.235800
123.790325
123.948000
124.582850
124.645025
124.774700
124.974125
125.117100
125.347550
125.794100
125.925775
126.456300
126.917800
127.097975
127.128650
127.162550
127.905875
128.236950
128.282100
128.294625
130.321750
130.427450
130.845750
131.105375
131.151700
131.540850
131.932000
132.973675
133.005100
133.090525
133.512175
134.150825
134.833750
135.582100
135.896075
135.997025
136.338025
136.647025
136.735875
136.904125
137.529875
137.554775
138.120125
138.356550
139.429500
139.705775
139.982575
140.034000
140.063550
140.168100
140.180675
140.191600
140.491125
140.556925
140.582750
140.624025
140.643600
140.679900
140.689250
141.351575
142.655775
142.742600
142.913225
142.989425
143.416675
143.862375
144.383350
144.617725
144.849675
144.921650
145.277800
145.313550
145.334275
145.375150
145.805875
145.978575
146.193700
146.215800
146.657775
146.833475
147.160600
147.329725
147.510000
148.039900
148.396975
148.604000
148.702750
149.128825
149.238625
149.355075
149.728700
149.806125
149.976525
150.529675
151.030800
151.631925
151.724350
152.125975
152.157925
152.180600
152.387750
152.423150
152.614525
152.754900
153.137300
154.004650
154.006200
154.876350
155.395000
155.565525
157.489125
157.820475
157.868550
158.317725
158.456100
158.486175
158.878600
158.925325
159.318500
159.339875
160.092650
160.169975
160.170975
160.736350
160.874475
161.091575
161.262650
161.695975
161.760875
161.939475
162.261550
162.468500
162.915600
162.966775
163.072525
163.092900
163.170125
163.633525
164.124275
164.130725
164.323300
164.633425
164.913225
165.420325
165.921775
165.999900
166.023550
166.140850
166.390450
166.628750
166.729600
167.021975
167.292800
167.429200
167.573450
167.981850
168.540575
168.618975
168.962500
169.011850
169.294525
169.521400
169.634975
170.160825
170.244150
170.247575
170.645950
170.911975
171.217700
171.246725
171.378975
171.498350
171.705050
171.907625
171.955800
172.146050
172.159100
172.299400
172.813550
172.889200
172.912175
172.935300
173.449375
174.019775
174.082450
174.170225
174.529900
174.599125
174.638900
174.745975
174.841800
175.126500
175.283950
175.286175
175.365525
175.754800
175.854850
176.051950
176.625675
176.832225
177.599875
178.617025
178.723775
179.356700
179.484475
179.793425
179.877200
180.086675
180.869275
181.124550
181.193450
181.732800
181.884275
182.008025
182.036475
182.177725
182.729500
182.900050
183.111200
183.330375
183.954500
184.303900
184.398950
184.816900
184.873825
184.922275
185.629025
185.637575
185.638625
185.779200
186.000975
186.020000
186.269700
186.350625
186.484900
186.643325
187.086475
187.183200
187.504875
187.667700
187.900925
188.864400
189.096550
189.359500
189.509450
189.768825
189.891300
190.191650
190.604600
190.654250
190.969050
191.003250
191.038250
192.611050
192.805050
193.031100
193.711875
194.373175
194.491000
194.895825
195.106225
195.466300
195.547875
195.742600
195.905675
195.953425
196.114675
196.238300
196.572550
197.771950
197.966275
198.355950
198.477550
198.545800
198.688375
199.458075
199.908300
