# # All spikes for Neuron
0.241700
0.280825
0.293350
0.302350
0.591575
0.605925
0.775175
1.215100
1.527075
1.705875
4.153100
5.207075
5.387050
5.447250
5.601500
11.134175
11.917050
12.111300
14.063000
16.608225
16.884200
17.020950
18.093000
18.320475
18.417850
18.680775
18.706600
18.735075
18.774675
18.809125
19.274525
19.684150
19.796000
19.944775
20.344900
20.399250
21.900675
21.964925
22.898275
23.008100
23.885525
23.918350
23.962225
24.484425
24.920375
24.982750
26.086175
26.749350
26.900375
27.126700
27.334425
27.421100
27.800425
28.611150
29.444850
31.868625
31.900575
32.207950
33.021600
33.089200
33.291700
33.444425
33.511300
33.581425
33.605075
34.556100
34.611825
35.251450
35.322575
35.517000
36.421400
36.696350
37.001300
38.424300
39.342175
39.468025
39.652250
41.877225
41.941850
42.150925
42.452100
42.626525
42.748800
42.974075
43.334725
44.273425
44.454500
44.491175
44.721575
45.348650
45.444550
45.548950
45.602875
46.282375
46.772825
46.939500
47.012600
47.282750
47.864700
47.949250
48.282825
48.342775
48.552775
48.648675
48.830675
48.875275
49.059025
49.149650
49.299675
49.503575
49.955650
49.975400
50.365550
50.634875
50.737875
50.830675
51.640800
52.766925
52.858325
52.883875
52.931825
53.204000
53.487350
53.813125
54.035800
54.063675
54.449425
54.698500
54.796975
55.207550
55.310575
55.455675
55.573075
55.743825
56.167250
56.389800
56.540775
57.018950
57.274600
57.553150
57.691925
57.774575
57.839750
58.027700
58.117525
58.134500
58.414325
58.884475
58.932400
59.039625
59.450225
59.550450
59.735025
59.898075
60.331150
60.447650
61.030900
61.057725
61.335275
61.435500
61.639450
61.712125
62.523375
62.742250
62.949900
63.056800
63.402925
63.491350
63.827100
63.855350
63.875675
63.879450
63.903600
63.909700
63.995450
64.043325
64.165875
64.244525
64.331625
64.525675
64.696350
64.747100
64.783975
64.873650
65.142250
65.448375
65.531950
65.722725
65.798200
65.836700
65.944250
66.885450
67.123725
67.635550
67.775525
67.869100
68.317400
68.462600
69.191700
70.277800
70.366725
70.814500
71.196325
71.976125
72.200075
72.755600
72.853575
73.004175
73.654700
73.777850
73.886950
73.926875
74.268400
74.296650
74.299800
74.337600
74.375425
74.404025
74.518850
74.987325
75.080200
75.649575
75.834275
75.899425
75.969475
76.107975
76.121050
76.156125
76.278600
76.372350
77.202825
77.223875
77.417175
77.461200
77.506350
77.517450
77.600075
77.627050
77.712800
77.748050
77.846675
77.873175
78.026450
78.190775
78.254525
78.303675
78.365200
78.387925
78.391850
78.405650
78.482150
78.515425
78.573325
78.625125
78.679050
78.971975
79.011600
79.021900
79.139425
79.163425
79.303325
79.456075
79.563925
79.634950
79.677850
79.838775
79.895700
79.928175
80.392125
80.465800
80.537525
80.852950
80.919825
81.136225
81.414200
81.455450
82.077550
82.589750
82.765275
83.035975
83.210425
83.550275
83.942550
83.969275
84.430850
84.456125
85.079450
85.381325
85.393550
86.314600
86.393875
86.498775
86.551925
86.662575
86.697375
86.876850
87.118700
87.261600
87.635225
88.053125
88.400250
88.618925
88.738375
88.748275
88.776625
88.837975
88.928525
89.044425
89.085100
89.187750
89.909225
90.801375
90.937225
91.040575
91.348625
91.415825
91.501175
91.676125
91.794900
92.223450
93.234525
93.560700
93.714500
93.809975
93.955350
94.359850
94.469825
94.536150
94.662225
94.785000
95.195325
95.446025
95.553350
95.558025
95.741825
95.824875
95.870075
95.965025
96.033625
96.090225
96.112375
96.210025
96.349825
96.452675
96.587775
96.621700
96.723675
96.799750
96.849350
97.122875
97.203125
97.352725
97.498275
97.721925
97.745900
97.778750
97.802125
98.012050
98.021200
98.202675
98.286225
98.405850
98.470300
98.501375
98.618025
98.803825
98.815000
99.015775
99.040150
99.045400
99.153225
99.252575
99.309900
99.433175
99.484400
99.654375
99.705350
99.736100
99.773025
99.804125
99.924225
100.054900
100.128975
100.207650
100.246800
100.295425
100.385650
100.442500
100.495150
100.512650
100.700325
100.794400
100.808275
101.067275
101.595025
101.817350
101.948375
102.055650
102.428625
102.463325
102.495775
102.554500
102.779125
102.926100
103.124350
103.375350
103.632775
103.795575
104.032575
104.478700
104.847225
104.872850
105.012300
105.382450
105.432525
105.626700
105.804750
105.904900
106.116550
106.205050
106.241825
106.323775
106.367650
106.557675
106.583875
106.610450
107.120325
107.262375
107.311525
107.378700
107.608925
107.637950
107.701275
107.912500
108.249700
108.356500
108.851225
108.896725
108.978275
109.116050
109.234700
109.377950
109.518725
109.583375
109.599600
109.779325
109.813525
109.827725
109.884175
109.935775
110.044450
110.274350
110.491100
110.585800
110.741600
110.786725
110.902675
110.933100
111.171875
111.405500
111.554175
111.703600
111.985050
112.118900
112.169325
112.635175
112.716650
112.769850
113.032400
113.205600
113.262200
113.332400
113.629100
113.682275
113.734900
114.196500
114.368075
114.568750
115.700225
115.910700
115.979225
116.063225
116.120675
116.180650
116.272450
116.635550
116.685000
116.695675
116.800675
117.076025
117.518825
118.083050
118.386250
118.838225
118.916150
119.094650
119.262575
119.432525
119.436975
119.455875
119.547275
120.005075
120.034425
120.082375
120.282450
120.314450
120.320850
120.547400
121.567925
121.706900
121.814675
122.477400
123.248725
123.737850
123.937875
123.964150
124.082150
124.844175
125.793600
125.834250
125.854550
125.915750
126.392000
126.740250
126.768675
126.899650
127.300150
127.303625
127.659950
127.742325
127.827800
127.933400
128.359650
128.367425
128.448975
128.487800
128.536100
128.617200
128.758425
128.967275
129.146525
129.192975
129.214900
129.343350
129.505850
129.555800
129.938675
130.086000
130.115975
130.155850
130.442100
130.666225
130.761125
130.811625
131.078525
131.562250
131.580550
133.022275
133.265425
133.425925
133.477325
133.565375
133.641800
133.786275
133.805050
133.820775
133.867450
134.544825
134.805975
135.126950
135.207650
135.453950
135.609875
136.069250
136.791450
136.809450
136.996375
137.158875
137.338375
137.343625
138.576100
138.858075
138.958700
139.215475
139.465700
139.766675
139.855375
140.340850
140.379650
140.748750
141.374550
141.389300
141.900425
141.982425
142.017450
142.022400
142.169775
142.284475
142.454925
142.535900
142.762050
143.045550
143.122300
143.218900
143.279750
143.338600
143.441575
143.552300
143.645225
143.704975
143.785775
143.816150
143.927600
143.997550
144.081725
144.254200
144.365300
144.428100
144.842975
145.003000
145.242100
145.307250
145.335175
145.366950
145.412850
145.571275
145.614775
145.646450
145.682175
145.892800
145.968725
146.027050
146.170000
146.350650
146.390175
146.419800
146.501050
146.539025
146.601650
146.716325
146.766575
146.965050
147.502975
147.686300
147.721700
147.868550
148.007650
148.313350
148.438700
148.529425
148.782375
148.893725
148.983875
149.165150
149.233275
149.270300
149.352275
149.603250
149.782925
149.866400
150.149850
150.378175
150.396525
150.426900
150.508350
150.689825
150.862800
150.967750
151.072525
151.426025
151.439100
151.507575
151.595875
151.654875
151.774625
151.850900
151.911125
152.277900
152.501400
152.725800
152.758225
152.819150
152.927150
153.205650
153.325500
153.383500
153.689975
153.776075
153.789675
153.987275
154.219825
154.465825
154.491350
154.623300
154.631575
154.748275
154.803275
155.047075
155.319650
155.393700
155.647175
155.742975
155.751425
155.834125
155.866650
156.019125
156.047475
156.108775
156.200900
156.266650
156.585000
156.734825
156.802525
157.158575
157.208000
157.307500
157.349775
157.538425
158.224850
158.267800
158.513525
159.256875
159.985600
160.057975
160.126000
160.400150
160.884400
161.028075
161.406250
161.651975
161.975025
162.125100
162.525525
163.097200
163.734475
163.913725
164.225675
164.345675
164.720600
164.951525
165.133275
165.154800
165.324875
166.008675
166.018175
166.109400
166.118750
166.391450
166.468900
167.006500
167.419700
167.713175
167.837850
168.434225
168.800125
169.147425
169.599225
170.551375
170.966850
171.092575
171.612750
171.743000
171.753175
171.810050
172.006275
172.261975
172.405475
172.759025
172.766650
174.471625
174.998025
175.159325
176.184450
176.254650
176.856125
177.210075
178.534100
178.538150
178.674575
178.743450
178.811125
178.979825
179.291075
179.325575
179.587400
179.653625
179.941850
180.069650
180.415850
180.564450
180.646875
181.151425
181.400025
181.609000
181.781325
181.917450
181.973575
182.790100
182.899650
183.048050
183.558250
183.580600
184.227550
184.821775
184.833300
184.886075
184.923125
184.992975
185.023700
185.375725
185.702650
185.952325
186.007700
186.555875
186.663850
186.706675
186.742700
186.793325
186.904000
187.297700
187.337650
187.510525
187.957550
188.030425
188.107500
188.743200
188.782325
188.847425
188.884200
189.263075
189.458825
189.546875
189.607175
190.018700
190.240500
190.403700
190.604275
190.932325
191.014000
191.112800
191.171525
191.255950
191.426475
191.495875
191.811150
191.888000
191.994400
192.029300
192.118675
192.355550
192.667300
192.714925
192.804500
192.982025
193.043725
193.092500
193.298525
193.337450
193.453750
193.808375
194.063550
194.180025
195.003950
195.061125
195.117000
195.739875
195.983425
196.106875
196.258600
196.414525
196.814050
197.023500
197.098975
197.176375
197.281975
197.463450
197.639625
197.807300
197.971000
198.108425
198.156000
198.209525
198.265150
198.314150
198.347775
198.439475
198.463450
198.533550
198.659825
198.853325
198.900175
199.082650
199.156850
199.549525
199.595175
199.732900
200.342125
200.391000
200.545200
200.950600
200.991975
201.051000
201.068125
201.363175
201.601400
201.692900
202.088075
202.331650
202.475250
205.271275
206.053075
206.091925
206.399575
206.466600
206.480400
206.946450
207.178600
207.208400
207.328150
207.508975
207.739450
208.897575
209.100025
209.294450
211.021650
211.181500
211.263800
211.865975
212.060600
212.270975
213.173550
213.594375
214.243225
215.340925
215.485125
215.806075
217.180500
217.270475
217.661725
217.746700
217.791175
217.819750
218.348100
219.563900
219.809875
220.279600
220.639600
220.855575
224.641150
230.975000
232.377450
232.779475
235.346400
237.611525
237.802600
238.677775
242.527225
243.134000
243.393875
243.457725
243.954100
244.251675
244.399050
245.576650
245.731725
245.807075
245.901250
245.941100
246.214100
246.346825
246.798700
247.186225
247.204600
247.295300
247.397600
247.601175
247.782600
247.980800
248.142575
248.233525
248.488250
248.540475
248.780900
248.784700
248.961375
249.189225
249.417425
249.543475
249.585650
249.617675
249.801275
249.845000
250.165650
250.280075
250.295325
250.486150
250.587375
250.609725
250.792625
250.957500
251.082700
251.107100
251.164350
251.213675
251.786925
252.058875
252.154625
252.208650
252.830200
253.134575
253.233350
253.291400
253.319525
254.280125
255.131525
256.393775
256.683875
257.362000
257.396900
257.530150
258.425100
258.903850
259.019275
259.225125
259.613175
260.171500
260.725875
261.506475
261.988725
262.719450
264.081300
264.282600
264.787675
265.497425
265.723225
266.390925
268.234750
269.138250
270.040425
270.120725
270.744125
270.969725
271.453775
272.535875
272.704800
273.135875
273.724625
273.918000
274.481200
274.517650
274.762075
274.935950
275.072400
275.425700
275.528775
277.668175
277.848725
279.013000
280.933200
281.025800
281.217500
281.364900
281.888875
282.550500
283.301725
283.634550
285.444125
286.419500
288.470600
289.536025
290.693175
292.239325
292.655550
292.820625
292.884850
293.832425
293.992800
294.158225
294.267400
294.414000
294.917800
295.155975
295.385800
295.640875
295.797675
295.922500
295.971100
296.337875
296.570325
296.940250
297.382375
297.523875
298.182775
298.651375
299.271550
299.532250
299.935750
300.010350
300.022500
300.121475
300.187175
300.205800
300.368250
300.716975
300.821325
300.839400
300.911325
301.115900
301.225300
301.261700
301.492700
301.612275
302.260625
302.847750
303.029325
303.129350
303.324450
303.768100
304.564175
305.136850
305.201625
305.473175
306.459950
306.469475
306.822150
306.856650
309.586600
311.836425
314.412325
314.776925
316.020250
316.932700
317.914000
318.689625
318.995325
319.296550
319.698600
320.220500
320.913025
321.064550
324.354500
328.555875
328.644600
336.350300
336.488250
337.958300
341.480500
341.619575
341.983600
342.067125
342.456225
343.922225
344.075725
344.158875
344.261900
344.286675
344.855825
344.998750
345.086525
345.442075
346.203800
346.445250
346.781400
346.858375
347.108950
347.297275
347.446675
347.674300
348.313625
348.694875
348.839725
349.152225
349.156725
349.253000
349.270650
349.552850
349.750675
349.777475
349.789825
349.876925
349.881250
349.947175
350.085300
350.509350
350.710075
351.122325
351.321775
351.498500
351.576075
352.047375
352.545975
352.594475
352.825400
353.026350
354.000375
354.097600
354.549125
354.942275
355.352050
356.518025
356.802975
356.958825
357.010000
357.024975
357.447900
357.951500
358.617350
358.945675
359.131150
359.900850
360.123350
360.718250
360.965000
361.149900
361.397525
361.728225
362.379150
362.561050
363.187250
363.719175
363.933775
364.102825
364.190700
364.746450
364.966400
365.471275
365.674450
365.906500
366.120100
366.801800
366.984750
367.028675
367.460750
367.514975
367.733050
367.875100
368.101425
368.767500
369.602225
369.782525
370.319925
370.951975
370.978000
371.072100
371.097000
371.100150
371.214725
371.287800
371.567875
371.702125
371.736025
371.887225
372.271400
372.344925
372.583850
373.219950
374.411025
374.460425
375.083100
375.865775
376.755725
377.244150
377.907450
377.944725
378.262725
378.779000
378.935250
379.599725
380.646125
381.305150
382.172200
382.825850
382.881975
383.406875
383.766275
385.543150
385.728775
385.854075
386.862975
387.235025
387.975050
388.681675
388.702525
389.508050
390.398325
390.818125
390.950975
391.228075
391.336875
392.115400
392.677975
393.123100
393.130250
393.491825
393.618875
393.968725
394.016550
394.092025
394.177325
394.235775
394.424250
394.629650
394.665525
394.752950
394.915400
395.283750
395.669025
396.550125
396.818050
397.044050
397.500375
398.329825
398.859500
399.111375
399.191125
400.123175
400.352725
400.440150
400.671775
400.888825
400.991800
401.162850
401.179625
401.216625
401.224550
401.266675
401.563675
401.748025
401.968925
401.980725
402.443975
402.613975
402.815875
402.911575
402.935125
403.188275
404.021925
404.766625
406.024350
406.493600
406.497625
406.909600
406.973350
407.108950
407.183750
407.366300
407.865675
407.931350
408.095100
408.283600
409.201800
409.314225
409.711375
409.946325
410.178900
411.021750
411.167800
411.694425
412.139200
412.850225
413.424475
414.006375
414.711025
415.662250
416.197725
416.998750
418.112900
418.552275
418.856825
420.239450
420.378550
422.405025
423.604425
425.807100
425.892525
426.240000
426.351825
428.655950
430.172150
430.849025
431.643475
434.129075
434.365650
434.589650
441.517700
441.781900
443.286100
443.489375
443.838125
444.049375
445.868250
446.504600
446.909775
447.721175
448.108600
448.841075
450.369825
450.516100
450.605100
450.681550
450.730125
450.737250
450.837050
451.021775
451.125900
451.184675
451.673275
452.064275
452.169875
452.301775
452.381725
452.487575
452.552200
452.780750
452.928150
452.957375
452.964650
452.968750
453.176075
453.511800
453.585025
453.769200
453.837925
454.167125
454.196450
454.257250
454.265400
454.295100
454.320625
454.351825
454.423225
454.463925
454.497850
455.056175
455.125825
455.980025
456.042425
456.106400
456.112525
456.172350
456.363600
456.435025
456.464125
456.562775
456.580600
456.651875
456.709875
456.856850
457.047325
457.255950
457.408225
457.470775
457.485225
457.703675
457.874625
458.051600
458.117125
458.166950
458.250000
458.288000
458.322700
458.368075
458.477250
458.762675
458.765875
458.980000
459.704775
459.735700
459.862325
460.063825
460.128100
460.222675
460.243550
460.265350
460.272675
460.292050
460.301975
460.562625
460.646750
460.727050
460.787250
460.796000
460.946350
460.988475
461.032500
461.131650
461.457925
461.465750
461.750950
461.999375
462.053800
462.102550
462.325575
462.501325
462.537100
462.550250
462.789275
463.035825
463.055075
463.173550
463.290550
463.349850
463.469075
463.531900
463.866375
463.884850
463.960700
464.062575
464.183800
464.299975
464.330450
464.336625
464.512025
464.587225
464.640825
464.702375
464.838825
465.199800
465.459175
465.642650
466.054300
466.094450
466.112675
466.120800
466.176800
466.288350
466.413725
466.423950
466.466800
466.492975
466.528775
466.677675
466.715000
466.883675
467.111950
467.370275
467.480525
467.551425
467.638275
467.678800
467.758400
467.817025
467.890000
467.995675
468.300825
468.506575
468.584275
468.712725
468.926200
469.015750
469.321000
469.355850
469.487525
469.545750
469.592900
469.658475
469.732200
469.800900
469.846000
469.854675
469.910650
469.974900
470.033575
470.050025
470.099400
470.148325
470.210250
470.255750
470.337700
470.379350
470.450375
470.579425
470.717600
470.912800
471.083925
471.256150
471.317500
471.566900
471.598400
471.675550
471.780800
471.876700
471.890250
472.126350
472.338725
472.409275
472.474175
472.544150
472.599175
472.685750
472.845725
472.885575
472.973925
472.992750
473.070700
473.214875
473.287950
473.355775
473.400425
473.495650
473.531350
473.559100
473.732950
474.145050
474.352850
474.482000
474.609125
474.891650
475.203675
475.236650
475.270875
475.303850
475.335625
475.368675
475.476375
475.577650
475.902225
476.340050
476.344800
476.606300
476.701750
476.796500
476.827050
476.921475
476.958075
477.047400
477.135600
477.251825
477.279925
477.443725
477.495625
477.569550
477.937775
478.136400
478.233550
478.344475
478.357550
478.484725
478.555425
478.561700
478.691625
478.744825
479.004325
479.068750
479.153525
479.225500
479.440450
479.659425
479.826775
480.020400
480.234900
480.351475
480.445825
480.869575
480.954575
481.087975
481.641800
481.810150
482.352700
482.560100
482.608350
483.001875
483.166525
484.052100
484.198075
484.243350
484.775450
484.890375
484.972775
485.258800
485.722600
486.017000
486.475550
486.738275
486.799050
486.961775
487.492750
487.572575
487.959925
488.240650
488.726950
488.917925
489.100025
489.152250
489.316550
489.616025
489.716700
489.866625
489.936150
490.101500
490.512775
490.844725
490.980000
491.107800
491.474425
491.604875
492.000175
492.217250
492.423500
492.475675
492.793525
492.837250
492.849025
493.060075
493.403075
493.872325
494.069425
494.533625
495.061300
495.162875
495.415675
495.436025
495.803275
495.868625
495.901950
496.131300
496.174550
496.224225
496.292525
496.355650
496.535000
496.622250
496.741800
496.760975
496.777200
497.035525
497.190725
497.207225
497.318450
497.396475
497.855450
498.130350
498.174650
498.245875
498.347475
498.684000
498.719175
499.003150
499.112225
499.130600
499.163850
499.256000
499.764525
500.275275
500.671500
500.750525
500.768475
500.966900
501.573950
501.681175
501.818550
501.826725
501.997975
502.264325
502.292175
502.500575
502.543900
502.888425
502.926125
503.090575
503.326925
503.606050
503.718100
504.181800
504.466300
504.617150
504.702475
504.876275
505.266300
505.506650
505.668150
506.728275
507.247650
507.377125
507.572775
508.127750
508.144300
508.266775
508.337475
508.462200
508.782150
508.835675
508.921100
508.937275
509.105925
509.292475
509.328500
510.173900
510.902550
510.938675
511.060475
511.206625
511.318125
511.398750
511.428925
511.495200
511.538875
512.350575
513.743675
513.908950
514.021800
514.378275
514.523550
515.136550
515.177675
515.659725
516.626925
516.966875
516.992850
517.222050
517.466700
517.580300
517.771150
518.130050
518.179775
518.258675
518.524025
518.543275
518.608100
518.754150
518.828100
519.170225
519.309775
519.519875
520.306950
520.372575
520.448325
520.495650
521.029400
521.184750
521.416875
521.991325
522.257675
522.361200
522.483150
522.516375
522.686075
523.115300
523.207400
523.232900
523.505200
523.715225
523.720750
523.830250
523.985675
524.145800
524.460175
524.916925
524.934250
524.942350
525.819150
526.567800
526.978125
527.158250
527.577100
528.202850
528.750600
528.917625
529.450750
529.490025
529.579300
529.831125
530.104275
530.459100
530.973875
530.999775
531.569725
531.716300
531.968125
532.786925
533.441000
534.857000
535.732200
536.297275
536.663325
537.566000
538.944125
539.091700
539.206575
539.234750
539.640300
539.738575
539.907800
540.084975
540.736225
541.012450
541.068600
542.095500
542.217775
542.415400
542.581075
542.740075
542.787550
542.820825
542.865600
542.875900
543.010125
543.112675
543.320225
543.389775
543.419400
543.601325
543.707000
543.725325
543.944625
544.005725
544.883175
544.960375
545.255175
545.269275
545.458625
546.039700
546.250950
546.459350
546.793500
547.000975
547.063050
547.119000
547.611625
547.726350
548.136975
548.282350
548.356850
548.418325
548.734075
549.124750
549.918425
550.085850
550.426700
550.633525
