# # All spikes for Neuron
0.123625
0.252850
0.456550
0.555550
0.596700
0.915575
0.959050
1.473275
1.531325
1.583025
1.645800
1.764525
1.919800
2.103950
2.168775
2.318675
2.375475
2.431550
2.691450
2.916700
3.079675
3.151100
3.246325
3.466100
3.542425
3.664475
3.718175
3.788475
3.874900
4.174575
4.353150
4.490450
4.591900
4.648350
4.723625
4.794675
5.085150
5.619175
5.732425
5.782425
6.105325
6.386525
6.460725
6.522600
7.005875
7.053875
7.154025
7.303900
7.386225
7.584975
7.662175
7.699850
7.730225
7.793325
7.855725
8.036075
8.226225
8.333925
8.442700
8.586550
8.710825
8.855075
8.970300
9.181450
9.339925
9.419925
9.520375
9.603750
9.762875
9.825525
9.987425
10.033450
10.316500
10.822300
10.989325
11.093750
11.152300
11.344375
11.381275
11.510800
11.709200
11.842000
11.959625
12.379950
12.432100
12.511450
12.597400
12.649950
12.765200
12.919775
13.037925
13.121475
13.155500
13.294350
13.329225
13.448900
13.661525
13.753275
13.863200
13.886850
14.000625
14.260025
14.351600
14.383825
14.756450
14.865675
14.933900
15.020400
15.039700
15.250525
15.283125
15.307600
15.318225
15.474875
16.071550
16.154650
16.384750
16.459425
16.482200
16.577475
16.732150
16.747975
16.888000
17.108225
17.250525
17.336275
17.639050
17.783575
17.820775
17.861750
18.226875
18.296950
18.348950
18.626450
19.033050
19.138175
19.235575
19.317475
19.379750
19.410300
19.467850
19.562050
19.608400
19.648950
19.708500
19.931500
20.019950
20.041000
20.076075
20.135025
20.356525
20.433950
20.662825
20.760075
20.830125
20.909800
21.167425
21.250275
21.589000
21.746250
21.794975
21.998350
22.233675
22.403225
22.447000
22.529375
22.583300
22.604700
22.651700
22.820300
23.001575
23.185900
23.621025
23.661050
23.785625
23.953350
24.008900
24.147700
24.354850
24.486150
24.505375
24.560250
24.591900
24.763850
24.805725
24.862325
24.961975
25.101575
25.190375
25.637050
25.696000
25.739750
26.164475
26.250975
26.449200
26.631800
26.663350
26.930650
27.115075
27.152625
27.300100
27.743125
27.921525
28.120050
28.204175
28.488100
28.548925
28.750550
28.850525
28.913550
29.035000
29.194375
29.384275
29.539425
29.696925
29.952800
30.019400
30.096800
30.725125
30.844425
30.870375
31.472050
31.503875
31.708025
31.903650
32.148525
32.384075
32.481300
32.538400
32.587600
32.740525
32.817200
32.858175
32.974375
33.042450
33.180150
33.231800
33.264150
33.282450
33.341900
33.807125
33.834400
33.897700
34.024500
34.089850
34.187850
34.224250
34.286950
34.593300
34.712975
34.766675
34.841150
35.042400
35.124475
35.466125
35.860550
36.035425
36.169425
36.272225
36.648275
36.767400
36.858325
36.922975
37.000075
37.038875
37.070300
37.324725
37.511200
37.653250
37.808675
37.849775
37.897900
38.097000
38.146200
38.195675
38.309575
38.442325
38.558275
38.608250
38.652800
38.735750
38.920950
38.988725
39.117675
39.222825
39.326600
39.398625
39.602950
39.959100
40.108200
40.371775
40.459350
40.634850
40.772900
40.868575
41.002750
41.053950
41.273500
41.354075
41.406525
41.470400
41.731150
41.954900
42.054275
42.220700
42.280175
42.410825
42.551450
42.630750
42.701025
42.898450
43.046050
43.242325
43.321350
43.431500
43.550725
43.650375
43.745200
43.988725
44.158125
44.270900
44.317950
44.607100
44.732850
44.819000
44.873375
44.951500
45.017600
45.362200
45.502750
45.756100
45.815600
45.897850
46.049825
46.121575
46.241375
46.347700
46.578625
46.642575
46.732000
46.860525
47.035500
47.106050
47.217450
47.351600
47.431225
47.501825
47.612275
47.670800
47.933750
48.036050
48.122025
48.211650
48.327875
48.396500
48.673025
48.785150
49.005075
49.089525
49.159925
49.283300
49.361700
49.466000
49.555900
49.683350
49.751750
49.922675
50.035300
50.152550
50.417950
50.635100
50.725150
50.854825
50.918450
51.001550
51.087275
51.360400
51.446100
51.566900
51.731700
51.869350
51.929375
52.085775
52.261025
52.354825
52.481700
52.565625
52.687400
52.777950
53.028725
53.284625
53.420000
53.523200
53.662750
53.821725
54.102600
54.309475
54.852850
54.940275
55.173025
55.350900
55.448425
55.516975
55.561350
55.660050
56.002250
56.281600
56.405000
56.540700
56.733450
56.799075
56.906175
57.024025
57.090250
57.128075
57.212975
57.332300
57.487225
57.542200
57.711725
57.773450
57.892800
57.952625
58.218225
58.361225
58.579275
58.768625
58.854400
58.969600
59.083525
59.243700
59.461750
59.671900
59.868325
60.125400
60.193100
60.289100
60.407650
60.709000
60.792800
60.844450
60.928575
61.103800
61.263525
61.353175
61.597775
61.718900
61.986825
62.108425
62.225825
62.323300
62.390775
62.488975
62.667400
62.727300
62.911900
63.151675
63.371600
63.476775
63.643175
63.801825
63.842425
63.891425
64.002350
64.074650
64.411750
64.490950
64.733100
64.829425
64.880850
64.925875
65.062000
65.272325
65.392050
65.469800
65.673675
65.788300
65.864200
66.285200
66.509875
66.603200
66.746900
66.822875
66.989475
67.196725
67.312000
67.371225
67.452425
67.750825
67.891925
68.124225
68.189350
68.285425
68.424750
68.582250
68.752000
68.854200
68.943600
69.056200
69.275200
69.573975
69.618425
69.878150
70.219100
70.308275
70.408150
70.602800
70.816250
70.986825
71.171225
71.262400
71.332450
71.401975
71.606275
71.684525
71.860900
71.937225
72.098400
72.475925
72.832725
72.920800
73.303625
73.896625
74.065775
74.355375
74.394525
74.496400
74.773575
74.878400
74.965675
75.055150
75.194400
75.220200
75.323125
75.325075
75.362475
75.567550
75.640175
75.689350
75.710550
75.817450
75.932475
76.077075
76.208250
76.362775
76.605000
76.669825
76.992525
77.076650
77.197700
77.313525
77.656550
77.735600
77.862250
77.913500
77.946225
78.043450
78.096250
78.203575
78.305025
78.337275
78.597750
78.726475
78.821450
78.959950
79.104375
79.181575
79.242550
79.412075
79.468950
79.500300
79.650000
79.833425
79.973275
80.064725
80.152625
80.358675
80.506725
80.602025
80.637550
80.716750
80.860700
81.102525
81.288675
81.322775
81.548400
81.696800
81.904200
81.997100
82.065975
82.162150
82.267700
82.469225
82.592975
82.902525
82.981850
83.046550
83.068600
83.274825
83.424050
83.511425
83.588600
84.099725
84.285875
84.362650
84.506825
84.832650
85.055175
85.111400
85.291600
85.576800
85.849100
85.971225
86.019925
86.267000
86.400150
86.446875
86.463400
86.622425
86.707900
86.879925
87.019925
87.225475
87.263725
87.317575
87.403450
87.452275
87.834275
87.901075
88.088650
88.162300
88.239325
88.433225
88.509800
88.547150
88.756125
89.064900
89.165900
89.293975
89.387525
89.504225
89.595350
89.662450
89.799750
89.894750
90.083525
90.168200
90.269875
90.352050
90.505675
90.729100
90.769025
90.844800
91.025925
91.137800
91.248300
91.856075
92.105000
92.368275
92.541925
92.730350
92.986100
93.557400
93.742050
93.804225
94.099850
94.242950
94.367200
94.564525
94.685325
94.883300
94.997550
95.081975
95.233875
95.392200
95.562375
95.666375
95.746475
95.941025
96.077100
96.142950
96.244300
96.663575
96.927475
97.094400
97.300200
97.420925
97.601775
97.723575
97.838850
97.938325
97.981000
98.248225
98.391850
98.464350
98.690100
98.956175
99.238750
99.327950
99.621850
99.843250
99.915325
100.018600
100.164800
100.299475
100.404550
100.494825
100.663150
100.747175
100.965475
101.148100
101.282650
101.411650
101.549025
101.729700
102.115050
102.197000
102.282800
102.388575
102.483275
102.640225
102.784725
102.879325
102.982275
103.135075
103.234475
103.362825
103.487050
103.626425
103.859375
103.955450
104.027925
104.164225
104.268275
104.364900
104.495525
104.579275
104.682150
104.776200
105.083700
105.291975
105.593325
105.683775
105.874750
106.126600
106.280475
106.380575
106.442275
106.537150
106.841050
107.065650
107.198125
107.424875
107.585200
107.660150
107.751950
107.868175
107.974150
108.148875
108.298775
108.491050
108.688150
108.831525
108.961125
109.094225
109.224850
109.343125
109.459200
109.505975
109.741525
109.867725
109.952850
110.001225
110.200275
110.330900
110.448475
110.503575
110.537325
110.651925
110.804950
110.957700
111.152225
111.342375
111.469075
111.617325
112.029825
112.120700
112.312600
112.393050
112.550350
112.700500
112.900800
112.972975
113.114125
113.276750
113.408275
113.560575
113.693925
113.800575
114.123075
114.189825
114.298900
114.685950
114.728675
114.826800
115.175150
115.366400
115.453950
115.520825
115.834150
116.337725
116.518675
116.560550
116.633925
116.702875
116.799775
116.974700
117.106175
117.224450
117.298550
117.368550
117.401700
117.505350
117.720050
117.742575
117.768800
118.078150
118.203975
118.261700
118.315275
118.381000
118.416300
118.553000
118.620900
118.702550
118.761975
118.994550
119.054775
119.229975
119.319700
119.357900
119.464625
119.812000
119.972850
120.098850
120.451150
120.691400
120.787200
120.861850
120.899125
120.963275
121.021650
121.197825
121.467925
121.494500
121.667175
121.714975
121.758625
122.060350
122.152200
122.186700
122.235375
122.299875
122.393950
122.534825
122.715875
122.804050
122.845675
122.881250
122.930575
123.277875
123.376025
123.397850
123.544400
123.640300
123.732475
123.882650
123.904700
124.007275
124.056275
124.284775
124.393725
124.756000
125.040775
125.254850
125.359900
125.440250
125.479950
125.492150
125.565500
125.638900
125.762725
125.888325
125.931400
125.983875
126.146850
126.231150
126.437000
126.499725
126.713100
126.787450
126.826000
126.939750
127.132600
127.214975
127.241850
127.369575
127.479125
127.671400
127.951425
128.049150
128.160100
128.248500
128.304350
128.375575
128.476275
128.640400
128.706475
129.056375
129.201375
129.321800
129.422200
129.476175
129.561450
129.578650
129.646775
129.700000
130.003025
130.150275
130.191225
130.304250
130.409625
130.539850
130.608050
130.657975
130.737725
130.929400
131.077650
131.157775
131.346475
131.420500
131.505075
131.662075
131.706525
131.917600
132.081625
132.184325
132.229850
132.322125
132.380925
132.477275
132.612500
132.790275
132.945525
133.031275
133.226675
133.399300
133.467175
133.576650
133.645775
133.863100
133.967625
134.083275
134.246425
134.440375
134.531575
134.593450
134.721950
134.949475
135.028700
135.172075
135.265425
135.402400
135.453750
135.551550
135.686550
135.762650
135.891675
136.038075
136.051250
136.163500
136.528200
136.663200
136.781000
136.849325
136.944975
137.067200
137.149650
137.174475
137.386075
137.545475
137.685675
137.741675
137.950075
138.067025
138.235600
138.337200
138.448300
138.534400
138.713200
138.949800
139.067550
139.190900
139.253950
139.454100
139.545575
139.634025
139.758450
139.993375
140.142625
140.186375
140.241125
140.295600
140.404825
140.590450
140.680125
140.788250
141.080050
141.187925
141.274300
141.333050
141.495175
141.596100
141.789900
141.867875
141.969125
142.059150
142.104725
142.115000
142.410075
142.651225
142.746425
143.003625
143.144975
143.293950
143.379900
143.522075
143.640950
143.682800
143.770375
143.958400
144.056050
144.126200
144.230100
144.366000
144.655200
144.715500
144.824450
144.875450
144.948625
144.983650
145.153525
145.335325
145.867150
145.959300
146.056900
146.303600
146.417625
146.537175
146.631925
146.692425
146.861100
146.977550
147.050750
147.414050
147.515700
147.575850
147.626025
147.694500
147.767025
147.844025
147.922350
147.996075
148.160925
148.253125
148.332650
148.531750
148.693125
148.809800
148.926875
149.048275
149.102150
149.181300
149.427175
149.592200
149.697825
149.789450
149.872075
149.973600
149.996600
150.183700
150.266050
150.506900
150.565000
150.638950
150.871350
151.000250
151.100275
151.273200
151.365550
151.475025
151.569650
151.774675
152.041300
152.106625
152.170600
152.219625
152.314650
152.455300
152.566550
152.644200
152.784650
152.851675
153.112850
153.317000
153.435125
153.489025
153.519200
153.671575
153.734225
153.854000
154.337050
154.407825
154.639925
154.858275
154.974025
155.078825
155.149525
155.315950
155.495575
155.611550
155.689650
155.875300
155.966925
156.034775
156.185400
156.288475
156.377000
156.560350
156.623500
156.682725
156.831600
156.973925
157.109825
157.188875
157.270125
157.483700
157.575225
157.673725
157.799400
157.953475
158.079000
158.202650
158.349025
158.413700
158.510075
158.712475
158.871125
158.928950
158.998650
159.153500
159.235425
159.394750
159.483750
159.696000
159.777650
160.025575
160.124975
160.198075
160.404725
160.544175
160.662750
160.949000
161.074625
161.276625
161.472600
161.661875
161.813600
161.985800
162.099925
162.260125
162.528625
162.714850
163.358225
163.420950
163.696400
163.843750
164.028675
164.090350
164.310375
164.427725
164.463525
164.605125
164.703750
164.819450
165.024725
165.153375
165.284150
165.316675
165.489400
165.628725
165.772425
165.821325
165.902175
165.985325
166.197175
166.289750
166.428025
166.459850
166.592100
166.617575
166.880850
166.997100
167.434225
167.738125
167.812525
167.914200
168.203375
168.333050
168.370275
168.756350
168.927575
169.171225
169.289525
169.525775
169.609550
169.666975
170.230125
170.289300
170.719050
170.748850
170.819775
171.211700
171.587725
171.630100
171.714700
171.865875
171.929525
172.011475
172.205450
172.245950
172.568975
172.632425
172.688175
172.856225
172.921225
172.951950
173.276225
173.466750
173.526725
173.607225
173.691150
173.846875
174.114075
174.193025
174.225150
174.258125
174.327650
174.420625
174.481600
174.748775
174.805275
175.061325
175.149850
175.208325
175.263400
175.341200
175.489775
175.662925
175.715775
175.873350
176.162500
176.360375
176.419450
176.507325
176.588400
176.762300
176.812000
176.919400
176.990425
177.074250
177.180825
177.278225
177.621325
177.683225
177.753425
178.110025
178.168475
178.269550
178.414025
178.670100
178.705850
178.786350
178.868950
178.921400
179.338025
179.455225
179.542250
179.665450
179.732125
179.950400
180.023825
180.067300
180.236275
180.340300
180.518375
180.589575
180.732150
180.887825
181.114225
181.251125
181.365200
181.419975
181.503925
181.651325
181.728475
181.906575
181.956025
182.080975
182.250675
182.396300
182.505100
182.632300
182.827000
182.851225
182.871825
182.900000
183.502625
183.752475
183.828875
184.257250
184.333300
184.417725
184.469050
184.667700
184.733325
184.862025
184.987125
185.086550
185.132950
185.394750
185.503125
185.615850
185.670850
185.809675
186.009250
186.092900
186.186775
186.305000
186.420925
186.522800
186.606675
186.728225
186.860775
186.932875
187.084675
187.406575
187.494100
187.607350
187.701575
188.005850
188.083950
188.258325
188.353750
188.464850
188.568200
188.633050
188.659825
188.872025
188.985350
189.161125
189.499850
189.606150
189.687325
189.752900
189.828925
189.958100
190.073425
190.140750
190.289550
190.575000
190.645450
190.825600
190.901275
190.991075
191.079850
191.223625
191.286825
191.589750
191.690025
191.809950
191.877275
191.932925
192.226375
192.322075
192.429850
192.514075
192.635900
192.828750
192.991725
193.140400
193.237050
193.587000
193.744275
194.072350
194.250200
194.458025
194.556275
194.613250
194.715950
194.880950
194.979925
195.074750
195.187775
195.395425
195.634175
195.788800
195.912075
196.036275
196.052950
196.164575
196.376475
196.554975
196.664875
196.791850
196.988225
197.155775
197.333700
197.790125
198.022100
198.145675
198.387550
198.612275
198.770450
198.890250
199.117825
199.311850
199.455900
199.661175
199.853100
199.966400
200.071350
200.145725
200.329275
200.456975
200.590275
200.874450
201.015850
201.131050
201.236600
201.345425
201.437150
201.535450
201.654575
201.856575
201.914900
202.096650
202.185800
202.323125
202.409850
202.559700
202.653675
202.854625
202.913525
203.192025
203.346375
203.574925
203.750600
204.109600
204.237650
204.456925
204.643975
204.719975
204.868300
205.100350
205.245725
205.355150
205.546925
205.705550
205.784000
205.892675
206.062500
206.207450
206.305675
206.403050
206.518025
206.752600
206.757575
206.929750
207.098150
207.476350
207.652050
207.963325
208.224600
208.291775
208.387200
208.544750
208.731900
208.892050
208.996825
209.120600
209.306375
209.446375
209.550875
209.867325
210.104225
210.195150
210.310500
210.411425
210.706100
210.785675
211.038300
211.090725
211.321600
211.400075
211.624725
211.796425
211.998725
212.108750
212.244825
212.441675
212.598125
212.881350
212.989850
213.156450
213.349575
213.478825
213.559775
213.727650
214.065900
214.158800
214.262375
214.571500
214.736975
214.831125
214.955125
215.066000
215.353750
215.521250
215.613950
215.776075
215.854750
216.130625
216.529075
216.637900
216.795900
216.935200
217.165825
217.275175
217.477075
217.581775
217.778750
217.898650
218.029675
218.131525
218.251925
218.598475
218.851525
218.984975
219.123225
219.282575
219.461150
219.565875
219.797300
219.869975
220.004075
220.189475
220.387825
220.477725
220.560200
220.692325
220.766150
220.882225
221.021750
221.082650
221.314600
221.491600
221.578200
221.783200
221.863450
222.090475
222.157250
222.242675
222.388075
222.532525
222.589000
222.881250
223.032400
223.125150
223.175800
223.452125
223.538925
223.650000
223.734425
223.835050
223.923500
224.147075
224.242375
224.381025
224.630375
224.751150
225.027425
225.121675
225.225550
225.340675
225.434075
225.540800
225.775000
225.885600
226.230700
226.326625
226.529200
227.051100
227.167425
227.296775
227.527825
227.714250
227.848950
228.148550
228.328500
228.450675
228.732475
228.840150
229.029475
229.456450
229.529225
229.569500
229.666425
229.749100
229.932525
230.028925
230.144900
230.430825
230.548975
230.688250
230.934675
231.232625
231.303675
231.491050
231.564750
231.640525
231.741825
231.993800
232.125975
232.230900
232.275550
232.337300
232.444550
232.583975
232.737375
232.848825
232.950725
233.081875
233.188475
233.285675
233.493600
233.672150
233.811325
233.932100
234.053150
234.198275
234.369475
234.521425
234.598750
234.657125
234.800675
235.147075
235.403625
235.680975
235.789850
235.930675
236.086750
236.191200
236.341050
236.502250
236.584575
236.745275
237.116600
237.241250
237.409475
237.513575
237.606750
237.761350
237.991750
238.099575
238.247550
238.345000
238.518800
238.676950
238.824400
238.978325
239.056700
239.140500
239.264050
239.455350
239.624725
239.756750
240.143925
240.301325
240.468275
240.538825
240.700025
240.794050
240.879475
240.988500
241.143675
241.298075
241.443725
241.565425
241.665675
241.793850
241.886175
241.997400
242.096575
242.201150
242.351275
242.480950
242.569150
242.655500
242.767300
242.902175
243.011775
243.161700
243.266925
243.394325
243.463300
243.586200
243.816625
243.947175
244.155450
244.243925
244.452825
244.557200
244.647850
244.816300
244.940800
245.094250
245.162725
245.267625
245.394375
245.482275
245.655400
245.735075
245.833025
245.993775
246.150850
246.227900
246.316025
246.364375
246.539375
246.605575
246.684450
246.838200
246.898400
246.958350
247.052900
247.183875
247.287900
247.326675
247.394725
247.549150
247.687725
247.751575
247.853450
247.945700
248.019450
248.112900
248.214450
248.300650
248.565925
248.728575
248.790425
248.971950
249.039675
249.137675
249.390000
249.587200
249.706125
249.786675
249.913125
249.991600
250.061475
250.123050
250.192200
250.295700
250.384650
250.486875
250.627850
250.736300
250.843975
250.903825
251.121425
251.271325
251.593200
251.704100
251.938850
252.020950
252.138275
252.311975
252.560925
252.635425
252.743175
252.800650
252.880675
252.990875
253.130350
253.257275
253.343225
253.386750
253.536475
253.650925
253.806550
253.918600
254.301300
254.382875
254.462600
254.648000
254.857900
255.203525
255.410025
255.540975
255.707375
255.738375
255.793625
255.903000
256.010825
256.232650
256.370150
256.429450
256.631175
256.843950
256.965225
257.159875
257.242325
257.334325
257.441650
257.701725
257.818600
257.905400
258.011700
258.457625
258.629125
258.804625
258.912050
259.029300
259.176250
259.323600
259.480375
259.656950
259.822375
260.043725
260.333150
260.563375
260.712725
260.829475
260.880800
261.024475
261.234700
261.426175
261.657850
261.778475
261.836350
261.957950
262.053775
262.132725
262.202525
262.339300
262.445500
262.552875
262.640525
262.797600
262.895325
263.096600
263.276100
263.481000
263.642375
263.687050
263.783250
264.129950
264.313300
264.492900
264.656525
264.913325
265.015225
265.194175
265.255950
265.397600
265.620675
265.800450
265.924825
266.082625
266.144175
266.330800
266.405150
266.551250
266.701150
266.849925
266.957500
267.009875
267.034575
267.182250
267.399325
267.479425
267.547275
267.653525
267.981850
268.114700
268.227100
268.331600
268.401275
268.596425
268.789950
268.851725
269.418625
269.537250
269.643650
269.895075
270.019400
270.165600
270.313825
270.348625
270.429850
270.765875
270.851925
270.906275
271.012225
271.440875
271.522850
271.582000
271.609725
271.709150
271.760000
271.987150
272.078650
272.186675
272.322950
272.452025
272.538050
272.797000
272.856275
272.994575
273.210625
273.266000
273.420775
273.589150
273.752150
273.911750
274.092300
274.175425
274.278750
274.485025
274.545575
274.580575
274.659025
274.735875
274.832225
275.012025
275.126275
275.257550
275.414875
275.502725
275.538225
275.571475
275.831200
276.006825
276.067275
276.108350
276.192175
276.337000
276.454225
276.562375
276.671750
276.748325
276.833475
276.918450
277.021050
277.118450
277.364400
277.466375
277.587225
277.674575
277.749600
277.890900
277.984425
278.406550
278.563975
278.677300
278.796475
279.012925
279.095000
279.203375
279.428100
279.696375
279.873250
280.365475
280.543175
280.894825
281.141900
281.370175
281.395575
281.448900
281.504125
281.804000
282.049700
282.146900
282.204925
282.218150
282.364675
282.581450
282.678350
282.780475
282.878000
282.926025
282.986200
283.197750
283.351625
283.536000
283.660175
283.735050
283.894350
284.145825
284.247350
284.426100
284.538625
284.587375
284.690725
284.748525
284.844650
284.961800
285.137875
285.248125
285.334975
285.425650
285.598200
285.813600
285.934275
286.052975
286.402300
286.431000
286.511275
286.543800
286.731150
286.871475
286.987900
287.041575
287.397025
287.543275
287.730700
287.878250
288.028150
288.084575
288.174175
288.250450
288.300925
288.324950
288.389525
288.649850
288.723700
288.812425
289.093500
289.252525
289.340600
289.434350
289.634125
289.670400
289.733725
289.787650
289.965075
290.270750
290.589625
290.695025
290.736825
290.782475
291.119725
291.201400
291.382225
291.714775
291.808875
291.851700
292.050125
292.243775
292.462450
292.568325
292.779675
292.956650
293.039475
293.190750
293.298500
293.382450
293.446275
293.578725
293.614725
293.884700
293.948825
294.043825
294.116475
294.215075
294.242350
294.467375
294.597575
294.727325
294.885250
295.008250
295.214525
295.408525
295.456525
295.521325
295.599500
295.655400
295.872625
295.902925
295.968125
296.016075
296.205175
296.323775
296.385875
296.615875
296.700725
296.762875
296.913825
297.099600
297.162900
297.405950
297.489025
297.551775
297.626000
298.012725
298.080125
298.240350
298.268875
298.430200
298.651125
298.706800
298.788350
299.081675
299.483825
299.929025
300.074550
300.295675
300.587600
300.747175
300.777075
300.838700
300.924275
300.971475
301.243800
301.308575
301.462750
301.765650
301.942550
301.982475
302.145200
302.202125
302.245450
302.523400
302.570525
302.659500
302.713400
302.790800
302.862850
302.994450
303.030200
303.061175
303.283150
303.331650
303.641975
303.688100
303.927500
304.328375
304.575075
304.699325
304.814800
304.877450
305.032900
305.210225
305.299775
305.360350
305.455950
305.590475
305.752450
305.889025
306.082025
306.184200
306.231000
306.343650
306.509525
306.733950
306.835150
306.888700
307.193125
307.409775
307.451825
307.475075
307.536225
307.584000
307.976075
308.095950
308.201525
308.336225
308.653400
308.739150
308.801850
308.992675
309.043525
309.069025
309.276875
309.455125
309.707125
309.837750
309.905850
309.966450
310.525825
310.621150
310.686125
310.727975
310.766600
311.102275
311.195875
311.272500
311.394800
311.440925
311.792400
311.916275
311.958900
312.114775
312.284975
312.486525
312.759675
313.033600
313.394700
313.579900
313.664375
313.727300
314.463125
315.292575
315.459000
315.536425
315.785250
315.912600
316.021575
316.150025
316.547175
316.699050
317.179350
317.258250
317.487000
318.216475
318.263700
318.301550
318.591475
318.666900
318.772525
318.917325
319.079500
319.253175
319.333675
319.376150
319.435975
320.307325
320.322550
320.410925
320.446375
320.636425
320.773150
320.860525
321.026450
321.152900
321.291175
321.353875
321.374800
321.513850
321.626075
321.846000
322.104575
322.158750
322.393775
322.439475
322.498400
322.868550
322.934975
323.108900
323.161850
323.216325
323.750125
323.920425
324.117675
324.202350
324.339200
324.373925
324.637500
324.773550
324.812600
324.903950
324.977025
325.120225
325.265375
325.388475
325.461725
325.534750
325.692900
325.801775
325.912300
325.945325
325.997425
326.251825
326.357250
326.440200
326.638100
326.671450
326.705475
326.737625
327.050225
327.167825
327.307625
327.367750
327.577225
327.747175
327.845825
327.981175
328.042100
328.103700
328.197075
328.330650
328.368800
328.400900
328.638225
328.731350
328.795050
328.874575
328.947875
329.017475
329.173125
329.290075
329.350800
329.416125
329.612250
329.701700
329.854500
329.907350
329.999950
330.069400
330.174475
330.244725
330.306575
330.401050
330.532700
330.612750
330.711400
330.794900
330.971275
331.115950
331.246550
331.328075
331.430250
331.653175
331.750400
332.122775
332.182300
332.238625
332.360350
332.424950
332.477200
332.684050
332.754050
332.889725
333.031200
333.077425
333.393575
333.450200
333.549375
333.607825
333.693650
333.779650
333.936900
334.046950
334.137950
334.279075
334.528475
334.744125
334.832575
334.924725
335.108350
335.232750
335.381825
335.481750
335.664675
335.724575
335.861625
336.049700
336.282175
336.392950
336.594650
336.801875
336.946650
337.028300
337.099375
337.184450
337.260875
337.451625
337.584325
337.688350
337.809550
337.921875
337.996775
338.052275
338.129725
338.202625
338.284350
338.353725
338.436375
338.534375
338.753875
338.871850
339.278875
339.372325
339.537550
339.730325
339.822825
340.001400
340.197250
340.316675
340.447650
340.569650
340.686625
340.860025
341.249825
341.359875
341.475550
341.703425
341.863275
342.195950
342.330425
342.399875
342.508550
342.717700
342.794375
342.901975
342.947725
343.286250
343.493425
343.594250
343.661550
343.749625
343.816925
343.936525
344.114150
344.193200
344.300300
344.563850
344.664025
344.795650
345.033325
345.098150
345.154925
345.303150
345.448500
345.638950
345.725700
345.838150
345.927675
346.048800
346.120025
346.267725
346.346625
346.407175
346.813300
346.873450
346.929300
347.200475
347.271775
347.591250
347.710150
347.796975
347.941400
348.043750
348.219650
348.342275
348.431875
348.548850
348.633650
348.868375
349.180250
349.523425
349.650400
349.813625
349.992850
350.161925
350.258300
350.374000
350.493450
350.712350
350.843700
350.992900
351.069950
351.155325
351.314450
351.395475
351.508075
351.739850
351.828400
351.985650
352.065425
352.201150
352.295550
352.389800
352.626025
352.717175
352.853575
352.963775
353.077925
353.184700
353.309600
353.405975
353.498150
353.669475
353.738550
353.912725
354.060350
354.165325
354.304550
354.477150
354.600100
354.747675
354.878375
354.919350
355.101375
355.170450
355.276725
355.376200
355.569750
355.670700
355.815700
355.921275
355.996000
356.101425
356.284825
356.377950
356.780225
356.907075
357.003275
357.183325
357.305300
357.447650
357.583075
357.662575
357.813000
357.896225
358.026750
358.116250
358.282575
358.363900
358.558700
358.602775
358.641475
358.933875
359.232350
359.359000
359.521000
359.598250
359.671850
359.769775
359.921625
360.097425
360.355025
360.452800
360.525375
360.639075
360.779950
360.898800
360.972400
361.054125
361.213200
361.276000
361.383500
361.736675
361.841900
361.927650
362.110400
362.252225
362.409125
362.553125
362.668650
362.769775
362.838500
362.967450
363.188800
363.275650
363.763650
363.968800
364.047825
364.213175
364.394200
364.489225
364.592625
364.764125
364.890175
365.078300
365.195475
365.341025
365.465450
365.626400
365.683575
365.803600
366.069375
366.214325
366.359900
366.542225
366.799200
366.874750
366.896675
366.932775
366.991450
367.307025
367.443775
367.977950
368.056600
368.162025
368.299450
368.402075
368.466375
368.601900
368.694225
368.770825
368.958525
369.267225
369.494075
369.739150
369.958675
370.114150
370.255475
370.348300
370.400425
370.509975
370.646000
370.742700
370.911500
370.999600
371.066850
371.157175
371.309425
371.407125
371.471700
371.527800
371.600775
371.798050
371.949025
372.102750
372.211925
372.383025
372.506225
372.741175
372.796925
373.054750
373.145950
373.343975
373.477675
373.579975
373.748675
373.863275
374.028950
374.182475
374.397575
374.678275
374.925550
375.181950
375.478475
375.696250
375.907025
376.031300
376.113025
376.311125
376.569200
376.721850
376.781900
376.944200
377.026450
377.281750
377.657200
377.767400
377.891700
378.101625
378.186725
378.337700
378.418350
378.520225
378.759775
378.956050
379.056300
379.200975
379.324875
379.444800
379.549375
379.665600
379.776125
379.878450
380.016600
380.104750
380.143875
380.176750
380.295875
380.377950
380.487800
380.661675
380.702200
380.757175
380.868000
381.048275
381.129950
381.287000
381.476075
381.499525
381.565025
381.645050
381.730950
381.915425
382.122050
382.381900
382.424025
382.482625
382.648350
382.880250
383.025525
383.077375
383.297975
383.503075
383.632375
383.783325
384.055350
384.210175
384.564125
384.731675
384.935525
385.113775
385.245000
385.317900
385.387925
385.518300
385.745400
385.907350
386.035275
386.220000
386.336075
386.532075
386.710300
386.779825
386.901100
387.145625
387.302525
387.378150
387.487600
387.713950
387.791300
387.871475
387.962425
388.069875
388.123075
388.237425
388.327600
388.432275
388.578425
388.660175
388.969575
389.055900
389.322150
389.490550
389.771975
389.916050
390.020350
390.481150
390.582150
390.687525
390.795725
391.020625
391.175625
391.257375
391.302775
391.426025
391.552900
391.590250
391.668025
391.841325
392.005875
392.199175
392.542225
392.850275
392.902425
392.980450
393.205700
393.372250
393.470975
393.649550
393.725875
393.958750
394.006775
394.279850
394.385500
394.555950
394.712575
394.846725
394.955150
395.010625
395.031900
395.224475
395.322475
395.423225
395.505875
395.614150
395.699575
395.829600
395.883625
396.406000
396.502725
396.587850
396.710175
396.852350
396.958475
397.135275
397.246750
397.372650
397.433900
397.451375
397.470000
397.614925
397.851000
397.962100
398.144600
398.224975
398.462350
398.500500
398.561650
398.764750
398.886075
399.115300
399.166275
399.228950
399.585750
399.634525
399.782800
399.851650
399.900250
399.949025
400.066700
400.218050
400.395350
400.563125
400.640125
400.695275
400.762975
400.820100
400.996825
401.033125
401.126850
401.149325
401.244025
401.308125
401.421750
401.538075
401.573225
401.760550
401.868000
401.937650
402.141375
402.332225
402.583375
402.711250
402.741025
402.823325
403.291575
403.433450
403.785700
403.920000
404.157625
404.274925
404.340800
404.376925
404.500500
404.700400
404.832350
405.291000
405.329350
405.423325
405.464275
405.527700
405.641775
405.704050
405.770650
405.831575
405.923500
406.131125
406.236175
406.257175
406.296225
406.491700
406.572950
406.606025
406.707075
406.816900
406.971125
407.045175
407.145050
407.226150
407.319400
407.431400
407.499725
407.698125
407.848675
408.068450
408.217050
408.351100
408.511300
408.657125
408.724950
408.749250
408.914825
409.060200
409.246575
409.323500
409.383725
409.519000
409.580100
409.698650
409.817275
409.883125
409.919375
410.072375
410.235225
410.396450
410.552300
410.637475
410.778200
410.855825
410.992800
411.116050
411.233650
411.340225
411.415725
411.517350
411.583200
411.729250
411.817400
411.940350
412.044500
412.145525
412.220525
412.364600
412.502225
412.603800
412.662100
412.765950
412.849500
413.090175
413.249275
413.311075
413.362975
413.460650
413.637150
413.701100
413.849800
413.948450
414.084750
414.170875
414.221225
414.289775
414.367175
414.496050
414.570500
414.630650
414.806700
414.970400
415.214500
415.261050
415.313975
415.379225
415.485800
415.599000
415.696600
415.895925
415.954225
415.983375
416.010050
416.097450
416.192125
416.340275
416.400375
416.460775
416.502650
416.616375
416.731075
416.925150
417.011225
417.172975
417.298150
417.485700
417.549675
417.747575
417.862525
418.012600
418.077050
418.139200
418.221475
418.275675
418.403425
418.472525
418.719025
418.856175
418.959000
419.071350
419.318400
419.450850
419.541550
419.729750
419.772725
419.967700
420.091550
420.160400
420.242375
420.453200
420.556325
420.636525
420.760000
420.930750
420.984450
421.314350
421.467525
421.554175
421.624000
421.837175
421.896450
421.958775
422.064900
422.241175
422.313925
422.395825
422.463175
422.618975
422.780400
422.878225
422.970750
423.083375
423.236350
423.450525
423.556775
423.700225
423.945050
424.038325
424.105125
424.172850
424.294775
424.416475
424.557775
424.669650
424.846550
425.058175
425.139150
425.228625
425.271250
425.421275
425.520100
425.642050
425.776675
425.911475
426.169625
426.359575
426.582550
426.700150
426.784250
426.932200
426.986000
427.096525
427.191875
427.382325
427.494575
427.738050
427.860650
428.005425
428.140175
428.281550
428.445150
428.623925
428.742350
428.869100
428.937850
428.971675
429.035525
429.207925
429.295425
429.454625
429.615625
429.747150
429.956575
430.220725
430.338075
430.470350
430.558575
430.656925
430.785025
430.888575
430.999550
431.085575
431.183000
431.282250
431.397425
431.510950
431.585925
431.712525
431.826425
431.908175
432.017550
432.221675
432.308800
432.376100
432.495850
432.600775
432.681750
432.782350
432.989750
433.230550
433.378975
433.475775
433.580850
433.681350
433.799000
433.905725
434.092200
434.277600
434.487450
434.549825
434.612875
434.678775
434.889150
435.065500
435.197750
435.259550
435.423000
435.493775
435.550000
435.677825
435.781275
435.918100
435.971275
436.017050
436.089750
436.323500
436.418175
436.495150
436.793175
437.077175
437.207325
437.319225
437.415825
437.551725
437.652725
437.786750
437.855625
437.963625
438.068300
438.160850
438.295950
438.405800
438.522400
438.626700
438.755850
438.831750
438.966100
439.021525
439.153600
439.260550
439.348850
439.460600
439.601250
439.744950
439.830475
440.017325
440.080225
440.121225
440.308200
440.393600
440.495825
440.620550
440.719050
440.836125
440.885275
440.967250
441.063150
441.168250
441.261175
441.540975
441.641775
441.736650
441.952075
442.256850
442.354100
442.427325
442.617950
442.803700
442.872325
443.085750
443.292125
443.416950
443.607625
443.736425
443.914325
444.023975
444.226425
444.287350
444.603450
444.756650
444.900975
445.047025
445.128425
445.241700
445.304175
445.388075
445.622600
445.747125
446.006950
446.257750
446.574475
446.657525
446.850275
447.040650
447.097850
447.211650
447.379200
447.505800
447.650550
447.727400
447.939025
448.006300
448.099100
448.220475
448.748575
448.839475
448.915525
449.057400
449.138625
449.242800
449.500275
449.571000
449.646125
449.843150
450.016975
450.328775
450.382700
450.538675
450.596450
450.759200
450.875375
450.957625
451.060550
451.111625
451.391300
451.620500
451.819950
451.907850
451.986775
452.017825
452.190200
452.490150
452.596950
452.740975
452.871800
452.989625
453.037800
453.141500
453.208875
453.340675
453.482700
453.610975
453.784725
453.866750
453.952100
454.100400
454.182400
454.644225
454.839750
454.927375
455.012750
455.156400
455.268100
455.552125
455.653925
455.820550
456.025575
456.106125
456.186700
456.352875
456.437125
456.692550
456.795325
456.945700
457.053125
457.184525
457.276400
457.433550
457.582425
457.783825
457.915675
458.087000
458.218500
458.524100
458.670775
458.761975
458.946250
458.978975
459.266850
459.459025
459.526175
459.685075
459.772100
459.979975
460.068175
460.183225
460.528050
460.603275
460.663000
460.803625
460.927600
461.275800
461.319925
461.357650
461.449625
461.540650
461.707750
461.901375
461.970750
462.074625
462.185250
462.224475
462.469975
462.611275
462.728175
462.905225
462.983850
463.168450
463.247875
463.315800
463.388800
463.428775
463.684875
463.804150
463.855250
464.183900
464.588250
464.658500
465.072250
465.145225
465.216650
465.412075
465.703650
466.290025
466.409400
466.577000
466.636725
466.726525
466.869000
467.066600
467.188275
467.568150
467.700850
467.908125
467.975525
468.068525
468.116100
468.260350
468.452050
468.589000
468.705200
468.961325
469.060000
469.129300
469.185350
469.506675
469.591600
469.712425
469.777075
469.832500
469.964475
470.176725
470.270900
470.332025
470.435900
470.554325
470.695925
470.848650
470.891575
471.093325
471.317400
471.473975
471.613525
471.710475
472.027200
472.134150
472.265475
472.355700
472.416975
472.446275
472.496025
472.531100
472.658275
472.724575
472.828675
472.986025
473.041075
473.236950
473.335700
473.514125
473.687450
473.746525
473.800325
473.824200
473.934975
474.093600
474.232350
474.370600
474.601825
474.807450
474.935400
475.148450
475.287350
475.501925
475.538775
475.646525
475.666250
476.015950
476.110625
476.439150
476.622925
476.716325
476.796400
477.173925
477.361325
477.432625
477.576775
477.739250
477.866900
477.947775
478.152575
478.216250
478.258900
478.367450
478.401375
478.667250
478.843400
478.867100
479.129750
479.230550
479.499325
479.568725
479.726650
479.758875
479.840325
479.903375
480.228925
480.331400
480.435875
480.574750
480.709850
480.797075
480.872875
480.962000
480.995550
481.070950
481.229475
481.410875
481.523350
481.778775
481.956925
482.035275
482.111175
482.380950
482.466050
482.828075
482.884875
482.916325
482.994725
483.242575
483.305725
483.363775
483.466550
483.596775
483.863775
484.078875
484.198325
484.281750
484.378400
484.460400
484.503975
484.576225
484.709125
484.783150
484.846125
484.905100
485.022675
485.111275
485.194300
485.454100
485.571400
485.710325
485.825075
485.908750
486.119300
486.281625
486.394750
486.527950
486.667300
486.725000
486.843175
487.015700
487.081375
487.229650
487.304700
487.333850
487.586850
488.018450
488.119925
488.195400
488.381625
488.425100
488.591850
488.690475
488.821950
488.879425
488.920600
489.039650
489.155725
489.253225
489.317875
489.456525
489.702350
489.798325
489.895375
490.148000
490.278050
490.332850
490.670050
490.733450
490.804450
491.073250
491.169925
491.250050
491.295750
491.496350
491.710450
491.786250
491.846225
491.961350
492.139750
492.303100
492.332825
492.359925
492.574700
492.797925
493.214050
493.533625
493.560875
493.713800
493.996975
494.046875
494.197875
494.370900
494.463875
494.681375
494.712675
494.792450
495.013950
495.161075
495.255400
495.314350
495.343575
495.427900
495.691775
495.808100
495.899350
495.993550
496.109475
496.220925
496.350525
496.438975
496.532150
496.622775
496.848900
496.939775
497.160725
497.240225
497.358500
497.468700
497.556800
497.705250
497.757075
497.846425
497.957625
498.116275
498.425775
498.526550
498.642400
498.703525
498.738450
498.877150
499.220100
499.321200
499.599375
499.670250
499.819150
500.030175
500.146275
500.257975
500.292600
500.429550
500.628425
500.730700
500.847200
501.040100
501.179925
501.388875
501.494900
501.607500
501.758850
501.813625
501.956675
501.993700
502.317375
502.559100
502.768075
502.902425
503.000300
503.120275
503.453800
503.662500
503.705225
503.826300
503.906400
503.954525
504.074025
504.250475
504.444500
504.657450
504.784025
504.822625
504.824525
504.905225
505.010575
505.089425
505.328225
505.462125
505.638925
505.685700
505.863275
505.917200
506.183375
506.239775
506.284550
506.646750
506.750175
506.841875
507.033875
507.266100
507.396550
507.686050
507.868175
507.981950
508.047975
508.084750
508.156650
508.195875
508.425625
508.719175
508.901975
509.013600
509.060700
509.106500
509.313400
509.349300
509.410650
509.690250
509.794000
510.108400
510.173850
510.242950
510.501700
510.523050
510.578075
511.042375
511.196950
511.368500
511.490400
511.606250
511.678175
511.794100
512.043100
512.201725
512.284125
512.447250
512.520850
513.064975
513.132650
513.230900
513.575150
513.619650
513.967375
514.138925
514.191150
514.501050
514.737250
514.821075
514.894350
515.022075
515.127575
515.295425
515.391800
515.424800
515.708375
515.730775
515.773325
516.132250
516.168675
516.223925
516.598525
516.690525
516.737575
516.768950
516.810550
517.107175
517.241100
517.439675
517.609850
517.742725
517.813250
518.107400
518.280600
518.381200
518.722025
519.285825
519.397775
519.446350
519.580300
519.757600
519.912600
520.100350
520.125450
520.530525
520.638250
520.957000
521.132575
521.343450
521.375625
521.477725
521.508525
521.701925
521.882550
522.135525
522.217575
522.389675
522.833625
522.885700
523.051775
523.216800
523.300075
523.361550
523.411000
523.892850
524.146275
524.306650
524.331825
524.378425
524.753025
524.787450
525.353900
525.866175
526.085975
526.371650
526.430300
526.600550
526.809475
527.072300
527.148000
527.199500
527.362500
527.488375
527.652850
527.761850
527.845125
527.886625
528.324975
528.578575
528.888175
529.182800
529.323675
529.356875
529.447800
529.494725
529.766675
529.809925
529.864225
529.911300
