0.317675
0.345675
0.478925
0.865400
0.908700
1.021275
1.070525
1.344000
2.043225
2.062175
2.553900
3.042325
3.061550
3.658375
3.761825
4.344550
4.359750
4.416650
4.557250
5.029950
5.105825
5.449825
5.753550
5.861700
5.930850
6.407050
7.023925
7.125900
7.241950
7.361400
7.574650
7.697025
9.267950
9.457175
9.521525
9.631450
10.644725
11.070200
11.223325
11.324600
11.420825
11.435050
12.254050
12.405250
12.541450
12.636925
13.460650
13.860600
13.910300
13.960825
14.292300
14.330275
14.394125
14.495825
14.531075
14.537350
14.618475
14.787150
15.282000
15.477200
15.843775
15.854550
16.327200
16.741150
17.140725
17.476975
17.593850
18.011850
18.129200
18.155350
18.710400
18.809900
18.893475
19.179175
19.260350
19.408500
19.426900
20.059375
20.076675
20.348000
20.370200
20.557725
21.033225
21.077575
21.572600
21.662025
21.892725
21.929000
21.965775
22.021100
22.147150
22.358825
22.537000
22.652975
22.665275
23.084825
23.493900
23.540675
24.072550
24.271875
24.448500
24.455275
24.480350
24.541500
24.680100
25.005050
25.091425
25.350325
25.519300
25.547925
25.865875
26.026600
26.138025
26.184825
26.439125
26.765750
26.929500
26.968550
27.016775
27.043975
27.123925
27.147425
27.156875
27.187275
27.213775
27.518700
28.371050
28.824250
29.275775
29.342800
29.364600
29.392250
29.509275
29.787875
29.872225
29.954450
29.976850
30.029425
30.071350
30.402175
30.448425
30.483500
30.496075
30.531575
30.703300
30.946100
31.030525
31.092850
31.158500
31.178750
31.193900
31.418975
31.462725
31.501850
31.910400
32.079125
32.122700
32.180625
32.468400
32.539325
32.632075
32.647125
33.132050
33.208025
33.706575
33.716100
33.739400
33.861050
33.930700
33.977525
34.081175
34.225825
34.871100
35.549725
35.698575
35.800800
36.055775
36.095225
36.514875
36.988625
37.367275
37.514675
37.531175
37.541475
37.572575
37.684700
37.716625
37.765800
37.838675
37.888675
38.428525
38.652950
39.012325
39.544975
39.782425
39.854875
39.955175
40.129075
40.304400
40.354325
40.387950
40.527275
40.741150
41.203575
41.345425
41.467525
41.489350
41.545950
41.705300
41.842025
41.880225
41.949200
41.984975
42.035950
42.140325
42.196250
42.308475
42.526825
42.563700
43.156650
43.196925
43.462025
43.539125
43.741000
43.784725
43.810600
43.877150
44.112600
44.339175
44.385000
44.585475
44.709875
44.796100
45.181725
45.439450
45.569100
45.928000
46.537950
46.677350
46.782725
46.832625
46.848950
46.938625
46.997650
47.402750
47.672150
47.694275
47.858400
48.147800
48.261350
48.331975
48.379075
48.484075
48.527775
48.918775
48.944325
49.000100
49.017175
49.099700
49.442050
49.478125
49.551525
49.684375
49.732400
50.043325
50.094750
50.534150
50.667675
50.960375
51.481700
51.664175
52.066000
52.116975
52.213675
52.262325
52.616775
52.773900
53.075500
53.089600
53.205625
53.448925
53.510000
53.570025
53.949325
53.964425
54.098875
54.532900
54.732325
55.567575
55.609550
55.836350
55.841900
55.883075
55.921150
56.348725
56.469575
56.722800
56.762600
57.052000
57.198350
57.436925
57.450975
57.557050
58.207050
58.445025
58.510225
58.564325
58.917525
58.963675
59.404725
59.658300
59.669300
60.045300
60.078975
60.128425
60.334025
60.371075
60.646200
60.912475
61.095250
61.383875
61.454800
61.468775
61.476350
61.818475
62.063425
62.169175
62.226300
62.470150
62.504150
62.606525
62.803225
62.927775
62.955350
62.972500
62.996375
63.139550
63.368150
63.533250
63.813000
63.996550
64.516050
64.571775
64.896200
64.930300
65.046250
65.175350
65.213475
65.873100
66.359750
66.389450
66.528775
66.855725
67.102400
67.219100
67.671000
67.886100
67.993250
68.131075
68.276800
68.301625
68.575400
68.669875
68.961375
69.050550
69.282975
69.291975
69.372500
69.497100
69.505050
69.577700
69.622450
69.919450
70.241425
70.682150
70.762300
71.478550
71.579350
72.090350
72.127275
72.276325
72.318725
72.374450
72.623275
72.804325
73.041750
73.056225
73.125100
73.177675
73.640925
73.765075
73.814425
74.012275
74.085550
74.271450
74.380400
74.648550
74.745575
74.768025
74.971650
75.401175
75.545875
75.696675
75.839275
75.855700
75.897875
75.982375
76.082850
76.476600
76.780900
76.997825
77.039575
77.094625
77.160800
77.245125
77.265450
77.380650
77.465300
77.524925
77.588600
77.679625
77.806625
77.836025
77.865150
77.876575
77.893700
77.912175
77.949200
77.963600
78.184200
78.215525
78.227675
78.284350
78.312975
78.336650
78.478800
78.705100
78.909925
79.219700
79.274825
79.485175
79.659225
79.670275
79.798875
79.842800
79.904125
80.040150
80.061025
80.151925
80.359575
80.545475
80.702400
80.880550
80.936750
80.972900
81.015450
81.322075
81.397200
81.443700
81.484550
81.517725
81.545900
81.623350
81.694625
81.746300
81.790100
82.039650
82.082550
82.114150
82.183775
82.197200
82.235225
82.323300
82.412200
82.440350
82.496350
82.677900
82.692075
82.702775
82.716050
82.731875
82.932700
82.984225
83.028425
83.072825
83.150950
83.207200
83.255600
83.264725
83.274250
83.528500
83.537875
83.688725
83.726125
83.811800
83.900150
84.038925
84.301025
84.363650
84.381025
84.529000
84.591050
84.608825
84.629400
84.686725
84.739225
84.801675
84.835250
84.886250
84.898800
84.912550
84.943950
84.997800
85.057025
85.386350
85.677575
85.712650
85.723975
85.749000
85.792275
85.969100
86.063125
86.131375
86.151500
86.204700
86.348525
86.457650
86.512600
86.545950
86.570000
86.592450
86.628200
86.649800
86.801950
86.926850
87.009625
87.589750
87.732900
87.751225
87.780225
88.026075
88.136250
88.203675
88.229525
88.569850
88.743600
88.779750
88.926025
89.115300
89.218750
89.247300
89.323550
89.438400
89.587500
89.726300
89.786475
89.811150
90.101150
90.266650
90.372425
90.452950
90.509450
90.529350
90.553850
90.668050
90.919450
91.022950
91.196125
91.403100
91.522475
91.571750
91.765650
91.874725
91.936000
91.966500
91.977850
91.987525
91.992775
92.020050
92.026125
92.042875
92.085650
92.216775
92.296000
92.306825
92.413275
92.459500
92.529475
92.800275
92.892725
93.022125
93.215275
93.223400
93.285425
93.900125
94.216175
94.254050
94.272075
94.325325
94.375650
94.565775
94.785150
95.095925
95.290075
95.378700
95.671125
95.690875
95.969750
96.079350
96.176175
96.290650
96.313825
96.430825
96.639275
96.761675
97.188550
97.258375
97.286000
97.294400
97.408675
97.511275
97.959825
98.030375
98.205100
98.292225
98.404175
98.495175
98.535175
98.592050
98.638275
98.656425
98.722050
98.975175
99.318650
99.456625
99.622000
99.944200
100.085950
100.156725
100.308500
100.361125
100.391950
100.549250
101.108625
101.214250
101.220625
101.369250
101.427050
101.581300
101.680850
101.904825
102.222825
102.398825
102.449175
102.459125
102.476650
102.530475
102.545800
102.586050
102.727750
102.836375
102.850400
102.888025
103.040675
103.063875
103.188350
103.387950
103.425350
103.643975
103.804500
103.826775
103.891825
103.941475
103.959825
103.985325
104.107900
104.208400
104.240075
104.308425
104.363175
104.713350
104.727725
104.746225
104.759675
104.769550
105.012375
105.074925
105.151775
105.191975
105.225425
105.375600
105.522225
105.725525
105.891650
105.904875
105.959000
106.182500
106.364475
106.382675
106.406850
106.665300
107.000300
107.096475
107.293800
107.432075
107.460450
107.487750
107.558750
107.681425
108.006800
108.030200
108.201150
108.270775
108.386950
108.426675
108.455350
108.496675
108.584450
108.931050
108.961850
109.014100
109.029325
109.213500
109.296800
109.352525
109.410600
109.530000
109.608950
109.710350
109.880375
109.941900
109.985675
110.033800
110.053300
110.073650
110.162075
110.208650
110.350850
110.462600
110.510100
110.593650
110.641100
110.656350
110.664425
110.674800
110.762725
110.775075
110.802475
110.884100
110.908925
110.931425
110.942275
111.188700
111.245350
111.395775
111.508650
111.578850
111.599275
111.613300
111.664425
111.784325
111.984025
112.011625
112.086875
112.173150
112.218300
112.257875
112.278150
112.295150
112.323200
112.351175
112.414725
112.467050
112.541850
112.581400
112.628200
112.717325
112.734050
112.797675
112.856950
112.872650
112.956150
112.987900
113.008600
113.064800
113.173000
113.199675
113.291175
113.324125
113.372025
113.426675
113.461075
113.535700
113.551100
113.590675
113.611450
113.630625
113.650650
113.678900
113.785800
113.853850
113.895175
113.945300
113.987275
114.026825
114.070200
114.141450
114.155075
114.166300
114.362150
114.648775
114.668950
114.686225
114.733775
114.761525
114.804450
114.817300
114.894250
114.994425
115.054525
115.103150
115.123475
115.151150
115.196850
115.319725
115.358650
115.417450
115.456025
115.497225
115.516700
115.539125
115.572850
115.593750
115.624675
115.663275
115.670450
115.734325
115.787575
115.928775
115.963550
116.155025
116.192175
116.212700
116.508975
116.609625
116.669925
116.946725
116.992525
117.034525
117.085875
117.162900
117.195050
117.224475
117.254775
117.441175
117.498050
117.588375
117.613700
117.703475
117.722025
117.754850
117.819850
117.843950
117.959600
118.039950
118.141375
118.215050
118.359450
118.401500
118.421125
118.430300
118.536175
118.607825
118.716975
118.789800
118.872475
118.898175
119.036300
119.325650
119.440775
119.509950
119.601550
119.648975
119.700400
119.723700
119.755925
119.825375
119.901650
119.921450
120.026000
120.169350
120.193450
120.298425
120.318375
120.515250
120.551475
120.593675
120.626950
120.659925
120.716100
120.738150
120.800150
120.847825
120.860175
120.901950
120.915325
120.925025
120.982275
121.011875
121.038325
121.071050
121.079750
121.112475
121.128350
121.243350
121.337750
121.346650
121.524225
121.572275
121.595275
121.609575
121.622050
121.683375
121.791675
121.901200
121.955150
122.064550
122.103875
122.166850
122.190050
122.245200
122.269925
122.302175
122.350825
122.399725
122.469625
122.490550
122.532800
122.558975
122.582225
122.608725
122.660850
122.704000
122.796050
122.827575
122.862925
122.899350
122.920825
122.933725
122.953625
122.974975
122.995325
123.011625
123.080975
123.090925
123.104050
123.128250
123.171200
123.183450
123.230200
123.244200
123.417275
123.429875
123.609900
123.703250
123.848450
123.902250
124.081450
124.176350
124.492825
124.628275
124.660575
124.800800
124.819000
124.876600
124.963175
125.094450
125.114975
125.182550
125.219800
125.243450
125.261100
125.294900
125.315800
125.349400
125.375575
125.392350
125.410900
125.440050
125.468400
125.519200
125.604075
125.618425
125.694225
125.748325
126.094775
126.118475
126.144125
126.178550
126.226450
126.237025
126.302450
126.642375
126.809850
126.966325
127.160225
127.197625
127.285625
127.380475
127.461750
127.526050
127.876300
128.176075
128.410800
128.552650
128.690275
128.747150
128.849625
128.873125
129.040425
129.049675
129.650650
129.811425
129.846775
130.222600
130.279925
130.290825
130.519050
130.595900
130.731350
130.805525
131.104100
131.168975
131.412775
131.595475
131.607300
131.656350
131.670550
131.681725
132.013575
132.033200
132.057425
132.062450
132.138550
132.415425
132.757400
132.816925
132.846100
132.886500
132.992800
133.047525
133.414500
133.442525
133.489075
133.507200
133.533700
133.573325
133.606625
133.830750
133.968750
134.033750
134.065450
134.124175
134.157325
134.182450
134.196050
134.242725
134.257150
134.289375
134.522350
134.595675
134.614275
134.636975
134.817600
134.922400
135.042050
135.054025
135.088100
135.120200
135.138850
135.159600
135.218200
135.250950
135.435000
135.590150
135.599600
135.681050
135.930675
135.990100
136.021575
136.066250
136.088275
136.112375
136.141500
136.208125
136.288075
136.410525
136.468875
136.553200
136.609900
136.626100
136.645075
136.675475
136.698375
136.740025
136.804850
136.826000
136.852075
136.902900
136.977800
137.003325
137.039925
137.100850
137.244400
137.311225
137.349050
137.384675
137.409700
137.498975
137.531725
137.659500
137.783050
137.809775
137.857625
137.925150
137.952300
137.996175
138.062200
138.099800
138.211125
138.300850
138.321325
138.397025
138.429275
138.490000
138.519425
138.581500
138.609675
138.628675
138.644875
138.663275
138.680475
138.697525
138.723000
138.749075
138.759075
138.858425
138.875300
138.900600
138.941950
138.979750
139.053350
139.103300
139.141975
139.152950
139.187775
139.204925
139.251950
139.260525
139.277800
139.299975
139.369550
139.457025
139.701550
139.775775
140.088150
140.208900
140.379500
140.443650
140.539775
140.593275
140.659600
140.747775
140.812175
140.941275
141.013450
141.048300
141.068400
141.209075
141.251025
141.542525
141.567725
141.591075
141.611675
141.674500
141.725450
141.775050
141.806875
141.824050
141.941950
142.127700
142.146550
142.168500
142.196425
142.226750
142.266775
142.305875
142.321225
142.355250
142.414150
142.472425
142.566150
142.579475
142.763725
142.798075
142.904575
143.295375
143.313025
143.384375
143.449275
143.539575
143.667225
144.010425
144.024425
144.104075
144.170475
144.182300
144.195600
144.246725
144.275950
144.458925
144.477225
144.544900
144.617500
144.659400
144.677725
144.714950
144.785600
144.866150
145.007300
145.183400
145.298075
145.454950
145.490650
145.584650
145.672775
145.766125
145.845675
145.876250
146.025400
146.041000
146.192925
146.212675
146.286075
146.368150
146.459975
146.544675
146.572400
146.756575
146.796200
146.920625
147.210775
147.295825
147.696250
147.730750
147.885450
147.929800
148.009275
148.242400
148.633100
148.718975
148.795100
148.842575
148.971675
149.036125
149.155775
149.319300
149.348475
149.371500
149.613250
149.828175
149.853100
149.858775
150.009625
150.360425
150.380900
150.469475
150.659575
150.980750
151.033800
151.114225
151.166700
151.225700
151.266875
151.316900
151.412575
151.652350
151.667750
151.822175
151.837825
151.842550
152.097800
152.262950
152.537650
152.699925
152.831125
152.936175
153.149200
153.200350
153.280275
153.313425
153.510500
153.669300
153.931700
154.008825
154.042850
154.079025
154.292275
154.455075
154.474175
154.494850
154.501850
154.525525
154.573675
154.678300
154.794225
154.924200
155.070400
155.109025
155.202450
155.358975
155.414050
155.595250
155.730750
155.792125
156.029775
156.045925
156.058725
156.167775
156.388325
156.418750
156.464200
156.654525
156.729800
156.781500
156.835275
157.136125
157.186525
157.433025
157.443200
157.525450
158.008675
158.217800
158.414550
158.630550
158.738000
158.806750
158.861625
158.947100
159.314675
159.327600
159.432275
159.525400
159.560475
159.585825
159.605750
159.721000
159.758750
159.849150
159.860925
159.904725
160.000325
160.080850
160.151075
160.200750
160.217700
160.273625
160.373050
160.404175
160.463800
160.570175
160.693775
160.718150
160.745550
160.796450
161.078825
161.131825
161.248675
161.282225
161.577225
161.607050
161.738400
161.764925
161.789100
161.815825
161.833700
161.848525
161.950400
161.990650
162.035950
162.065300
162.159375
162.335300
162.360550
162.551250
162.573575
162.595550
162.635975
162.758275
162.832200
162.868725
162.893525
163.058500
163.200525
163.211750
163.444450
163.640850
163.663450
163.714175
164.385275
164.598000
164.666400
164.849450
164.928375
165.002425
165.115650
165.358950
165.407600
165.867800
165.897450
165.918200
165.983950
166.095100
166.255075
166.578300
166.745425
166.790625
166.974900
166.998425
167.011400
167.100775
167.132650
167.222075
167.357400
167.439825
167.451825
167.517225
167.565900
167.687000
168.140025
168.447850
168.627375
168.672975
168.704050
169.181125
169.258800
169.808175
170.093400
170.258175
170.404025
170.458175
170.474650
170.501700
170.512475
170.549850
170.701750
171.024825
171.233650
171.295200
171.317500
171.369375
171.384400
171.420100
171.442875
171.498775
171.558450
171.758850
171.788725
171.808450
171.925375
172.328850
172.371800
172.396625
172.453400
172.493075
172.557475
172.598200
172.660150
172.686450
172.715900
172.726250
172.764500
172.777375
173.084750
173.359250
173.426600
173.680575
173.853525
173.865625
173.903925
173.963200
174.106350
174.120125
174.133650
174.383450
174.408175
174.685400
174.706675
174.933925
175.059450
175.088375
175.183225
175.254050
175.268850
175.430675
175.511700
175.572175
175.737550
175.761825
175.799325
175.838600
175.875150
175.893150
176.008325
176.021025
176.099950
176.247650
176.329725
176.370900
176.404900
176.432650
176.469000
176.480250
176.503500
176.552450
176.590375
176.651500
176.941400
176.982075
177.032675
177.073475
177.139550
177.162650
177.190300
177.255775
177.293850
177.325225
177.360825
177.372975
177.415250
177.488050
177.555925
177.667750
177.941300
177.976700
178.022050
178.042100
178.265075
178.352800
178.477150
178.525950
178.626625
178.950950
178.970600
179.064450
179.163375
179.179175
179.595975
179.608225
179.836625
179.970475
180.161050
180.218025
180.348675
180.408525
180.757725
180.958000
181.132450
181.361550
181.515250
181.642900
181.730950
182.252075
182.598850
182.637250
182.715575
183.019050
183.182900
183.237650
183.371125
183.582275
183.638700
184.331150
184.474775
184.783725
184.871600
184.918900
185.020275
185.124775
185.158075
185.281225
185.365475
185.379525
185.493000
185.530775
185.545775
185.660875
186.234050
186.292775
186.319175
186.401100
186.491925
186.527650
186.585200
186.825675
187.044025
187.103175
187.148750
187.158700
187.332200
187.358050
187.430525
187.507200
187.590025
187.619925
187.628475
187.702350
187.774775
187.925125
187.977900
188.018675
188.152175
188.205425
188.284200
188.591325
188.601800
188.615975
188.958100
188.969400
188.991225
189.086700
189.097800
189.141800
189.213375
189.265450
189.308400
189.441350
189.458075
189.779675
189.792000
189.806450
189.930025
189.948250
190.013350
190.058850
190.073975
190.083675
190.122175
190.408025
190.437650
190.474100
190.555425
190.647225
190.868125
190.939400
190.959025
191.074600
191.088500
191.124250
191.150025
191.195350
191.211475
191.225100
191.259875
191.401525
191.575275
191.670250
191.679600
191.719325
191.752125
191.873000
192.277850
192.307850
192.443675
192.602675
192.657525
192.691475
192.784600
192.933250
193.011475
193.052425
193.091300
193.106950
193.139425
193.148125
193.167575
193.287400
193.451600
193.832200
194.125800
194.194325
194.229525
194.314000
194.353025
194.376150
194.406525
194.421150
194.440450
194.458475
194.582050
194.647450
194.686875
194.714100
194.777400
194.837550
194.853875
194.867325
194.880225
194.926900
194.941450
195.153975
195.188050
195.199850
195.214925
195.229125
195.265725
195.408250
195.628325
195.647675
195.667450
195.683000
195.707925
195.726875
195.833625
196.023250
196.164525
196.189325
196.226025
196.248625
196.535300
196.594650
196.705325
196.744425
196.765650
196.813400
196.839225
196.872975
196.895500
196.939875
197.007800
197.066025
197.457750
197.469050
197.524450
197.564825
197.623250
197.814725
197.859350
197.923950
197.960650
198.024150
198.172850
198.186525
198.261100
198.329125
198.364700
198.409225
198.422000
198.446875
198.473775
198.493175
198.621225
198.642900
198.712425
198.800375
199.033800
199.259075
199.284650
199.461800
199.704725
199.720250
199.784800
199.790725
199.831750
