0.036500
0.077250
0.115350
0.149750
0.344950
0.413725
0.502775
0.527250
0.568750
0.673000
0.730725
0.820675
1.018050
1.080100
1.101575
1.117550
1.160650
1.163825
1.185400
1.304750
1.347775
1.418200
1.453900
1.483400
1.505050
1.513875
1.524175
1.567875
1.692525
1.799700
1.846450
1.872125
1.910575
1.976800
2.168925
2.224700
2.352550
2.393250
2.400525
2.563200
2.609350
2.652325
2.687850
2.753725
3.061275
3.100450
3.142850
3.244750
3.247500
3.263000
3.314050
3.433100
3.519275
3.557775
3.571875
3.589250
3.678575
3.985575
4.127900
4.190900
4.242525
4.387675
4.428450
4.436775
4.500000
4.682075
4.724350
5.032250
5.037475
5.157775
5.437600
5.506600
5.547975
5.599675
5.648250
5.699300
6.046750
6.170775
6.292425
6.363150
6.619725
6.632975
7.041750
7.146325
7.648650
7.755175
7.766300
7.785400
7.790350
7.792450
7.874850
7.971050
8.021100
8.064750
8.135375
8.262825
8.391125
8.439300
8.562950
8.628600
8.711925
8.793025
9.045125
9.309100
9.343925
9.589675
9.667850
9.707725
9.720125
9.742325
9.755900
9.810975
10.145250
10.176250
10.292875
10.331500
10.402800
10.473525
10.510025
10.611350
10.686450
10.744625
10.797725
10.823600
10.948325
11.007900
11.116825
11.158050
11.438625
11.453125
11.636425
11.992725
12.015425
12.044300
12.107575
12.374750
12.464075
12.470325
12.472300
12.481575
12.489800
12.496225
12.506475
12.509600
12.544250
12.567975
12.628900
12.743375
12.974525
13.081525
13.175425
13.176975
13.196625
13.213550
13.286650
13.349475
13.502300
13.670475
13.772575
13.901425
14.089375
14.153900
14.191975
14.213225
14.302750
14.612450
14.619700
14.784575
14.867150
15.020525
15.105150
15.157450
15.230000
15.294700
15.487775
15.627225
15.676900
15.815325
15.928075
15.952150
16.178375
16.219225
16.242025
16.387875
16.401900
16.460900
16.474700
16.634750
16.699150
16.723075
16.791475
17.092500
17.138375
17.150925
17.204250
17.266325
17.366175
17.518400
17.525575
17.573250
17.601025
17.902925
17.907075
17.955375
18.148375
18.158400
18.183700
18.210775
18.246300
18.323050
18.448950
18.520025
18.572975
18.662375
18.753275
18.919325
18.953725
18.977150
19.031350
19.207375
19.296275
19.352250
19.394075
19.426050
19.669350
19.746950
19.781225
19.837050
19.909575
20.020950
20.049150
20.153800
20.485975
20.559325
20.666450
20.688725
20.882150
21.048575
21.102650
21.200650
21.243700
21.444325
21.488900
21.570550
21.719425
22.108750
22.268525
22.370800
22.414100
22.685650
22.856950
22.911600
22.930975
22.934850
22.965050
23.022500
23.279000
23.639550
23.697150
23.724925
23.904350
24.026675
24.052675
24.066200
24.158075
24.214250
24.265825
24.321350
24.415275
24.448025
24.483175
24.497500
24.518850
24.684550
24.849600
24.862450
24.935900
24.943875
25.105175
25.154475
25.189900
25.196225
25.316725
25.440200
25.538150
25.698100
25.711750
25.731900
25.791775
25.793050
25.804625
25.817675
25.845225
26.047400
26.111900
26.117600
26.134050
26.151875
26.259675
26.369725
26.390850
26.732975
26.744475
26.778250
26.788075
26.843075
27.009125
27.040825
27.209825
27.579125
27.594650
27.676800
27.808375
27.832700
27.957100
27.999475
28.058400
28.155675
28.189975
28.371625
28.531775
28.665700
28.822175
28.831000
28.882175
28.952325
29.080050
29.119250
29.166350
29.293025
29.333025
29.361350
29.446925
29.481650
29.519675
29.594000
29.641275
29.685425
29.868750
29.877250
29.961125
30.007325
30.046775
30.071225
30.090025
30.104800
30.168150
30.462775
30.494025
30.524550
30.726475
30.747500
30.758575
30.795725
30.899250
30.994675
31.025275
31.200750
31.218350
31.253550
31.270075
31.294625
31.338125
31.492775
31.721575
31.750425
31.860075
31.923200
32.053550
32.153925
32.541300
32.580225
32.624500
32.636125
32.682100
32.735300
32.787025
32.878150
32.972225
33.011375
33.076025
33.094450
33.106150
33.140100
33.141875
33.337850
33.591650
33.628925
33.651250
33.890200
33.899550
33.937400
33.950250
34.280875
34.322525
34.390525
34.456275
34.821700
34.897200
34.931425
34.969575
35.241725
35.316800
35.395275
35.434600
35.487175
35.642075
35.792050
36.192400
36.281975
36.359700
36.577700
36.822775
36.833625
36.879825
36.887350
36.938125
36.974250
37.139225
37.196000
37.232975
37.247800
37.255950
37.268475
37.283900
37.371475
37.534700
37.604075
37.647325
37.720550
37.745225
37.842125
37.890750
38.071025
38.127600
38.290175
38.318600
38.468150
38.494475
38.591350
39.031900
39.070600
39.097000
39.111950
39.185150
39.257475
39.307175
39.821200
39.878325
39.936675
39.961250
39.978375
40.124200
40.264425
40.854725
41.061975
41.104625
41.124550
41.187225
41.200925
41.285025
41.567825
41.661700
41.676575
41.818700
42.019550
42.099900
42.106650
42.138025
42.149150
42.212850
42.253675
42.396200
42.531675
42.591375
42.629700
42.887100
43.093025
43.206500
43.234150
43.258200
43.315225
43.715500
43.721425
43.850550
44.047725
44.250425
44.387675
44.535875
45.085100
45.267700
45.332850
45.410925
45.715375
45.769325
45.780775
45.894525
46.021125
46.092025
46.227375
46.610325
46.755725
46.922775
47.001350
47.009550
47.011025
47.284275
47.765675
47.830200
47.857100
48.105075
48.375175
48.392175
48.415675
48.430700
49.029725
49.138400
49.439575
49.527475
49.700725
50.101550
50.581400
50.908775
50.929875
51.439300
51.741025
51.953950
52.610675
52.680850
52.750525
53.037225
53.834325
54.697375
54.719250
54.842550
55.214000
55.226625
55.265700
55.417175
55.469975
55.654000
56.331075
56.460575
56.837875
56.895250
57.295100
57.907650
58.398650
58.729475
60.375150
60.466925
60.473375
60.594000
60.921725
61.050300
61.444700
61.650550
61.673400
61.715900
61.926450
61.942525
61.955475
62.141500
62.223475
62.342300
62.482250
62.594225
62.605950
62.689575
62.703375
62.714025
63.130350
63.264300
63.449575
63.638700
63.656300
64.076825
64.222200
64.442150
64.587875
64.603950
64.808125
64.950100
65.104800
65.262100
65.287700
65.321650
65.936100
66.003425
66.104150
66.166025
66.439475
66.506425
66.818450
66.855900
66.870400
67.101450
67.247000
67.379325
67.544275
67.686675
67.876600
67.893425
67.902025
67.965100
68.002075
68.095900
68.393900
68.395025
68.433475
68.438925
68.492425
69.050400
69.245875
69.474675
69.612125
69.665225
70.079825
70.234200
70.673950
70.698125
71.078950
71.122125
71.141175
71.593000
71.992550
72.019100
72.483950
72.637450
72.813100
72.856975
73.582600
73.618350
73.833675
73.957650
74.203650
74.467225
74.582075
75.048725
75.593850
75.630150
75.824375
76.027300
76.306350
76.504725
76.536975
76.550350
76.584325
76.604675
76.946050
77.089700
77.142875
77.281850
77.327375
77.931300
78.169700
78.230350
78.324900
78.369650
78.449475
78.486075
78.618100
78.757900
78.836075
78.953675
79.244325
79.350500
79.488325
79.562950
79.694500
79.839300
80.002275
80.067200
80.369100
80.512550
80.570525
80.672350
80.904950
80.944050
80.973725
81.885650
81.912725
82.154800
82.340100
82.604600
82.665575
82.822600
83.243550
83.393175
83.631900
83.780475
83.852400
83.999450
84.009150
84.064225
84.401225
85.023775
85.085525
85.516700
85.529075
85.540725
85.702250
85.842175
85.952475
86.488200
86.719450
86.754275
86.838025
86.852800
86.864175
86.962750
87.218200
87.871550
88.556225
88.639300
88.896400
89.028700
89.050625
89.066175
89.106050
89.176075
89.307550
89.355575
89.580025
90.022175
90.052425
90.096650
90.471500
90.756975
90.836825
90.938200
91.412025
91.570375
91.608300
91.819725
92.256275
92.339425
92.763575
92.894550
92.980775
93.270600
93.423250
93.516475
93.565000
94.134500
94.427375
94.691250
95.138875
95.178150
95.371050
95.605400
95.683825
95.887500
95.984575
96.569825
96.798625
97.337200
97.500875
98.034850
98.164925
98.307950
98.388025
98.479550
98.835825
98.878150
99.276800
99.299875
99.638050
99.881725
100.049050
100.246475
100.375150
100.640900
101.195075
101.837075
101.880350
101.957500
102.007025
102.357150
103.224425
103.497950
103.740225
104.237900
104.282875
104.643700
105.105500
105.830925
106.110475
106.646525
106.675050
107.196475
107.197600
107.425100
107.485875
107.568950
107.921675
108.262600
108.441150
108.622925
109.379050
109.608075
109.642650
110.125600
110.181500
110.379200
110.401550
110.440075
112.605725
112.619000
113.156825
113.191225
113.423875
113.507925
114.196475
114.307425
114.658800
114.905075
114.989775
115.191925
115.406725
115.443050
116.342200
116.829575
117.830300
118.254425
119.107650
119.327350
120.297650
120.304700
120.337575
121.042225
121.097450
122.061100
122.238825
122.266050
123.876000
123.954350
123.988950
124.169800
124.396350
124.485175
124.619775
125.300175
125.671550
126.422800
126.597025
127.064175
127.113075
127.204100
127.622650
128.477100
128.783600
129.045475
129.125575
129.538275
129.833850
130.747350
131.391825
131.569050
132.459400
133.455675
134.655900
134.933075
135.277725
135.388825
135.743050
136.350075
136.921350
136.926325
137.340075
137.356900
137.514075
138.442050
139.041975
140.041800
140.857075
140.977575
141.255725
141.622950
141.740600
142.058725
142.588050
144.187575
145.668075
145.802425
145.833850
145.926125
146.106000
146.329050
147.714975
148.107575
148.361100
149.104475
149.245725
149.281375
149.775200
150.347650
151.474875
152.730925
152.990575
153.156700
154.102925
155.381850
156.039825
156.605075
157.406550
161.037525
161.584625
161.896325
162.750200
163.401875
163.766775
164.844300
164.950925
165.509000
165.559550
167.939050
167.978125
168.631425
168.833925
169.257675
170.175500
170.598500
171.265500
172.717075
172.867150
173.032800
173.362000
174.051100
174.276975
175.644350
176.549525
177.280000
177.628100
177.734400
178.837325
181.041475
185.097850
185.315950
186.205925
186.231700
187.997450
189.985450
189.986575
191.250500
191.545650
191.561575
191.667700
191.683175
191.695050
191.854350
192.106950
192.727175
192.919200
192.960300
193.285175
195.312600
195.673825
196.456400
196.680025
196.840575
197.132700
197.956800
199.017750
199.830075
200.163050
200.453300
200.717700
201.143625
203.569200
203.596600
206.266925
206.644250
207.117350
207.142025
208.551975
208.568950
209.101400
209.663100
209.922325
211.318975
212.881575
213.776125
214.692925
219.493400
220.803900
227.186425
227.279325
227.858975
228.324725
228.444100
228.697500
229.239675
229.975575
230.412300
231.974850
233.014225
236.825750
241.026225
241.142025
241.379750
241.624375
242.200575
242.213375
242.872875
243.238100
243.967075
244.329925
245.180750
245.338625
251.368900
251.405025
256.943225
257.621075
260.030300
260.189175
263.130800
265.329300
265.530225
266.226925
266.780225
267.495875
270.715500
271.492825
274.661350
275.049675
275.169950
275.329275
276.064300
276.461600
276.593550
276.835000
277.753075
277.780550
278.158375
279.922275
280.695250
281.541625
282.229800
282.444475
282.777175
283.576850
285.728925
286.384200
286.709825
287.123975
287.145850
289.865125
290.218700
290.457675
290.652000
292.203325
292.814475
292.908050
294.287475
294.784625
296.015900
296.512725
297.014300
297.210200
297.682475
299.552950
300.435950
300.448100
300.465300
301.109525
305.531025
307.189175
307.651025
307.860675
310.460450
311.694750
313.307550
314.234825
314.465750
315.354925
315.988850
317.029200
317.691675
318.213000
318.306000
320.700000
321.178350
321.360725
321.857675
322.943300
322.994725
323.114400
324.415325
324.567050
325.377025
326.114125
326.148550
327.868925
328.230600
328.428675
329.010675
330.324500
331.187400
332.166650
332.251625
332.329975
333.452075
333.601275
333.641950
334.117075
336.141025
336.543025
339.496575
342.094775
343.625550
346.588025
348.952300
350.386450
350.688525
351.709850
352.357675
353.326525
353.580875
353.631850
355.266500
356.604100
358.623000
358.900475
358.933300
359.039700
