0.025025
0.050425
0.141325
0.252000
0.358950
0.451525
0.594975
0.660200
0.729950
0.821925
0.836725
0.915375
0.952350
1.072550
1.139900
1.224600
1.273275
1.359425
1.399900
1.511100
1.602925
1.670375
1.892375
1.977725
2.079100
2.100200
2.256550
2.306100
2.363025
2.451275
2.544050
2.696950
2.746675
2.956925
3.022575
3.206325
3.279950
3.375050
3.506900
3.566750
3.759050
3.842125
3.914650
4.026725
4.133725
4.255650
4.480350
4.665775
4.791125
4.835875
4.880225
4.972325
5.098400
5.158950
5.232775
5.387625
5.471775
5.524525
5.617450
5.670025
5.780125
5.862475
6.008600
6.063650
6.171700
6.288575
6.413925
6.541100
6.599075
6.771375
6.895750
6.926125
6.966600
7.038600
7.101575
7.204450
7.304300
7.528650
7.612600
7.731825
7.794350
8.096100
8.170725
8.258750
8.473325
8.648450
8.699600
8.761975
8.891975
8.947150
9.005725
9.110375
9.211900
9.221375
9.276525
9.288100
9.352700
9.425175
9.727550
9.770325
9.926625
9.978975
10.056250
10.128475
10.176250
10.299100
10.354550
10.479775
10.524750
10.574350
10.594150
10.630975
10.666400
10.714675
10.820900
10.872150
10.908875
10.948850
10.984825
11.027050
11.061400
11.110225
11.159300
11.190125
11.267250
11.328650
11.340225
11.377175
11.404775
11.448325
11.462225
11.506275
11.569900
11.610300
11.643600
11.674375
11.711700
11.727450
11.769625
11.793525
11.861575
12.034200
12.042275
12.078900
12.115400
12.124375
12.210500
12.259550
12.338800
12.397625
12.418175
12.458000
12.637600
12.726300
12.762750
12.841725
12.872575
12.913200
12.961400
13.058475
13.136450
13.165725
13.236875
13.333800
13.377625
13.396000
13.425700
13.435650
13.479775
13.546050
13.593425
13.632850
13.705525
13.729750
13.756025
13.820750
13.955025
14.024800
14.072200
14.162650
14.171650
14.210050
14.392625
14.474950
14.580275
14.592600
14.663225
14.700725
14.751125
14.819125
14.881650
14.923975
14.988950
15.038375
15.111875
15.118575
15.243875
15.354175
15.457775
15.500350
15.562100
15.657675
15.716300
15.753225
15.818575
15.835275
15.885325
15.931650
15.983475
15.993750
16.114725
16.190550
16.325400
16.411050
16.487500
16.626575
16.694050
16.739775
16.907375
17.057200
17.103800
17.121650
17.306900
17.383800
17.446575
17.526025
17.582425
17.654400
17.704650
17.740850
17.816250
17.856750
17.905550
17.972550
18.048050
18.090350
18.145925
18.257350
18.348550
18.405750
18.466075
18.609925
18.664825
18.714975
18.849225
18.894900
18.963625
19.053850
19.136575
19.207525
19.251100
19.274525
19.291200
19.415600
19.466275
19.505900
19.537600
19.584650
19.631775
19.660350
19.726300
19.772550
20.024475
20.061975
20.108700
20.186275
20.326600
20.382725
20.497575
20.608150
20.706625
20.738875
20.822650
20.863200
20.916700
20.945425
21.006300
21.096525
21.120175
21.157900
21.202450
21.274100
21.361125
21.428375
21.623100
21.667800
21.736625
21.785475
21.883650
21.943850
22.036400
22.098950
22.149450
22.258125
22.322600
22.363425
22.406450
22.485525
22.546350
22.605250
22.659775
22.749700
22.814125
22.877575
23.005300
23.138325
23.252775
23.384075
23.453900
23.539950
23.568875
23.611400
23.655900
23.696100
23.713900
23.762150
23.892525
23.947050
24.054525
24.227800
24.278825
24.313800
24.415625
24.509850
24.580375
24.636275
24.660350
24.745450
24.790950
24.961425
25.092025
25.222350
25.311425
25.408850
25.510875
25.561175
25.620400
25.676675
25.774200
25.863200
25.907850
25.957475
26.035275
26.092800
26.152375
26.221325
26.306475
26.377250
26.592000
26.642550
26.667975
26.705800
26.764275
26.829725
26.909800
26.957100
27.018375
27.088675
27.132300
27.206625
27.342950
27.431425
27.506425
27.822600
27.864050
27.908450
28.039950
28.146650
28.170425
28.240050
28.295675
28.361275
28.431725
28.520600
28.607225
28.671975
28.765375
28.901075
28.943750
28.987375
29.072225
29.123900
29.188575
29.237325
29.646100
29.759325
29.812350
29.836775
29.882075
29.927550
30.004975
30.089450
30.172675
30.194075
30.280825
30.334350
30.433050
30.526425
30.658325
30.689700
30.748400
30.782400
30.983825
31.069900
31.189875
31.313825
31.466925
31.523375
31.559075
31.726975
31.803075
31.866200
31.953325
32.004100
32.049850
32.089225
32.124625
32.156575
32.180525
32.248875
32.271400
32.309250
32.365075
32.408625
32.451175
32.494475
32.524000
32.554500
32.584150
32.670475
32.700600
32.733550
32.802325
32.842675
32.880575
32.910625
32.980300
33.009850
33.038875
33.144425
33.181875
33.225800
33.274450
33.299200
33.353475
33.534275
33.566725
33.725975
33.814700
33.839525
33.934875
33.990925
34.035750
34.061625
34.158925
34.189050
34.215000
34.246200
34.279875
34.335275
34.391225
34.437100
34.507425
34.559050
34.626675
34.670375
34.701050
34.732700
34.783875
34.828200
34.874850
34.937500
35.004825
35.083100
35.159050
35.211600
35.302725
35.352500
35.423600
35.482100
35.550950
35.595950
35.687950
35.732125
35.796950
35.891575
36.001750
36.034425
36.094550
36.177875
36.258600
36.335550
36.346450
36.391450
36.445050
36.475125
36.515700
36.537200
36.651275
36.768100
36.808625
36.842500
36.884250
36.931125
36.982550
37.046950
37.104900
37.154675
37.197075
37.234450
37.260675
37.331175
37.394825
37.475550
37.526075
37.547475
37.802425
37.821225
37.864275
37.906225
37.954775
38.186425
38.216300
38.270825
38.327125
38.390400
38.447625
38.502500
38.588925
38.699775
38.804425
38.890975
39.139975
39.196725
39.288600
39.424125
39.461900
39.540925
39.580550
39.638750
39.710600
39.779150
39.834450
39.860325
39.914250
39.983600
40.113875
40.185825
40.256750
40.327475
40.396175
40.423675
40.460375
40.540550
40.642200
40.787625
40.845575
40.899275
40.974650
41.066550
41.177725
41.238775
41.321350
41.551275
41.608450
41.684550
41.817100
41.854775
41.894800
41.921775
42.156925
42.216675
42.309375
42.427350
42.450075
42.481675
42.535075
42.610725
42.709425
42.753175
42.809100
42.854225
42.896100
42.916050
43.066750
43.152800
43.181425
43.241700
43.320175
43.348275
43.412225
43.489825
43.599025
43.694625
43.797825
43.905250
43.975075
44.062450
44.122325
44.245050
44.290075
44.361400
44.486200
44.819775
44.865425
44.902350
44.973850
45.102525
45.228325
45.291425
45.378200
45.430325
45.589100
45.765450
45.825550
45.879975
45.960400
46.077275
46.117950
46.227150
46.319950
46.409050
46.465325
46.516975
46.613500
46.686250
46.758875
46.768825
46.859125
46.978300
47.052275
47.129750
47.167600
47.204900
47.297450
47.411875
47.462200
47.492100
47.543375
47.549625
47.561250
47.600050
47.612225
47.642975
47.666875
47.687625
47.717975
47.723325
47.775700
47.777025
47.795175
47.838325
47.844750
47.890050
47.930450
48.110675
48.111875
48.144000
48.312900
48.395275
48.416775
48.496650
48.523350
48.562275
48.610275
48.735525
48.781825
48.841275
48.887275
48.989775
49.029275
49.119700
49.215800
49.288125
49.319850
49.408925
49.467200
49.478550
49.547925
49.602800
49.604150
49.612125
49.648925
49.658350
49.717050
49.761100
49.790700
49.793475
49.850400
49.920075
49.932275
49.974400
50.028975
50.117875
50.128850
50.169475
50.173900
50.328525
50.477075
50.582100
50.613775
50.677500
50.713700
50.737400
50.759775
50.812950
51.224100
51.263250
51.312325
51.346575
51.496575
51.720150
51.823575
51.993200
52.000125
52.158175
52.189525
52.206775
52.245550
52.413175
52.461175
52.603300
52.634450
52.689150
53.054700
53.110650
53.235200
53.288125
53.420500
53.494725
53.615475
53.759550
53.807325
53.858700
53.978775
54.087675
54.104375
54.128075
54.180950
54.279950
54.324350
54.373850
54.399125
54.477400
54.531700
54.560750
54.647625
54.652475
54.702150
54.716450
54.802225
54.858375
54.939475
55.047925
55.126100
55.223950
55.325800
55.371025
55.435450
55.511275
55.566575
55.601425
55.628875
55.685350
55.738350
55.773300
55.870975
55.924750
55.968200
56.083825
56.277050
56.305250
56.351775
56.395700
56.473300
56.569325
56.617800
56.672025
56.750675
56.837825
56.945800
56.964700
57.041075
57.076025
57.116350
57.174200
57.231350
57.276025
57.302825
57.365175
57.398250
57.426225
57.439625
57.510875
57.683800
57.802200
57.941925
57.996425
58.139800
58.242875
58.340775
58.386825
58.437325
58.479425
58.550725
58.596075
58.705875
58.742275
58.818825
58.906725
58.957025
59.035875
59.074325
59.104325
59.196850
59.259225
59.314375
59.317650
59.376525
59.423925
59.510625
59.670250
59.727400
59.756075
59.812975
59.990500
60.242625
60.360600
60.471200
60.538200
60.579325
60.655800
60.797625
60.860425
60.906575
61.038225
61.094950
61.113125
61.184575
61.246125
61.507950
61.589825
61.625975
61.680150
61.716975
61.749775
61.781500
61.829325
61.840725
61.849150
61.884600
61.896600
61.942475
62.030375
62.037925
62.162350
62.329100
62.382225
62.430900
62.544025
62.589550
62.641300
62.843725
62.888275
62.911025
62.988450
63.029400
63.119025
63.206350
63.219075
63.275400
63.316950
63.355750
63.450750
63.512300
63.554975
63.647775
63.737075
63.746275
63.925375
63.999425
64.065125
64.106175
64.121975
64.389125
64.544825
64.610975
64.693475
64.754950
64.886475
65.042250
65.099050
65.110225
65.133000
65.152350
65.154775
65.222225
65.301025
65.312200
65.323775
65.397375
65.433100
65.463575
65.504875
65.652900
65.758200
65.774375
65.778825
65.821900
65.885700
65.924025
65.944600
65.991150
66.082750
66.120825
66.134175
66.242175
66.303600
66.327150
66.401550
66.494825
66.513000
66.598375
66.713300
66.714300
66.755250
66.860775
66.909875
67.043050
67.089625
67.113050
67.147900
67.160425
67.204775
67.271950
67.399425
67.432025
67.448850
67.483175
67.512525
67.559550
67.638450
67.724775
67.832250
67.853075
67.949975
67.981025
67.983750
68.077125
68.121775
68.192275
68.204575
68.230350
68.301300
68.332900
68.392675
68.455300
68.581475
68.684750
68.808675
68.856300
68.896200
68.899875
69.040050
69.159800
69.296250
69.349300
69.380075
69.484625
69.610600
69.655850
69.706875
69.757450
69.836250
69.839700
69.898700
70.105125
70.130600
70.211875
70.259450
70.464025
70.524025
70.556500
70.636875
70.841500
70.924225
70.993325
71.160525
71.198400
71.208500
71.243900
71.316225
71.481875
71.590150
71.640225
71.723100
71.767825
71.800750
71.874875
71.885650
71.946050
72.006275
72.047850
72.105325
72.213050
72.262275
72.312075
72.391825
72.442575
72.463350
72.501175
72.552325
72.587600
72.744175
72.829625
72.891475
72.969475
72.979300
73.026075
73.088250
73.162875
73.258600
73.273200
73.297925
73.399275
73.534725
73.591175
73.630900
73.699750
73.761725
73.786775
73.793300
73.844525
73.908500
73.980075
74.021600
74.124275
74.209525
74.243725
74.354900
74.404575
74.495675
74.580400
74.645775
74.674675
74.773125
74.878675
74.973950
75.030150
75.101300
75.192025
75.282125
75.335450
75.349350
75.429800
75.551475
75.644725
75.713100
75.749850
75.797850
75.823375
75.875800
75.920225
76.003575
76.051750
76.090725
76.166875
76.249325
76.262725
76.307650
76.362375
76.428300
76.487775
76.637175
76.696275
76.710900
76.763525
76.835500
76.882400
76.981925
77.029850
77.120275
77.144250
77.317700
77.414575
77.468550
77.589975
77.698050
77.785625
77.835050
77.919850
77.947550
78.082200
78.138525
78.463900
78.528325
78.625350
78.720750
78.855150
78.878750
78.936450
79.099450
79.111250
79.221500
79.389525
79.494050
79.530600
79.558975
79.617025
79.683450
79.717175
79.772675
79.844625
79.849700
79.879150
79.919275
79.969250
80.071975
80.105300
80.132050
80.143550
80.253875
80.307150
80.387950
80.517150
80.602950
80.633500
80.680250
80.740700
80.803850
80.864425
80.905650
80.911100
80.991650
81.065200
81.146650
81.250350
81.343500
81.438325
81.499650
81.570275
81.619600
81.699525
81.736675
81.750600
81.804150
81.860825
81.943675
82.258825
82.274750
82.334150
82.337775
82.369400
82.461325
82.535950
82.642450
82.651525
82.683425
82.721725
82.832875
82.907450
82.970950
83.088900
83.199275
83.252950
83.255350
83.379900
83.386200
83.646600
83.757775
83.944675
84.043325
84.099800
84.494375
84.555525
84.629275
84.700850
84.802125
84.863125
84.914475
84.921550
84.976400
85.028400
85.032750
85.085100
85.187800
85.227200
85.305950
85.356625
85.398875
85.467250
85.519375
85.551050
85.629850
85.672725
85.812600
85.906000
86.069575
86.164475
86.208825
86.293225
86.422250
86.516375
86.662900
86.726275
86.866575
86.969250
86.971600
87.034425
87.073625
87.194000
87.221200
87.335575
87.383625
87.471150
87.528550
87.530675
87.532550
87.592700
87.705600
87.767500
87.838300
87.880600
87.964475
88.040100
88.209600
88.315800
88.388950
88.508325
88.710275
88.789600
88.918200
88.951450
89.061225
89.243950
89.279925
89.296125
89.305575
89.366700
89.588625
89.635075
89.666375
89.708300
89.728050
89.824675
89.875575
89.957650
90.006950
90.322775
90.331550
90.361875
90.392475
90.425075
90.468125
90.531500
90.641100
90.718650
90.790775
90.820125
90.899925
90.969175
90.970900
91.050725
91.104550
91.135875
91.178675
91.288000
91.346400
91.416450
91.455250
91.501375
91.516600
91.581175
91.717275
91.790550
91.812800
91.825275
91.854350
91.905175
91.939025
91.978975
92.034825
92.068625
92.124775
92.209450
92.236975
92.269400
92.353450
92.440500
92.445525
92.469300
92.501125
92.546700
92.579000
92.621850
92.639850
92.653800
92.683850
92.714450
92.783975
92.890950
92.909825
92.966550
92.998225
93.101000
93.189525
93.237600
93.278200
93.313250
93.315375
93.324975
93.363125
93.408975
93.463625
93.542350
93.588950
93.599125
93.658100
93.706125
93.790025
93.888250
93.950825
94.009900
94.076025
94.138125
94.182650
94.239600
94.293425
94.357950
94.413650
94.473000
94.540625
94.570050
94.623450
94.656900
94.808800
94.850075
94.982600
95.080725
95.427475
95.502675
95.568700
95.630975
95.663800
95.672650
95.746600
95.808975
95.847825
95.873750
96.021950
96.174900
96.259950
96.308675
96.387175
96.446450
96.485425
96.541575
96.561650
96.606650
96.672600
96.724925
96.793775
96.796650
96.869150
96.944075
97.253350
97.287450
97.343275
97.396750
97.426550
97.454775
97.543225
97.620775
97.685000
97.717450
97.731425
97.777000
97.848400
97.870250
97.890925
97.976250
97.994550
98.018625
98.074350
98.187800
98.248675
98.272200
98.322525
98.364875
98.407775
98.457250
98.489900
98.518100
98.553925
98.647850
98.752700
98.781475
98.915375
98.954350
98.973500
99.027125
99.126550
99.180425
99.223400
99.268675
99.315025
99.340550
99.380550
99.449075
99.581875
99.631925
99.700750
99.738050
99.747075
99.818825
99.878300
99.933125
99.988825
100.025725
100.073700
100.139750
100.257525
100.266475
100.400325
100.452425
100.512275
100.570250
100.647325
100.768125
100.836725
100.839850
100.841950
100.928325
100.993750
101.074950
101.103500
101.163300
101.318125
101.372000
101.446850
101.452950
101.509200
101.598150
101.638250
101.682900
101.765075
101.909950
101.968200
102.035650
102.099050
102.175375
102.267325
102.402300
102.507325
102.541150
102.621000
102.705200
102.779925
102.820675
102.886650
103.016750
103.080250
103.191950
103.229100
103.272475
103.320950
103.451250
103.564550
103.596525
103.634425
103.640200
103.658400
103.704975
103.751200
103.791025
103.838325
104.146650
104.253100
104.343275
104.428850
104.449575
104.507525
104.550275
104.605850
104.675625
104.806225
104.841675
104.923275
104.953900
105.025925
105.102200
105.137025
105.147600
105.148950
105.177400
105.250300
105.276650
105.307375
105.365450
105.471375
105.504400
105.560625
105.599900
105.660725
105.742450
105.779675
105.871350
105.925525
106.063600
106.150325
106.221250
106.278350
106.328150
106.484200
106.564975
106.616675
106.623075
106.644875
106.657550
106.678300
106.690950
106.695150
106.758775
106.803900
106.864100
106.934400
107.020175
107.106650
107.191000
107.301325
107.376150
107.489100
107.512825
107.559375
107.594625
107.709475
107.781250
107.861975
107.904350
107.943825
107.975275
108.126175
108.165750
108.286850
108.464325
108.488475
108.678350
108.743700
108.835150
108.878250
108.952850
109.019075
109.162025
109.187250
109.309575
109.333925
109.387375
109.479750
109.555050
109.636000
109.825050
109.895275
110.012475
110.114300
110.184575
110.283225
110.366200
110.589475
110.770275
111.152475
111.190475
111.428375
111.441100
111.451025
111.455700
111.463975
111.502225
111.539600
111.601925
111.633550
111.661600
111.685650
111.708575
111.753450
111.784825
111.835900
111.840075
111.879200
111.892875
111.924050
111.969400
112.016875
112.093000
112.110125
112.125050
112.180100
112.182400
112.244350
112.320725
112.396525
112.429475
112.471875
112.498150
112.544525
112.576425
112.596775
112.682250
112.794600
112.835075
112.871850
112.877125
112.903475
112.923575
113.017500
113.018850
113.052975
113.099625
113.199700
113.265500
113.297050
113.369450
113.388200
113.452325
113.490275
113.567450
113.642475
113.695950
113.747525
113.756700
113.780325
113.877475
113.934000
113.965450
114.008750
114.021950
114.073050
114.149525
114.204400
114.254575
114.282950
114.311250
114.344575
114.387275
114.446800
114.505375
114.555000
114.634725
114.638075
114.680900
114.716950
114.761250
114.766625
114.791250
114.876425
114.954850
114.995625
115.026750
115.094850
115.128125
115.241125
115.304675
115.342025
115.401325
115.536925
115.554925
115.580975
115.694500
115.715600
115.749000
115.796500
115.839075
115.962100
116.018300
116.027800
116.054075
116.119975
116.173300
116.178775
116.196050
116.203900
116.210850
116.236950
116.295375
116.346425
116.375550
116.403475
116.433375
116.457425
116.490900
116.530625
116.559625
116.575800
116.655075
116.707275
116.729550
116.760225
116.801925
116.809025
116.829125
116.853950
116.889075
116.958025
117.038575
117.062000
117.087400
117.112000
117.157575
117.218400
117.287275
117.331225
117.382475
117.394925
117.403000
117.482925
117.518150
117.552175
117.570800
117.629250
117.719425
117.802975
117.860825
117.920800
118.026850
118.061050
118.064950
118.109750
118.217425
118.243800
118.314650
118.368450
118.447325
118.488225
118.528900
118.618150
118.747725
118.796850
118.835325
118.891400
118.929050
119.023225
119.069300
119.213625
119.263750
119.313925
119.477975
119.520700
119.554350
119.614125
119.629950
119.644750
119.660525
119.722275
119.817125
119.866375
119.965275
120.023325
120.095975
120.199800
120.267100
120.326100
120.487400
120.612125
120.659675
120.802300
120.862650
120.901900
120.940200
121.035775
121.045325
121.146300
121.246150
121.364575
121.437375
121.483300
121.547375
121.584225
121.647775
121.656175
121.689925
121.748900
121.806750
121.877125
121.925475
122.029825
122.068675
122.105450
122.162750
122.165125
122.231575
122.265750
122.330825
122.397825
122.449825
122.497525
122.531975
122.635950
122.691275
122.704700
122.768375
122.831550
122.865450
122.912625
123.000375
123.051875
123.108075
123.210075
123.269425
123.322825
123.384450
123.456425
123.508000
123.597100
123.603875
123.634175
123.697175
123.839025
123.873950
123.914725
123.983400
124.028550
124.040700
124.080675
124.129000
124.186775
124.356500
124.361125
124.439800
124.456200
124.488075
124.533325
124.645350
124.668350
124.689125
124.733200
124.797350
124.816550
124.880225
124.882050
124.960525
125.071850
125.128925
125.209600
125.350850
125.465000
125.549300
125.591925
125.655150
125.692550
125.719825
125.797425
125.848475
125.866875
125.909100
125.953750
126.046200
126.260425
126.370350
126.457625
126.648325
126.690800
126.732825
126.784975
126.802050
126.834925
126.909050
126.950125
127.021000
127.067225
127.092225
127.116200
127.133425
127.147575
127.183525
127.214700
127.241225
127.267150
127.374650
127.397625
127.411950
127.430050
127.453425
127.538275
127.582100
127.653600
127.679925
127.726125
127.751575
127.822100
127.827900
127.860175
127.911350
127.960175
128.033750
128.058475
128.082350
128.128150
128.158975
128.214250
128.246675
128.296875
128.364725
128.384475
128.415925
128.434800
128.467600
128.506250
128.552850
128.620900
128.677375
128.717500
128.762900
128.805675
128.861675
128.946725
128.979875
129.005100
129.104275
129.136900
129.177750
129.226025
129.254175
129.306600
129.364700
129.449925
129.517425
129.570375
129.624425
129.659350
129.695700
129.740325
129.824550
129.885700
129.907375
130.031025
130.076100
130.146525
130.227200
130.281725
130.362925
130.394425
130.424100
130.498450
130.527025
130.574350
130.618100
130.635025
130.665300
130.723000
130.812000
130.832700
130.887125
130.925775
130.965225
130.967800
130.988550
131.030875
131.040975
131.043950
131.079200
131.130675
131.288625
131.356950
131.433300
131.467350
131.543400
131.557575
131.585825
131.615950
131.644175
131.658875
131.672550
131.680800
131.696325
131.790600
131.872650
131.897425
131.908650
131.922800
131.929450
131.970375
131.976450
131.998350
132.028325
132.143825
132.165725
132.226625
132.379250
132.417750
132.428350
132.485150
132.509650
132.561575
132.585900
132.624350
132.745400
132.795675
132.816125
132.852450
132.857600
132.906175
132.907550
132.924275
132.976175
132.999825
133.029575
133.094800
133.117150
133.122675
133.148575
133.169275
133.194100
133.227300
133.259875
133.290575
133.339325
133.373475
133.399275
133.487625
133.489350
133.554875
133.589450
133.594750
133.637375
133.668625
133.686900
133.738950
133.789850
133.810625
133.831775
133.884625
133.955375
133.974100
133.983800
134.104475
134.138075
134.151675
134.227600
134.312900
134.328675
134.343500
134.346425
134.521800
134.556300
134.640275
134.703250
134.769550
134.828225
134.877925
134.890725
134.975200
135.017700
135.021475
135.044400
135.058750
135.172950
135.177425
135.213250
135.227050
135.394025
135.457250
135.553875
135.579675
135.619800
135.662650
135.785125
135.857850
135.881850
135.887100
135.903625
135.917525
136.049875
136.115300
136.193850
136.278450
136.326300
136.420125
136.434200
136.474800
136.515625
136.536175
136.687125
136.763575
136.785650
136.844025
136.883175
136.904175
136.927050
136.985325
137.001125
137.018550
137.093000
137.112475
137.134375
137.217975
137.244600
137.261825
137.267225
137.331750
137.365500
137.398200
137.440975
137.527425
137.573175
137.652125
137.702950
137.728350
137.743825
137.746475
137.777325
137.833575
137.907300
137.974475
138.019425
138.020950
138.035775
138.067000
138.150850
138.153675
138.190775
138.229625
138.279250
138.434050
138.537850
138.614950
138.664625
138.906175
138.963750
139.001425
139.085875
139.144400
139.155800
139.209125
139.311300
139.490450
139.563700
139.618125
139.672750
139.705175
139.739950
139.756675
139.841275
139.963225
139.994750
140.074750
140.228375
140.295325
140.383625
140.512150
140.656000
140.751550
140.826200
140.878875
140.984625
141.013750
141.019150
141.150750
141.202400
141.275750
141.388725
141.408025
141.453975
141.474475
141.506200
141.707300
141.785475
141.840625
141.917575
142.011075
142.186350
142.252950
142.433725
142.466250
142.507175
142.559700
142.618750
142.727525
142.740175
142.899475
143.177600
143.209775
143.340350
143.381475
143.469325
143.524025
143.560850
143.640300
143.752900
143.772150
143.817500
143.888350
143.957325
143.967975
144.012400
144.020925
144.060175
144.099375
144.139050
144.155125
144.187725
144.238100
144.288550
144.357650
144.409525
144.502875
144.545725
144.613375
144.636100
144.673100
144.769525
144.835800
144.888225
145.003800
145.087125
145.169425
145.183725
145.316975
145.329150
145.451350
145.453050
145.523225
145.591750
145.635025
145.660600
145.704700
145.810900
145.898500
145.913525
145.934825
145.951175
145.976175
146.009475
146.045200
146.070000
146.157225
146.455975
146.515950
146.570350
146.575075
146.596625
146.635800
146.752475
146.893850
147.004275
147.107250
147.149225
147.165250
147.202775
147.260775
147.308125
147.453525
147.532925
147.583450
147.698275
147.750750
147.797100
147.892425
148.009750
148.062200
148.121750
148.158100
148.227750
148.242400
148.275825
148.350050
148.408700
148.544425
148.571625
148.603125
148.705775
148.742375
148.795575
148.810775
148.837775
148.915400
148.969700
148.984400
149.018475
149.068625
149.106950
149.231625
149.261850
149.355125
149.427850
149.493875
149.507050
149.597800
149.642550
149.680475
149.771975
149.863775
150.031300
150.111400
150.185725
150.267675
150.354625
150.360900
150.386250
150.407375
150.442625
150.453900
150.495150
150.641825
150.725700
150.792200
150.963875
151.023250
151.127075
151.243075
151.245925
151.309025
151.326050
151.409800
151.482575
151.609675
151.621875
151.706250
151.755475
151.855675
151.902550
152.027250
152.071800
152.183450
152.191675
152.205350
152.270650
152.332275
152.349300
152.405450
152.490100
152.525175
152.568350
152.613025
152.702525
152.713625
152.777775
152.839100
152.841025
152.843875
152.883000
152.896275
153.000100
153.036275
153.108425
153.114775
153.162400
153.242525
153.283175
153.309700
153.332775
153.365900
153.444425
153.484075
153.558875
153.628400
153.687325
153.728550
153.774225
153.880375
153.955550
154.025300
154.087625
154.150725
154.210625
154.312775
154.360100
154.495325
154.508425
154.532800
154.617400
154.677550
154.729575
154.849775
154.916200
154.922800
155.015425
155.045200
155.077875
155.182850
155.323675
155.379575
155.416125
155.463375
155.485450
155.530050
155.593675
155.634475
155.669475
155.737125
155.781975
155.873525
155.956425
156.024300
156.051400
156.075900
156.164200
156.294800
156.354950
156.442625
156.524075
156.568625
156.606625
156.653625
156.692050
156.755425
156.814475
156.843400
156.948625
156.965125
157.016450
157.114300
157.227550
157.331825
157.355100
157.407525
157.423375
157.519925
157.529900
157.597500
157.611575
157.650275
157.701350
157.703475
157.748375
157.834400
157.922675
157.976800
158.040425
158.097875
158.136700
158.189950
158.411225
158.457575
158.510200
158.622525
158.640875
158.664575
158.794325
158.970175
159.108875
159.142575
159.254550
159.368200
159.454975
159.506800
159.576300
159.598775
159.665950
159.735050
159.916725
159.986950
160.070250
160.090575
160.128425
160.151675
160.227675
160.268675
160.390175
160.416925
160.469900
160.510125
160.561975
160.595375
160.634875
160.659075
160.753725
160.807450
160.862500
160.923600
161.016225
161.074975
161.130325
161.180950
161.239150
161.273225
161.322150
161.372150
161.463000
161.503750
161.538400
161.548900
161.584425
161.603375
161.637925
161.700075
161.758150
161.787600
161.830750
161.884825
161.942900
162.024050
162.074500
162.084700
162.139550
162.185775
162.246175
162.294650
162.371875
162.435375
162.525650
162.541675
162.607875
162.625575
162.681350
162.728675
162.762600
162.876450
162.889350
162.926700
162.973625
163.028850
163.040725
163.088275
163.114125
163.166200
163.215850
163.328075
163.441725
163.538025
163.562825
163.651925
163.730700
163.789200
163.879825
163.905500
164.007275
164.124475
164.175175
164.180050
164.242725
164.295100
164.376075
164.461200
164.504625
164.607425
164.670775
164.722600
164.844350
164.852025
165.053025
165.174200
165.274250
165.280350
165.365025
165.366875
165.443075
165.521025
165.618700
165.667450
165.749750
165.815125
165.885725
165.914100
165.925175
166.047825
166.091450
166.115375
166.159175
166.206025
166.245700
166.293575
166.299250
166.328625
166.368625
166.453250
166.460900
166.486725
166.491275
166.522950
166.604325
166.658625
166.701350
166.756425
166.787200
166.821125
166.881725
166.942150
166.980675
167.078850
167.120850
167.176875
167.217075
167.257450
167.321350
167.370050
167.374400
167.410750
167.517575
167.601675
167.636900
167.692450
167.731225
167.744025
167.792675
167.808250
167.909350
167.935750
167.959625
167.963600
168.060500
168.132100
168.273300
168.356050
168.442875
168.451025
168.546425
168.623450
168.736000
168.770400
168.842925
168.923975
168.986525
169.041450
169.043075
169.061350
169.134375
169.177350
169.227250
169.280200
169.298000
169.425200
169.517700
169.561775
169.618825
169.697025
169.775700
169.789000
169.876075
169.931650
169.959700
169.980625
170.066700
170.073550
170.106875
170.168750
170.184525
170.253875
170.269700
170.309500
170.325600
170.363850
170.410150
170.489350
170.537225
170.621075
170.654100
170.743875
170.769900
170.929250
170.951950
170.953450
170.987975
171.043500
171.140225
171.218325
171.314125
171.384375
171.443075
171.461100
171.512375
171.582150
171.583825
171.633775
171.747975
171.814675
171.865575
171.962650
171.964900
172.109500
172.161950
172.242775
172.265025
172.327225
172.390850
172.428175
172.552775
172.605500
172.761375
172.781675
172.824225
172.878150
172.927450
172.975600
173.015500
173.020500
173.061250
173.105025
173.154125
173.265575
173.338200
173.392150
173.440325
173.601375
173.629150
173.667300
173.680850
173.722250
173.791425
173.793225
173.844250
173.897150
173.960825
173.979825
174.150150
174.207950
174.281075
174.355800
174.435475
174.645575
174.778175
174.809375
174.864125
174.974975
175.059125
175.170900
175.289175
175.359225
175.389625
175.416875
175.486325
175.495700
175.581650
175.640850
175.687950
175.740900
175.765100
175.867475
175.958175
175.970950
175.989025
176.071075
176.111175
176.153475
176.193775
176.342475
176.387350
176.431725
176.481425
176.520450
176.536875
176.669200
176.762600
176.817950
176.904725
176.961050
177.111225
177.113625
177.195125
177.230250
177.320075
177.385425
177.486200
177.503525
177.549575
177.617950
177.650800
177.684600
177.760900
177.823000
177.849600
177.930575
177.963150
177.996075
178.017575
178.054950
178.101800
178.146750
178.149775
178.177725
178.256950
178.334200
178.387975
178.411000
178.462750
178.474550
178.520250
178.561100
178.612100
178.619075
178.712750
178.729250
178.744950
178.760275
178.807400
178.842600
178.855300
178.887700
178.954300
179.009075
179.017900
179.046400
179.111350
179.129200
179.154050
179.208725
179.253375
179.265500
179.288750
179.304850
179.312300
179.352350
179.447125
179.547200
179.581775
179.620400
179.650700
179.729775
179.791925
179.839800
179.874100
179.941900
179.963300
179.979325
180.007725
180.047600
180.081875
180.128025
180.159125
180.188325
180.232250
180.328325
180.370975
180.403050
180.451125
180.500225
180.535250
180.610150
180.671325
180.726400
180.813275
180.876975
180.961000
180.967400
181.012550
181.049025
181.070750
181.104050
181.154200
181.168825
