0.390125
0.650350
1.012125
1.094700
1.235525
1.257275
1.482900
1.514450
1.568125
1.574775
1.897700
2.006125
2.888925
3.250075
3.297800
3.532800
3.575475
4.059500
4.165900
4.187725
5.330150
6.081050
6.395950
6.633675
7.087300
7.835375
8.382225
8.654875
9.145775
9.167475
9.632450
9.671775
9.927100
10.279425
10.895550
10.995125
11.368250
11.532650
12.243250
12.274775
12.457600
12.795250
13.380675
13.505350
14.089225
14.548800
15.266525
15.286325
15.466675
16.364350
17.271700
17.927675
18.204750
18.784700
18.814100
19.066100
19.273525
19.416625
19.494850
20.779350
20.808275
20.996550
21.140500
21.255350
21.837425
22.190125
22.490900
22.788450
22.932225
23.083750
23.199875
23.597250
23.652700
23.666750
23.681575
24.113900
24.173050
24.367225
24.949600
25.187925
25.362700
25.473100
25.893000
26.789450
26.891625
27.041175
27.203525
28.080975
28.207175
28.351125
28.676625
29.511275
29.965200
29.988375
30.150625
30.581525
30.758950
30.848350
32.051525
32.700350
32.775525
32.834675
33.008200
33.634050
34.186075
34.293200
34.345425
34.380675
34.521350
34.674025
35.699225
36.030700
36.646550
37.203975
37.626500
38.006350
38.659025
39.341175
39.375450
39.485550
39.715600
39.804750
39.967575
40.008875
40.049600
40.217150
40.816525
41.531125
41.788850
42.073225
42.631725
43.214075
43.467800
43.906725
44.196625
44.203800
44.364600
45.707825
45.742050
45.955125
46.143500
46.495225
47.464500
47.478500
47.502900
47.835950
47.887850
48.384850
48.478275
48.661150
49.599425
49.937450
50.270250
50.500550
50.563875
52.108425
52.152800
52.859050
52.916850
53.661575
54.495200
54.575950
54.818750
54.872025
54.926325
55.783500
56.379050
56.691250
57.724200
57.858975
58.754575
59.455075
59.556575
59.800100
59.894075
60.182100
60.242475
60.284900
60.318625
60.399000
60.528050
60.576700
60.918725
61.144500
61.151650
61.252425
61.574075
61.609475
62.676050
62.807275
62.834625
63.067850
63.310050
63.963625
64.162075
64.348625
64.370975
65.168850
65.523675
66.606200
67.334625
67.518400
67.621700
67.720650
67.846950
68.162825
68.434325
68.466625
68.494025
68.534825
68.615425
68.639700
68.841525
69.309650
69.896050
70.199750
70.534900
70.677575
71.021000
71.282200
71.632500
71.666725
72.168000
72.691125
72.821100
73.110475
73.424000
73.556050
73.935425
73.949800
74.124050
74.653075
74.735450
74.864075
74.909875
75.348400
75.377125
75.555200
75.563250
75.704375
75.743800
75.902950
76.426850
76.606475
77.026325
77.359800
77.395750
77.618200
78.502525
78.513125
79.175800
79.318675
79.927500
80.326850
80.762175
80.816475
81.202000
81.646525
81.768475
82.195575
82.584250
82.863725
84.534500
84.661775
84.838225
85.250725
85.446550
86.798375
86.816525
87.005150
87.736975
87.995275
88.037175
88.514225
88.655500
89.201850
89.369325
89.372275
89.578075
89.627850
89.719400
89.792150
89.815700
90.104275
90.117900
90.124550
90.246925
90.599225
90.711825
92.195450
93.512850
93.733300
94.084600
94.289075
94.386050
94.423975
96.083250
96.220025
96.263450
96.315950
96.441125
96.466475
96.860975
97.647625
97.878300
97.957600
98.501700
98.520025
99.157575
100.561600
100.593925
100.722950
100.930550
101.011825
101.238225
101.386300
101.433150
101.605225
101.660075
101.930950
101.981350
102.175400
102.263950
102.482900
102.893725
102.938175
103.191450
103.380400
103.588150
103.758350
104.050450
104.474750
104.557900
104.709150
104.751475
105.181475
105.222650
105.304825
105.730925
107.034350
107.123325
107.629375
107.876825
108.453600
108.499575
108.732075
108.788200
109.071675
109.076850
109.550150
109.631625
109.666850
109.869425
109.923850
110.870175
110.941000
111.046775
111.711200
112.110825
112.202200
112.338750
112.372000
112.556225
112.660900
113.332775
113.356625
113.882175
113.970925
113.991350
114.059625
115.178525
115.513225
115.989975
116.031125
116.054500
116.120525
117.241450
117.410050
117.458700
117.555300
117.641275
117.676050
118.170250
118.383875
119.630550
120.021950
120.803075
120.903200
121.099550
121.159725
121.347800
121.418225
121.507150
121.517525
121.809700
122.193675
122.314075
122.382025
122.555650
122.679225
123.099550
123.889000
124.751075
124.981675
125.284975
125.373250
125.773700
126.164200
126.246900
126.361650
126.391300
126.662100
126.729600
127.290775
127.712500
127.795125
128.236600
128.667875
128.772100
129.074800
129.127600
129.367675
129.456100
129.503000
129.538300
129.623425
130.043700
130.171675
130.283525
130.411450
130.735050
130.842500
131.498975
131.771775
131.890025
132.890325
133.030000
133.181925
133.322225
133.476775
133.720575
133.727900
133.801425
134.324475
134.383625
134.726575
134.758275
134.926850
134.953925
134.977475
135.078300
135.098875
135.233350
135.424625
135.871450
135.907250
135.957775
135.984825
136.697250
136.714725
136.759575
136.793500
137.008850
137.125900
137.190275
137.311500
137.863950
137.911375
137.999975
138.221700
138.542450
138.550125
138.565300
138.958950
139.171750
139.302200
139.561950
139.673575
140.218550
140.524175
140.639500
140.746600
140.861450
140.945800
141.005125
141.047375
141.375525
141.601850
141.698400
141.946450
142.101975
142.154625
142.950300
143.471275
143.492500
143.514475
143.539075
143.574650
143.587200
143.666850
144.257550
144.904925
144.970350
145.100475
145.231050
145.278475
145.621300
145.883525
146.112300
146.293225
146.905725
147.131925
147.187825
147.420625
147.645325
148.055425
148.163675
148.242500
148.996125
149.036225
149.376450
149.393025
149.631575
149.657875
149.796800
150.141925
150.267050
150.465075
150.677775
150.696725
150.883700
150.963500
151.030125
151.167675
151.537000
151.560800
151.665850
151.795850
151.913125
151.959600
152.637225
152.648125
152.930825
153.291950
153.624925
154.556850
154.977800
155.129775
155.698950
155.840425
156.123750
156.185875
156.725475
157.011800
157.031475
157.086950
157.610700
157.966625
158.475950
158.504700
158.576325
158.860925
159.719125
159.821700
160.125550
160.315000
160.321525
160.685650
160.756675
161.101975
162.163050
162.187300
162.537300
162.971275
163.116600
163.133200
163.652550
163.797825
163.826725
163.835475
164.536075
165.407625
165.808200
166.009275
166.021425
166.102575
166.315150
166.740800
166.849375
167.272350
167.390925
167.562725
168.060375
168.433925
169.462600
169.765900
170.624425
170.940825
171.118350
171.491400
172.417575
172.784825
173.006875
173.030325
173.114525
173.226400
173.478325
173.550850
173.821025
174.168900
174.526950
175.354625
175.416325
175.768650
175.968425
176.018425
176.117025
176.318975
176.699975
176.813475
177.104575
177.192200
177.257325
177.453850
178.069550
178.140975
178.298100
178.723750
179.220150
179.251825
179.306400
179.480850
180.155850
180.493800
180.542425
180.729075
180.766050
181.064600
181.480475
181.571250
181.835875
182.062675
182.111000
182.231200
182.711400
182.718975
182.741475
182.805750
183.236950
183.493775
183.517200
184.388475
184.677725
184.882900
184.895975
184.916275
184.964125
185.323775
185.427700
185.481575
185.951475
185.973425
186.245575
186.283275
186.451600
186.846125
186.877400
187.240900
187.604175
187.837400
187.946150
188.193975
188.451550
188.596500
188.705950
188.883000
189.881950
190.501000
190.704850
190.807500
190.889025
191.241100
191.358300
191.443000
191.664075
191.703575
191.813200
191.941900
192.128400
192.722125
192.754975
192.908200
193.003025
193.220575
193.266325
193.429325
193.608625
193.933050
193.976700
194.065900
194.095550
194.170950
194.199300
194.274625
194.399375
194.426000
194.837200
195.102875
195.234475
195.895275
196.062375
196.202525
196.326375
196.427150
196.445350
196.677975
196.703825
196.747175
197.016900
197.257600
197.393175
198.605300
198.986975
199.373625
199.527000
199.639550
199.857600
200.034500
200.279450
200.509925
200.762275
200.876775
201.300350
201.850475
201.970850
201.996525
202.269175
202.324175
202.457175
202.858350
203.386250
204.153250
204.423425
204.567500
204.601350
205.353275
205.415750
205.586825
205.680725
205.711075
205.808425
205.935100
205.955350
206.428625
206.608975
206.621675
206.810700
207.070750
207.101200
207.350550
208.409325
208.461575
208.657175
208.669850
208.675000
208.780850
209.851350
209.917125
209.987500
210.318100
211.317125
211.605050
212.179150
212.603225
212.972800
213.328000
213.491250
213.560425
214.264650
214.362275
214.524675
214.541850
214.580675
214.730750
214.777500
215.055375
215.167425
215.237000
215.291175
215.462950
216.276700
217.418475
217.455600
217.494475
217.564950
217.627000
217.691100
217.746400
218.415050
218.713900
218.865725
219.253975
219.289975
219.301625
219.471875
219.521675
220.101775
220.485150
220.578000
220.638100
221.175600
221.531650
221.783500
222.448300
222.521650
222.746700
222.811625
222.841225
223.088475
223.491300
223.689000
223.792575
224.327750
224.836950
225.134475
225.390525
226.862375
226.922600
227.376850
227.475900
227.914300
228.047975
228.248725
228.460725
229.356175
229.372375
229.380050
229.959850
230.107200
230.318275
230.398325
230.476725
230.722675
230.750275
230.823500
231.097900
231.737475
232.189025
232.307750
232.326050
232.631125
233.248725
233.505650
233.752225
233.839825
233.949850
234.076075
234.588750
234.653375
234.760800
235.311075
235.540625
236.276400
236.510075
236.825375
236.945675
237.558425
237.715325
237.751050
237.883600
237.910475
238.328875
238.365475
238.615000
238.659525
239.599475
239.651600
239.812125
239.957375
240.350575
240.376950
240.419200
241.050475
242.029025
242.216875
242.699600
242.821275
242.903500
243.022800
243.754525
244.385700
245.142075
245.282750
245.425650
246.223250
246.500350
246.669100
246.974200
247.021075
247.055050
247.541700
247.581600
247.880350
247.969825
249.016025
249.080025
249.234275
249.401325
249.432125
249.579800
249.647550
249.778075
250.025975
250.246175
250.425500
250.595700
251.200150
251.464675
251.557625
252.283600
252.406500
252.503250
252.730175
253.252300
253.290975
253.580100
253.797975
253.894550
253.927300
254.302225
254.473775
254.598775
254.925700
255.090400
255.362500
255.708550
256.035650
256.106000
256.218000
256.301125
256.549425
256.613675
257.175375
257.691525
257.887525
258.048500
258.090250
258.219000
258.350000
258.478825
258.560625
258.694775
258.777875
258.853000
259.036525
259.097550
260.135100
260.230800
261.621500
261.905625
262.065650
262.099975
262.425725
262.444850
262.489150
262.501400
262.926100
263.125900
263.351950
263.622875
263.664775
263.823100
263.869350
264.022600
264.321675
264.655400
264.910550
265.231225
265.389225
265.501200
265.640675
265.685475
265.765275
265.982550
266.050675
266.138125
266.385225
266.572525
266.997575
267.533500
267.573975
267.621225
267.736400
268.041550
268.093675
268.241625
268.601925
268.704075
268.925750
268.986525
269.034475
269.153325
269.202025
270.018500
270.771800
270.936675
271.304400
271.421625
271.613175
271.664850
271.998775
272.289100
272.517950
272.590575
272.834750
272.940325
273.316975
273.457275
273.630175
273.658725
273.964825
274.094275
274.318625
274.431125
274.576700
274.778125
274.809325
275.019050
275.122600
275.605200
275.651450
276.526425
276.817800
277.059550
277.181250
277.240100
277.269625
277.272425
277.982025
278.387050
278.443300
278.593175
278.685150
278.748500
279.143325
279.375775
279.721575
279.762050
279.877925
280.548475
280.837200
280.838500
280.899950
281.092975
281.133225
281.497000
281.562900
281.844200
281.956025
282.034850
282.089025
282.456200
282.477800
282.514800
282.537275
282.663050
282.828425
283.223000
283.285800
283.421850
283.480200
283.531700
283.659875
283.697750
283.758050
283.875950
284.230825
284.334175
284.423650
284.593325
284.824450
284.860750
285.166100
285.464500
286.974650
287.019250
287.414650
287.607775
287.675150
287.812000
288.336000
288.383925
288.395825
288.839325
289.112950
289.238675
289.286775
289.298750
289.432950
289.607450
289.726575
289.747625
290.130675
290.337125
290.499950
290.579075
290.829850
290.980575
291.547675
291.614725
291.683575
291.818050
292.023375
292.222325
292.738100
292.838700
293.188125
293.250050
293.561975
294.180700
294.329375
294.360525
294.615700
295.184450
295.300200
296.252275
296.265000
296.356875
296.427225
296.583450
296.740175
296.787500
296.842225
297.015600
297.288475
297.447325
297.655875
298.222400
298.370000
298.454175
298.724750
298.740600
298.786150
299.527150
299.615825
299.927125
300.987075
301.096275
301.116600
301.130575
301.452975
301.695825
301.908900
302.178550
302.322775
303.294875
303.368975
303.706275
303.758200
303.990950
304.065325
304.513800
304.521575
304.535900
304.598675
304.718350
304.849650
305.420800
305.937225
306.071100
306.316400
306.326850
306.338525
306.431750
306.603675
307.036375
307.274100
307.337375
308.020900
308.070450
308.577525
308.637750
308.680850
308.778050
308.796100
308.883275
308.884300
309.023750
309.073475
309.139725
309.357750
309.486975
309.564300
309.644225
309.758475
309.819700
310.169800
310.290575
310.873500
310.927250
310.984750
311.694325
311.831375
312.083350
312.124725
312.176075
312.299700
312.950925
313.662475
314.121350
314.169050
314.445650
314.923425
315.002150
315.681225
315.751450
315.913925
315.959025
316.126350
316.652525
317.236550
317.522375
317.768925
317.944375
318.980725
319.050875
319.139125
319.896050
320.484250
320.682025
320.821575
