0.452325
1.472075
1.541750
1.556200
1.700500
1.966550
2.127425
2.216175
3.259175
4.091625
4.148175
4.172175
4.445550
4.578300
5.170200
5.362550
5.575400
5.716000
6.070150
6.276300
6.562350
6.823375
7.024950
7.050775
7.543500
7.845575
7.853250
8.008125
8.085950
8.145675
8.201575
8.299800
8.339225
8.710200
8.876150
8.958350
9.000500
9.177550
9.403425
9.522800
9.560775
9.630275
9.683300
9.869775
9.933475
10.064825
10.096825
10.202750
10.286825
10.430950
10.680900
10.777200
10.870850
10.913500
10.926300
10.945825
11.197125
11.250150
11.306600
11.326800
11.465950
11.625850
11.709675
12.016925
12.665725
12.839925
13.251475
13.475850
13.542075
13.626350
13.858250
14.001075
14.104400
14.161400
14.382575
14.688400
14.922400
15.007300
15.023425
15.049650
15.199900
15.515725
15.833025
15.881850
16.100000
16.132475
16.452850
16.576975
17.133050
17.172125
17.354875
17.417075
17.470850
17.504825
17.531575
17.568950
17.629925
17.650050
17.722625
17.847275
18.195075
18.785050
18.870200
18.890425
18.976250
19.085475
19.098400
19.125675
19.378700
19.537800
19.658075
19.721225
19.825500
20.013250
20.166725
20.325400
20.756050
20.806400
20.873000
20.901875
21.078525
21.093150
21.240200
21.453675
21.638725
22.049850
22.282775
22.400300
22.444050
22.785425
22.803575
23.400175
23.674300
25.073850
25.209625
25.435800
25.909525
25.973825
25.992975
26.305900
27.040350
27.084450
27.895750
28.605350
28.631050
28.945800
29.077575
29.296075
30.013475
30.741700
30.871675
31.015475
31.083400
31.109200
31.143225
31.274100
31.472425
31.625150
32.845200
33.111350
33.312750
33.721000
33.815500
34.065000
34.232225
34.489825
35.701200
35.754750
36.095600
36.281875
36.779725
36.821800
36.897675
36.948575
36.978550
37.009975
37.570525
38.216625
38.576050
38.593425
38.683200
38.723275
38.960850
39.056375
39.353900
39.498975
39.724850
40.078050
40.686225
40.806550
41.111275
41.836825
42.055775
42.085375
42.372900
42.553325
42.760350
42.768500
43.052100
43.167375
43.201000
43.343700
43.986250
44.155325
44.414500
45.011700
45.262425
45.350300
45.853050
45.922850
46.225300
46.527375
46.899325
47.241900
47.769750
47.792650
48.511450
48.563925
48.944650
49.784275
50.450475
50.816450
50.924725
51.712050
51.723175
51.797100
53.326200
53.363675
53.706925
53.857275
53.926225
54.019000
54.144425
54.244425
54.372600
54.746175
54.942225
55.059100
55.949000
56.489425
56.764875
57.299300
57.427675
57.665050
57.768900
57.905550
57.972275
58.405625
58.465150
58.600700
59.068950
59.197400
59.318400
59.356025
59.449325
59.617400
59.627850
59.877125
59.986875
60.027550
60.054050
60.379950
60.509350
60.684050
60.738050
60.838300
61.401975
61.416950
61.708575
61.903650
62.008825
62.366100
62.539225
62.624500
62.910300
63.196550
63.829425
63.945400
63.991300
64.018600
64.077525
64.102675
64.483300
64.757725
64.826375
64.927750
65.580775
65.606950
65.714750
67.054625
67.181250
67.251725
67.452925
67.470975
67.481175
67.560200
67.780625
67.846700
68.014350
68.172525
68.240625
68.513150
68.687250
68.733975
68.816925
68.919775
69.150350
69.276425
69.484225
69.977750
70.248375
70.422200
70.736150
70.910150
71.063725
71.201225
71.594000
72.541900
72.577250
73.122875
73.863700
73.948150
74.102050
74.210700
74.337800
74.452350
74.765100
75.040350
75.050050
75.143725
75.756725
76.091400
76.121650
76.315800
76.551050
76.956425
77.017250
77.845750
78.031375
78.216125
78.316500
78.475625
78.541050
78.665775
78.682575
78.839050
79.022300
79.331850
79.359850
80.085650
80.411325
80.829650
81.109650
81.203475
81.229075
81.276700
81.531075
81.721025
81.774800
81.800025
81.884275
82.009125
82.125125
82.201625
82.290650
83.124800
83.440550
83.836700
83.883775
84.055975
84.088725
84.203600
84.396875
84.434150
84.592225
84.651550
84.865075
84.941100
85.057050
85.158575
85.419500
85.463875
85.615225
85.765500
85.796800
86.430300
86.875950
86.940975
87.012575
87.026050
87.133775
87.436675
87.469300
87.643400
87.742625
87.817175
88.027500
88.196950
88.324325
88.610700
88.750450
88.779850
88.868250
88.952225
89.125075
89.148150
89.219925
89.469075
89.662400
89.713850
89.757400
89.815675
89.868725
89.885075
90.156475
90.254525
90.284500
90.424400
90.591700
90.678250
90.775000
90.814025
90.880725
90.937225
90.955125
91.102825
91.143625
91.279975
91.319750
91.429825
91.451500
91.506075
91.734575
91.839575
91.989250
92.782625
93.150400
93.249725
93.468950
93.603075
93.699750
94.051925
94.101000
94.129550
94.392250
94.644450
94.752575
94.985825
95.817000
96.183025
96.398675
96.791025
96.980125
97.097625
97.393100
97.412200
97.568550
97.603000
98.158975
98.802900
98.820050
99.128525
99.231400
99.358475
99.460650
99.959750
100.284550
100.370200
100.385700
100.420675
101.678225
102.052050
102.149975
102.468550
102.643900
102.797675
102.919975
103.161025
103.220575
103.499300
104.057725
104.159225
104.344725
104.363225
104.469425
104.530125
104.821000
104.874925
105.033000
105.684025
105.865925
106.070425
106.165325
106.236625
107.072275
107.156225
107.170450
107.309375
107.403100
107.630375
107.693175
107.807450
108.132975
108.172250
108.322525
108.369875
108.458950
108.800675
108.936675
108.951450
109.036450
109.217525
109.299375
109.337250
109.906175
110.277900
111.052275
111.341525
111.504050
111.624425
111.643100
111.789525
112.002400
112.211175
112.229525
112.289025
112.517325
112.529750
112.786425
112.849625
113.082450
113.105125
113.237400
113.368500
113.567300
113.761000
113.954600
114.088150
114.311375
114.481625
114.669925
114.687425
114.738300
114.745050
114.991025
115.174400
115.374925
115.712125
116.119525
116.176475
116.664450
117.158200
117.282375
117.309225
117.454275
117.578975
117.623300
117.660025
117.748675
118.006900
118.060000
118.199500
118.289025
118.335550
118.380950
118.408925
118.437500
118.598775
118.677975
119.794825
119.841550
119.985025
120.126275
120.155675
120.225375
120.261700
120.348175
120.515275
120.568425
120.594700
120.716875
120.728225
120.918675
120.938075
120.999075
121.142400
121.181450
121.475950
121.604025
121.973975
122.029900
122.061675
122.253150
122.367275
122.524250
122.568225
122.634675
122.741600
123.214525
123.239550
124.009875
124.407575
124.826200
125.255650
125.324250
125.525175
125.560950
125.766025
125.907300
126.111600
126.253925
126.288275
126.474725
126.487800
126.683500
126.714400
126.754200
126.866975
127.228100
127.386525
127.492975
127.806675
128.022350
128.164600
128.337000
128.503050
128.714850
129.247625
129.623150
129.720425
129.750350
129.798025
130.016800
130.142150
130.782425
130.863225
130.948975
131.033425
131.166025
131.243575
131.401525
131.512325
131.556425
131.711500
131.740675
131.898925
131.921925
132.489775
132.588150
132.751050
132.807175
133.578250
134.101925
134.139700
134.390575
134.550475
134.660425
134.684750
134.850650
134.898300
134.916500
135.175450
135.244850
135.361275
135.479800
135.895875
136.097225
136.275375
136.292150
136.497525
136.931900
136.963175
136.999650
137.276300
137.416875
137.462150
137.479725
137.567250
137.727200
137.848175
137.870450
138.029575
138.125225
138.166375
138.513650
138.674125
139.094725
139.204375
139.235325
139.595575
139.607225
139.733800
139.753350
139.795050
139.923175
139.944300
140.033400
140.206150
140.245300
140.357050
140.539600
140.556400
140.670425
140.832125
140.877900
140.989975
140.996425
141.252725
141.272250
142.283125
142.377775
142.400200
142.532500
142.831025
142.898075
142.937475
143.006375
143.080500
143.184075
143.348200
143.444575
143.505625
143.551450
143.971950
144.295025
144.372700
144.531875
144.772475
144.919700
144.934675
145.089350
145.097975
145.204925
145.274850
145.301500
145.385375
145.438975
145.731200
146.087050
146.142950
146.172950
146.423475
146.857450
147.106700
147.219150
147.431950
147.445875
147.563075
147.664000
147.747175
147.765500
147.857150
147.877125
147.926150
147.938525
147.970850
148.058275
148.138000
148.202000
148.571525
148.616025
148.714600
148.789100
148.828200
148.935050
148.956075
149.060150
149.198525
149.349700
149.380100
149.497775
149.698450
149.739175
149.914200
150.249375
150.297425
150.353700
150.565700
150.623275
150.810425
150.904675
150.968175
151.005050
151.238300
151.257550
151.330600
151.392375
151.495100
151.508075
151.543400
151.625275
151.645600
151.816475
151.954600
152.026300
152.040025
152.125325
152.149200
152.791900
153.074775
153.152950
153.178675
153.228250
153.330925
153.361975
153.375450
153.491500
153.577750
153.634275
153.655950
153.797300
153.811750
154.044525
154.144475
154.186725
154.243525
154.262775
154.347950
154.516250
154.608275
154.979425
155.984850
156.202675
156.275375
156.284625
156.317000
156.376725
156.505900
156.532700
156.595275
156.640400
156.741650
156.832725
156.859000
156.882300
156.962400
156.994450
157.067950
157.210600
157.297375
157.340875
157.480125
157.687525
158.265875
158.405700
158.450875
158.484700
158.525875
158.644825
158.719950
158.797050
158.878025
158.919350
158.974975
158.998900
159.261275
159.307050
159.394100
159.441075
159.581100
159.710625
159.780350
159.814950
160.020500
160.079650
160.368925
160.497225
160.801700
160.996800
161.205425
161.314650
161.384250
161.398175
161.562525
161.631825
161.753075
162.106425
162.161525
162.301900
162.667075
162.931925
163.583225
163.621725
163.638950
163.818475
163.878525
164.023525
164.071800
164.082900
164.095250
164.104275
164.143025
164.257350
164.340650
164.478775
164.713875
164.755950
164.799975
164.947825
164.960775
165.045575
165.104775
165.172125
165.243150
165.303450
165.327450
165.599350
165.865350
166.324825
166.415250
166.561925
166.726525
166.762850
167.362400
167.383525
167.428975
167.477975
167.600575
167.801625
167.841050
167.901225
167.932875
168.061050
168.101125
168.427250
168.648325
168.751025
168.952875
169.307525
169.476950
169.693900
169.816650
169.837575
169.896000
169.996050
170.295600
170.471525
170.601075
170.686000
170.741650
171.010925
171.098600
171.139225
171.393400
171.774325
171.920575
172.052200
172.119925
172.152675
172.332025
172.379100
172.593875
172.750075
172.775625
172.796450
172.915100
172.965150
173.023375
173.053050
173.137875
173.148650
173.234325
173.247825
173.298875
173.434750
173.579000
173.634450
173.810725
173.834850
173.878850
173.946075
174.008525
174.092550
174.195700
174.323550
174.413925
174.614525
174.703650
174.851025
174.893400
175.064300
175.097125
175.134650
175.196700
175.210350
175.281650
175.471650
175.522300
175.563375
175.636775
175.700850
175.724400
175.766925
175.784800
175.814700
175.877200
175.916375
176.009600
176.176125
176.233625
176.435775
176.501875
176.617625
176.643475
176.712825
176.739825
176.904450
176.945450
177.153175
177.460125
177.582925
177.624000
177.643925
177.741250
177.986925
178.070000
178.077800
178.222900
178.376900
178.415075
178.478450
178.506275
178.564200
178.618200
178.768225
178.938275
178.966775
179.012850
179.052200
179.183600
179.251100
179.311675
179.323500
179.382450
179.484850
179.582575
179.661450
179.742050
179.882300
179.974100
180.006175
180.122075
180.178375
180.209450
180.238575
180.269250
180.288550
180.296025
180.319750
180.353075
180.535350
180.544775
180.601500
180.792325
180.858100
180.960525
181.157725
181.191200
181.225025
181.257750
181.303100
181.468200
181.539625
181.564200
181.666825
181.761200
181.873650
181.904025
181.928900
182.094250
182.173725
182.196275
182.247175
182.381975
182.385475
182.581200
182.600700
182.641325
182.865075
182.937275
183.008475
183.019275
183.213675
183.226100
183.266475
183.287400
183.324775
183.377500
183.416550
183.438050
183.501850
183.514675
183.548200
183.684850
183.701750
183.797700
183.922900
184.021225
184.065950
184.119075
184.196925
184.291500
184.365000
184.607400
184.684250
184.877225
184.940700
184.958550
184.989325
185.103100
185.245225
185.405900
185.553525
185.589625
185.627925
185.640425
185.697625
185.710500
185.889725
186.005800
186.132450
186.361325
186.471050
186.557650
186.623850
186.674450
187.126700
187.859700
187.921000
188.093850
188.438175
188.513075
188.649900
188.732450
188.804525
189.058075
189.969425
189.986825
190.341225
190.463250
190.575375
190.733775
190.750600
191.099750
191.187850
191.238025
191.535150
191.567300
191.623250
191.645750
191.735100
191.835525
191.963275
192.010200
192.150850
192.965075
193.002175
193.062175
193.174125
193.362775
193.424325
193.436575
193.516250
193.538725
193.636100
193.766950
193.780425
193.860025
193.895025
193.949050
194.025125
194.066225
194.092075
194.132300
194.165050
194.244950
194.259500
194.292625
194.320050
194.412275
194.418650
194.521475
194.544375
194.549100
194.614875
194.628075
194.676525
194.769625
194.804600
194.818175
194.836075
194.877850
194.988400
195.013650
195.166425
195.249950
195.311050
195.336725
195.369375
195.429775
195.484800
195.757925
195.954650
196.124850
196.175000
196.199825
196.244475
196.552775
196.575825
196.611775
196.773350
196.837300
196.935175
196.966825
197.085250
197.212675
197.378175
197.437250
197.463650
197.480025
197.526450
197.567125
197.632625
197.728675
197.778550
197.886325
198.054375
198.167575
198.429275
198.833375
198.956025
199.281300
199.426200
199.444250
199.467650
199.627025
199.656150
199.714850
199.904625
199.950900
200.083900
200.216050
200.228975
200.296325
200.328000
200.379900
200.400200
200.803600
200.942825
201.130425
201.162300
201.198375
201.281450
201.315400
201.381775
201.396575
201.563400
201.616975
201.935825
201.967300
202.050750
202.098250
202.112250
202.145750
202.158775
202.210250
202.248300
202.303700
202.333450
202.412625
202.837500
202.951225
203.096750
203.310525
203.376500
203.411225
203.696400
203.900575
204.270225
204.431275
204.565075
204.705500
204.801325
204.917825
204.963250
205.173200
205.245675
205.285575
205.329825
205.392700
205.405875
205.506350
205.582900
205.588500
205.612775
205.694150
206.390500
206.457850
206.553925
206.732650
206.808450
206.855625
206.869375
206.921375
206.983875
207.012975
207.088975
207.239300
207.262175
207.273825
207.301125
207.418250
207.599825
207.633850
207.661725
207.754525
207.784050
207.834050
208.050650
208.107475
208.179375
208.340850
208.452300
208.477900
208.913525
208.970700
209.094350
209.177550
209.260125
209.366700
209.481625
209.504750
209.628375
209.650925
209.669825
209.737200
209.846225
210.021800
210.234275
210.313775
210.432675
210.578025
210.803950
210.898125
210.988825
211.005975
211.051850
211.272875
211.303275
211.390550
211.947750
211.991925
212.047300
212.199325
212.367875
212.590050
212.680075
212.777675
213.485875
213.526750
213.788700
213.955425
214.095500
214.141125
214.684175
214.941650
214.993150
215.104850
215.239600
215.335450
215.379200
215.583900
215.861850
215.914400
215.962325
215.994975
216.031200
216.087425
216.180725
216.371100
216.377925
216.422375
216.483050
216.525975
216.569600
216.903975
217.443725
217.603675
217.677800
217.858000
217.879225
217.886875
217.925025
217.949700
217.988250
218.142625
218.238800
218.258250
218.352200
218.557675
218.576525
218.601925
219.197925
219.230200
219.335900
219.404500
219.846950
220.002575
220.112100
220.399200
220.468425
220.746350
220.754425
220.897375
220.910325
221.008250
221.099225
221.146225
221.249350
221.299300
221.373175
221.408350
221.603925
221.637200
221.671775
221.807250
221.941525
222.070400
222.083700
222.300475
222.355900
222.666625
222.902025
222.968775
223.038925
223.097475
223.130900
223.243850
223.318550
223.359750
223.690750
223.703675
223.730900
223.757175
223.824825
224.005400
224.127025
224.309750
224.334600
224.416150
224.468500
224.652675
224.694900
225.013100
225.045025
225.305625
225.369325
225.689825
225.960250
226.209200
226.397500
226.528200
226.534175
226.613225
226.635400
226.649450
226.690675
226.713725
227.051000
227.151000
227.418325
227.588300
227.607425
227.709950
227.736925
227.756000
227.852825
227.868250
227.921325
227.972600
227.995725
228.445125
228.584375
228.668875
228.691275
228.707775
228.839375
228.942575
229.065900
229.081025
229.211650
229.389625
229.436750
229.457425
229.541975
229.649875
229.798600
229.846200
229.930950
230.001250
230.025050
230.117750
230.260275
230.303275
230.328650
230.386275
230.546975
230.604700
230.627600
230.652000
230.702000
230.745700
230.749825
230.818675
231.054200
231.078750
231.120875
231.576675
231.683325
231.726075
231.759950
232.066350
232.377950
232.407450
232.471625
232.865775
233.157225
233.277825
233.298825
233.346800
233.467100
233.506625
233.650475
233.809600
234.019050
234.101250
234.190550
234.278575
234.303875
234.468575
234.486600
234.532500
234.620775
234.648125
234.875650
234.878125
234.888675
234.958350
235.084750
235.124325
235.155500
235.163750
235.229850
235.247325
235.308700
235.451575
235.511075
235.536050
235.610925
235.624125
235.721525
235.788675
235.952525
236.237975
236.374350
236.433750
236.440850
236.510700
236.539425
236.609975
236.736275
236.740325
236.770125
236.827175
236.954400
236.974475
237.046325
237.278150
237.303875
237.341450
237.356875
237.369225
237.404475
237.628125
237.724000
237.730175
237.775250
237.789600
237.808725
237.825100
237.880525
237.906725
237.931450
237.963850
237.991875
238.033150
238.040050
238.139725
238.161250
238.218500
238.249475
238.278825
238.517225
238.538025
238.554175
238.602425
238.638650
238.730500
238.762525
238.862125
238.898575
238.909175
238.935550
239.003450
239.052225
239.065125
239.079375
239.109800
239.337025
239.366350
239.580325
239.635500
239.650675
239.703250
239.759425
239.815600
239.849650
239.856700
239.990375
240.006400
240.022025
240.040675
240.077950
240.088200
240.153950
240.165850
240.196700
240.278475
240.367050
240.421600
240.442650
240.464875
240.533075
240.634075
240.649200
240.778875
240.819350
240.838675
240.871275
240.923325
240.940150
240.997550
241.083150
241.097775
241.206075
241.371725
241.384900
241.662925
241.708850
241.722700
241.771625
241.887250
241.904850
241.968950
242.080050
242.114625
242.329625
242.383175
242.430900
242.441900
242.496750
242.534600
242.551450
242.561000
242.590450
242.651075
242.737300
242.826950
242.887625
242.940150
242.984900
243.022175
243.063900
243.246025
243.292450
243.320100
243.611825
243.881650
243.899650
243.946475
244.214750
244.282075
244.363375
244.410825
244.447425
244.470625
244.696575
244.734800
244.766025
244.822425
244.827775
244.927850
244.964450
244.985000
245.086500
245.155800
245.418450
245.474250
245.507400
245.536150
245.572125
245.763275
245.790100
245.831275
245.862675
245.904150
245.962025
246.016000
246.051125
246.063200
246.128625
246.185000
246.236600
246.281950
246.334950
246.449425
246.696125
246.824975
246.884925
246.939500
247.058400
247.078900
247.233275
247.371825
247.410625
247.460275
247.498750
247.825775
247.875000
248.019825
248.061775
248.187225
248.223525
248.244325
248.290925
248.394000
248.411500
248.465450
248.520000
248.868775
248.888950
249.009300
249.088450
249.118350
249.322575
249.335250
249.396625
249.435075
249.540650
249.624100
249.784175
249.868800
250.270100
250.335600
250.432500
250.476700
250.634325
250.772075
250.838825
251.123925
251.265225
251.480250
251.545850
251.607775
251.627300
251.692625
251.831175
251.952950
252.019975
252.071225
252.166225
252.200150
252.440200
252.483150
252.537825
252.696125
252.821275
252.830050
253.120975
253.167575
253.388900
253.474275
253.559275
253.604625
253.637400
253.725375
253.760300
253.841400
253.992950
254.039975
254.099300
254.187600
254.613525
254.819200
254.922950
255.022175
255.156700
255.180400
255.212400
255.373775
255.577550
255.604125
255.649900
255.813925
255.975175
256.104750
256.286100
256.300725
256.653050
256.686650
256.708675
256.818350
256.863225
257.094625
257.273200
257.339825
257.451200
257.482550
257.520875
258.023850
258.069000
258.096675
258.189225
258.285800
258.379250
258.390925
259.137275
259.209850
259.355700
259.402700
259.434425
259.454650
259.542825
259.606875
259.654150
259.739075
259.819750
259.836350
259.893925
259.918400
259.955275
260.010575
260.243325
260.261575
260.329525
260.341425
260.367000
260.537500
260.587150
260.627300
260.656225
260.679600
260.754200
260.760775
260.824600
260.944925
260.985625
261.063025
261.089500
261.189300
261.228350
261.329175
261.483175
261.551725
261.639075
261.659750
261.786725
261.952725
261.967825
261.992675
262.013075
262.028350
262.111500
262.120000
262.141650
262.316125
262.490800
262.559075
262.747900
262.794775
262.883100
262.956650
263.038625
263.155475
263.168525
263.235925
263.255775
263.269200
263.319000
263.334200
263.455525
263.464575
263.479075
263.541600
263.559450
263.638425
263.758575
263.834075
263.839825
263.895350
263.954800
263.992700
264.128750
264.221100
264.421800
264.705850
264.924075
264.974775
265.167950
265.181525
265.275475
265.331400
265.375900
265.413025
265.480100
265.527525
265.583450
265.620100
265.649175
265.680500
265.709650
265.738725
265.752300
265.772000
265.891850
265.957800
265.995250
266.078875
266.096375
266.157075
266.287800
266.310050
266.376375
266.440475
266.524900
266.585300
266.619025
266.665900
266.708575
266.843525
266.946225
266.989750
267.059250
267.214500
267.391575
267.656725
267.779075
267.800425
267.819975
268.084575
268.232300
268.362550
268.401625
268.483800
268.664700
268.687325
268.711950
268.720925
268.773725
268.785500
268.801125
268.839300
268.875850
268.984725
269.004950
269.044475
269.052750
269.076625
269.174225
269.418950
269.460450
269.469225
269.531550
269.569900
269.669175
269.712325
269.729800
269.810725
269.967650
270.288975
270.303500
270.335000
270.470775
270.529500
270.546575
270.562075
270.587325
270.684725
270.822600
270.841150
270.961325
270.992800
271.022625
271.044125
271.100100
271.152700
271.163850
271.211175
271.292850
271.446525
271.494575
271.609750
271.712450
271.771350
271.899900
271.981775
272.036150
272.061975
272.141925
272.162650
272.235275
272.302900
272.513875
272.562275
272.758450
273.221925
273.388300
273.727225
273.814875
273.894775
274.088100
274.112625
274.157450
274.192025
274.197975
274.214200
274.283650
274.346925
274.366050
274.392250
274.402525
274.506675
274.648900
274.744550
274.842100
275.036250
275.110800
275.122850
275.237325
275.290400
275.321550
275.380925
275.436475
275.451125
275.465700
275.592875
275.672100
275.883175
275.965300
276.009625
276.162550
276.216500
276.268175
276.298350
276.326125
276.383825
276.406600
276.435225
276.498525
276.517575
276.588200
276.626400
276.861100
276.933000
276.945250
276.965225
276.991800
277.069050
277.082000
277.164475
277.254650
277.392525
277.433850
277.548525
277.564225
277.589050
277.628025
277.720075
277.810750
277.851725
277.954200
278.288550
278.565850
278.572625
278.775875
278.870425
278.951725
279.062625
279.308150
279.378400
279.404450
279.467925
279.521025
279.578050
279.677425
279.730575
279.803675
279.829650
279.890050
280.013475
280.042325
280.067250
280.235550
280.249325
280.341550
280.617625
280.705775
280.803975
280.845300
280.916175
281.059400
281.115550
281.155500
281.182350
281.223500
281.251775
281.578750
281.942925
281.961400
282.052800
282.092825
282.175350
282.259175
282.324425
282.377350
282.466300
282.696225
282.771075
282.796925
282.844900
282.902525
282.994600
283.134325
283.608025
283.689250
283.921625
283.985525
284.061400
284.098700
284.297900
284.573275
284.635325
284.649850
284.664075
284.786925
284.892550
284.907000
284.999100
285.026775
285.123950
285.136750
285.207000
285.234625
285.360825
285.389425
285.498700
285.556000
285.621600
285.634775
285.651400
285.714800
286.108300
286.141750
286.249325
286.416875
286.428675
286.454175
286.506050
286.529350
286.569100
286.689475
286.736175
286.861525
286.936375
286.989950
287.229125
287.336350
287.377575
287.447125
287.594900
287.657700
287.693225
287.758650
287.863425
287.916725
288.124800
288.148400
288.302900
288.503550
288.531175
288.564450
288.670125
288.699450
288.742500
288.762875
288.794400
288.823450
288.879400
288.892950
289.007925
289.061725
289.126275
289.201425
289.258650
289.338875
289.347350
289.370775
289.440850
289.516850
289.541025
289.657800
289.726850
289.745525
289.790050
289.793650
289.844025
290.062550
290.077425
290.221150
290.246400
290.456275
290.584075
290.610925
290.797525
290.820150
290.864525
290.905400
290.921625
290.935400
291.126650
291.128250
291.299275
291.359325
291.423750
291.549400
291.678125
291.776625
291.790100
291.833050
291.985625
292.310550
292.376575
292.499525
292.535350
292.675175
292.717425
292.875075
292.947225
292.968025
293.174000
293.212575
293.261375
293.423500
293.503850
293.521200
293.766125
293.909825
293.993600
294.037825
294.208875
294.275450
294.337250
294.366725
294.413075
294.572900
294.625175
294.654125
294.761900
294.799900
294.813325
294.880825
294.907125
295.038300
295.177400
295.259125
295.454125
295.573175
295.580375
295.712300
295.746525
295.918375
296.018925
296.042500
296.073125
296.222850
296.353275
296.372625
296.412175
296.589200
296.683500
296.727075
296.859350
296.892525
297.001275
297.095800
297.230575
297.328650
297.458900
297.591050
297.615575
297.666000
297.679625
297.724325
297.779300
297.812300
297.847250
298.048050
298.377550
298.401675
298.462050
298.563925
298.746875
298.828975
298.891175
298.940775
299.235025
299.325725
299.367100
299.503025
299.536000
299.621925
299.752775
299.823875
299.953150
