1.550200
1.999575
2.166800
2.875500
3.549350
3.659400
4.346925
5.704425
5.978800
6.445350
6.605050
6.619575
7.233775
7.458725
7.495800
7.549825
7.622950
8.100825
8.668475
9.208225
9.654525
10.451900
10.594950
11.197500
11.738325
11.796800
11.928550
12.185600
12.686300
12.757750
13.165475
13.696250
13.811425
14.112025
15.158125
15.185100
15.297300
16.274900
16.664925
16.912575
17.009525
19.505625
19.534950
19.563425
20.752725
21.126900
22.590750
22.831925
22.878375
23.248225
23.446275
23.500000
24.029275
24.945775
24.984600
25.526500
25.589075
26.065825
26.360125
27.227950
27.365025
28.262600
29.276075
29.869975
30.712700
31.378750
32.981250
33.358100
33.638025
34.196175
34.679300
34.978350
35.220925
35.341300
36.508200
36.764800
37.235125
37.359175
37.780125
37.987850
38.077950
38.289600
38.389050
39.171450
39.290000
39.511850
39.729150
40.640775
41.582950
42.312225
43.655075
43.810275
43.976825
44.431375
44.602475
44.689975
44.821725
45.976625
46.216775
46.281550
46.318050
46.727575
47.026425
47.242700
47.676975
48.245325
48.579400
48.794500
49.060675
49.495150
49.596325
49.717050
49.989400
50.001825
50.364375
50.607325
50.786475
51.285125
51.559950
51.909800
52.103450
52.569825
52.749900
53.153525
53.862800
54.193275
54.500225
54.888625
55.576225
55.759825
56.407025
57.100350
57.485050
57.646250
58.503175
59.778700
60.478725
60.767875
62.006250
62.331725
62.500575
63.077700
63.138200
63.588150
63.627825
63.764950
63.810475
64.438975
64.455425
64.626100
64.829625
65.058375
65.117125
65.394825
65.413350
66.150425
66.256450
66.485650
66.780525
66.801025
67.235625
69.267925
69.723375
70.026975
70.972075
71.087425
71.308725
71.782325
71.865850
72.397300
72.607025
72.866025
73.201425
73.273650
73.960850
74.428225
74.951125
74.993475
75.547700
75.628150
76.879250
77.727350
78.159325
78.264100
78.362775
79.396525
79.730375
79.847750
80.130925
80.207225
80.418425
80.529975
80.664325
80.927150
81.049375
81.173575
81.230500
81.299125
81.477000
81.913500
82.462600
82.598325
82.658825
82.704450
83.189650
83.245900
83.278975
83.473325
83.509450
83.662875
83.851625
83.884225
84.744025
85.624025
85.999800
86.206250
86.730075
87.219675
87.431750
88.033675
88.366325
88.606325
88.616650
88.719750
88.944350
89.563075
89.666700
89.724525
89.839650
90.002025
90.169875
90.782700
91.417575
92.076125
92.285650
92.526250
92.588400
92.654950
93.040825
93.159250
93.376500
93.536625
93.907350
93.960200
94.087600
94.138100
95.296825
95.841950
95.994850
96.064150
96.576300
96.600375
96.610600
96.616075
96.629000
96.695700
96.795450
96.818625
96.860600
96.952475
97.466300
97.499325
97.722325
98.297025
99.819450
99.928850
99.992025
100.026925
100.046075
100.348600
100.778475
100.891450
101.024925
101.314275
101.386600
101.522900
101.686325
101.700875
101.764100
102.035975
102.168600
102.499325
103.018575
103.424400
103.661750
103.704550
103.866925
103.969925
104.025150
104.334750
104.947200
105.893100
106.058725
106.102525
106.192475
106.373075
106.405775
106.494675
106.618625
107.024525
107.320150
107.452375
107.687600
107.743575
107.939300
108.352150
108.597850
108.919950
109.005325
109.180175
109.236600
109.519850
109.637525
109.988675
110.180325
110.681225
111.022900
111.027050
111.293800
111.448150
111.870675
112.100525
112.358300
112.681125
112.694300
112.925500
112.970325
113.403200
113.494000
115.223375
115.328150
115.364200
115.462200
115.558600
116.145950
116.277475
116.393850
116.911475
117.148750
117.257125
117.816500
118.348625
118.604450
118.671800
118.824725
119.088050
119.156725
119.779625
119.850850
120.130650
121.230800
121.375800
121.575775
122.546575
122.939625
123.134250
123.313975
123.508350
123.841850
123.910500
123.991800
124.421525
124.515650
126.151300
126.203100
126.249075
126.411225
126.968425
127.446300
127.465375
127.488925
127.733250
127.871250
128.030550
128.310225
128.361850
128.735850
128.807425
128.974275
129.105225
129.511175
130.387550
130.442075
130.497325
130.595875
130.756725
131.057950
131.568725
131.729875
131.939225
132.004275
132.185025
132.350025
132.427775
132.510225
132.618525
132.642350
132.839625
132.948750
133.120900
133.285075
133.418125
133.492900
133.672550
133.727300
134.362125
134.384025
134.405225
134.417050
134.624150
134.793925
135.264200
135.505850
135.872425
136.032200
136.208850
136.431725
136.649200
136.749225
137.026100
137.130375
137.169400
137.810975
138.319675
138.647100
138.747500
138.994900
139.163650
139.419350
139.970650
140.072000
140.311275
140.486625
140.589650
140.807675
141.050150
141.454200
141.539175
141.733100
142.192650
142.327675
142.515200
142.655300
142.718000
142.904750
143.018650
143.116050
143.166375
143.186550
143.198000
143.418700
143.954900
144.106775
144.248050
144.376725
144.657350
144.778675
145.061525
145.115100
145.165975
145.395975
145.417825
145.747900
146.098700
147.721900
147.774200
148.000275
148.048925
148.146975
148.198725
148.261875
148.464650
148.511925
148.573475
148.718375
148.793175
148.947600
149.089425
149.107750
149.139600
149.233625
149.281750
149.308275
149.376000
149.389600
149.728150
149.739225
149.811725
149.857050
150.025225
150.726125
150.830350
150.983150
151.194725
151.238825
151.472300
151.742925
152.679225
152.776225
153.073050
153.200775
153.717575
154.252500
154.393775
154.691950
154.798475
154.893425
155.041725
155.273850
155.297750
155.395400
155.683625
155.930875
155.988275
156.193350
156.279725
156.747525
156.898275
156.960900
157.590375
157.784200
157.959625
158.033075
158.099950
158.288925
158.648625
158.719300
158.950225
159.034175
159.278675
159.321650
159.357125
159.934200
160.418850
160.775575
160.837950
161.226075
161.638450
161.714000
161.987525
162.163125
162.415375
162.602675
162.675150
162.880625
163.204850
163.387150
163.445775
163.875825
163.998650
164.402300
164.544400
164.727000
164.849475
165.391250
165.447950
165.630350
165.911200
165.969050
166.085650
166.139725
166.244150
166.446325
166.481100
166.514300
166.547100
166.613850
166.776225
166.966725
167.200100
167.302700
167.465750
167.536475
167.786350
167.831000
167.859600
167.984300
168.337850
168.459700
168.591175
168.698225
168.968800
169.347500
169.423000
169.600800
169.912800
170.002675
170.033950
170.186075
170.259675
170.307075
170.324800
170.697250
170.928225
171.103425
171.230475
171.506275
171.575550
171.984950
172.127225
172.182525
172.311850
172.463450
172.543025
172.557750
172.877700
172.919400
173.125375
173.304900
173.369075
173.469725
173.510575
173.566475
173.761175
174.075050
174.493425
174.742850
174.843175
175.028300
175.066100
175.301775
175.391200
175.411950
175.475675
175.601775
175.619000
175.650325
175.711525
175.979975
176.120050
176.234425
176.348375
176.643400
177.068400
177.149175
177.267500
178.006075
178.312025
178.448575
178.579125
178.695750
178.797500
178.884675
179.052425
179.507700
179.671850
179.693000
179.845075
180.007250
180.508950
180.529750
180.602525
181.610800
181.677725
181.727875
181.851400
182.247300
182.342300
182.550725
182.976225
183.130125
183.499725
183.729850
184.156050
184.197100
184.372350
184.445200
184.990125
185.064350
185.227675
185.260600
185.301550
185.959525
186.019475
186.106375
186.455450
186.686050
186.782625
186.877475
187.125150
187.438575
187.576925
187.694775
187.974675
188.058325
188.786425
189.119725
189.202625
189.233950
189.372800
189.456825
189.588325
189.753800
189.898400
190.059550
190.211325
190.315375
190.512775
191.186200
191.423500
192.209400
192.294100
192.596875
192.656200
192.779375
192.971400
193.150775
193.255350
193.380125
193.546900
193.884950
193.913325
193.983725
194.043350
194.229175
194.490975
194.554975
194.595700
194.615125
194.619575
194.916550
194.968000
195.006800
195.072550
195.138550
195.590575
195.799675
195.978875
196.077275
196.123500
196.325550
196.394075
196.417750
196.976375
197.158650
197.428800
197.470675
197.682300
197.792225
197.813750
197.875500
198.025400
198.160000
198.236700
198.298650
198.524125
198.545300
199.167400
199.371100
199.505000
199.577700
199.626825
199.888000
200.015250
200.285975
200.359100
200.394775
200.941250
201.078150
201.138850
201.310575
201.349375
201.370150
201.510825
201.691200
201.730900
202.069625
202.345675
202.631500
202.731250
202.790450
202.836425
202.899650
202.918425
202.987950
203.141100
203.235275
203.491275
203.676225
203.739925
203.906025
203.950725
204.053650
204.101375
204.411550
204.601475
204.750250
205.558925
205.689875
205.752900
205.813025
205.923550
206.080475
206.113450
206.129725
206.159950
206.194275
206.273900
206.324225
206.519150
206.561150
206.722350
206.854275
206.956350
206.993975
207.027900
207.141150
207.784450
207.885925
208.036000
208.123075
208.307925
208.501900
208.561800
208.627525
208.659675
208.864200
208.974300
209.344350
209.443475
209.633825
209.866200
209.895175
210.376400
210.439450
210.486150
210.785100
210.993825
211.663650
211.719950
212.199975
212.308475
212.380050
212.626450
212.892800
213.311775
213.391700
213.474450
213.477300
213.531325
213.611200
213.840375
213.944075
214.023450
214.093925
214.180000
214.559975
214.630125
214.818425
215.008450
215.208025
215.303600
215.712725
215.789050
215.834500
216.039275
216.198075
216.425900
216.642350
217.055800
217.113125
217.237075
217.385175
217.412075
217.462025
218.075900
218.127000
218.393675
218.413875
218.955075
219.093675
219.240225
219.408350
219.625500
219.773900
219.840750
219.898100
219.938075
220.024575
220.097600
220.144150
220.225825
220.273850
220.383425
220.563575
220.650850
220.716975
221.072950
221.330500
221.566700
221.900850
221.924350
222.245475
222.284150
222.390225
222.564350
222.682150
222.822800
223.103600
223.229800
223.427425
223.733300
223.898200
224.022625
224.112725
224.213250
224.310450
224.353900
224.645700
224.873700
224.949200
225.255525
225.390725
225.654300
226.350825
226.922300
227.014775
227.180825
227.283800
227.474175
227.537500
227.841700
228.003575
228.144300
228.301475
228.363675
228.669600
228.746125
228.895575
228.948550
229.081900
229.130775
229.687200
229.962750
230.328175
230.490775
230.752275
230.994150
231.031200
231.524250
231.665275
231.718350
231.987250
232.280125
232.548925
232.618900
232.763225
232.857975
233.024600
233.070000
233.131675
233.157875
233.246300
233.288200
233.431750
233.543425
233.647825
233.751800
233.780025
233.799350
233.903575
234.030825
234.249150
234.914875
235.004625
235.160000
235.302375
235.888400
235.994825
236.225675
236.398375
236.506950
236.588125
236.674250
236.727425
236.901550
236.941025
237.006050
237.059325
237.188300
237.308200
237.389075
238.198575
238.378325
238.472225
238.513825
238.567350
238.709300
238.781350
238.917850
238.957150
238.982875
239.040875
239.113325
239.271275
239.366275
239.902350
239.986750
240.069200
240.172450
240.578775
241.663500
242.173700
242.246225
242.407950
242.449250
242.493800
242.615675
242.972275
243.105525
243.220350
243.247650
243.422225
243.459975
243.688225
243.723950
243.906350
244.146275
244.166550
244.179425
244.201725
244.243925
244.300950
244.431875
244.631950
244.674750
244.829150
244.942475
245.053000
245.185350
245.301575
245.372400
245.429875
245.432450
245.473375
246.451625
246.526625
246.610575
246.711000
246.822775
246.977025
247.223400
247.297825
247.493050
247.694075
248.145525
248.280025
248.403675
248.477350
248.493650
248.537650
248.927525
248.979150
249.252050
249.312300
249.491050
249.672675
249.814700
249.955350
250.031525
250.291350
250.364825
250.825450
250.903325
251.063300
251.216425
251.271775
251.425750
251.470775
251.560925
251.661600
251.854625
251.883925
251.924325
252.035925
252.053275
252.099925
252.181150
252.245850
252.357800
252.376600
252.640375
252.837675
252.931225
252.987975
253.180275
253.247300
253.419550
253.591150
253.748600
253.805900
253.843875
253.994950
254.391425
254.448300
254.567775
254.647875
254.713800
254.730275
255.241925
255.425075
255.608950
256.009325
256.250400
256.295375
256.416775
256.556675
256.714600
256.816825
256.919025
256.982900
257.024775
257.209975
257.239575
257.417900
257.538075
257.854750
258.057100
258.145250
258.207625
258.268700
258.332650
258.391275
259.032650
259.147100
259.406700
259.451025
259.469350
259.651350
260.230200
260.514100
260.764625
261.167575
261.340175
261.517275
261.786600
261.956925
262.005075
262.117675
262.186500
262.321825
262.410950
262.462900
262.585700
262.701525
262.770400
262.871650
262.953200
263.300050
263.331750
263.398450
263.733150
263.845700
264.087700
264.139325
264.256800
264.357225
264.362950
264.586375
264.636475
264.694600
264.855675
265.085250
265.443950
265.591700
265.917575
266.315300
266.477575
266.551425
266.638175
266.778975
266.986225
267.379525
267.546725
267.863475
267.963475
268.035200
268.164325
268.403925
268.451475
268.577900
268.646275
269.062850
269.172200
269.210200
269.323450
270.127825
270.434500
270.532800
270.788575
270.878825
271.112450
271.518725
271.694825
271.831600
272.007075
272.057375
272.208550
272.265125
272.340150
272.476875
272.626350
272.746525
273.499050
273.648475
273.742125
273.795150
274.020900
274.191400
274.352450
274.825425
274.865800
275.324575
275.404700
275.602350
275.749550
276.088650
276.180050
276.308050
276.523300
277.454950
277.457375
277.480050
277.499750
277.571075
277.653200
278.165850
278.271625
278.726900
278.880625
279.000275
280.263000
280.298125
280.314875
280.326525
280.365925
280.627875
280.678450
281.519050
283.127150
283.173250
283.182450
283.231825
283.248175
283.287025
283.659525
283.705075
283.788125
283.910975
283.962675
284.176825
284.762875
284.862475
285.238725
285.360650
285.685825
285.703400
285.724300
285.783625
286.129900
286.409425
286.661350
287.317700
287.608000
288.023825
288.137250
288.327125
288.517175
288.695250
289.048975
289.107775
289.400550
289.484500
289.555275
289.651300
289.714925
289.901150
290.058575
290.317950
290.424900
290.452575
290.637175
290.679925
290.718625
290.828050
290.976450
291.002425
291.053125
291.906375
291.987500
292.257250
292.451000
292.523800
292.552650
292.605450
292.736550
293.158950
293.210600
293.326425
293.368750
293.410750
293.420475
293.469575
293.895075
293.936025
294.651225
294.741600
294.898775
294.955600
295.058400
295.167875
295.260875
295.376150
296.001525
297.136750
297.300575
297.372700
297.443725
297.655375
297.761175
297.896525
297.974125
298.032175
298.186325
298.193650
298.251425
298.467925
298.541950
299.017400
299.325725
299.405825
299.570275
299.846825
300.090650
300.212775
300.554050
300.632775
300.682200
301.046900
301.110075
301.205950
301.288675
301.433950
302.030775
302.083250
302.331950
302.550725
302.611900
302.727925
302.947725
303.239575
303.398825
303.453175
303.559950
303.688825
303.722550
303.761075
303.841025
303.878050
303.965375
304.090675
304.297725
304.447050
304.628250
304.916675
305.144275
305.191550
305.483450
305.528125
305.562350
305.603775
305.686025
305.940275
306.506550
306.559200
306.584250
306.626150
306.656775
306.675500
307.287575
307.342875
307.632925
307.834525
307.857325
307.922625
307.981275
308.072975
308.321300
308.668725
308.814575
309.399600
309.543000
309.966775
310.148700
310.243575
310.422400
310.519925
310.659800
310.770250
310.883975
311.225275
311.374450
311.607900
311.918600
312.407250
312.628825
312.780850
313.131075
313.217875
313.252525
313.268400
313.420250
313.538850
313.687325
313.851750
313.997025
314.065200
314.157200
314.235700
314.259700
314.291150
314.368250
314.453350
314.755925
314.876000
315.103925
315.225500
315.322025
315.938150
316.029175
316.074725
316.441900
316.502775
316.919250
317.035175
317.064575
317.852850
317.967325
318.057950
318.295050
318.346225
318.579975
318.599450
318.740850
318.749025
318.776150
318.931100
318.992925
319.213500
319.396825
319.448675
319.824000
320.048025
320.415375
320.460375
320.525550
320.558025
320.576775
320.716775
320.971475
321.165700
321.464450
322.269850
322.618100
322.677325
322.760125
322.874350
322.923750
323.947075
324.385650
324.509125
324.756075
324.837200
324.949875
324.963300
325.052225
325.092250
325.162575
325.235475
325.387325
325.467700
325.517925
325.688825
325.916075
327.673725
327.828725
327.894025
327.907775
327.929075
327.961125
327.989000
328.034600
328.274225
328.397400
328.526175
328.574525
329.189125
329.479650
329.756575
329.829425
329.927350
330.137325
330.241975
330.560275
331.026425
331.142800
331.845200
331.882350
331.908650
331.953425
331.966800
332.009000
332.045375
332.188850
333.396425
333.634150
333.674850
333.692125
333.750150
333.954875
334.221575
334.510125
334.525700
334.594175
335.058850
335.174575
335.195200
335.384775
335.689775
335.798350
336.001150
336.379475
336.479575
336.499550
336.632875
336.684225
336.729725
336.874450
337.197150
337.313300
337.822525
337.831100
337.916075
338.004250
338.096575
338.120350
338.196600
338.223775
338.294375
338.432925
338.504700
338.557200
338.759550
339.109925
339.192900
339.291450
339.329575
339.358825
339.392575
339.468225
339.831475
339.893725
340.172425
340.220775
340.292225
340.471400
340.502325
340.542700
340.655550
340.867900
340.990825
341.165450
341.204575
341.732925
342.006325
342.195400
342.308900
342.445200
342.587025
342.799200
342.848325
342.946575
343.094125
343.742425
343.815675
344.087800
344.303000
344.463275
344.478750
344.498350
344.649200
344.767750
344.934175
345.347200
345.847200
346.085525
346.285625
346.565925
346.889975
347.191950
347.313250
347.409475
347.590100
347.623125
347.656500
348.315175
349.033700
349.126400
349.162825
349.246000
349.449675
349.750750
349.890050
350.398675
350.549600
350.779775
350.973700
353.659900
353.767775
353.803950
353.836875
353.853850
353.947650
353.997625
354.073675
354.414425
354.442900
354.739500
354.825375
355.074525
355.155900
355.295700
355.390350
355.620775
356.091025
356.243575
356.396900
356.513575
356.553925
357.407800
357.638175
357.840275
358.004800
358.174850
359.046725
359.285900
359.377900
359.381975
359.547900
359.744225
359.791300
359.815600
360.053350
360.129800
360.207850
360.391525
360.454875
360.895750
361.041500
361.077800
361.313200
361.503325
361.513000
361.950625
361.974525
362.273050
362.314500
363.469100
364.237575
364.867525
364.962950
365.016525
365.037350
365.137475
365.397550
365.431625
365.781150
365.888675
365.904200
365.957400
366.062900
366.096200
366.175525
366.215900
366.384175
366.471525
366.494275
366.552475
366.691975
367.559700
367.616525
367.998000
368.034000
368.052800
368.199550
368.277125
368.310375
368.485550
368.530525
368.663050
369.272775
369.505875
369.836750
369.873975
369.899975
370.082600
370.148275
370.170375
370.356100
370.525800
370.624550
370.656025
370.718500
370.786800
370.857700
371.035675
371.600850
371.700600
371.797700
372.041475
372.444600
372.566050
372.652900
372.919550
372.979850
373.596975
373.752675
373.922025
374.021800
374.161850
374.394650
374.500700
374.558175
374.613825
374.646050
374.673875
374.765475
375.044175
375.148375
375.312550
376.040025
376.067725
376.193200
376.228700
376.312975
376.335400
376.372375
376.407475
376.442625
376.553150
376.731275
377.277975
377.543250
377.938925
378.017975
378.272150
378.556475
378.622850
378.700175
378.730100
378.766275
379.046300
379.248600
379.525825
379.973075
380.121500
380.417725
380.861650
381.127225
381.227375
381.532325
381.619075
381.705475
381.784100
381.872350
382.114600
382.238525
382.347100
382.549675
382.875800
383.058250
383.167675
383.368175
383.899900
383.910625
384.190450
384.316475
384.400400
384.453850
384.481850
384.562975
384.620375
384.678350
384.858475
384.896250
384.904725
384.994425
385.297675
385.627675
385.688725
385.811850
385.898275
386.144100
386.275750
386.352675
386.878175
386.903675
386.923025
386.957750
386.977025
387.028075
387.070000
387.498775
388.129225
388.217275
388.795450
389.071575
389.257250
389.353250
389.429850
389.529175
389.602050
389.680100
389.707775
389.768200
389.826975
389.876150
389.933550
390.520075
391.021750
391.086250
391.272325
391.515275
391.758075
392.099300
392.212425
392.426575
392.544550
392.618975
392.727700
392.865400
392.921200
392.957375
393.053250
393.114400
393.604725
393.651050
393.689350
393.816725
394.110075
394.213650
394.929950
395.024350
395.169700
395.275275
395.297950
395.431950
395.538300
395.577475
395.649050
395.714875
395.854550
395.998075
396.031775
396.557250
396.658750
396.873825
396.962500
397.009925
397.136775
397.157550
397.291250
397.704150
397.760250
397.892425
398.115925
398.268450
398.407525
398.426525
398.585975
398.824050
398.890325
399.064550
399.551550
399.633575
399.838575
399.927400
400.151225
400.258950
400.414425
400.534050
400.580525
401.146400
401.312525
401.371875
401.459475
401.521975
401.612450
401.683725
401.784175
402.756650
403.031000
403.072200
403.115450
403.239925
403.319425
403.346225
403.858925
404.284825
404.570325
404.652250
404.673575
404.696575
404.776125
404.957975
405.116850
405.446125
405.496450
405.593000
405.762125
405.867100
405.971425
406.133125
406.258100
406.631625
406.740350
406.781575
406.796325
406.852600
407.134800
407.751100
407.938700
408.061625
408.145750
408.629250
408.696500
408.871525
409.170350
410.159275
410.394275
410.423900
410.618150
410.667300
411.144175
411.382875
411.468725
411.644550
412.298450
412.401975
413.521775
413.718500
413.771850
413.795275
413.846275
413.879100
413.892475
414.051000
414.214825
414.325400
414.509175
414.587725
415.090300
415.203700
415.292800
415.651425
415.979150
416.023525
416.141250
416.280575
416.735100
416.843950
417.302250
417.363900
417.695975
417.917575
417.988325
418.066925
418.376800
418.556000
418.940175
419.014500
419.251875
419.526325
419.688700
419.991400
420.317675
420.603575
420.632450
420.806225
421.042475
421.357600
421.380925
421.554575
421.632525
422.054750
422.297775
422.366700
422.432100
422.959700
423.043025
423.689800
423.797750
423.876150
424.726725
424.938075
425.139950
425.212875
425.269375
425.556400
425.685325
425.939375
426.004975
426.878400
426.915950
426.937875
426.985025
427.209750
427.268875
427.340525
427.437825
427.478800
427.716650
428.048125
428.084600
428.163225
428.217750
428.549800
428.630675
428.833525
428.963625
429.611300
430.095425
430.419725
430.574750
430.617125
431.232575
431.303325
431.633625
431.690025
431.747550
431.966825
431.989425
432.871025
433.034075
433.477850
433.590700
433.765250
433.879750
434.017650
434.741975
434.854900
434.914575
434.979025
435.036750
435.146275
435.358350
435.679025
436.097925
437.028900
437.296150
437.626300
438.087150
438.284775
438.459000
438.500150
438.551125
438.680175
438.851525
439.065950
439.305600
439.493450
440.063975
440.114450
440.241875
440.453525
440.848725
440.947850
441.519475
441.626725
441.664600
441.808425
441.873850
441.938825
442.031900
442.399300
442.477425
442.571025
443.634250
443.813250
443.894700
444.153575
444.256100
444.356825
444.694050
444.806550
445.092125
445.649150
445.844200
446.239525
446.425250
446.628500
446.691950
446.963775
447.210925
447.319250
447.382800
447.438750
447.490500
447.520450
447.630375
448.222700
449.037600
449.149075
449.249475
449.327325
449.808550
449.907900
450.064125
450.491575
450.747925
450.929125
451.019150
451.054625
451.427900
451.502300
451.810325
452.227525
452.300825
452.464675
452.549575
453.009175
453.195150
453.282250
453.933700
454.033375
454.512375
455.130450
455.235450
455.521650
455.602500
456.398250
456.573975
456.786725
456.863725
456.968350
457.004150
457.365575
457.700575
458.282850
458.343750
458.484675
459.153700
459.366625
459.562775
459.694275
459.855800
460.466900
460.501950
460.524550
460.581125
460.606475
460.629650
460.936700
461.408925
461.809700
462.043050
462.105200
462.107275
462.139775
462.213100
462.241925
462.336400
462.385725
462.401350
462.413900
462.529475
462.552575
462.672000
462.774825
463.043700
463.539050
463.657850
463.768400
463.941925
464.585925
464.906500
465.345975
465.519350
465.749600
465.835700
466.286950
466.361650
466.574100
466.663550
466.886825
467.049275
467.228775
467.657650
467.766150
467.952675
468.062775
468.166475
468.705400
468.844200
468.930800
469.339975
469.429975
469.631225
469.764925
469.852900
470.060175
470.156275
470.230700
470.278625
470.485600
470.547175
470.665175
470.943450
471.449300
471.591775
471.702275
471.778425
472.179625
472.265050
472.480775
472.718700
472.837975
473.164100
473.319950
473.462875
473.510550
473.699125
473.796675
473.907925
473.970525
474.083750
474.196075
474.323600
474.552300
474.888300
475.165850
475.628300
476.506325
476.702500
476.733375
476.766900
477.144775
477.580500
477.885550
478.021250
478.193625
478.351400
478.962525
479.152650
479.664800
479.742650
479.772300
479.796250
479.853175
479.890675
479.924950
479.959000
480.011700
480.047100
480.087300
480.195050
480.270750
480.898400
481.029400
483.108125
483.144950
483.202625
483.294475
483.346825
483.381900
483.561650
483.754675
484.172550
484.398150
484.667775
484.801775
484.894500
485.193500
485.425375
485.476025
485.585775
486.003150
486.208425
486.413475
486.567200
486.630175
487.016150
487.084950
487.111825
487.232150
487.634825
487.714675
487.986200
488.194025
488.281725
488.394075
488.488550
488.542025
488.872450
489.017575
489.078525
489.261650
489.300325
489.448750
489.741175
489.865200
491.246375
491.382325
491.637350
491.851475
491.937075
492.123375
492.395200
492.548900
492.582650
492.603825
492.656050
492.765600
492.934300
492.997575
493.495075
493.997125
494.225175
494.372975
494.900800
494.921225
494.983325
495.368475
495.632475
495.956325
496.187025
496.287400
496.517750
496.599375
496.692325
496.746275
497.152425
497.293125
497.358200
497.414075
497.512150
497.531600
497.691825
498.250375
498.606175
498.726975
498.748300
498.853125
499.068875
499.157075
499.307150
499.566175
499.810450
500.312175
500.575625
500.761550
500.813875
500.904500
501.171950
501.404250
501.910100
501.975575
502.091800
502.117075
502.157950
502.366200
502.459100
502.484375
502.527075
502.593375
502.723500
502.803750
502.935700
503.031775
503.077025
503.307650
503.432000
503.543200
503.733200
504.582850
504.596300
504.617300
504.689050
504.742950
504.871250
505.222225
505.746450
506.340475
506.522825
506.602300
506.850300
507.086450
507.124675
507.381325
507.656450
508.066900
508.385650
508.845425
509.103100
509.346925
509.462750
509.527300
509.587525
509.625775
509.663075
509.820525
510.458875
510.531250
510.853875
511.484650
511.615550
511.805800
511.904275
512.052700
512.139550
512.381800
512.490725
513.179925
513.511300
513.642225
513.753350
514.586100
515.364550
515.418800
515.821125
516.228550
516.503550
516.539500
516.628175
516.823675
517.311250
517.395250
517.465050
517.567450
517.640225
518.507200
518.559500
518.602100
518.893850
518.964400
519.055750
519.258700
519.636475
519.808800
519.960325
520.023275
520.062925
520.118900
520.173825
520.255825
520.310650
520.442975
520.523975
520.667075
520.744950
520.873600
521.106050
521.192800
521.493200
521.663650
521.725075
521.751125
521.873775
521.993050
522.125100
522.454050
522.883975
522.961700
523.086400
523.169525
523.217150
523.274250
523.678575
523.928550
524.166575
524.330575
524.530200
524.667250
525.172775
525.610275
525.674725
525.967750
526.145875
526.265025
526.600125
526.656650
526.786525
526.860250
527.129050
527.213850
527.446600
527.623300
527.979325
528.084025
528.317700
528.455325
528.637675
528.679350
528.742400
529.131825
529.337450
529.461175
529.778825
530.119525
530.823050
531.072625
532.426300
533.332500
533.653925
533.668850
533.812625
534.041175
534.309750
534.824900
534.994750
535.247025
535.414150
535.777475
535.913450
536.027425
536.633450
536.931525
537.127775
537.365200
537.567525
537.858325
538.437700
538.821025
538.874875
539.222000
539.398975
539.540125
539.714825
540.149375
540.185950
540.270250
540.765725
540.815875
541.242950
541.444750
541.731650
541.892950
541.994550
542.104075
543.206400
543.700075
543.763425
544.044700
544.263425
544.531225
544.772825
545.190275
545.404525
545.684075
546.190225
546.360700
546.514600
547.014550
547.221425
547.372650
548.408350
548.550175
548.706850
548.993175
549.053825
549.077225
550.084375
550.200050
550.488275
550.618150
550.805575
550.945525
550.980475
551.418450
551.686975
552.056325
552.682575
553.657075
553.678350
553.691500
553.728300
553.762525
553.796825
554.125750
554.602275
554.671250
554.766125
554.797825
555.235450
555.578300
555.910375
557.205700
557.330325
557.506650
558.192750
558.312225
558.369800
558.405950
558.441350
558.630000
558.798875
559.019800
559.202325
559.787775
559.857725
560.464175
560.682825
560.792075
561.012275
561.051150
561.173950
561.346800
562.065700
562.209100
562.791175
562.826925
562.990125
563.032625
563.190650
563.231700
563.272375
563.355900
563.441575
564.053975
564.402925
564.550250
564.937625
565.047650
565.148250
565.219750
565.289475
565.369175
565.470775
565.534300
565.628825
565.940600
565.999100
566.212075
566.528550
566.585150
566.645850
566.817475
567.012025
567.147675
567.168650
567.276650
568.007600
568.245900
568.838575
568.919150
569.676800
569.895200
570.026525
570.211975
570.267650
570.314500
570.626525
570.790150
571.095750
571.362550
571.391250
572.121325
572.199975
572.457375
572.969275
572.975300
573.127500
573.302025
573.560050
573.773750
574.258575
574.943450
575.207200
575.307125
575.447600
576.369125
576.667700
576.954850
577.610000
578.089125
578.145650
578.460775
578.524700
579.084775
579.610550
579.719575
579.804250
580.020950
580.161950
580.463825
580.798800
581.641975
581.672275
581.830275
581.855925
582.033400
582.098950
582.361800
582.927400
583.262350
583.916650
583.933775
584.178350
585.152225
586.005300
586.257100
586.391050
586.714875
586.942075
588.150350
588.198975
589.249700
589.513950
590.030225
590.360775
590.551175
590.678500
591.004975
591.693600
591.740650
591.785925
591.856325
592.102825
592.137025
592.350050
592.913575
593.324400
593.832350
594.173725
594.356925
594.508675
594.586500
595.610475
595.723625
595.896275
596.047925
596.533750
596.606475
596.640500
596.982750
597.276175
597.498400
597.800575
597.861600
598.085325
598.659050
598.769800
598.908200
599.124050
599.186050
599.599850
600.157775
600.415575
600.688725
