0.425500
0.662100
1.658100
1.728800
2.142275
2.235500
3.318000
3.559100
4.196325
4.278825
5.400975
5.740650
6.631725
7.857800
8.535875
9.354500
9.481650
10.252000
11.409650
11.760375
12.206075
12.908625
13.800625
14.263350
14.470125
15.654200
16.358825
16.813925
17.013050
17.396150
17.805300
19.295100
20.282375
20.655325
20.711225
21.067700
21.337250
22.153125
23.159175
23.514025
24.055225
24.325550
24.389425
25.335475
25.993225
26.592000
27.515425
27.975800
28.549450
29.112450
30.589800
30.814950
31.985400
32.130175
33.158700
33.215775
34.891150
35.158825
36.207150
37.366400
38.240025
39.334050
39.644325
39.788475
40.281950
40.369925
40.608400
41.743400
46.365725
46.961100
47.299250
47.712325
48.135475
48.179600
49.218125
50.012100
50.045825
50.432850
51.591050
51.869350
53.073275
53.127750
53.510025
53.565250
54.204075
55.444100
56.821750
58.204350
59.816825
64.755600
64.793775
64.890975
65.109125
66.098150
66.294400
66.518425
67.270025
69.813350
72.343800
72.868650
74.467875
74.523050
75.221350
77.918925
81.853850
82.500375
83.276975
84.493875
84.579300
86.503775
89.969150
91.447750
94.156775
94.503475
94.804900
96.960650
97.369675
98.365375
98.892725
103.334550
106.785375
109.193900
109.706900
112.075975
112.538050
114.705725
115.137000
117.015075
118.212825
118.998350
119.359200
120.720600
121.069600
121.105600
123.056875
123.776125
125.409100
126.635675
127.711750
128.832525
130.873925
131.790475
132.768050
132.934550
133.928800
134.825500
135.386850
135.922675
136.590375
137.395000
139.523850
141.336975
142.971500
146.479425
146.754050
147.545600
150.131200
153.543125
154.194575
155.658175
158.406200
160.332175
161.886000
162.135125
165.093225
166.009300
168.493675
168.517900
168.728975
169.843525
171.486450
172.919525
173.533725
173.594750
173.596125
174.428300
174.645750
174.921225
176.616600
177.010250
177.114475
177.937300
179.402950
179.855925
180.785825
181.533850
181.581925
182.098200
183.627650
184.579500
190.624225
190.978425
191.985650
198.331200
201.887225
204.038900
204.965075
205.192125
206.335625
206.769575
