2.642775
5.121825
9.932550
10.063625
12.992825
17.545175
23.198100
29.324050
29.953350
31.433200
33.331175
34.104025
35.177825
37.656375
37.674300
38.207300
38.534750
38.642500
39.338350
40.469775
41.479575
41.968725
42.880300
43.593400
45.916550
46.497375
47.921150
52.787725
56.834625
56.898575
57.141675
57.562775
58.581900
59.722450
59.960550
60.177250
61.232775
62.098475
62.593975
62.953925
63.977950
64.488025
64.520825
64.683825
64.814975
64.944400
65.660200
65.811775
66.095025
66.241750
67.004550
67.398300
68.009150
68.198375
69.024900
69.100025
69.183400
69.557050
69.693125
69.717925
69.914300
71.072000
71.160325
71.174625
71.593425
71.881875
72.125875
73.274250
73.711400
73.810700
74.378650
74.521675
74.684025
74.959300
75.221750
76.896975
76.925900
76.973275
77.114900
77.755025
78.940975
80.041400
80.104625
82.795050
82.869025
82.929500
82.936775
83.033925
83.166125
83.422125
83.530850
83.908850
84.173875
84.428275
84.509125
84.534425
84.898575
85.065900
85.357075
85.408275
85.427725
85.476825
85.688125
85.749500
86.019025
86.477575
86.858975
87.271375
87.568575
88.279050
88.784100
88.874250
89.011450
89.282600
89.324500
89.526300
89.588325
89.642550
89.757525
90.097925
90.319325
90.372775
90.484575
90.521600
90.987650
91.339275
91.702825
91.866400
92.240050
92.509875
92.981250
93.043550
93.055625
93.668450
94.541850
94.715675
94.773925
95.486150
95.638950
96.021175
96.357400
96.554550
96.660925
96.948825
97.203050
97.240950
97.752500
97.959025
98.070750
98.140125
98.222900
98.345250
98.378800
98.538025
98.841650
99.109325
99.309650
99.393250
99.406375
99.623450
99.637500
99.797950
99.820750
99.847475
100.043350
100.239300
100.594225
101.049100
101.067525
101.144925
101.204400
101.477500
101.498850
101.593200
101.739900
101.774925
101.786700
102.263400
102.285675
102.783875
102.836950
102.955425
103.370875
103.455000
103.868075
103.926000
104.127850
104.491875
104.571000
104.707925
104.965525
105.097450
105.372575
105.394275
105.433400
105.502625
105.564750
105.937400
105.978825
106.482950
107.021725
107.092775
107.214600
107.288925
107.327150
107.568600
107.599150
107.704700
107.720625
107.820050
108.215775
108.857600
108.879325
109.262775
109.737300
109.852900
110.348325
110.746575
110.887750
110.968675
111.441325
111.500900
112.002225
112.099450
112.213850
112.270125
112.354200
112.834400
112.961800
113.004300
113.062825
113.131300
113.265000
113.322125
113.368925
113.562975
113.675950
113.692675
114.102975
114.219825
114.347100
114.658325
114.685850
114.727450
114.838950
114.892025
114.979575
115.456875
115.659200
115.924850
115.983025
116.098400
116.141175
116.194650
116.312650
116.345725
116.478750
116.490425
116.552650
116.807675
117.159625
117.720275
117.764575
117.815450
118.053050
118.620525
118.785075
119.055625
119.098925
119.286300
119.371250
119.560900
119.800825
119.885375
120.351750
120.402875
120.464650
120.597575
120.625875
120.776025
120.818425
120.904400
121.055675
121.124550
121.189925
121.222575
121.308850
121.626775
121.690725
121.725850
122.093600
122.275450
122.552875
122.554300
123.040775
123.364675
123.375225
123.751650
123.803225
124.307200
124.806375
124.913250
124.946750
124.977425
124.985800
125.139925
125.212075
125.359075
125.546050
125.607275
125.647225
125.688025
125.725300
125.755300
126.484750
126.513375
127.535725
127.652700
127.710200
128.186250
128.344475
128.496700
129.020800
129.044975
129.049175
129.108625
129.116025
129.223125
129.236100
129.323475
129.484650
129.555150
129.633525
129.711650
129.722425
129.738550
129.878950
129.925175
129.996950
130.052375
130.324800
130.701750
131.101225
131.230100
131.259775
131.276750
131.611725
131.761025
132.216100
132.490375
132.521150
132.559975
132.648650
132.665475
132.747800
132.854750
133.059225
133.328575
133.476200
133.510025
133.574300
133.636925
133.676725
133.819650
133.920650
134.146050
134.197000
134.244325
134.287300
134.418825
134.506975
134.541000
134.609250
135.224475
135.253450
135.350650
135.407975
135.444050
135.583975
135.637950
135.792025
135.923550
136.067850
136.304125
136.309375
136.400575
136.419350
136.572975
136.665375
136.715000
136.777075
136.791050
136.942800
137.051175
137.295325
137.365725
137.646800
137.903150
137.937100
138.532375
138.685400
138.842125
138.962650
138.969650
139.261625
139.576000
139.812375
140.088800
140.168025
140.339125
140.400275
140.411000
140.872450
140.894725
141.085075
141.094950
141.101325
141.385400
141.394125
141.453925
141.731725
141.810050
141.896475
141.926725
141.973100
142.029650
142.071125
142.332275
142.344950
142.379150
142.420575
142.566700
142.842400
142.879625
142.944525
142.959875
142.985075
143.041575
143.089175
143.198925
143.267775
143.376350
143.562150
143.775225
143.830750
144.189400
144.276550
144.285125
144.481650
144.632425
145.002475
145.061300
145.402350
145.574975
145.633300
145.759375
145.805025
146.090975
146.167650
146.202650
146.250675
146.268575
146.276650
146.344550
146.512125
146.624075
146.710250
146.926350
147.185500
147.443750
147.895400
148.108350
148.242475
148.277450
148.284775
148.579950
148.815175
148.877250
148.949575
149.365550
149.506075
149.707575
149.777650
150.390725
150.441700
151.073375
151.114400
151.198250
151.262825
151.386325
151.418875
151.540725
151.863950
152.007775
152.156125
152.168925
152.260100
152.367650
152.377625
152.389375
152.393600
152.398775
152.612450
152.720600
153.078650
153.118000
153.292575
153.393725
153.484900
153.632100
153.760625
154.001500
154.007600
154.071900
154.078300
154.083875
154.237550
154.385925
154.482050
154.655150
154.737400
154.818575
154.884500
155.074900
155.217725
155.384825
155.494300
155.561275
155.667575
155.900800
156.691275
156.744275
156.796275
157.043700
157.050975
157.056350
157.283475
157.377600
157.678825
157.693325
157.807575
157.825275
157.854850
157.860100
157.867950
157.876300
157.896475
158.019275
158.146125
158.159300
158.222375
158.368425
158.535550
158.851200
159.256350
159.290050
159.320075
159.353075
159.718725
159.734275
159.878200
159.919225
159.947600
160.148450
160.234950
160.292125
160.500600
160.598200
160.871675
160.990150
161.039425
161.052350
161.269900
161.313750
161.384325
161.529125
161.632625
161.717650
161.846875
162.106200
162.209200
162.355050
162.442925
162.544350
162.645250
162.691250
162.888950
162.925100
162.980800
163.121275
163.299850
163.405125
163.501175
163.854075
163.902975
164.053900
164.077250
164.306775
164.433550
164.564350
164.814975
165.113475
165.190700
165.207525
165.290000
165.296775
165.426075
165.686325
165.706975
166.320400
166.473050
166.522275
166.594325
166.666950
166.689375
166.744925
166.769475
166.876375
166.902525
166.915175
167.037700
167.046225
167.056775
167.106725
167.931525
167.976900
167.983550
168.083300
168.259200
168.346125
168.399975
168.425450
168.587700
168.609200
168.856200
168.870275
168.943375
169.152075
169.259850
169.612500
169.635200
169.725025
169.771250
169.847075
170.192950
170.345400
170.398800
170.527875
170.729050
170.851050
170.950625
171.038325
171.177125
171.202525
171.242925
171.284675
171.319750
171.345800
171.373575
171.409175
171.437775
171.948725
172.104575
172.113100
172.223025
172.269925
172.485950
172.726500
172.879775
173.206100
173.246900
173.539275
173.611875
173.692925
173.720075
173.729650
173.870750
174.311175
174.574675
174.702575
174.792700
174.862700
174.901000
175.002300
175.075525
175.145725
175.163700
175.281300
175.294350
175.407650
175.472100
175.507650
175.528425
175.617875
175.754250
175.807650
175.884775
176.004400
176.036575
176.360650
176.426750
176.712475
176.735575
176.815400
176.845300
176.920400
176.997900
177.136050
177.163450
177.283675
177.301400
177.419975
177.834725
177.844750
177.862875
178.064075
178.328050
178.748350
178.766425
178.779925
178.935800
179.102700
179.206325
179.310300
179.393250
179.489625
179.490775
179.511250
179.514525
179.518375
179.560175
179.609425
179.702225
179.883200
180.142125
180.170175
180.215150
180.344925
180.379525
180.461550
