0.022350
0.171025
0.203900
0.338725
0.385000
0.427950
0.625300
0.664450
0.700600
0.725400
0.913775
0.938625
0.976825
1.020100
1.127275
1.202750
1.329075
1.371850
1.382225
1.465800
1.502275
1.534000
1.613075
1.696425
1.746725
1.802875
1.805875
1.861975
1.978750
2.060775
2.182375
2.262200
2.309050
2.392600
2.573950
2.637050
2.811200
2.945375
3.106825
3.178350
3.189700
3.230900
3.685125
3.814625
3.967275
4.035325
4.065425
4.074250
4.180275
4.287350
4.584300
4.826975
4.846750
4.937375
4.983475
5.004875
5.110600
5.148400
5.196600
5.265500
5.328850
5.554200
5.652275
5.693550
5.865000
5.902225
6.013550
6.047850
6.064200
6.145150
6.253525
6.310700
6.431500
6.578275
6.602625
6.647950
6.824050
6.885000
6.903225
6.916875
7.021900
7.210100
7.255275
7.392975
7.522025
7.575075
7.622850
7.673150
7.806050
7.828000
7.877150
8.027275
8.032275
8.070250
8.138350
8.387050
8.661950
8.670900
8.711300
8.734800
8.806600
8.936675
9.003475
9.140075
9.166300
9.194975
9.247275
9.317750
9.440250
9.644575
9.700500
9.716875
9.800300
9.811175
9.940925
10.005675
10.323400
10.588425
10.950000
11.029050
11.076775
11.119825
11.156175
11.447600
11.669950
11.685025
11.700800
11.725100
11.845125
11.909025
11.914575
11.971175
12.216925
12.241625
12.374950
12.455200
12.643450
12.693350
12.813225
12.966050
13.438625
13.533950
13.604975
13.649375
13.680300
13.854600
13.887050
13.903825
14.008700
14.011600
14.015100
14.047100
14.086125
14.139750
14.194275
14.200075
14.238775
14.360700
14.398825
14.545725
14.713075
14.805375
14.860525
14.884000
14.966000
15.020950
15.259675
15.363825
15.444075
15.479875
15.489100
15.673700
15.815600
15.850575
15.959150
16.168000
16.262625
16.366925
16.495900
16.534450
16.641175
16.647775
16.693050
16.831950
16.933750
17.078975
17.113225
17.144950
17.363075
17.595000
17.786225
17.852500
17.942875
17.978000
18.054350
18.131450
18.150450
18.210850
18.251100
18.275400
18.404100
18.493000
18.512675
18.543425
18.544975
18.611025
18.616150
18.742050
18.783050
19.000050
19.076225
19.408950
19.444100
19.745900
19.837500
19.898150
19.907050
20.045525
20.126825
20.136275
20.197800
20.278100
20.355925
20.432650
20.484400
20.510050
20.523300
20.554100
20.586225
20.612100
20.726300
20.737625
20.785650
20.835350
20.966125
21.035325
21.040100
21.123750
21.144725
21.312675
21.403550
21.566575
21.663750
21.773475
21.860275
21.906375
21.977325
22.124500
22.185900
22.353150
22.506250
22.534950
22.786775
22.853150
23.083775
23.139325
23.178400
23.370125
23.479000
23.595150
23.625850
23.642200
23.753725
23.765625
23.803975
24.339325
24.461725
24.513175
24.594375
24.647925
24.682925
25.132000
25.407250
25.439675
25.955725
26.087150
26.147025
26.169700
26.621725
26.651125
26.769950
26.823900
26.894975
26.943150
26.947700
27.026875
27.123700
27.138900
27.233775
27.265975
27.316375
27.486625
27.605650
27.763000
27.857675
27.928975
28.007900
28.078725
28.116700
28.207325
28.225675
28.266825
28.304450
28.340925
28.371075
28.438025
28.496525
28.854600
28.951575
29.240900
29.329550
29.459800
29.576625
29.647450
29.759275
29.948700
29.997575
30.021600
30.072275
30.179625
30.346175
30.409450
30.542425
30.626625
30.720825
31.057275
31.074075
31.172300
31.279700
31.312350
31.351450
31.408075
31.475050
31.482350
31.534225
31.708150
31.743425
31.781850
31.843575
31.954000
32.024225
32.270700
32.351800
32.575375
32.637150
32.734025
32.818775
32.821500
32.833850
32.906500
32.983375
32.999825
33.243400
33.275850
33.390450
33.469000
33.501025
33.518025
33.559825
33.729000
33.862675
33.916650
34.027900
34.093525
34.145475
34.204900
34.361400
34.484775
34.539425
34.651775
34.705800
34.734375
34.756550
34.790625
34.985875
35.006325
35.072075
35.088250
35.125625
35.222375
35.266200
35.269800
35.340150
35.349150
35.360350
35.397475
35.507675
35.568625
35.632900
35.654250
35.793925
35.926825
35.957950
35.997575
36.006975
36.130750
36.181800
36.264275
36.293375
36.375575
36.422675
36.563250
36.639850
36.684175
36.749675
36.810750
36.847700
36.971225
36.986000
37.417175
37.728050
37.861800
37.913100
38.088800
38.252700
38.383875
38.664300
38.918725
39.075075
39.275600
39.278300
39.299725
39.478675
39.526675
39.693900
39.774750
39.841500
39.946325
39.964125
40.319350
40.508450
40.627175
40.838950
40.892000
40.932700
40.998675
41.116525
41.302350
41.406300
41.541275
41.649925
41.747425
42.077775
42.169950
42.216900
42.393000
42.471900
42.759450
43.109950
43.141550
43.188750
43.239075
43.361750
43.429525
43.439175
43.623225
43.787000
43.984200
44.003975
44.251375
44.267375
44.292925
44.310975
44.336200
44.473150
44.864700
44.927700
45.000875
45.269225
45.292675
45.659825
45.667050
45.731100
45.822875
45.945350
46.125525
46.137450
46.283225
46.353325
46.455825
46.540350
46.708150
46.838900
46.873425
46.956850
46.998850
47.012025
47.167975
47.209300
47.276025
47.501225
47.504825
47.562325
47.868075
47.988600
47.994425
48.093450
48.116250
48.246275
48.283350
48.322475
48.326275
48.336125
48.359875
48.408375
48.597075
48.644925
48.776400
48.854925
49.191225
49.212925
49.329525
49.461400
49.501650
49.577300
49.619225
49.899650
49.986625
49.991925
50.075450
50.235375
50.265125
50.288625
50.395150
50.412325
50.469400
50.516450
50.530000
50.596700
50.660425
50.784650
50.947975
50.961025
51.043750
51.072050
51.253925
51.331075
51.540775
51.544725
51.599000
51.658675
51.664950
51.688075
51.702775
51.795300
51.843100
51.879100
51.909925
52.125125
52.292675
52.437125
52.486775
52.524300
52.577250
52.579550
52.724725
52.814800
52.880225
52.963975
52.968500
53.008375
53.090575
53.160525
53.169100
53.365925
53.388175
53.533025
53.615250
53.695350
53.749600
53.860150
53.936900
53.945775
53.984525
54.094875
54.209400
54.223750
54.293200
54.341050
54.394950
54.544975
54.551850
54.665300
54.671950
54.762875
54.809100
54.881550
54.940625
54.958175
55.028675
55.190425
55.227700
55.258325
55.326375
55.332900
55.473275
55.535150
55.573350
55.613975
55.615800
55.660025
55.683625
55.696125
55.815525
55.984575
55.998275
56.027850
56.146425
56.348975
56.449625
56.588825
56.682125
56.827375
56.830325
56.892250
56.977050
57.085350
57.103900
57.115950
57.251950
57.326550
57.461625
57.573500
57.604325
57.727250
57.738700
57.767275
57.774600
57.783200
57.879375
57.910625
57.964175
57.982275
58.031850
58.120475
58.144575
58.228725
58.370575
58.477950
58.488050
58.653450
58.759550
59.042000
59.134275
59.169950
59.256725
59.277025
59.333750
59.491975
59.614175
59.868200
59.935500
60.071575
60.171125
60.229475
60.309150
60.405800
60.668900
60.750075
60.906425
60.916100
61.067200
61.131725
61.168875
61.186950
61.246100
61.275775
61.425975
61.545950
61.575900
61.663350
61.668800
61.702925
61.749575
61.775075
61.929125
62.009225
62.091300
62.327775
62.406750
62.530900
62.553525
62.674200
62.827525
62.931775
63.036725
63.084575
63.088575
63.327750
63.443850
63.531475
63.541650
63.600650
63.626675
63.900400
64.003550
64.009100
64.015650
64.100675
64.159175
64.192300
64.265050
64.445975
64.478325
64.514100
64.670350
64.715900
64.722550
64.803425
64.808150
64.879650
65.001775
65.060425
65.147475
65.343325
65.397775
65.455575
65.509525
65.656275
66.020050
66.214075
66.299900
66.332400
66.454250
66.687975
66.716550
66.783400
66.818700
67.054225
67.097750
67.215075
67.324100
67.395875
67.507750
67.641125
67.835050
67.888625
67.923900
68.065825
68.079875
68.163275
68.237425
68.272300
68.289600
68.408700
68.456850
68.619275
68.817150
68.920625
69.015675
69.133500
69.185325
69.562925
69.604825
69.652175
69.679550
69.703425
69.853125
69.951150
69.953550
69.985600
70.158350
70.220950
70.403400
70.456900
70.663375
70.689375
70.827825
70.901075
70.926625
70.990800
71.231225
71.549100
71.673875
71.794325
71.960375
72.013400
72.042975
72.139725
72.384500
72.606800
72.746375
72.861200
73.092800
73.103950
73.190750
73.274300
73.502700
73.638000
73.646050
73.679800
73.789825
73.828175
73.862175
73.874700
74.006725
74.286400
74.352650
74.376925
74.402850
74.429900
74.447700
74.452775
74.651675
74.688550
74.748125
74.786550
74.818625
75.012700
75.103900
75.183175
75.370475
75.462975
75.536225
75.561500
75.563675
75.597650
75.641550
75.672500
75.730800
75.749575
75.835875
75.887600
75.958100
75.985375
76.036075
76.125675
76.297800
76.384325
76.483125
76.669400
76.699450
76.723575
76.738525
76.869450
76.885125
76.942200
76.959775
77.055775
77.098450
77.292750
77.603150
77.653375
77.673800
78.077025
78.290500
78.310550
78.360725
78.391650
78.418000
78.469350
78.470750
78.559025
78.665900
78.710675
78.734800
78.849575
78.986100
78.997650
79.004675
79.022325
79.104075
79.150750
79.372925
79.433875
79.735375
79.813725
79.929375
80.184050
80.217000
80.267350
80.428600
80.430850
80.652375
80.711800
80.855625
81.001875
81.129525
81.178275
81.235175
81.279000
81.331950
81.381925
81.616000
81.640025
81.673600
81.740575
81.748050
81.750500
81.791625
82.021050
82.032525
82.322875
82.349100
82.464400
82.519450
82.580550
82.625375
82.627375
82.670000
82.721875
82.787050
82.799175
82.801450
82.922975
82.976750
83.125925
83.130500
83.192825
83.330425
83.459850
83.506200
83.559025
83.642650
83.763625
83.902500
84.109825
84.161275
84.203600
84.225350
84.431950
84.446700
84.800850
85.049375
85.359375
85.700775
85.719575
85.888850
86.086875
86.205025
86.207475
86.412200
86.474100
86.540425
86.568250
86.774175
86.799550
86.805525
87.198400
87.258500
87.609625
87.662850
87.701975
87.716725
87.738725
87.852925
88.008325
88.204700
88.393100
88.663675
88.666900
88.989425
89.036500
89.087525
89.261925
89.263550
89.380150
89.489125
89.855700
89.942750
89.956525
90.095625
90.170250
90.265675
90.313850
90.450150
90.496600
90.530550
90.561425
90.659675
90.795200
90.803475
90.870550
90.924450
90.939900
91.011625
91.130425
91.223575
91.311300
91.406475
91.456750
91.528450
91.597125
91.725575
91.801875
91.829400
91.936400
92.037650
92.116725
92.178275
92.213825
92.486775
92.605375
92.641775
92.716800
92.759875
92.768000
92.770300
92.997575
93.160500
93.210725
93.425800
93.554500
93.636325
93.723400
94.019975
94.086125
94.092800
94.116050
94.528675
94.554150
94.688700
94.760425
94.844275
94.899325
94.923625
95.186750
95.362100
95.380875
95.476900
95.539000
95.557650
95.720800
95.847175
95.868700
95.965400
95.970575
96.258425
96.359125
96.409375
96.467450
96.506975
96.547450
96.548750
96.640625
96.679000
96.712975
96.760750
96.789100
96.895950
96.898275
96.940050
96.964575
97.134825
97.145750
97.165625
97.208225
97.327225
97.357650
97.387675
97.398050
97.456550
97.458200
97.524025
97.605300
97.696100
97.717850
97.764600
97.807475
97.888950
97.922100
97.975850
98.001500
98.186875
98.280675
98.294100
98.341625
98.414925
98.529650
98.606425
98.652650
98.753775
98.934175
98.958450
98.994100
99.088550
99.127250
99.141275
99.192875
99.226750
99.259300
99.323050
99.344250
99.487375
99.588575
99.788325
99.791950
99.823050
99.836350
99.932375
99.980375
100.127925
100.295225
100.349975
100.415850
100.498225
100.660950
100.716250
100.751575
100.873725
100.996975
101.173875
101.258400
101.326525
101.410825
101.461775
101.715025
101.791725
101.858100
101.868975
101.913450
102.046500
102.084725
102.440350
102.549200
102.570900
102.665350
102.681925
102.722900
102.876500
103.173450
103.331950
103.456650
103.522075
103.878200
103.920850
104.004725
104.233575
104.412250
104.438325
104.590025
104.605100
104.674925
104.688700
104.729750
104.802275
104.832575
105.080450
105.229625
105.283850
105.614025
106.023600
106.067650
106.192450
106.284375
106.561550
106.677475
106.692625
106.772525
106.843375
107.000100
107.020325
107.399475
107.447750
107.460450
107.511950
107.585425
107.677625
107.695375
107.741875
107.907525
107.949850
108.023575
108.029850
108.077475
108.246975
108.343675
108.382100
108.446450
108.588375
108.651300
108.653175
108.806675
108.878800
108.935150
108.956725
109.023850
109.128925
109.163925
109.174175
109.471300
109.680675
109.693025
109.777700
109.903225
110.135200
110.246800
110.353400
110.551875
110.572250
110.755400
110.891900
110.951950
110.981700
111.100600
111.150650
111.186625
111.213675
111.296425
111.305250
111.550000
111.595925
111.685300
111.737550
111.801800
111.849775
111.885700
111.964875
111.968525
111.977925
112.008025
112.080175
112.219725
112.226850
112.361900
112.416125
112.678075
112.841750
112.952825
112.990275
113.038750
113.179275
113.248500
113.496850
113.655750
113.706275
113.743275
113.791425
113.878800
113.956900
113.972025
114.054250
114.133325
114.162200
114.252150
114.275750
114.346800
114.348375
114.372100
114.490025
114.563025
114.962100
115.320275
115.327025
115.456825
115.513350
115.593225
115.694625
115.783250
115.874650
116.049350
116.061600
116.156550
116.269550
116.385050
116.429500
116.443250
116.493350
116.805700
116.841925
117.060875
117.167025
117.279650
117.369025
117.371225
117.447200
117.523150
117.551475
117.630250
117.663675
117.874850
118.035300
118.053575
118.066400
118.117575
118.119900
118.146425
118.568200
118.607900
118.763450
118.840300
119.190700
119.223275
119.331850
119.401850
119.411850
119.464650
119.596450
119.659500
119.887300
119.914800
120.050300
120.307950
120.340450
120.359400
120.369875
120.619775
120.673025
120.778900
120.822075
120.860500
121.086125
121.140875
121.147900
121.373750
121.705425
121.788850
122.044125
122.166050
122.403625
122.552675
122.645300
122.743275
122.920275
122.992275
122.997200
123.189325
123.335550
123.562200
123.596325
123.607800
123.786900
123.808475
123.947425
123.950175
124.050100
124.138250
124.238650
124.284325
124.420750
124.646625
124.727875
124.930575
125.068375
125.208850
125.295975
125.360300
125.419600
125.478875
125.736350
125.934650
125.936375
125.972125
126.105875
126.375175
126.377250
126.392250
126.562200
126.678850
126.773550
127.039450
127.073150
127.184825
127.499650
127.538150
127.661100
127.727075
127.859350
128.183075
128.283875
128.524525
128.582500
128.712000
128.910800
128.988925
129.044900
129.054200
129.175275
129.195325
129.299250
129.419300
129.434600
129.714250
129.871725
129.909175
130.158150
130.295850
130.333700
130.513475
130.592450
130.695450
130.853050
130.943150
131.007025
131.088925
131.207025
131.266600
131.549525
131.721175
131.811850
131.993950
132.062700
132.212275
132.289500
132.487350
132.508900
132.581775
132.621450
132.646675
132.716625
132.777075
132.976675
133.048175
133.094450
133.246650
133.330100
133.401650
133.488925
133.532775
133.613300
133.634875
133.746900
133.756375
133.841825
133.858350
133.980825
133.982625
134.022775
134.086300
134.252400
134.398400
134.431700
134.685475
134.775875
134.807725
134.826125
134.844925
134.932900
134.943200
135.140475
135.294750
135.350275
135.360150
135.426625
135.443125
135.454800
135.487750
135.502450
135.512725
135.653700
135.760700
135.811725
135.878650
135.905625
136.050375
136.387925
136.395750
136.473050
136.590050
136.610150
136.744625
136.805925
136.846350
136.924900
136.990425
136.998600
137.075750
137.212750
137.365650
137.494275
137.569200
137.797325
137.808900
138.127650
138.162000
138.198225
138.304900
138.344750
138.347875
138.441375
138.827725
138.845450
138.860500
138.943025
138.998875
139.057425
139.158575
139.317575
139.329350
139.638000
139.743000
139.862125
139.913350
139.918075
139.932350
139.977750
140.013475
140.187125
140.327925
140.467825
140.602500
140.631900
140.770275
140.817300
140.835950
141.026900
141.150475
141.185375
141.234750
141.457925
141.479600
141.515300
141.598050
141.700675
141.733500
141.742175
141.758025
141.921750
142.056625
142.452000
142.544800
142.585025
142.601525
142.644450
142.754375
142.797225
142.868075
143.026950
143.087800
143.123000
143.226325
143.315025
143.562875
143.784375
143.818825
143.822400
143.923400
143.978275
144.008625
144.137900
144.208325
144.269800
144.347775
144.563700
144.605525
144.661200
144.667375
144.732650
144.743000
144.757525
144.822300
144.967925
145.084050
145.206650
145.256825
145.373600
145.457300
145.528700
145.589075
145.620475
145.653000
145.728175
145.791925
145.930875
145.987200
146.050150
146.100975
146.149975
146.212250
146.256400
146.358675
146.377925
146.401975
146.476750
146.569200
146.643575
146.649925
146.735900
146.798625
146.893925
146.971350
147.032325
147.132650
147.154350
147.188900
147.194800
147.196925
147.213200
147.278325
147.390250
147.548875
147.558975
147.588075
147.689900
147.758000
147.786325
147.842500
147.888575
147.909475
147.944425
147.969175
148.182450
148.435275
148.494525
148.529775
148.563700
148.583325
148.599825
148.609900
148.674575
148.681050
148.802075
148.846250
148.860525
148.878175
148.927050
148.959525
149.001200
149.098750
149.192325
149.249350
149.299325
149.371725
149.498650
149.518175
149.524225
149.578700
149.792075
149.809100
149.870525
149.916000
150.027675
150.085075
150.120000
150.179100
150.358150
150.360925
150.394000
150.396675
150.492200
150.536700
150.578150
150.660475
150.830550
150.842325
150.999725
151.051200
151.052925
151.289675
151.303850
151.438700
151.530825
151.727175
151.820175
152.013900
152.068750
152.184200
152.298600
152.372425
152.451125
152.476525
152.601650
152.667525
152.775925
152.810825
152.996150
153.080975
153.099625
153.151350
153.165400
153.171525
153.187750
153.238650
153.304500
153.406650
153.647100
153.681375
153.797850
153.886800
153.997375
154.041675
154.139950
154.142550
154.362775
154.417300
154.609800
154.714925
154.790900
154.926325
155.016150
155.117950
155.493525
155.819775
156.099150
156.150825
156.176450
156.484300
156.586900
156.641850
156.801875
156.946750
157.009925
157.406725
157.528175
157.692200
157.777100
158.111775
158.134675
158.197525
158.271875
158.401275
158.433775
158.449100
158.629425
158.704350
158.730550
158.841150
158.874750
158.967275
159.032125
159.050075
159.324600
159.333425
159.430700
159.639875
159.788875
159.931225
160.074900
160.208875
160.246350
160.317350
160.604250
160.973750
161.036800
161.091325
161.099800
161.118050
161.161525
161.171325
161.216325
161.230375
161.552650
161.671500
161.787525
162.033050
162.037575
162.114850
162.131275
162.237150
162.270450
162.306500
162.312275
162.568000
162.647400
162.704925
162.854700
163.326525
163.339375
163.678275
163.840700
163.857850
164.035675
164.146225
164.171175
164.362125
164.479550
164.558950
164.841475
164.903275
165.090325
165.233750
165.460150
165.520600
165.680025
165.866550
166.265225
166.333625
166.545450
166.667375
166.919700
167.005800
167.033000
167.181750
167.219050
167.315250
167.462200
167.468050
167.616300
167.657225
167.746250
167.816825
167.891600
167.996300
168.010825
168.104675
168.231450
168.361200
168.412900
168.438950
168.759625
168.774700
168.828450
168.847575
169.100750
169.125825
169.170325
169.177900
169.353400
169.388550
169.453025
169.719850
169.840400
169.863850
169.986850
170.045625
170.088750
170.124650
170.140725
170.199050
170.418950
170.474950
170.547300
170.628900
170.863325
170.919400
170.942450
171.008000
171.077550
171.102825
171.145025
171.182025
171.274600
171.276525
171.468300
171.510050
171.570475
171.603300
171.719200
171.824750
171.896350
172.024650
172.139575
172.188100
172.655050
172.955400
173.005350
173.122400
173.294925
173.621225
173.721975
173.798425
173.935950
174.036775
174.141100
174.163850
174.196200
174.416150
174.562075
174.690025
174.783600
174.858500
174.876400
174.909375
175.057875
175.151650
175.199775
175.290050
175.434925
175.506775
175.642675
175.942475
175.961025
176.160575
176.326800
176.506550
176.642525
176.751700
176.800875
176.860400
176.950900
176.967175
177.016175
177.060225
177.170275
177.242150
177.404150
177.476425
177.478700
177.501075
177.706275
177.794775
177.854225
178.101550
178.193125
178.228425
178.281700
178.432675
178.544800
178.633275
178.823775
178.954775
179.017525
179.104775
179.110950
179.193850
179.439100
179.511325
179.616250
179.690300
179.744900
179.802700
179.903875
179.924325
180.013150
180.061200
180.095675
180.170825
180.214375
180.332475
180.488225
180.542275
180.570750
180.587625
180.654375
180.733975
180.759875
180.912325
180.962825
181.103575
181.145225
181.257550
181.496925
181.614500
181.616200
181.662575
181.873050
182.152325
182.162950
182.179675
182.237875
182.250450
182.342250
182.428775
182.436625
182.467900
182.556075
182.694025
182.735950
182.809050
182.855650
183.247375
183.345000
183.410825
183.746875
183.808250
183.810700
184.053900
184.136150
184.185075
184.287750
184.327500
184.339950
184.390325
184.421625
184.480325
184.593525
184.638750
184.673725
184.714500
184.750475
184.756175
184.812975
184.846750
185.328250
185.492150
185.631225
185.643825
185.658500
185.750650
185.820300
186.283825
186.370575
186.512700
186.560725
186.623050
186.732050
186.820275
186.853950
186.952775
187.092600
187.107825
187.187150
187.248200
187.272700
187.310775
187.359775
187.388075
187.412000
187.447550
187.452825
187.609250
187.666400
187.672750
188.039300
188.077525
188.271350
188.358325
188.435700
188.544500
188.607375
188.625300
188.670475
188.721550
188.752650
188.873400
188.876675
188.921350
188.988025
189.084950
189.121425
189.173950
189.294475
189.367500
189.496175
189.507050
189.521825
189.631425
189.648700
189.791200
190.054200
190.056450
190.208825
190.294650
190.339625
190.451375
190.522750
190.547750
190.556450
190.823925
190.842450
190.945525
190.970250
190.980200
191.119575
191.173025
191.221925
191.348025
191.355075
191.376450
191.381975
191.443575
191.668725
191.679275
191.680975
191.850525
192.045600
192.242250
192.257025
192.357675
192.499075
192.571875
192.634125
192.816875
192.922200
193.325200
193.396425
193.473550
193.516475
193.568075
193.628300
193.672275
193.758150
193.953250
194.041075
194.056050
194.082850
194.094200
194.110550
194.184175
194.279000
194.366975
194.372300
194.378375
194.396000
194.411050
194.431050
194.619975
194.629875
194.640575
194.660050
194.763925
194.955950
195.023150
195.072800
195.087275
195.172000
195.297625
195.433150
195.445425
195.607225
195.642025
195.745675
195.882050
195.918300
196.009750
196.064375
196.144300
196.484450
196.598025
196.600075
196.788750
196.918975
197.226600
197.342250
197.490350
197.718100
197.757850
198.249425
198.415075
198.437800
198.451325
198.465475
198.570625
198.720125
198.874875
198.890575
199.445675
199.504800
199.631200
199.768775
199.837900
199.975425
200.111500
200.193875
200.524250
200.607675
200.643700
200.689425
200.914875
201.104475
201.153125
201.197750
201.207675
201.236275
201.259125
201.317400
201.399300
201.435425
201.482225
201.550800
201.743100
201.886225
201.922975
202.147825
202.195625
202.198425
202.250725
202.300075
202.413950
202.433275
202.538425
202.629100
202.687725
202.690000
202.724225
202.918375
202.940825
202.942575
202.987050
203.056350
203.206850
203.369525
203.450300
203.569150
203.604775
203.663275
203.775700
203.858350
203.956825
204.159200
204.584475
204.600575
204.612100
204.688700
204.713975
204.818050
204.877450
204.947275
205.022800
205.116725
205.180700
205.303975
205.377425
205.460075
205.541950
205.625225
205.666550
205.723550
205.740550
205.787875
205.894050
206.159200
206.216425
206.288950
206.332750
206.386350
206.454225
206.631025
206.848775
206.852550
207.093000
207.102600
207.225600
207.275700
207.284175
207.298100
207.362500
207.653675
207.730575
207.911875
207.916075
207.917925
208.096800
208.135950
208.286275
208.489450
208.496975
208.623000
208.658225
208.673850
208.725675
208.793100
208.950175
208.959975
208.997400
209.083850
209.084950
209.125825
209.137250
209.214825
209.460225
209.534875
209.762000
209.790650
209.819100
209.905725
209.988350
210.078950
210.168225
210.222775
210.486125
210.620300
210.742000
210.917875
211.243425
211.465275
211.555450
211.687475
211.732275
211.777000
211.810350
211.825125
212.020000
212.191275
212.258325
212.408900
212.489950
212.666925
212.757250
212.832900
213.032100
213.317550
213.322450
213.679725
213.694450
213.786800
213.893450
214.051800
214.135375
214.192700
214.267150
214.386700
214.453975
214.464725
214.709900
214.752900
214.847325
214.895025
214.912950
215.085825
215.092875
215.160125
215.306350
215.323800
215.429400
215.458500
215.596525
215.607275
215.637075
215.642050
215.781125
215.824400
216.074025
216.229725
216.310650
216.337500
216.404700
216.466000
216.540900
216.569625
216.672200
216.753500
216.821675
216.890750
216.951450
217.005175
217.006500
217.044975
217.077600
217.312725
217.429875
217.443925
217.491700
217.509075
217.587950
217.601675
217.788250
217.904300
218.001300
218.071350
218.117825
218.172850
218.307850
218.524550
218.555775
218.715600
218.795575
218.870500
218.996100
219.421075
219.500150
219.633075
219.645975
219.813100
219.850700
219.872750
219.991700
220.062500
220.159575
220.268925
220.590550
220.654725
220.676150
220.819225
220.894175
220.935475
221.152150
221.231025
221.298650
221.392700
221.446050
221.463225
221.661000
221.714925
221.788275
221.970825
221.990125
222.183225
222.218500
222.222300
222.346625
222.350575
222.413450
222.471550
222.597975
222.783650
222.815400
222.867550
223.017550
223.140200
223.299675
223.386275
223.458275
223.536075
223.666925
223.753600
223.759975
223.804175
223.970700
224.038250
224.066400
224.069450
224.082100
224.156975
224.201050
224.266000
224.418875
224.466500
224.577900
224.650200
224.687550
224.741650
224.769925
224.795575
224.855900
224.867175
225.052175
225.116925
225.120600
225.304025
225.351925
225.370025
225.394700
225.443475
225.507075
225.552275
225.727300
225.895975
226.065675
226.242725
226.383850
226.444875
226.581350
226.585150
226.683725
226.773075
226.860725
227.112800
227.160875
227.210600
227.286325
227.297050
227.326350
227.599225
227.659950
227.778325
227.874175
228.030825
228.143800
228.260300
228.325975
228.445500
228.456975
228.475325
228.671950
228.763850
228.797625
228.967375
229.120975
229.232675
229.382825
229.394075
229.463650
229.510300
229.563200
229.580275
229.583475
229.682350
229.695675
229.956025
229.970425
230.005925
230.063500
230.160225
230.223300
230.420275
230.553700
230.762950
230.773550
230.846400
231.256950
231.261850
231.384650
232.477975
232.783925
232.829225
232.864625
232.975350
232.981100
233.051250
233.891900
234.081150
234.234925
234.518425
234.609725
234.800575
234.844700
234.912525
234.942800
235.100400
235.781875
235.929550
236.089050
236.091425
236.220975
236.426775
236.548850
236.555825
236.568275
236.758675
236.793300
237.172850
237.361800
237.615625
237.786750
237.999850
238.007225
238.124225
238.285550
238.395275
238.447950
238.592525
238.623950
238.635050
238.863625
238.968525
238.981525
239.094850
239.218225
239.346775
239.483200
239.495050
239.515800
239.605400
239.649200
239.728825
239.775575
239.783450
239.875800
239.922225
239.945525
240.009050
240.070275
240.128550
240.204450
240.251600
240.310975
240.335125
240.367600
240.435900
240.461050
240.631325
240.715425
240.926400
241.039725
241.058850
241.258850
241.266750
241.315850
241.355550
241.477250
241.520525
241.539125
241.738750
241.848225
242.010225
242.093900
242.100950
242.207300
242.307425
242.496925
242.675900
242.719050
242.750975
243.016175
243.102400
243.154375
243.286950
243.290200
243.353300
243.423025
243.472175
243.628175
243.828775
243.898650
243.958825
244.010400
244.114850
244.225450
244.383100
244.481475
244.681225
244.727225
244.950625
245.047550
245.371900
245.381500
245.426175
245.539575
245.606000
245.643925
245.867600
245.944100
245.974700
246.036950
246.076875
246.081750
246.162975
246.385425
246.847050
246.896900
247.022550
247.144875
247.147650
247.344000
247.452725
247.650775
247.680175
247.785175
247.866950
247.910850
248.014050
248.128450
248.224750
248.279000
248.345125
248.382450
248.428450
248.471325
248.600550
248.704000
248.773900
248.806475
248.834225
248.874000
248.947425
248.962450
248.995975
249.031350
249.065425
249.108675
249.124675
249.142525
249.167300
249.247600
249.258425
249.324800
249.443150
249.503825
249.553175
249.658950
249.842550
249.908025
249.917275
249.931125
250.451800
250.579900
250.609500
250.864125
251.010325
251.121850
251.139250
251.230550
251.370525
251.551375
251.773125
251.831650
252.005250
252.076500
252.089200
252.180850
252.191100
252.200875
252.229250
252.230950
252.335300
252.409975
252.567300
252.611750
252.702125
252.785300
252.798025
252.896100
252.980325
253.274925
253.295400
253.428950
253.465500
253.518825
253.639550
253.741925
253.769550
253.818675
253.871950
254.000875
254.046775
254.058950
254.421400
254.475800
254.516550
254.614275
254.653325
254.669125
254.786300
254.881375
255.135050
255.261075
255.297500
255.408650
255.470675
255.704400
255.756575
255.825375
255.861200
255.897900
255.907075
255.952425
255.992450
256.119400
256.177175
256.241125
256.403650
256.427100
256.465750
256.562700
256.609300
256.645900
256.659400
256.762225
256.794850
256.812575
256.897375
256.975650
256.989200
257.011650
257.021200
257.104775
257.200675
257.296975
257.430575
257.506550
257.512300
257.586825
257.647550
257.675875
257.684125
257.780625
257.786200
257.952825
257.976475
258.515825
258.868525
259.004500
259.180625
259.325700
259.373275
259.463700
259.552550
259.652525
259.655475
259.718450
259.740775
259.962600
260.054100
260.320325
260.324675
260.426300
260.517300
260.537675
260.562375
260.570850
260.604675
260.606900
260.608375
260.774750
260.783250
260.858050
260.951900
261.077625
261.278600
261.321425
261.522075
261.576725
261.753275
261.805225
261.878625
262.012950
262.268750
262.288700
262.420375
262.625325
262.734075
262.827875
262.907750
262.943150
263.073400
263.144675
263.212875
263.678800
263.771075
264.028750
264.071050
264.295975
264.352225
264.379475
264.493525
264.832875
265.033550
265.133825
265.158875
265.444650
265.605575
265.746375
265.856350
265.889725
266.020350
266.176700
266.245975
266.289825
266.333100
266.482675
266.486225
266.606925
266.936000
267.024825
267.033425
267.041225
267.086825
267.121925
267.214200
267.230300
267.260525
267.285450
267.389000
267.457425
267.469550
267.571700
267.799950
267.814800
267.866375
267.871725
267.957400
268.334050
268.621700
268.665275
268.883775
268.934600
269.323000
269.401300
269.417450
269.423650
269.443900
269.477600
269.596225
269.657825
269.797325
269.852575
269.865250
269.916800
270.040250
270.318250
270.320450
270.539900
270.642775
270.661075
270.671200
270.718575
270.751000
270.854300
270.874025
271.079100
271.282725
271.526050
271.581100
271.673175
271.702100
271.948550
272.294700
272.349125
272.558450
272.612375
272.634150
272.697225
272.860350
273.153525
273.217050
273.233750
273.484325
273.552925
273.577800
273.581175
273.654300
273.668000
273.704750
273.735375
273.750550
274.086300
274.168500
274.245400
274.252100
274.331025
274.369975
274.378725
274.417400
274.431600
274.494900
274.519000
274.570025
274.654950
274.850750
274.926275
274.941725
275.045250
275.249150
275.364025
275.473275
275.519525
275.605500
275.614500
275.687200
275.722775
275.934450
275.979875
275.998150
276.060700
276.070500
276.195050
276.325900
276.336650
276.347575
276.376650
276.388125
276.434875
276.442200
276.606775
276.611250
276.665050
276.674800
276.747125
276.775550
276.943375
276.963075
277.014350
277.043050
277.067875
277.235025
277.264300
277.389325
277.471875
277.503700
277.664075
277.742725
277.759775
277.864200
277.976150
278.027200
278.066950
278.449900
278.561200
278.590100
278.656250
278.856800
278.873650
278.968075
278.991450
279.070550
279.460850
279.607925
279.655100
279.706050
279.714650
280.160675
280.167275
280.392575
280.457075
280.466225
280.633100
280.909875
280.991225
281.199425
281.268700
281.294125
281.445525
281.619875
281.809625
282.137900
282.472200
282.523125
282.527250
282.555500
282.678075
282.789150
282.867100
282.941950
283.180850
283.182875
283.281925
283.396425
283.546150
283.623250
283.740275
283.948700
283.966775
284.109275
284.168275
284.171225
284.453250
284.597175
284.848750
284.956725
284.981000
285.026850
285.040975
285.092650
285.114825
285.150975
285.211200
285.314150
285.330550
285.350550
285.391800
285.433325
285.668700
285.809500
285.927450
286.043800
286.174200
286.204625
286.591125
286.806075
286.917100
287.006400
287.047850
287.308750
287.408925
287.494025
287.554950
287.736750
287.760075
287.867850
287.976025
288.047775
288.079325
288.235800
288.248350
288.329100
288.707600
288.914900
288.976225
289.025000
289.092400
289.158250
289.409500
289.457425
289.624925
289.846850
290.058100
290.235675
290.423125
290.489625
290.669825
290.703975
290.771550
290.890100
291.011850
291.076900
291.132775
291.168375
291.242525
291.363200
291.476000
291.679550
291.699075
291.746325
291.950525
292.151200
292.204900
292.299850
292.305050
292.384675
292.446950
292.645225
292.735625
292.840100
292.933050
293.002725
293.030650
293.114625
293.375000
293.381425
293.459150
293.671900
293.728125
293.952225
293.960175
294.065200
294.228625
294.296475
294.320975
294.344875
294.373200
294.551175
294.645525
294.874825
294.904175
294.967950
295.070825
295.174275
295.361975
295.406600
295.450300
295.513725
295.576000
295.723850
295.851100
295.865225
295.896525
295.941275
296.028075
296.040400
296.245150
296.278875
296.356950
296.396550
296.456975
296.469275
296.477900
296.480750
296.494925
296.628225
296.688725
296.789800
296.798400
296.834200
296.904050
297.104600
297.176625
297.216725
297.255000
297.458125
297.531450
297.576575
297.651425
297.653100
297.760825
297.819675
297.837450
297.915075
298.092300
298.168500
298.324800
298.398200
298.471500
298.544475
298.737650
298.876750
298.880050
298.905525
298.984275
299.017550
299.106100
299.210075
299.468100
299.602500
299.708500
299.785925
299.810450
299.937200
300.228025
300.246100
300.266800
300.344425
300.427350
300.444300
300.555500
300.716900
300.781075
300.838725
300.875475
300.958575
300.965825
301.067225
301.107425
301.150350
301.166825
301.365250
301.457050
301.570275
301.662025
301.701975
301.727450
301.734300
301.792700
301.944150
301.960700
302.059275
302.104775
302.362425
302.515475
302.530675
302.662675
302.693850
302.978200
303.062200
303.270450
303.365675
303.383225
303.453800
303.526650
303.554725
303.590975
303.642900
303.769800
303.841750
303.858900
304.085275
304.099550
304.114200
304.160650
304.162600
304.413200
304.491500
304.542050
304.630250
304.853725
304.879825
305.217000
305.257375
305.274425
305.502225
305.636425
305.698600
305.827100
306.054950
306.103700
306.198475
306.269475
306.302200
306.434150
306.705400
306.707450
306.893825
307.164000
307.195525
307.246025
307.304650
307.369475
307.522450
307.648925
307.749725
307.821225
307.924625
307.949850
307.989625
308.115175
308.225200
308.408350
308.492825
308.625550
308.641150
308.809400
308.926500
309.169975
309.683825
309.764500
309.873925
310.035725
310.141575
310.405075
310.641750
310.791900
310.960600
311.228700
311.333525
311.459425
311.726525
311.745775
311.776050
311.859575
311.959275
312.034900
312.082025
312.154525
312.161850
312.404325
312.569625
312.593275
312.604750
312.682500
312.809900
312.849350
312.978375
313.025150
313.031675
313.131325
313.202425
313.345250
313.349525
313.399475
313.425675
313.466675
313.719300
313.736125
313.978800
314.008100
314.016825
314.245500
314.289725
314.330000
314.597750
314.884500
314.966175
314.985975
315.036975
315.295475
315.408775
315.441075
315.574525
315.642500
315.980725
316.032300
316.253600
316.360350
316.525375
316.611650
316.919850
317.030575
317.107575
317.151850
317.209400
317.343500
317.431425
317.572550
317.739550
317.948975
317.958525
317.974875
318.024275
318.123850
318.219800
318.238300
318.264625
318.274200
318.310525
318.369975
318.443750
318.607100
318.683650
318.903925
318.976825
319.082750
319.278325
319.350025
319.401725
319.447450
319.519800
319.571075
319.579200
319.602225
319.677525
319.728825
319.800250
319.859225
319.902500
319.956075
320.058875
320.101925
320.111600
320.271125
320.385600
320.571375
320.623275
320.670100
320.969400
321.227350
321.269425
321.309100
321.346100
321.493325
321.605175
321.797575
321.853325
321.973925
321.975725
322.027525
322.136725
322.257100
322.282100
322.425450
322.460800
322.520850
322.633550
322.655875
322.813250
322.993450
323.078475
323.201650
323.364975
323.417375
323.519050
323.529800
323.686425
323.824450
323.840800
323.871375
324.048050
324.074225
324.134625
324.218800
324.339575
324.511450
324.621975
324.648100
324.739775
324.827175
324.855225
324.946650
324.993625
325.069625
325.122525
325.142025
325.257750
325.376100
325.433175
325.570775
325.578775
325.589175
325.752175
325.921725
326.008425
326.032700
326.092350
326.198575
326.234050
326.278650
326.321675
326.557975
326.562550
326.605025
326.712550
326.813125
327.028400
327.200100
327.262975
327.369750
327.413700
327.510075
327.513150
327.591375
327.683775
327.822875
327.877850
327.893475
328.036225
328.134325
328.166700
328.287675
328.484400
328.592875
328.659750
328.697450
328.778675
328.843300
328.953750
329.028250
329.193525
329.312550
329.463700
329.657500
329.725525
329.737250
329.754200
329.796575
329.838575
329.861925
329.953800
329.962375
329.968675
329.970425
329.993200
329.998850
330.104225
330.275800
330.289825
330.569250
330.817250
331.019875
331.096675
331.153600
331.250250
331.326825
331.406100
331.436100
331.476675
331.517200
331.613825
331.927750
331.930700
331.976225
332.097300
332.195650
332.226925
332.300950
332.428525
332.441025
332.499650
332.664325
332.806625
332.882750
332.970600
333.133925
333.210250
333.298400
333.409875
333.491625
333.547075
333.840150
333.848525
333.953600
333.993750
334.032350
334.208650
334.225150
334.325425
334.409000
334.450600
334.604300
334.681925
334.683850
334.792975
334.963425
334.977275
334.994300
335.011825
335.073075
335.122500
335.182450
335.190175
335.226325
335.275750
335.301925
335.325650
335.335775
335.355050
335.372550
335.402725
335.496625
335.632025
335.872900
336.000100
336.150125
336.274800
336.284325
336.334150
336.357925
336.398700
336.482925
336.638975
336.679425
336.747000
336.783800
336.867550
336.906150
336.909275
336.946850
337.027400
337.147475
337.206475
337.268850
337.353625
337.441525
337.456600
337.570000
337.582100
337.618825
337.744175
337.840625
337.885875
337.954475
337.985500
338.183550
338.269525
338.417150
338.517400
338.579475
338.636975
338.718050
338.866900
339.033650
339.048175
339.105225
339.246175
339.270775
339.313800
339.436850
339.561125
339.620725
339.656625
339.740600
339.998375
340.163100
340.169875
340.197700
340.307350
340.370950
340.785175
340.884600
340.897125
341.029425
341.050200
341.197050
341.259725
341.413050
341.446450
341.503500
341.505750
341.627275
341.979725
342.134375
342.240725
342.485600
342.546475
342.574200
342.625100
342.695125
342.915550
343.073700
343.599450
343.615975
343.617500
343.651200
343.839350
343.964125
344.026950
344.068950
344.087300
344.091100
344.160300
344.228375
344.367275
344.377450
344.476150
344.484975
344.626200
344.653725
344.733600
344.849875
344.914500
345.076000
345.156175
345.159575
345.426200
345.659975
345.718875
345.779025
345.807175
345.887000
346.109350
346.607500
346.748800
346.794300
346.901950
346.960800
347.060075
347.284275
347.509725
347.718850
347.769275
347.813075
348.080425
348.150825
348.219150
348.247825
348.339550
348.386425
348.532950
348.582825
348.641275
348.701775
348.723900
348.726350
348.798775
348.903675
349.013875
349.039600
349.237225
349.261575
349.487925
349.595775
349.699850
349.775400
349.945300
350.078950
350.192500
350.268575
350.306025
350.338450
350.423225
350.542600
350.603025
350.657725
350.695100
350.748300
350.758075
350.822225
350.886875
350.895525
350.958225
351.043025
351.052100
351.097675
351.177300
351.218125
351.386400
351.444025
351.456975
351.525450
351.645400
351.811525
351.831200
352.181000
352.316375
352.466825
352.491875
352.626650
352.883100
352.937900
353.025325
353.037975
353.105225
353.189025
353.313700
353.380500
353.573275
353.805675
353.861700
354.005225
354.349900
354.407150
354.446025
354.659000
354.806725
354.916100
355.223525
355.898700
356.241900
356.433400
356.511675
356.859725
357.034700
357.861275
357.983650
358.054325
358.251975
358.364850
358.533900
358.799825
359.110175
359.504650
359.558250
359.664675
359.770225
359.778925
359.917875
360.007925
360.257750
360.642150
361.017050
361.058450
361.088275
361.502650
361.634525
361.748825
361.856700
362.115925
362.267350
362.378975
362.525525
362.527475
362.665825
362.695050
362.736800
362.806675
362.896250
362.928125
362.961300
363.064475
363.153700
363.185175
363.216150
363.355975
363.396600
363.451475
363.569475
363.667300
363.737175
363.815800
363.966025
364.031500
364.100850
364.186875
364.424600
364.611900
364.670400
364.759875
364.773750
364.834050
364.897475
364.984025
365.027725
365.090925
365.141925
365.154475
365.202900
365.283475
365.316325
365.355075
365.362100
365.384700
365.629425
365.689300
365.831625
365.901800
366.147400
366.154200
366.196450
366.245375
366.326175
366.419225
366.485875
366.493825
366.554825
366.595400
366.700950
366.972650
366.980325
367.077425
367.275250
367.351825
367.353275
367.366100
367.585050
367.597275
367.620025
367.681075
367.738625
367.858900
367.965125
368.024000
368.118050
368.224675
368.272050
368.409550
368.442575
368.527100
368.743400
368.874900
368.939375
369.057275
369.059150
369.147225
369.195500
369.248850
369.407475
369.415800
369.520300
369.715900
369.819325
369.966775
370.549300
370.593975
370.658825
370.873600
370.882150
370.887825
371.009375
371.039125
371.123150
371.144075
371.177800
371.269450
371.306425
371.405500
371.608300
371.660750
372.042600
372.224350
372.298800
372.406125
372.520550
372.560950
372.639825
372.822375
373.018025
373.263325
373.520450
373.556300
373.698525
373.785000
373.863400
373.880600
373.931600
374.080850
374.200275
374.248100
374.260025
374.333800
374.398700
374.531525
374.600425
374.646275
374.664050
374.801875
374.974975
375.122350
375.197400
375.255800
375.389375
375.462500
375.779100
375.856500
375.907275
375.960625
376.175725
376.221225
376.296325
376.410275
376.425625
376.537500
377.153475
377.192225
377.268000
377.417975
377.710075
377.877250
377.933150
377.979850
378.087450
378.142025
378.213200
378.311125
378.373825
378.522100
378.527675
378.572625
378.607725
378.781075
378.844300
378.888725
378.995425
379.029050
379.135775
379.143225
379.331300
379.385575
379.466075
379.593175
379.672675
379.754975
379.770075
379.805325
379.901300
379.933825
380.121875
380.208950
380.303025
380.345350
380.410725
380.449725
380.477850
380.522725
380.595100
380.712675
380.803050
380.901700
380.918175
380.974325
381.105850
381.111750
381.167250
381.258025
381.267075
381.800000
381.916175
381.971450
382.077075
382.134775
382.157350
382.282525
382.375700
382.699875
382.786100
383.099725
383.212100
383.300500
383.514125
383.606700
383.709975
383.916525
383.987800
384.159275
384.166175
384.286950
384.291000
384.400825
384.462025
384.466100
384.572325
384.674100
384.749700
384.858750
384.972075
385.013100
385.022950
385.044800
385.046950
385.112300
385.141675
385.226650
385.405050
385.558700
385.596400
385.816225
385.829300
385.906575
386.147150
386.188800
386.246325
386.320875
386.435450
386.482975
386.605500
386.712975
386.747950
386.839400
386.955650
386.976350
387.118350
387.266450
387.459400
387.533575
387.602650
387.739600
387.781200
387.836525
387.880300
388.051575
388.406575
388.558750
388.594025
388.595875
388.794900
388.953875
389.081375
389.218025
389.238450
389.274825
389.480550
389.593125
389.627575
389.676325
389.704475
389.814125
389.871300
389.885875
389.984725
390.000325
390.164950
390.372200
390.401725
390.429675
390.484175
390.518075
390.546525
390.718450
390.873450
390.912275
390.994900
391.059225
391.218450
391.241625
391.310300
391.358125
391.425525
391.478100
391.573800
391.850350
391.920500
391.997100
392.022675
392.042600
392.048000
392.250925
392.411475
392.488625
392.624950
392.643150
392.774800
392.790875
392.903025
393.023125
393.068400
393.153750
393.288600
393.325125
393.461175
393.497450
393.534400
393.622800
393.662900
393.670325
393.773125
393.837175
394.037850
394.084250
394.137500
394.188400
394.250825
394.501475
394.533800
394.671600
394.786425
394.937700
395.069550
395.140050
395.522825
395.714600
395.752950
395.817450
395.912525
396.002150
396.036400
396.180675
396.273125
396.812575
396.863975
397.043950
397.200500
397.339725
397.548700
397.606050
397.614675
397.697600
397.754500
397.893225
398.035125
398.056300
398.189550
398.246275
398.282500
398.348825
398.403400
398.512375
398.635950
398.716575
398.763375
398.966100
398.975150
399.110925
399.195450
399.304800
399.373950
399.514825
399.586550
399.847675
399.913700
400.129250
400.455975
400.559525
400.700475
400.742700
400.811600
400.894500
400.958025
400.976000
400.990650
401.029350
401.091750
401.171575
401.203150
401.310925
401.390800
401.401600
401.520425
401.526125
401.631300
401.808300
402.030750
402.041475
402.044450
402.186000
402.240850
402.332775
402.453000
402.484100
402.527750
402.656050
402.657475
402.787150
402.882975
402.932050
402.939025
403.165800
403.287275
403.330225
403.338100
403.560600
403.862150
403.881950
404.055375
404.131750
404.273800
404.327325
404.485925
404.565075
404.567850
404.591700
404.703350
404.723400
404.769275
404.808775
404.832000
404.988675
405.158550
405.247675
405.259200
405.346325
405.413700
405.467300
405.537150
405.557775
405.856525
405.881575
406.113775
406.154600
406.220775
406.363075
406.449975
406.659925
406.771750
406.803700
406.927800
407.074175
407.135875
407.242975
407.271150
407.339725
407.342625
407.352950
407.363800
407.399650
407.418050
407.478075
407.597975
407.765025
407.806350
407.816025
407.834500
407.853100
407.903975
408.025450
408.215675
408.293225
408.338075
408.354025
408.562700
408.673525
408.749450
408.855050
408.964675
409.024150
409.168925
409.253975
409.330025
409.412775
409.486450
409.548250
409.698775
409.801125
409.945150
409.996150
410.193900
410.199725
410.382475
410.397175
410.424675
410.461000
410.468225
410.555075
410.601025
410.642825
410.792425
410.892275
411.073725
411.786300
411.929675
412.332975
412.503925
412.651350
413.263450
413.742150
413.836525
413.940325
414.081150
414.124200
414.128950
414.557575
414.748925
414.894700
415.165125
415.311675
415.575200
415.721625
415.844725
416.206850
416.229875
416.354875
416.358350
416.407525
416.477925
416.483125
416.671875
416.691925
416.933875
417.025900
417.160250
417.212825
417.311800
417.458250
417.479775
417.771850
417.935175
418.019025
418.096175
418.101625
418.382650
418.422675
418.594650
418.608150
418.804800
418.857700
418.965400
418.998325
419.141500
419.276525
419.278775
419.351575
419.377400
419.409250
419.418300
419.468800
419.580575
419.652125
419.783800
419.804250
419.833425
419.856700
419.869275
419.911625
419.965725
420.002350
420.090100
420.238175
420.265425
420.462375
420.464025
420.516025
420.569525
420.622025
420.699825
420.857675
420.907425
420.957325
421.021450
421.142925
421.192825
421.862175
421.923525
421.978850
421.993525
422.061900
422.065300
422.105225
422.175100
422.320125
422.349350
422.395050
422.511050
422.768125
422.840225
422.864975
422.866950
422.900625
423.032800
423.220025
423.289275
423.442700
423.597850
423.676150
423.755000
423.831350
424.195700
424.287550
424.303575
424.326000
424.333900
424.371875
424.418275
424.556450
424.606275
424.695975
424.755100
424.861200
424.897000
424.921450
425.036900
425.102050
425.109950
425.156825
425.182775
425.190100
425.229725
425.250050
425.431250
425.502300
425.628075
425.689200
425.813000
425.907100
425.950900
425.967925
425.971100
426.012275
426.126575
426.161575
426.230650
426.286900
426.433400
426.465950
426.492525
426.545625
426.688550
426.927825
427.037300
427.191675
427.262575
427.292775
427.305625
427.472525
427.507075
427.567350
427.612400
427.631425
427.683550
427.754525
427.786500
427.906175
427.909450
428.028825
428.124625
428.195825
428.227525
428.356225
428.360100
428.381850
428.455850
428.492250
428.676600
428.781300
428.900775
428.905575
428.964975
428.986500
428.987725
429.075325
429.194250
429.250450
429.274175
429.346400
429.349450
429.423375
429.513400
429.626475
429.817850
429.931625
429.983100
430.043700
430.280175
430.626100
430.647575
430.693300
430.772800
430.828750
430.912050
431.064375
431.218950
431.243600
431.305550
431.389750
432.068700
432.143025
432.174125
432.461050
432.581675
432.788450
432.950050
432.965625
433.112275
433.121725
433.180725
433.348250
433.521875
433.522925
433.559975
433.774025
433.867375
433.890175
433.915900
434.001025
434.085925
434.706300
434.780425
435.435450
435.461900
435.468625
435.610450
435.752775
435.818200
435.886650
435.894050
435.907250
436.007325
436.095675
436.153225
436.197525
436.235700
436.425700
436.523725
436.648050
436.722675
436.826150
436.999600
437.078050
437.112800
437.200300
437.385350
437.486075
437.555525
437.571825
437.682925
437.823650
437.940700
437.989950
437.995425
438.032375
438.135000
438.145475
438.221925
438.328525
438.461900
438.582225
438.636725
438.738200
439.000800
439.080225
439.085750
439.151175
439.290250
439.434700
439.596800
439.737275
439.781325
439.818050
439.932100
439.977850
440.196500
440.398275
440.506250
440.527375
440.605900
440.704725
440.940575
440.953325
440.990400
441.004600
441.330625
441.336050
441.466250
441.512650
441.570175
441.671975
441.743450
441.768700
441.895900
441.919200
442.053650
442.122425
442.129725
442.409575
442.593725
442.856625
443.017825
443.032625
443.175650
443.302275
443.455375
443.493375
443.667275
443.701125
443.778825
443.946000
444.008325
444.029875
444.035550
444.156600
444.203925
444.290400
444.322350
444.472775
444.606375
444.663225
444.870100
444.872050
445.124850
445.151650
445.252400
445.450350
445.564575
445.749625
445.925700
446.002725
446.193750
446.219500
446.285450
446.544125
446.966900
446.971350
447.075000
447.114900
447.236050
447.327550
447.604475
447.745075
447.855550
447.964950
448.130075
448.363425
448.387850
448.440525
448.621875
448.632450
448.929900
449.057350
449.092425
449.406375
449.493725
449.660025
449.864825
449.907750
450.034250
450.128625
450.195900
450.368600
450.582225
450.714400
450.897025
451.191100
451.327375
451.351825
451.661675
451.890700
452.011625
452.148425
452.236750
452.288600
452.319225
452.729675
452.860725
453.126050
453.158300
453.193650
453.216025
453.222625
453.271375
453.324800
453.427425
453.513425
453.619525
453.718400
453.937275
453.992050
454.025150
454.033725
454.270075
454.347850
454.467200
454.573100
454.654800
454.829900
455.030575
455.253775
455.321650
455.362500
455.376250
455.505650
455.614325
455.692375
455.694975
455.709675
455.798300
455.880375
456.032050
456.130100
456.164775
456.350850
456.620700
456.710075
456.789025
456.866075
456.933525
457.073725
457.079025
457.100975
457.200700
457.278075
457.385500
457.492150
457.646475
457.740300
457.910075
457.989650
458.006825
458.123825
458.286775
458.392950
458.551650
458.635175
458.639175
458.763650
458.782000
458.885275
458.907000
459.023025
459.038275
459.160325
459.383875
459.500125
459.563675
459.569850
459.599850
459.754125
459.822700
459.892375
459.940275
459.985525
460.034200
460.086575
460.119550
460.183225
460.220300
460.264800
460.370050
460.538350
460.577950
460.831625
460.868450
460.997800
461.012150
461.138550
461.204625
461.304900
461.369850
461.383875
461.401925
461.488400
461.512975
461.587775
461.644500
461.654125
461.730975
461.737650
461.766075
462.017025
462.144525
462.203775
462.258450
462.291050
462.354625
462.512225
462.783150
462.892925
462.918600
462.955000
463.249925
463.422775
463.573150
463.574325
463.696100
463.789500
463.829200
463.845750
463.870750
463.905300
463.918975
464.003125
464.081825
464.155100
464.230375
464.299100
464.338875
464.399150
464.486475
464.623600
464.632725
464.667000
464.734725
464.863850
464.935300
464.971375
465.095375
465.188425
465.350775
465.501850
465.544875
465.648750
465.672725
465.805650
465.919200
466.024000
466.101675
466.118300
466.326500
466.513000
466.589000
466.680675
466.719050
466.913150
466.982675
467.090975
467.103250
467.189750
467.193675
467.340050
467.487800
467.746700
467.772450
467.850475
468.095900
468.139675
468.305825
468.344400
468.430275
468.599575
468.699800
468.767075
468.800750
468.903050
469.055750
469.086300
469.089450
469.092900
469.138675
469.314775
469.332450
469.439875
469.501225
469.601175
469.666650
469.726125
469.738025
469.781600
469.810100
469.870800
469.924250
469.955600
470.014575
470.017350
470.053525
470.065550
470.175425
470.234500
470.260350
470.337325
470.428550
470.492000
470.700875
470.761650
470.812750
470.884400
471.031550
471.177575
471.191400
471.212650
471.247775
471.259950
471.294525
471.490050
471.601475
471.698075
471.860225
471.951625
471.986050
472.006225
472.113025
472.323200
472.503925
472.624525
472.687150
472.779850
472.836725
473.029150
473.083250
473.379725
473.770650
473.861500
473.974225
474.062650
474.110775
474.345775
474.438275
474.443325
474.491775
474.787225
474.947425
474.949100
474.991050
475.005600
475.044900
475.170825
475.212275
475.327450
475.373100
475.484375
475.560725
475.627225
475.699675
475.740725
475.765575
475.808200
475.878575
475.996650
476.146125
476.309375
476.410250
476.629775
476.667900
476.764075
476.837625
476.922450
477.012050
477.095875
477.177475
477.246550
477.407475
477.472125
477.519400
477.534950
477.593775
477.678100
477.744300
477.759950
477.873900
477.883375
477.893075
478.059650
478.206250
478.297750
478.315975
478.402425
478.521275
478.552950
478.741725
478.820725
478.884675
478.889900
478.901125
478.928750
479.024575
479.314375
479.370800
479.385425
479.389450
479.459375
479.476700
479.579950
479.613125
479.621625
479.650125
479.933175
480.096400
480.222350
480.253875
480.294225
480.334350
480.407700
480.551200
480.634175
480.719300
480.767075
480.852975
480.876150
480.919850
481.190450
481.389950
481.437225
481.523100
481.560275
481.620475
481.697100
481.771150
481.920500
481.925025
481.926250
482.060350
482.130450
482.404325
482.444875
482.466275
482.505650
482.670775
482.768350
483.059900
483.149175
483.184475
483.215600
483.247275
483.323275
483.409000
483.518325
483.572750
483.623500
483.729625
483.814475
483.875400
484.095325
484.214950
484.266175
484.323925
484.333925
484.392600
484.410075
484.519750
484.614450
484.726075
484.815400
484.890725
484.957550
485.084175
485.198000
485.230975
485.258300
485.417025
485.598850
485.629275
485.682950
485.692600
485.882175
485.967150
486.077500
486.165025
486.581675
486.764450
486.767275
486.794800
486.843925
486.901975
486.974275
487.139100
487.297225
487.344850
487.358350
487.383975
487.426275
487.635375
487.666750
487.685325
487.772000
487.857275
488.037500
488.078700
488.146525
488.168900
488.212925
488.334300
488.376400
488.400275
488.541850
488.554825
488.632850
488.639025
488.724950
488.736450
488.775475
488.883150
488.957475
488.962500
489.003100
489.252475
489.298125
489.420900
489.628425
489.962875
490.027825
490.191750
490.599875
490.723825
490.914800
490.923325
491.429825
491.576925
491.695975
491.894400
491.944850
491.946600
492.026950
492.046850
492.447475
492.492125
492.722675
492.806075
492.826750
492.831225
492.942300
492.947450
492.965675
493.092625
493.129050
493.199375
493.322375
493.361725
493.446425
493.694575
493.974700
493.993675
494.041525
494.063300
494.317000
494.477175
494.637950
494.749875
494.761225
494.825175
494.841150
494.933650
495.066650
495.233025
495.650350
495.726550
495.753200
495.963200
496.133225
496.273575
496.300950
496.382975
496.598150
496.884625
496.929975
497.169525
497.194625
497.287250
497.385825
497.429925
497.459050
497.557525
497.622075
497.641975
497.913000
498.040450
498.095025
498.147625
498.205725
498.210900
498.308750
498.356975
498.446800
498.609925
498.647500
498.685325
498.815175
498.906050
498.956475
498.995625
499.277525
499.326625
499.387575
499.464300
499.467475
499.639100
499.814575
499.843450
499.851825
499.910900
499.913650
500.112875
500.157900
500.277225
500.464600
500.490050
500.521450
500.559875
500.592725
500.681675
500.698000
500.984800
501.071725
501.112575
501.214950
501.238225
501.306825
501.309775
501.312350
501.345250
501.436125
501.461000
501.502350
501.521075
501.604350
501.719200
502.070825
502.092050
502.304800
502.316250
502.340250
502.406125
502.437625
502.522125
502.557475
502.579650
502.741400
502.797050
502.798700
502.863700
502.881475
502.934925
502.978300
503.110575
503.203175
503.244125
503.306075
503.479700
503.485700
503.522525
503.599850
503.686825
503.875675
503.987075
504.008425
504.114475
504.408850
504.609800
504.780600
504.834750
505.027250
505.329800
505.367525
505.512825
505.705250
505.891525
506.010625
506.051300
506.219050
506.284725
506.295500
506.344625
506.575775
506.670700
506.760325
506.894950
506.955975
506.981425
507.272950
507.300725
507.306675
507.455300
507.564975
507.693375
507.848125
507.996575
508.016600
508.055450
508.061975
508.176575
508.179675
508.583475
508.688450
508.717175
508.731050
508.871525
508.877650
508.885550
508.944875
509.196550
509.472500
509.485375
509.530325
509.553425
509.559350
509.860125
509.883700
510.023050
510.122275
510.206500
510.488625
510.769900
510.776200
510.803975
510.949225
511.075975
511.155325
511.261900
511.293400
511.453825
511.952250
512.079000
512.190400
512.197025
512.297950
512.318100
512.392425
512.538000
512.592575
512.622550
512.970850
513.020600
513.922450
514.102850
514.139025
514.585600
514.785175
514.805150
514.859025
515.148475
515.156125
515.430725
515.533775
515.563750
516.250425
516.406250
516.413600
516.508225
516.571000
516.610400
516.984225
517.120700
517.139850
517.224550
517.424225
517.622925
517.792300
517.849175
517.937925
518.018025
518.189725
518.235800
518.267450
518.340125
518.374175
518.431400
518.572650
518.926425
519.009000
519.130650
519.191725
519.311300
519.339225
519.441975
519.517150
519.624425
519.738175
519.856575
519.971825
520.024300
520.181400
520.397800
520.488875
520.638725
520.813400
520.962850
520.999050
521.290400
521.609300
521.720175
522.016800
522.032700
522.109550
522.542550
522.892900
523.149900
523.366825
523.461100
523.660075
523.848875
523.990925
524.076450
524.100450
524.218775
524.254200
524.401200
524.424550
524.505675
524.566525
524.693600
524.712775
524.876875
524.944250
525.037300
525.239100
525.345150
525.381775
525.406000
525.560175
525.687800
525.762125
525.785000
525.930775
525.976850
526.013200
526.040775
526.045675
526.162900
526.168225
526.227750
526.454900
526.519650
526.764400
526.777275
526.936325
527.077300
527.205600
527.290150
527.292450
527.440975
527.465100
527.607500
527.798850
528.168425
528.264800
528.428625
528.451175
528.517925
528.547125
528.564425
528.611550
528.630950
528.725375
528.840450
529.089300
529.172775
529.214475
529.223375
529.297150
529.578650
529.752450
529.774525
529.780825
529.848425
529.887100
530.193125
530.639850
530.668175
530.677850
530.850550
531.003125
531.128625
531.160500
531.212825
531.233450
531.325250
531.627875
531.745500
531.759400
531.841775
532.195150
532.250325
532.324550
532.355225
532.704600
532.949875
533.014750
533.086100
533.265550
533.271775
533.471225
533.612025
533.706925
533.953150
533.961175
534.037700
534.056650
534.062850
534.176075
534.180350
534.345475
534.506200
534.605550
534.658175
534.706450
534.849800
534.867875
534.982750
535.102975
535.272475
535.314475
535.345350
535.351275
535.486850
535.595050
535.700675
535.739575
535.748250
535.766875
535.981425
536.199650
536.261625
536.322650
536.387400
536.814100
536.920350
536.973525
537.030775
537.202050
537.203300
537.263600
537.504925
537.594650
537.664250
537.670750
537.859425
538.363175
538.471700
538.507250
538.540625
538.547875
538.611725
538.664025
538.894275
538.966450
538.994525
539.039075
539.148375
539.596625
539.622825
539.756525
539.818775
540.008725
540.110400
540.131325
540.197900
540.314725
540.544550
540.720325
540.783675
540.853575
540.970675
540.986450
541.054050
541.065625
541.091100
541.204725
541.298075
541.381775
541.389175
541.457150
541.631025
541.715375
541.721475
541.795975
541.909225
541.984675
542.200425
542.318600
542.359700
542.472450
542.518075
542.671525
542.871175
542.874850
542.971000
543.025275
543.045425
543.133125
543.231825
543.313275
543.317050
543.505975
543.572050
543.718325
543.821800
544.065625
544.319425
544.480350
544.488400
544.748100
544.886825
545.053275
545.332175
545.419925
545.428275
545.469325
545.507350
545.570950
545.628550
545.661275
545.720650
545.753075
545.840775
545.925425
545.977475
546.311400
546.381825
546.509750
546.533875
546.674325
546.687325
546.716850
546.744175
546.905600
546.920100
546.975850
547.102800
547.147350
547.202550
547.234975
547.390525
547.582900
547.658850
547.667250
547.736300
547.826700
547.880575
547.944400
547.961075
548.034575
548.098075
548.126575
548.294750
548.392325
548.418925
548.456975
548.809550
548.931025
549.159725
549.274025
549.308400
549.352550
549.367050
549.423250
549.546250
549.650975
549.761550
549.764175
549.950175
550.101275
550.162700
550.176175
550.230000
550.310375
550.388975
550.527375
550.628075
550.747350
550.749100
550.893850
550.899475
550.952375
550.991700
551.074650
551.090325
551.122900
551.124125
551.178425
551.352400
551.385775
551.427975
551.435000
551.651275
551.659575
551.831075
551.873575
551.903075
552.021475
552.081500
552.142450
552.191025
552.263050
552.425150
552.449175
552.724550
552.847750
553.172150
553.239050
553.334250
553.500000
553.655850
553.743475
553.865500
553.887000
554.048100
554.212025
554.236850
554.387100
554.395725
554.621525
554.712625
554.807125
554.955500
555.192575
555.267325
555.322050
555.611050
555.623450
555.675975
555.728275
555.778325
555.870000
555.899875
555.928750
555.991575
556.055325
556.287650
556.356825
556.532700
556.813750
556.824100
556.875825
556.966300
557.053175
557.399200
557.483275
557.627100
557.717350
557.762675
557.946050
557.957475
558.003525
558.272100
558.276125
558.552850
558.734200
558.746775
558.800950
558.913400
558.930950
558.967400
558.977725
559.050275
559.432750
559.651100
559.793950
559.935675
560.130125
560.195225
560.294375
560.456550
560.540200
560.648400
560.702325
560.812950
561.165300
561.271600
561.476800
561.507850
562.082575
562.621250
562.776575
562.818675
563.514450
563.833850
564.736625
565.073600
565.105050
565.124275
565.388425
565.536425
565.678600
565.887275
565.926575
566.152050
566.251250
566.267725
566.376425
566.463675
566.523425
566.539450
566.600625
566.708825
566.750825
567.020600
567.048450
567.197025
567.221675
567.551175
567.846250
568.345900
568.552925
568.623550
568.886075
568.970600
569.186100
569.528025
569.650400
570.090125
570.219150
570.380275
570.513300
570.567325
570.581425
570.685350
570.707050
570.845250
570.917875
571.099850
571.266575
571.576050
571.664525
571.890625
571.969425
572.064800
572.295875
572.393925
572.462650
572.570400
572.638000
572.672350
572.898175
573.068625
573.090950
573.304300
573.725000
573.819375
574.073725
574.080075
574.137050
574.381525
574.741650
574.979025
575.179525
575.504975
575.545000
575.623825
575.649325
575.720425
575.992075
576.001950
576.040225
576.207800
576.695000
576.772600
577.021250
577.063025
577.171725
577.197750
577.488850
577.531075
577.558675
577.708350
577.951425
577.971475
578.056125
578.164625
578.260550
578.403825
578.421150
578.463125
578.598875
578.667100
578.757550
578.796175
578.798775
578.892200
578.966025
579.053050
579.141475
579.182125
579.294600
579.301600
579.470400
579.534050
579.650025
579.652450
579.865825
579.942800
579.992350
580.058550
580.358275
580.374925
580.584200
580.680350
580.899775
580.988700
581.142175
581.210000
581.285650
581.637050
581.699425
581.962200
582.147650
582.175625
582.202750
582.229450
582.244850
582.302850
582.328675
582.465750
582.504275
582.535250
582.553825
582.698550
582.768250
582.915050
582.923050
582.994400
583.038225
583.130175
583.140750
583.242075
583.368600
583.565900
583.673725
583.856375
583.880275
583.901675
583.986675
584.025425
584.066125
584.175725
584.235600
584.295275
584.306250
584.462725
584.579875
584.760100
584.777275
584.824075
584.920050
584.925850
585.033125
585.054875
585.148000
585.245000
585.302975
585.368000
585.416625
585.517925
585.809050
585.841875
585.882475
586.002000
586.278650
586.334200
586.415300
586.524800
586.683850
586.893300
587.019400
587.160300
587.166400
587.264100
587.288350
587.361025
587.577900
587.741650
587.847825
587.973475
588.265450
588.566225
588.600875
588.716975
588.745750
588.897775
589.272275
589.551025
589.830800
589.837150
589.854675
589.867875
589.981425
590.451950
590.546825
590.636650
590.764175
590.800575
590.845975
591.065800
591.458325
591.724750
591.777675
591.822200
591.855450
592.140700
592.167650
592.268025
592.317000
592.482525
592.550475
592.691750
592.868225
593.270375
593.327875
593.423350
593.627300
593.774975
593.992400
594.026850
594.080775
594.575250
594.968775
595.085650
595.360950
595.468975
595.478375
595.540075
595.989925
596.142100
596.298725
596.420475
596.792625
596.833050
597.040550
597.193175
597.201600
597.329175
597.341925
597.357875
597.690150
597.782575
598.122675
598.422350
598.539375
598.638650
598.653150
598.670275
598.915400
599.075425
599.199675
599.500900
599.710675
599.812450
600.059050
600.184100
600.352050
600.443350
600.532450
600.553575
600.561600
600.656125
600.829875
601.261925
601.377300
601.447300
601.463000
601.484200
601.714150
602.446625
602.499675
602.676700
602.750275
602.996575
603.351950
