# # All spikes for Neuron
0.049675
0.116750
0.223875
0.414350
1.120825
1.199525
1.307500
1.348750
1.383025
1.542825
1.575225
1.760400
1.833225
2.321925
2.371900
2.424625
3.015875
3.080300
3.550250
3.564700
3.600950
3.648275
3.703950
4.040050
4.065950
4.279775
4.389400
4.902575
4.950975
5.076000
5.314975
5.432275
5.450800
5.744175
5.899700
6.125075
6.208275
6.234700
6.256900
6.411900
6.810250
6.844625
6.906175
6.941000
7.485600
7.581900
7.739975
7.795625
7.892450
8.491775
8.561500
8.624750
8.720825
8.882025
9.237200
9.328475
9.391675
9.637375
9.704025
9.733050
9.754600
9.854700
9.925975
10.072525
10.096700
10.354200
10.583850
10.736300
10.780600
10.882425
11.270025
11.341425
11.375375
11.778125
12.053175
12.306550
12.498550
12.536050
12.551325
13.049025
13.196925
13.269875
13.435175
13.563025
13.599025
13.696450
13.798250
13.967675
14.348250
14.400375
14.562225
14.697075
15.079475
15.130000
15.444975
15.536375
15.593400
15.768400
15.824875
15.914750
15.970150
16.023175
16.201950
16.567000
16.617375
16.955975
16.984725
17.357325
17.832775
17.896325
18.050175
18.479900
18.683650
18.704000
18.850350
19.158825
19.458775
19.531775
19.858975
21.326550
21.348800
21.415975
21.438550
21.451250
21.464700
21.498175
21.519850
21.580700
21.638725
21.661600
21.693875
21.711550
21.768750
21.781450
21.799600
21.807625
21.828625
21.846225
21.858725
21.874075
21.887125
21.907100
21.942200
21.962475
21.974500
21.987425
21.998275
22.012775
22.027500
22.037975
22.064950
22.102250
22.111975
22.144300
22.377875
22.440350
22.515775
22.531875
22.542700
22.571425
22.589150
22.604900
22.786525
22.972400
23.115025
23.156350
23.244950
23.260075
23.278525
23.326650
23.345425
23.370175
23.407350
23.423900
23.437750
23.470800
23.490075
23.512025
23.525025
23.541450
23.559700
23.574425
23.620375
23.671475
23.722750
23.747000
23.891475
23.938225
23.957475
23.972275
24.010300
24.052150
24.074900
24.130475
24.143350
24.196950
24.227525
24.286375
24.316525
24.345950
24.396200
24.453575
24.507925
24.647100
24.741600
24.765825
24.784000
24.818900
25.227550
25.326925
25.374925
25.391525
25.423425
25.568100
25.574475
25.586825
25.597925
25.625875
25.647775
25.663000
25.678050
25.704075
25.753175
25.919375
25.940175
25.961325
25.978875
26.004750
26.047900
26.086975
26.128150
26.145125
26.156400
26.176575
26.224375
26.281525
26.379450
26.576250
26.764700
26.784300
26.803200
26.842400
26.868950
26.958450
26.976850
27.133825
27.170325
27.337950
27.374300
27.546525
27.613300
27.661450
27.768925
27.852850
27.879950
27.974300
28.041300
28.105975
28.215500
28.461625
28.487625
29.090625
29.195375
29.301350
29.827750
30.142050
30.877425
30.897950
30.916975
31.330850
31.408250
31.472225
31.592850
31.854700
31.882650
31.934150
32.041975
32.095975
32.142550
32.227050
32.283125
32.456000
32.487625
32.534250
32.562400
32.594825
32.623250
32.655300
32.686725
32.709550
32.738550
32.760600
32.792575
32.823675
32.835100
32.873775
32.912550
32.951775
33.017525
33.051525
33.079375
33.231500
33.726300
33.771925
34.197350
34.299175
34.436400
34.460075
34.530775
34.573400
34.644675
34.737375
34.781250
34.816675
35.028875
35.109700
35.120875
35.139025
35.179350
35.193825
35.234275
35.251625
35.265850
35.306750
35.336075
35.375575
35.395300
35.422400
35.456950
35.519975
35.597075
35.829900
35.894775
35.908525
35.929275
36.289950
36.340425
36.360150
36.375425
36.412225
36.529450
37.085625
37.112900
37.134750
37.338225
37.529400
37.550375
37.597950
38.061800
38.092900
38.121525
38.157600
38.656375
38.707375
38.996400
39.176225
39.210750
39.264050
39.526525
39.730800
40.051075
40.121750
40.155400
40.174350
40.284600
40.297950
40.327175
40.464275
40.494500
40.526100
40.710275
40.822675
41.009800
41.109175
41.127975
41.148825
41.222750
41.555950
41.981275
42.372925
42.437525
42.661100
43.215425
43.968650
44.286600
44.347675
44.370800
44.393825
44.432475
44.482300
44.615750
45.044950
45.418325
45.466950
45.564850
45.579525
45.592400
45.650075
45.671250
45.703775
45.792100
45.880000
45.916950
45.948725
46.002625
46.112975
46.131075
46.322475
46.426675
46.479200
46.496875
46.521975
46.573750
46.847025
47.233600
47.293375
47.339275
47.453750
47.535975
47.878200
48.087900
48.270875
48.291600
48.342450
48.373000
48.489800
48.912125
48.959625
49.031300
49.300750
49.333000
49.377100
51.713850
51.740300
51.763950
51.801750
51.820000
51.853325
51.872250
51.907875
52.046950
52.085700
52.107550
52.137675
52.171425
52.436925
52.615950
52.661200
54.736325
54.829375
54.860275
54.908175
54.957250
54.982750
55.017100
55.152625
55.204850
55.286275
55.638075
55.663425
55.686475
55.798675
55.850525
55.878600
59.712000
59.744850
59.761175
59.769275
61.794075
61.807150
61.822400
61.839275
61.857150
61.875100
61.894725
63.628075
64.151300
64.216100
64.541025
64.559625
64.724175
64.794975
64.861625
65.019850
65.040600
65.088925
65.169150
65.311325
65.373600
65.513500
65.556050
65.577600
65.624025
65.689075
65.746625
65.776725
66.010825
66.222150
66.238975
66.276750
66.334575
66.495000
66.859075
67.692825
67.746300
67.782800
67.878600
68.365425
68.582175
69.619375
69.658825
69.669225
69.684925
69.702425
69.722725
69.744000
69.780150
69.872325
69.959350
69.983150
70.049850
70.089725
70.104850
70.141325
70.315375
70.383325
70.400150
70.675075
70.696425
70.746725
70.861250
70.892175
70.985050
71.170250
71.188100
71.323250
71.416750
71.491625
71.601225
71.628025
71.714150
71.815150
71.838525
71.854600
71.984000
72.013500
72.106700
72.132075
72.223300
72.269150
72.383025
72.411850
72.463350
72.508675
72.538775
72.594125
72.632950
72.661325
72.730250
72.857225
72.896300
72.924925
72.962850
73.025750
73.064175
73.096650
73.116250
73.179650
73.435500
73.465950
73.591125
73.615500
73.631850
73.783900
73.883000
74.103250
74.183900
74.206300
74.243250
74.260050
74.275600
74.291825
74.360675
74.422850
74.457250
74.485775
74.541900
74.626700
74.729050
74.832000
74.886975
75.059625
75.236250
75.254875
75.270100
75.298975
75.330075
75.357825
75.391150
75.432025
75.447375
75.516675
75.531025
75.685450
75.872750
75.961125
75.982050
76.039425
76.085025
76.104550
76.246925
76.323075
76.367750
76.475125
76.525625
76.580875
76.614725
76.699050
76.753575
76.828325
76.912850
76.948850
77.002775
77.044050
77.231325
77.383525
77.395250
77.418725
77.470025
77.501100
77.575650
77.598675
77.620225
77.637675
77.649800
77.683975
77.704025
77.721500
77.737850
77.768850
77.806025
77.853750
77.949425
77.961750
77.992875
78.155050
78.278050
78.335750
78.421300
78.474950
78.571700
78.703425
78.753875
78.813100
78.895925
78.915275
78.953500
78.987650
79.012875
79.024500
79.045075
79.163625
79.183325
79.230375
79.265075
79.404500
79.441125
79.463575
79.548075
79.635450
79.710475
79.738900
79.898150
79.920925
79.959925
79.977700
80.121775
80.214950
80.284375
80.342375
80.376025
80.493275
80.654175
80.732100
80.828600
80.852975
80.910550
80.938150
80.961775
80.997950
81.051550
81.072525
81.130675
81.148075
81.187700
81.213975
81.228850
81.248900
81.278975
81.333050
81.419250
81.513200
81.596875
81.643850
81.673750
81.734825
81.882975
81.947225
82.008775
82.075550
82.097350
82.128625
82.155675
82.189025
82.233050
82.342850
82.429875
82.567125
82.594600
82.655200
82.679350
82.700325
82.781750
82.816150
82.837325
82.846100
82.874350
82.886225
82.958925
82.993350
83.053625
83.083700
83.120650
83.187650
83.203675
83.230850
83.269300
83.286650
83.312525
83.432750
83.470350
83.488675
83.534300
83.685575
83.707100
83.773800
83.798450
83.893425
83.977500
84.128750
84.219900
84.417875
84.572075
84.604725
84.620150
84.653550
84.825775
85.187100
85.221500
85.243350
85.371050
85.559275
85.615450
85.695025
85.737875
85.782250
85.808275
85.856100
85.924300
85.990275
86.049175
86.145950
86.172500
86.212175
86.239550
86.270250
86.336050
86.426150
86.479675
86.531225
86.591375
86.625625
86.646175
86.672225
86.699825
86.718350
86.746075
86.776050
86.795750
86.918075
86.939525
86.968050
87.026525
87.063000
87.132050
87.156650
87.210625
87.243425
87.268525
87.338350
87.380200
87.444375
87.467825
87.500500
87.525650
87.640925
87.703300
87.816875
87.853250
87.934425
87.958375
87.990275
88.060750
88.184175
88.240300
88.293950
88.353850
88.427725
88.464750
88.479525
88.506225
88.524175
88.548800
88.608425
88.656600
88.673300
88.695350
88.712625
88.755600
88.798350
88.820200
88.842300
88.858975
88.902075
88.915900
88.957650
89.069400
89.097575
89.132350
89.162600
89.228200
89.391275
89.404825
89.417550
89.497425
89.518750
89.541600
89.630800
89.655950
89.698400
89.769475
89.855125
89.884050
89.983675
89.999375
90.068725
90.153875
90.227175
90.257050
90.354450
90.378250
90.411575
90.423400
90.527675
90.614600
90.653125
90.758900
90.851750
90.876375
91.089050
91.133350
91.156100
91.188075
91.265200
91.309400
91.421450
91.449600
91.469050
91.517825
91.680850
91.694700
91.720175
91.740800
91.895725
91.949100
92.026475
92.078925
92.153125
92.181900
92.235000
92.326025
92.341525
92.409000
92.457325
92.488150
92.590975
92.654025
92.697725
92.813250
92.823400
92.863125
92.895050
92.929225
92.950950
93.013050
93.028650
93.161575
93.196675
93.229600
93.300500
93.344625
93.453275
93.541775
93.612975
93.639350
93.719700
93.807100
93.869975
93.893825
93.950375
93.962500
93.973375
93.985825
93.996850
94.019100
94.088975
94.116300
94.138125
94.215600
94.264100
94.294200
94.371025
94.480475
94.566275
94.625925
94.659100
94.680525
94.780950
94.856600
94.915200
95.046000
95.205575
95.231900
95.266525
95.405000
95.464400
95.526050
95.550200
95.607575
95.632950
95.658800
95.681225
95.867225
95.893075
95.961325
96.041050
96.222900
96.340825
96.389825
96.421400
96.551775
96.631450
96.662650
96.685725
96.739450
96.754225
96.860075
96.894875
96.919800
96.992250
97.040125
97.074575
97.127800
97.252150
97.295500
97.355225
97.408925
97.563375
97.583800
97.619275
97.702950
97.835300
97.895900
98.010925
98.080600
98.112650
98.135500
98.157625
98.216000
98.246375
98.269375
98.316750
98.366650
98.425050
98.610725
98.644750
98.664450
98.725000
98.924150
99.011775
99.202650
99.333750
99.431400
99.511725
99.550050
99.609525
99.725250
99.794550
99.822275
99.872275
99.887825
100.027000
100.047375
100.121075
100.179375
100.194000
100.212475
100.244275
100.300150
100.346300
100.499900
100.559050
100.579975
100.606275
100.626725
100.691300
100.729200
100.781500
100.799500
100.815825
100.893800
100.921500
100.979475
100.996875
101.085900
101.189775
101.234750
101.264875
101.290975
101.325700
101.346450
101.407450
101.527200
101.617800
101.636950
101.661150
101.758600
101.898450
101.967125
101.985800
102.010100
102.095950
102.270575
102.447775
102.576525
102.671300
102.690850
102.725850
102.762725
102.809075
102.853200
102.877750
102.909775
102.949775
103.031000
103.066250
103.099575
103.120925
103.173275
103.194950
103.247725
103.277625
103.445650
103.496925
103.532675
103.590725
103.642375
103.677525
103.719275
103.838175
103.962575
104.068075
104.365700
104.447875
104.716375
104.776925
104.924500
104.999325
105.046450
105.073750
105.093500
105.203825
105.304700
105.349500
105.464300
105.525775
105.555575
105.599350
105.660025
105.706775
105.867150
105.886650
106.174200
106.476350
106.509375
106.525600
106.587525
106.693850
106.767200
106.829200
106.904150
107.088300
107.196950
107.244450
107.278450
107.341550
107.368725
107.387025
107.414975
107.435800
107.466400
107.488275
107.540375
107.614125
107.678875
107.687000
107.699200
107.734800
107.765800
107.775350
107.823550
107.839050
107.854425
107.862075
107.870175
107.888900
107.897625
107.908575
107.935200
108.003175
108.013675
108.050225
108.093775
108.111900
108.122300
108.141525
108.195350
108.228625
108.233975
108.240875
108.302950
108.316250
108.330500
108.391050
108.434400
108.506625
108.534400
108.558225
108.677075
108.805300
108.896100
108.917050
108.967675
109.093250
109.112975
109.153850
109.204625
109.224775
109.256050
109.325700
109.404425
109.471900
109.515250
109.635575
109.699400
109.757200
109.775525
111.695175
120.072250
120.130425
120.197850
120.252125
120.456550
120.555475
120.652525
120.852600
120.978275
121.035925
121.380100
121.756900
122.198225
122.494300
122.555175
122.679200
123.082925
123.178625
123.247700
123.313075
123.547875
123.647675
123.723175
124.059750
124.160500
124.230650
124.298500
124.351525
124.469700
124.500650
124.761350
124.783225
124.851375
124.887425
124.930475
125.175150
125.234500
125.265325
125.300975
125.328100
125.360625
125.626475
125.747150
125.917650
125.938425
125.973900
126.008025
126.050625
126.090975
126.121850
126.172575
126.213325
126.235200
126.266875
126.325800
126.362350
126.472475
126.591475
126.608175
126.646725
126.748900
126.778100
126.959175
126.964350
127.089975
127.129400
127.193300
127.320400
127.690600
127.722350
127.780025
128.117400
128.178300
128.346975
128.523925
128.552475
128.571925
128.643650
128.687750
128.718300
128.746500
128.842525
128.924100
128.944750
128.992875
129.005750
129.025675
129.095200
129.122000
129.160950
129.184075
129.214625
129.237175
129.263175
129.316675
129.356975
129.460975
129.525200
129.578550
129.593900
129.653525
129.702125
129.761700
129.798875
129.842825
129.924925
130.001250
130.015575
130.080150
130.126575
130.219725
130.362125
130.392825
130.419475
130.448350
130.486825
130.528425
130.558825
130.598075
130.700200
130.732925
130.759550
130.781325
130.826125
130.963925
131.027425
131.075975
131.167125
131.209225
131.225800
131.261600
131.286500
131.308825
131.324400
131.340850
131.385925
131.401750
131.446625
131.654475
131.665925
131.747975
131.763200
131.881225
131.911600
131.930050
132.005400
132.159675
132.218425
132.234375
132.243625
132.278875
132.292500
132.367500
132.379600
132.454450
132.470025
132.527150
132.544300
132.555825
132.581700
132.613425
132.633450
132.670600
132.781800
132.852375
132.871425
132.893925
132.906825
132.936700
132.958425
133.063500
133.140175
133.251975
133.268150
133.304500
133.356375
133.582125
133.606350
133.629125
133.649775
133.655650
133.703400
133.744400
133.766025
133.790500
133.840800
134.040250
134.113925
134.141050
134.360750
134.420425
134.442225
134.463200
134.570300
134.603950
134.661075
134.715150
134.792275
134.807775
134.826750
134.874000
134.912075
134.943100
134.962300
135.029625
135.059075
135.239700
135.311725
135.328600
135.424050
135.466175
135.542475
135.574150
135.664425
135.765875
135.789425
135.832300
135.880150
135.913575
136.013050
136.028250
136.072900
136.089950
136.112900
136.129200
136.226250
136.259075
136.284850
136.407525
136.729075
136.771100
136.793325
136.809250
136.820475
136.831925
136.882150
136.896525
137.015050
137.159375
137.241600
137.322250
137.414975
137.465275
137.481350
137.500600
137.565925
137.594850
137.685300
137.706725
137.723525
137.741450
137.762775
137.795875
137.846975
137.883750
137.990350
138.099600
138.139650
138.335800
138.356850
138.409600
138.500100
138.622425
138.652325
138.765300
138.879700
138.909725
138.924150
138.941800
138.982075
139.062000
139.124650
139.186450
139.506125
139.552350
139.610325
139.850675
139.900950
139.928700
139.979550
140.021925
140.055175
140.209925
140.277175
140.325125
140.384750
140.418600
140.439650
140.455750
140.476900
140.485425
140.510250
140.572350
140.645525
140.685975
140.706125
140.745800
140.765825
140.862750
140.990625
141.029750
141.079925
141.108325
141.135025
141.157750
141.172925
141.227925
141.258425
141.309825
141.349100
141.392075
141.461175
141.531275
141.665000
141.702750
141.732025
141.876175
141.909125
141.962375
142.035225
142.076425
142.104300
142.136475
142.241950
142.295225
142.330025
142.395500
142.472750
142.521625
142.638300
142.744450
142.839275
143.065700
143.133950
143.186450
143.432600
143.577875
143.867225
143.880275
143.927675
143.957450
144.001275
144.125375
144.137200
144.330350
144.373700
144.405000
144.419625
144.428050
144.445250
144.475175
144.576425
144.763250
144.782550
144.821925
144.890400
144.932175
144.991125
145.030050
145.055825
145.103950
145.137500
145.257325
145.305075
145.322850
145.424200
145.441550
145.461525
145.531250
145.596375
145.660900
145.675225
145.772800
145.806825
145.891875
145.932100
145.955425
146.017000
146.112625
146.215075
146.306650
146.340375
146.386600
146.411050
146.599000
146.661025
146.677025
146.707575
146.727400
146.766550
146.835425
146.868000
146.935875
146.960925
147.008125
147.033350
147.110100
147.269925
147.289275
147.322100
147.409200
147.496825
147.557500
147.635475
147.657025
147.703975
147.760575
147.779200
147.805700
147.897275
148.040575
148.092150
148.118900
148.228025
148.299475
148.347375
148.482925
148.550825
148.617800
148.767900
148.787600
148.823400
148.973225
148.999200
149.214475
149.284425
149.317625
149.330500
149.357125
149.382825
149.452475
149.488950
149.596175
149.678500
149.780850
149.934375
149.990925
150.134825
150.306100
150.321050
150.411950
150.488825
150.724050
150.860075
150.913150
151.003450
151.119275
151.208475
151.317275
151.342650
151.408450
151.526525
151.576400
151.627525
151.703550
151.715750
151.737150
151.745825
151.816375
151.828475
151.846150
151.862700
151.902875
151.924025
151.945550
152.016125
152.063675
152.248875
152.302425
152.317400
152.446775
152.464375
152.567525
152.596625
152.835175
152.857300
152.873650
152.934050
153.008400
153.019100
153.032275
153.051050
153.086050
153.321200
153.349925
153.399500
153.472150
153.498700
153.526625
153.609175
153.676150
153.692325
153.747050
153.909575
154.125450
154.275675
154.324550
154.410150
154.423425
154.459200
154.531700
154.562350
154.575025
154.604675
154.704475
154.741700
154.808175
154.863025
154.939575
154.995600
155.222300
155.251850
155.540850
155.709400
155.762950
155.819475
156.019375
156.188525
156.264225
156.372375
156.682975
156.753000
156.907275
156.947400
157.011725
157.067175
157.112775
157.164675
157.216650
157.255225
157.277050
157.514425
157.588450
157.716500
157.741000
157.754525
157.795300
157.834675
157.878550
157.972850
158.034175
158.080100
158.171900
158.249850
158.273125
158.292425
158.530225
158.549225
158.639775
158.685750
158.772450
158.814950
158.874250
158.978800
159.288575
159.309150
159.331425
159.422275
159.621650
159.781100
159.982225
160.046300
160.115000
160.431675
160.530350
160.622050
160.675450
160.722825
160.832600
161.043325
161.113125
161.187275
161.279800
161.296550
161.506000
161.667975
161.825300
161.876050
161.937375
162.157325
162.189825
162.205650
162.374475
162.496375
162.562475
162.661300
162.745825
162.812175
163.007800
163.060450
163.088375
163.105675
163.168500
163.251150
163.392575
163.426975
163.461500
163.730850
163.948275
163.971575
164.062225
164.095125
164.258950
164.356075
164.605300
164.656150
164.671875
164.703275
164.816275
164.857225
164.898250
164.944575
164.991725
165.115350
165.199000
165.459400
165.477025
165.693425
165.716300
165.882275
165.905900
165.931525
166.005750
166.037475
166.052575
166.063575
166.077875
166.106525
166.144775
166.158675
166.294825
166.309225
166.360250
166.489100
166.604975
166.624875
166.710900
166.728450
166.753175
166.775375
166.800650
166.889375
166.971600
166.987725
167.015900
167.055300
167.081400
167.121550
167.143425
167.197775
167.217125
167.243975
167.303325
167.336275
167.380050
167.448125
167.524150
167.594375
167.643425
167.678775
167.754425
167.782450
167.801775
167.817775
167.833325
167.868175
167.940050
167.995875
168.047575
168.096875
168.135425
168.153850
168.324675
168.379950
168.388475
168.422325
168.442150
168.470300
168.507200
168.598075
168.622900
168.664525
168.688700
168.771700
168.798300
168.840350
168.873375
168.887400
168.905100
168.921175
168.960075
169.011250
169.181275
169.296550
169.314875
169.379200
169.594600
169.617425
169.630150
169.721650
169.827800
169.865100
169.921700
169.979925
174.220550
176.958750
181.612425
181.643625
181.705400
181.728525
181.780200
181.841175
181.860725
181.939725
181.982650
182.011500
182.029400
182.044175
182.101425
182.122500
182.167575
182.175650
182.192375
182.203875
182.216375
182.230825
182.252625
182.275775
182.297100
182.331525
182.368325
182.394750
182.406175
182.424725
182.499375
182.517475
182.593675
182.651575
182.664225
182.682625
182.693125
182.726100
182.786875
182.809575
182.830550
182.863725
182.912350
182.978425
183.048575
183.077625
183.338000
183.436275
183.556675
183.572775
183.621750
183.726025
183.974550
184.049600
184.076650
184.157175
184.178400
184.278350
184.324775
184.422150
184.450875
184.502625
184.766575
184.900575
185.029200
185.064200
185.160050
185.195825
185.225000
185.343525
185.401250
185.525975
185.542275
185.611825
185.720475
185.751925
185.769950
185.839450
185.865525
185.926575
185.953550
185.988650
186.296075
186.343025
186.386425
186.440800
186.534600
186.660875
186.782650
186.872800
186.938800
187.010975
187.129000
187.323275
187.376025
187.439550
187.576975
187.719525
187.765275
187.799150
187.916350
187.948975
188.041475
188.085375
188.152375
188.238800
188.291200
188.337950
188.488725
188.571200
188.634375
188.678750
188.710325
188.773275
188.910350
189.051450
189.138950
189.187825
189.212000
189.297625
189.352250
189.388400
189.503100
189.563975
189.644475
189.857450
189.895050
189.990975
190.179675
190.491875
190.524325
190.592750
190.626475
190.783950
190.814800
191.096525
191.144700
191.207925
191.238300
191.362975
191.473350
191.569625
191.626000
191.660000
191.683100
191.783900
191.881750
191.920325
191.971725
192.068025
192.161800
192.187625
192.235550
192.275625
192.350350
192.393850
192.426800
192.470725
192.482600
192.524950
192.703150
192.735900
192.816100
192.877825
192.930800
193.080400
193.107200
193.146525
193.183950
193.230075
193.245325
193.267900
193.356275
193.391525
193.429500
193.493875
193.508850
193.594550
193.621825
193.872875
193.925425
194.018750
194.073450
194.102375
194.309025
194.486250
194.522150
194.594275
194.640650
194.687725
194.753675
194.844800
194.935525
195.016250
195.081750
195.123975
195.160625
195.242025
195.531600
195.646450
195.872600
195.915375
196.167825
196.306000
196.340300
196.389675
196.433000
196.494950
196.573725
197.046900
197.125625
197.157150
197.357150
197.420575
197.599275
197.671350
197.801600
197.850200
197.911475
197.985075
198.010125
198.043225
198.072725
198.106475
198.144725
198.163575
198.231275
198.265225
198.304650
198.721825
199.675825
199.853050
199.911600
199.977900
199.997050
200.010850
200.039175
200.068325
200.134575
200.286200
200.330350
200.354975
200.809175
200.840475
201.165900
201.214950
201.303125
201.332475
201.379100
201.409500
201.432900
201.576525
201.606525
201.635375
201.673150
201.766000
201.849350
201.877350
201.921050
202.018500
202.115800
202.134500
202.157675
202.198350
202.219250
202.285750
202.317700
202.345050
202.393350
202.495950
202.527975
202.631150
202.768300
202.820250
202.856525
202.872525
202.986425
203.033350
203.117150
203.140475
203.192650
203.232275
203.271025
203.424525
203.442950
203.484400
203.533050
203.548425
203.560400
203.638875
203.651075
203.674125
203.707600
203.718950
203.751375
203.768325
203.775175
203.784050
203.798550
203.868200
203.879675
203.889375
203.952500
203.968625
203.976425
203.995575
204.008600
204.024225
204.057950
204.065275
204.098950
204.112700
204.127150
204.167575
204.185775
204.212900
204.234175
204.257925
204.273375
204.285750
204.309875
204.321975
204.355275
204.383100
204.396225
204.419000
204.521625
204.582275
204.595575
204.622950
204.650625
204.672350
204.699325
204.721000
204.763175
204.805125
204.813525
204.840425
204.918475
205.052500
205.076575
205.105150
205.130450
205.183025
205.225500
205.252275
205.294800
205.389550
205.465625
205.482950
205.538850
205.569300
205.598425
205.632325
205.721425
205.745075
205.816900
205.985625
206.043100
206.151525
206.210175
206.253550
206.314750
206.362900
206.407900
206.437475
206.470975
206.507675
206.571650
206.727200
206.811025
206.837800
206.905525
206.971200
207.066725
207.174900
207.249225
207.342175
207.372200
207.411100
207.685525
207.717600
207.923325
207.972775
208.150375
208.212200
208.241300
208.312400
208.442350
208.481700
208.629450
208.823700
208.852475
208.887275
208.899150
208.915075
208.960325
208.970050
209.015500
209.044000
209.208825
209.336525
209.421000
209.506175
209.571375
209.618150
209.645675
209.698975
209.886025
209.939675
209.970325
210.091925
210.125175
210.158050
210.317600
210.348075
210.470050
210.592450
210.675800
210.801600
211.204900
211.704850
211.878700
212.014575
212.162300
212.228050
212.419625
213.013025
213.024825
213.039250
213.094925
213.153175
213.225375
213.424075
213.451900
213.612525
213.772650
214.015225
214.147600
214.195050
214.217900
214.400350
214.515625
214.793775
214.967050
215.024075
215.096750
215.124875
215.353200
215.430700
215.551850
215.719650
215.894800
215.948600
215.996275
216.044375
216.106900
216.475525
216.632050
216.651600
216.740350
216.768100
216.814100
216.901350
217.069225
217.177650
217.339125
217.592350
217.898025
217.938475
218.025175
218.193825
218.208700
218.235725
218.286525
218.389400
218.446775
218.476600
218.491325
218.613375
218.661400
218.674225
218.694250
218.736975
218.809425
218.858550
218.934900
218.973425
218.992825
219.007600
219.031775
219.064750
219.132925
219.191600
219.282450
219.372050
219.468200
219.491575
219.528450
219.648325
219.706625
219.749950
219.796725
219.833650
219.852600
219.899450
219.940850
220.089650
220.126525
220.154125
220.205675
220.454850
220.572875
220.604925
220.668550
220.696125
220.864725
220.958950
220.973250
221.063900
221.093150
221.131400
221.146450
221.292575
221.306950
221.327925
221.445975
221.474725
221.574525
221.695950
221.845450
221.858850
221.887525
221.921325
221.969000
222.034500
222.187275
222.235225
222.308875
222.349925
222.377300
222.497650
222.535800
222.593950
222.607800
222.760325
222.875775
223.002800
223.024275
223.074200
223.200225
223.245350
223.310950
223.382025
223.551500
223.634425
223.667300
223.739850
223.781500
223.852150
223.890825
223.999950
224.022925
224.106750
224.212350
224.432175
224.783450
225.232125
226.288450
226.367500
226.413675
226.475275
226.618925
226.698275
227.144250
227.259750
227.529800
227.829050
227.975750
228.132525
228.205000
228.232025
228.261625
228.380575
228.403325
228.426200
228.458150
228.491650
228.511650
228.525800
228.554900
228.575425
228.585650
228.630375
228.665525
228.670775
228.689325
228.707550
228.721725
228.747275
228.773575
228.804275
228.817925
228.875875
228.910250
228.926225
229.036525
229.055275
229.084700
229.136550
229.184600
229.246050
229.269550
229.276650
229.295275
229.326075
229.333975
229.344975
229.369450
229.377700
229.404175
229.411825
229.451075
229.469450
229.492975
229.543500
229.696325
229.741425
229.927250
229.960550
230.094700
230.119175
230.382275
230.484425
232.846900
232.909800
232.963550
233.024125
233.041775
233.051325
233.093025
233.103725
233.115725
233.145275
233.154400
233.193775
233.214525
233.233100
233.242225
233.253075
233.263225
233.280600
233.317250
233.340500
233.405475
233.422250
233.440650
233.470950
233.491800
233.509825
233.519325
233.554375
233.585475
233.608775
233.629700
233.636350
233.643725
233.674225
233.686675
233.697825
233.759625
233.785500
233.835475
233.874775
234.048350
234.362025
234.400575
234.434500
234.557600
235.074875
235.141825
235.233175
235.253425
235.274400
235.411800
235.486525
235.525600
235.635450
235.705775
235.734225
235.842575
236.071575
236.092300
236.109325
236.315400
236.352125
236.394825
236.453525
236.528525
236.571000
236.683450
236.732600
236.816825
236.864075
236.900650
236.987725
237.304725
237.357575
237.560650
237.594250
238.374750
238.456650
238.508350
238.538450
238.595150
238.637125
238.710100
238.767625
238.859850
238.886300
238.901675
238.945100
239.009600
239.078925
239.117125
239.255925
239.278775
239.309350
239.414450
239.442175
239.492300
239.596850
239.649225
239.725000
239.816150
239.847475
239.931200
239.957525
240.045925
240.087375
240.105525
240.137075
240.176900
240.213325
240.237075
240.275150
240.335175
240.343175
240.418500
240.447000
240.497550
240.546175
240.644900
240.795550
240.864925
240.890175
240.926350
240.944075
240.985250
241.015950
241.040225
241.117625
241.140900
241.182550
241.228150
241.263625
241.314650
241.369050
241.410900
241.436550
241.470050
241.571975
241.620400
241.644525
241.713950
241.742075
241.864775
241.905475
241.961400
241.992500
242.054150
242.068175
242.093225
242.114900
242.197575
242.199925
242.307850
242.365775
242.406325
242.538475
242.561850
242.608850
242.645975
242.667050
242.696475
242.722375
242.781375
242.825350
242.900250
242.925325
243.058100
243.147950
243.161700
243.188075
243.231225
243.317275
243.340825
243.374525
243.426725
243.446625
243.504250
243.553450
243.587525
243.622000
243.749375
243.800550
243.813175
243.841575
244.015050
244.074575
244.152600
244.171800
244.192825
244.248725
244.270950
244.368925
244.404975
244.439850
244.506425
244.540800
244.559275
244.639300
244.717225
244.755225
244.783325
244.881925
244.897375
244.994925
245.039550
245.097525
245.129600
245.195675
245.217575
245.254225
245.292500
245.555400
245.619425
245.671025
245.690650
245.767350
245.804200
245.868700
245.935950
245.974400
245.996800
246.161750
246.236375
246.256175
246.287150
246.305575
246.335525
246.407175
246.465200
246.520550
246.559175
246.630200
246.677050
246.728950
246.777100
246.837525
246.968600
246.996150
247.029925
247.089125
247.147775
247.192900
247.252450
247.269025
247.353875
247.366250
247.382550
247.393925
247.406400
247.469075
247.492900
247.527625
247.537225
247.550200
247.571925
247.613150
247.634125
247.658000
247.708000
247.743525
247.814325
247.946950
248.043525
248.146225
248.183350
248.235475
248.309025
248.353875
248.393400
248.416975
248.434050
248.469525
248.559300
248.723175
248.745875
248.801125
248.857175
248.876675
248.938625
248.964075
248.988325
249.065825
249.109300
249.174175
249.188925
249.217825
249.234150
249.280125
249.300275
249.320575
249.343250
249.404750
249.474825
249.497800
249.521400
249.536600
249.618050
249.651775
249.687300
249.768000
249.882650
249.898325
249.926625
249.961150
250.007050
250.023375
250.051300
250.077375
250.095075
250.111450
250.280350
250.299650
250.324775
250.340425
250.357200
250.426325
250.441625
250.457675
250.468925
250.486750
250.540025
250.582475
250.643800
250.692475
250.701350
250.724175
250.766850
250.817375
250.835325
250.855400
250.873325
250.881875
250.912850
250.935825
250.953125
251.026750
251.062975
251.096225
251.150075
251.166575
251.179925
251.189700
251.225925
251.240050
251.276050
251.307150
251.365550
251.424600
251.445625
251.468350
251.510525
251.539875
251.562925
251.594125
251.697750
251.729550
251.746500
251.791775
251.827800
251.843875
251.861025
251.881250
251.908150
251.921225
251.932950
251.948525
251.974475
252.002975
252.014575
252.083875
252.095575
252.106550
252.124825
252.133150
252.140525
252.225550
252.354675
252.376600
252.392475
252.409750
252.424000
252.464100
252.482150
252.551700
252.568400
252.613800
252.642475
252.676600
252.695725
252.730400
252.755625
252.962500
252.987825
253.011275
253.054700
253.098025
253.149875
253.204075
253.325125
253.461950
253.495400
253.603850
253.635325
253.693500
253.739600
253.797425
253.818875
253.858200
253.966400
254.026775
254.053900
254.088000
254.129150
254.147650
254.178550
254.240650
254.334475
254.466525
254.495025
254.586025
254.704650
254.820950
254.858850
254.947425
254.982450
255.050100
255.069100
255.117900
255.263725
255.438875
255.489375
255.515525
255.551200
255.590425
255.629600
255.691150
255.741125
255.786525
255.820200
255.849950
255.994325
256.039450
256.072200
256.096750
256.170475
256.195050
256.224550
256.440550
256.477250
256.541475
256.563575
256.581600
256.613475
256.630225
256.684525
256.771150
256.825175
256.912600
256.954075
257.019250
257.043650
257.076525
257.117425
257.161400
257.190900
257.220200
257.312475
257.480725
257.546775
257.594875
257.611050
257.695650
257.710325
257.735600
257.770400
257.934175
257.966150
257.983725
258.048600
258.108650
258.192475
258.309925
258.383975
258.426500
258.471025
258.493650
258.545550
258.616650
258.670300
258.718600
258.748625
258.809900
259.018625
259.074125
259.205400
259.278475
259.302600
259.358650
259.396125
259.579500
259.608100
259.693550
259.853375
259.903850
259.925525
259.952650
260.004075
260.046650
260.061900
260.076400
260.090825
260.103425
260.131775
260.168825
260.185400
260.204700
260.220575
260.253950
260.322250
260.417700
260.456075
260.676450
260.718725
260.745450
260.796725
260.815375
260.852700
260.877000
260.913750
260.987275
261.065375
261.161700
261.257275
261.280600
261.302675
261.378500
261.411325
261.433525
261.451275
261.507575
261.523925
261.563050
261.582000
261.645025
261.697850
261.721000
261.878350
261.916925
262.035975
262.056250
262.079225
262.115225
262.212625
262.237150
262.273500
262.343250
262.359700
262.391700
262.413800
262.524475
262.558525
262.669800
262.698650
262.747650
262.865250
262.947650
263.056975
263.118700
263.180525
263.219700
263.234100
263.252000
263.264700
263.273950
263.302525
263.321350
263.352350
263.387900
263.425125
263.438525
263.445625
263.493775
263.521275
263.559800
263.689225
263.702625
263.728325
263.735450
263.771000
263.791725
263.871150
263.964975
263.977475
264.048725
264.084175
264.117050
264.249400
264.454975
264.483525
264.528775
264.583400
264.670275
264.707275
264.731350
264.747875
264.782050
264.876950
265.129975
265.446275
265.540200
265.616600
265.670925
265.710000
265.726675
265.951650
265.968675
266.046925
266.068875
266.117500
266.124325
266.440125
266.455350
266.495100
266.502600
266.515800
266.521625
266.542575
266.570775
266.613550
266.624275
266.648625
266.692325
266.709575
266.724500
266.735225
266.755400
266.784975
266.859750
266.870975
266.898675
266.922700
267.008050
267.052825
267.189525
267.240750
267.336300
267.448950
267.462650
267.484900
267.498025
267.516300
267.539325
267.567225
267.611325
267.671800
267.747000
267.773700
267.826250
267.860675
267.879450
267.895850
267.915550
267.960775
267.993650
268.052575
268.135900
268.199825
268.229825
268.270300
268.306175
268.329875
268.357325
268.383725
268.467900
268.491425
268.574925
268.613075
268.638450
268.668075
268.699475
268.727400
268.808200
268.847550
268.986200
269.204350
269.336775
269.432975
269.455425
269.511125
269.678450
269.709350
269.841625
269.873600
269.956475
270.018525
270.035575
270.054550
270.163175
270.205075
270.240075
270.284100
270.331775
270.361325
270.382050
270.434600
270.471050
270.593100
270.658475
270.723800
270.757675
270.779700
270.820125
270.831425
270.868600
270.887300
270.894825
270.909625
270.927325
270.950625
270.978975
270.992325
271.008925
271.031350
271.103700
271.120700
271.163875
271.181350
271.196475
271.224425
271.304150
271.378150
271.418475
271.441000
271.465600
271.564100
271.575000
271.583825
271.598425
271.680400
271.781425
271.841175
271.860100
271.904100
271.955300
271.974525
272.148925
272.234975
272.295825
272.362750
272.384550
272.468425
272.489600
272.556550
272.584350
272.635200
272.716050
272.746625
272.763125
272.813850
272.879475
272.917775
272.943875
272.969825
272.994450
273.084650
273.101550
273.153650
273.221350
273.391725
273.472900
273.527425
273.601225
273.625250
273.642275
273.664700
273.696775
273.731525
273.776475
273.848075
273.892200
274.107600
274.122825
274.204975
274.225125
274.273925
274.297775
274.316675
274.388900
274.412375
274.431750
274.448325
274.517375
274.619750
274.803550
274.928900
274.952850
275.046450
275.142325
275.209125
275.229725
275.335350
275.376975
275.452500
275.522150
275.549275
275.577750
275.605025
275.710750
275.775775
275.803250
275.831400
276.082500
276.115000
276.133075
276.147175
276.162250
276.205300
276.227825
276.263000
276.352750
276.375650
276.416000
276.489375
276.588975
276.646675
276.662625
276.712350
276.802925
276.837425
276.867650
276.997975
277.017425
277.032750
277.098875
277.180350
277.201550
277.271700
277.325950
277.365250
277.412550
277.545550
277.617950
277.655825
277.702150
277.767650
277.844700
277.899325
277.972925
278.170425
278.207675
278.301800
278.324625
278.663025
278.718425
278.823050
278.954350
279.090475
279.117825
279.142875
279.179900
279.219825
279.262275
279.310750
279.430125
279.437650
279.449200
279.470100
279.484975
279.505750
279.528625
279.573000
279.597425
279.607425
279.631400
279.645300
279.717775
279.731175
279.769725
279.887175
279.999600
280.021950
280.101300
280.180500
280.258200
280.292050
280.373050
280.455100
280.516825
280.579625
280.589300
280.618050
280.686025
280.719100
280.791825
280.806250
280.881625
280.893725
280.977300
280.999125
281.050225
281.070025
281.112575
281.337000
281.351200
281.418500
281.508000
281.533275
281.542900
281.575325
281.600925
281.618175
281.661800
281.695075
281.713350
281.733525
281.900075
281.920225
282.064325
282.090850
282.117600
282.134475
282.232275
282.248050
282.276425
282.313825
282.368975
282.391125
282.516325
282.651250
282.739375
282.772500
282.824075
282.878000
282.937375
283.071500
283.098350
283.126825
283.208900
283.280150
283.316350
283.359550
283.482050
283.544725
283.668150
283.695100
283.722525
283.788725
283.817150
283.828825
283.874750
283.899400
283.932375
283.952850
283.979700
284.012925
284.071850
284.125350
284.170475
284.206675
284.225225
284.271975
284.457175
284.485375
284.560925
284.598375
284.618600
284.654425
284.681150
284.709550
284.728775
284.817850
284.833725
284.872175
284.906800
284.931025
284.957475
285.019650
285.043875
285.103575
285.132900
285.200050
285.228400
285.251900
285.313075
285.326475
285.339425
285.372275
285.413775
285.426150
285.443625
285.456550
285.475275
285.497600
285.520425
285.576525
285.702250
285.740575
285.761650
285.815100
285.841700
285.858250
285.882375
286.016650
286.063050
286.087450
286.103075
286.175900
286.290025
286.316600
286.397825
286.455650
286.530300
286.572400
286.618500
286.637975
286.662800
286.816350
286.834400
286.901150
286.989875
287.066075
287.139475
287.178525
287.249650
287.267350
287.291975
287.313625
287.362950
287.393175
287.431650
287.456675
287.469925
287.490475
287.567725
287.613475
287.639875
287.662950
287.685900
287.772900
287.788800
287.846025
287.883350
287.906675
287.929175
287.942275
288.010850
288.035075
288.053875
288.173500
288.212800
288.237900
288.310200
288.469025
288.523675
288.637550
288.705400
288.726300
288.794875
288.873300
288.898725
288.994475
289.096150
289.163250
289.196700
289.225150
289.244750
289.358325
289.536725
289.584600
289.613075
289.626275
289.715350
289.745350
289.782350
289.822825
289.850500
289.886875
289.953200
290.294625
292.241475
292.454525
292.470725
292.682100
292.718525
292.842950
292.865800
292.895700
292.956350
293.019800
293.050800
293.069075
293.094425
293.119850
295.604900
295.652300
295.669900
295.690675
295.770150
295.779775
295.808975
295.825400
295.850650
295.885725
295.943800
296.019600
296.037650
296.093250
296.112950
296.136500
296.155025
296.214325
296.223350
296.248900
296.304025
296.325025
296.390075
296.417175
296.431475
296.463050
296.479625
296.505600
296.525650
296.581100
296.644150
296.717825
296.761875
296.813950
296.829575
296.890275
296.903475
296.915575
296.946100
296.989225
297.089725
297.125075
297.212575
297.329525
297.436050
297.471925
297.516000
297.540175
297.657325
297.886300
298.002600
300.423625
300.892750
301.190925
301.417625
301.442050
301.591775
301.789850
301.855150
301.873700
302.017700
302.151700
302.190800
302.242350
302.361800
302.424625
302.477450
302.601125
302.671200
302.728175
302.913975
303.024750
303.268875
303.324750
303.536750
303.634975
303.740800
303.755125
303.816900
303.838350
303.862150
303.943825
303.957375
303.972675
304.225525
304.253650
304.302775
304.330975
304.354825
304.368875
304.420175
304.535350
304.694775
304.708950
304.770250
304.804975
305.088300
305.103125
305.183550
305.285425
305.359050
305.418625
305.529800
305.581850
305.602000
305.645475
305.667825
305.677675
305.716075
305.736700
305.798025
305.826225
305.946800
306.015650
306.063000
306.136500
306.211875
306.252025
306.327800
306.352325
306.387950
306.417950
306.474250
306.556825
306.602525
306.700325
306.732150
306.751250
306.794000
306.841250
306.884400
306.984175
307.003800
307.047750
307.265000
307.355100
307.420125
307.565075
307.610800
307.657325
307.697775
307.719825
307.803450
307.896875
307.945500
308.008850
308.065150
308.271200
308.360425
308.409075
308.439175
308.457825
308.507650
308.542425
308.586425
308.650450
308.668075
308.754750
308.825675
308.862875
308.885800
308.994850
309.015125
309.120025
309.168700
309.188500
309.397100
309.447425
309.492125
309.541950
309.575500
309.660375
309.674500
309.707275
309.788850
309.848900
309.903125
309.924225
309.970050
310.011175
310.175050
310.227850
310.279575
310.391050
310.435025
310.482400
310.561750
310.594675
310.622450
310.668325
310.834125
310.907650
311.042450
311.060475
311.245025
311.281950
311.348850
311.387725
311.420525
311.438325
311.470275
311.635700
311.688600
311.818725
311.915750
312.010175
312.136250
312.163750
312.196500
312.239750
312.258825
312.272550
312.329050
312.351900
312.378350
312.529550
312.600800
312.680975
312.742925
312.819925
312.850500
312.942925
312.976150
313.181500
313.259075
313.442400
313.550900
313.602875
313.745275
313.782350
313.901225
313.930700
314.048025
314.104625
314.226075
314.292525
314.324650
314.404800
314.526850
314.562375
314.757425
314.967800
314.983625
314.995425
315.028675
315.084225
315.115000
315.191175
315.216575
315.251125
315.347375
315.383625
315.409525
315.487625
315.530375
315.574975
315.638025
315.771675
315.819875
315.847450
315.932075
315.958600
315.998225
316.014300
316.141575
316.254500
316.319950
316.391275
316.415875
316.480975
316.582300
316.637925
316.712350
316.767925
316.808075
316.888450
316.941675
316.966075
317.031800
317.060850
317.130925
317.208300
317.276525
317.334600
317.405825
317.486625
317.546325
317.589425
317.608650
317.640975
317.707525
317.735025
317.790225
317.828850
317.926450
317.938400
317.953900
318.008450
318.027925
318.065250
318.083975
318.118400
318.144800
318.176025
318.244625
318.313275
318.454875
318.479625
318.497050
318.552850
318.650000
318.698200
318.780650
318.837750
318.879750
318.912300
318.950425
318.981250
319.007100
319.096275
319.115375
319.151150
319.244875
319.295475
319.387200
319.473400
319.509625
319.688550
319.712400
319.748625
319.795350
319.816225
319.828000
319.879150
319.929400
319.944750
319.964450
319.985075
320.049350
320.117250
320.265475
320.290150
320.377850
320.455450
320.621175
320.839050
320.919225
320.953850
320.999800
321.060400
321.109800
321.162050
321.250000
321.267675
321.286300
321.361775
321.566850
321.629925
321.685950
321.717850
321.761600
321.816900
321.872025
321.918225
321.980550
322.001825
322.052500
322.075050
322.091325
322.148075
322.184250
322.341400
322.395550
322.598600
322.620075
322.684575
322.750000
322.796075
322.984750
323.033425
323.291900
323.318100
323.429800
323.457825
323.493800
323.688200
323.849550
323.947425
323.975725
324.006850
324.158250
324.305050
324.344950
324.371150
324.485575
324.511000
324.548375
324.596250
324.808825
324.841025
324.868025
324.973700
325.004750
325.072800
325.259800
325.382525
325.406425
325.441050
325.525700
325.594825
325.644900
325.667775
325.712600
325.726050
325.827325
325.951350
326.243250
326.351550
326.436850
326.568525
326.696700
326.737400
326.786400
326.821075
326.833525
326.909400
327.001950
327.022300
327.055625
327.161975
327.259650
327.287400
327.339125
327.454925
327.516400
327.561975
327.585025
327.690125
327.724700
327.732575
327.805075
327.828625
327.949100
327.988600
328.107375
328.148850
328.208875
328.279600
328.344175
328.396225
328.426625
328.516075
328.551050
328.613500
328.637800
328.723800
328.757125
328.844075
328.875200
328.958575
328.987150
329.086550
329.139300
329.214150
329.273375
329.404300
329.431975
329.457775
329.607700
329.704075
329.751925
329.833250
329.906825
330.054450
330.307250
330.399400
330.522450
330.725175
330.765950
331.092925
331.113275
331.150525
331.169950
331.258375
331.279600
331.424600
331.444025
331.471325
331.545775
331.572200
331.643825
331.699625
331.729725
331.754825
331.812100
331.900825
331.951200
332.009475
332.224175
332.264450
332.482625
332.545825
332.619800
332.760475
332.804175
333.132600
333.242800
333.318500
333.400000
333.557125
333.772075
333.993075
334.025700
334.089575
334.134650
334.189275
334.222500
334.273350
334.305900
334.417650
334.527175
334.841625
334.886075
334.940775
334.962650
335.085125
335.179475
335.223500
335.467425
335.558125
335.609175
335.672225
335.847625
335.944650
336.131950
336.235400
336.604425
336.678350
336.750625
336.786075
337.027375
337.125225
337.206375
337.225125
337.278225
337.306050
337.319200
337.338550
337.364325
337.391525
337.450600
337.536450
337.593350
337.640325
337.664400
337.697675
337.808825
337.862100
338.099700
338.194025
338.302875
338.364050
338.488700
338.508275
338.548150
338.600375
338.670475
339.002400
339.038525
339.060625
339.087500
339.180900
339.249550
339.286950
339.340025
339.387425
339.410900
339.514850
339.571075
339.705425
339.797625
339.890425
339.956500
339.981750
340.032125
340.049575
340.062925
340.078550
340.126225
340.135950
340.162325
340.190150
340.207000
340.234450
340.257000
340.301500
340.347450
340.378850
340.412950
340.448500
340.503575
340.528775
340.542825
340.640150
340.689275
340.705325
340.727225
340.746900
340.765575
340.858925
340.877725
340.893750
340.933300
341.216950
341.271925
341.306450
341.380050
341.438975
341.506100
341.538450
341.575700
341.629575
341.693275
341.816350
341.867725
341.897275
341.974375
342.095500
342.152800
342.188575
342.250325
342.274625
342.300825
342.449825
342.520425
342.577800
342.691925
342.715975
342.761975
342.835975
342.938900
343.153275
343.211675
343.360475
343.456025
343.482475
343.540800
343.664700
343.817225
344.154925
344.182150
344.321775
344.431225
344.454925
344.507375
344.552475
344.658450
345.011325
345.095575
345.150300
345.348250
345.682000
345.727200
345.786900
345.868425
345.960250
346.150950
346.231875
346.459800
346.506700
346.591200
346.803775
346.853000
347.204575
347.816425
347.836100
348.031825
348.174575
348.263350
348.307800
348.335950
348.447700
348.649550
348.915875
348.941975
349.199500
349.264575
349.300525
349.336525
349.471125
349.511175
349.549700
349.675825
349.705850
349.723750
349.775150
349.792050
349.805925
349.910375
349.950375
349.988050
350.163750
350.375200
352.480700
352.505175
352.580175
352.681850
352.706525
352.746075
352.774300
352.793550
352.816250
352.832675
352.846725
352.867700
352.884300
352.907875
352.933150
352.948500
352.978525
353.018650
353.071700
353.139050
353.183725
353.196575
353.293400
353.344200
353.370350
353.397725
353.419075
353.444575
353.611725
353.652450
353.714975
354.011500
354.101650
355.257200
355.403275
355.577725
355.601225
355.635050
355.655950
355.693200
355.760725
355.796825
355.903175
355.918925
356.039475
356.090650
356.223075
356.264525
356.332975
356.357750
356.463525
356.500175
356.526625
356.582825
356.647875
356.741125
356.915850
356.951650
357.087400
357.125375
357.269525
357.442075
357.517675
359.649700
359.743150
359.763000
359.833300
359.865825
359.883150
359.899350
359.907850
359.926975
359.948425
359.969700
359.977050
360.008900
360.019600
360.059200
360.166275
360.214650
360.236175
360.287125
360.301850
360.335975
360.393575
360.430700
360.479625
360.553575
360.591300
360.623875
360.693150
360.706950
360.803900
360.842675
360.862350
360.918575
360.980175
361.012200
361.030775
361.169450
361.200300
361.243600
361.282825
361.310725
361.405125
361.499575
361.550275
361.569200
361.588575
361.744025
361.797275
361.830075
361.874325
361.923075
361.977575
362.187600
362.227350
362.383300
362.397875
362.428100
362.492075
362.531700
362.598300
362.643975
362.699725
362.790500
362.873250
362.936125
362.981425
363.014600
363.058425
363.152250
363.181925
363.250050
363.291750
363.352500
363.373975
363.430100
363.528100
363.579275
363.615725
363.812550
363.841325
363.875225
363.959850
364.038450
364.053200
364.112925
364.179375
364.242225
364.278650
364.319925
364.390275
364.432850
364.464850
364.489000
364.588675
364.670050
364.693250
364.745550
364.824050
364.851900
364.919825
365.098000
365.118525
365.169500
365.352625
365.409100
365.486625
365.571450
365.591400
365.653975
365.731125
365.844775
365.916900
366.013750
366.120775
366.150650
366.193100
366.271700
366.421225
366.568125
366.712550
366.741350
366.933625
367.044050
367.158100
367.266475
367.357250
367.406975
367.461775
367.613975
367.636575
367.670925
367.718875
367.785225
367.814950
368.008375
368.050000
368.096950
368.133550
368.195150
368.271100
368.308325
368.335650
368.412300
368.467900
368.555275
368.584575
368.618150
368.650900
368.698525
368.762500
368.831800
368.909150
368.949650
368.996325
369.027000
369.042675
369.072725
369.167300
369.352650
369.388400
369.475850
369.537025
369.637575
369.672475
369.694300
369.714975
369.741150
369.811875
369.839675
369.910375
369.933000
370.076750
370.198450
370.246175
370.316850
370.454200
370.497300
370.515100
370.550450
370.628525
370.670150
370.741475
370.772400
370.802525
370.855025
370.943825
370.968225
371.020300
371.061375
371.137600
371.170250
371.255800
371.362525
371.421350
371.442425
371.511025
371.641275
371.872550
371.957400
372.051975
372.091075
372.122950
372.175000
372.204225
372.240250
372.321325
372.392525
372.422650
372.518425
372.533750
372.558275
372.623775
372.721525
372.794650
372.854975
372.895800
372.921275
372.970100
373.069400
373.197175
373.400325
373.511825
373.728950
373.764325
373.786075
373.801575
373.825775
373.840800
373.867925
373.962900
373.993300
374.037675
374.140300
374.201100
374.239825
374.292200
374.326075
374.392125
374.460450
374.506175
374.555550
374.705450
374.751475
374.779700
374.835325
374.879175
375.106825
375.185500
375.209100
375.265200
375.306175
375.546125
375.837925
375.860100
375.898375
375.955825
376.043275
376.061525
376.092025
376.187425
376.258625
376.481600
376.547350
376.579875
376.652325
376.686350
376.762750
376.847575
376.886975
376.951850
376.988175
377.028725
377.124450
377.175675
377.243025
377.287475
377.311875
377.338800
377.363025
377.414975
377.464950
377.499150
377.523325
377.571250
377.599975
377.640375
377.660850
377.752100
377.820300
377.925150
377.997950
378.047900
378.175250
378.246750
378.271700
378.318425
378.408825
378.448950
378.478825
378.551800
378.648550
378.695400
378.730100
378.825125
378.867375
378.887825
379.110300
379.169550
379.201375
379.505600
379.684875
379.797125
380.108550
380.140100
380.260250
380.447600
380.467875
380.574975
380.685850
380.705000
380.727700
380.747375
380.800700
380.820125
380.839450
380.868500
380.878875
380.907075
380.955375
380.984725
381.010200
381.032550
381.052475
381.130150
381.167300
381.235950
381.267375
381.298975
381.402000
381.435150
381.460350
381.514800
381.533425
381.589525
381.646000
381.681925
381.695825
381.797425
381.840500
381.886900
381.911675
381.941350
382.082350
382.110425
382.150700
382.181275
382.206600
382.317575
382.578800
382.629450
382.669650
382.705225
382.750900
382.872700
382.917900
382.949225
383.065275
383.109125
383.150725
383.232400
383.366450
383.414425
383.438500
383.716050
383.754575
383.781675
383.855375
383.899900
384.010925
384.083850
384.119575
384.137600
384.241400
384.353600
384.376375
384.402850
384.422450
384.505650
384.683175
384.707850
384.745350
384.915075
384.999675
385.036600
385.070250
385.138750
385.177700
385.259325
385.380075
385.474800
385.612200
385.634575
385.669975
385.766275
385.852925
385.904825
385.928150
385.959750
386.028625
386.057450
386.105425
386.145950
386.187125
386.219400
386.256800
386.271425
386.300575
386.356525
386.380650
386.426550
386.452125
386.501550
386.614325
386.655475
386.692250
386.774675
386.820225
386.869875
387.046075
387.070975
387.261600
387.309100
387.341350
387.372625
387.432275
387.600000
387.651975
388.050550
388.079400
388.138950
388.148075
388.200375
388.263575
388.291650
388.307975
388.350800
388.389425
388.406225
388.442900
388.465825
388.480100
388.554725
388.570850
388.594450
388.628675
388.655950
388.677750
388.793900
388.810075
388.836575
388.872775
388.898000
388.913300
388.930450
388.976400
388.998200
389.018075
389.049875
389.072825
389.094000
389.189800
389.209075
389.223350
389.254425
389.275275
389.324625
389.339825
389.486125
389.540775
389.578875
389.817300
389.840050
389.858775
389.891875
389.906525
389.925900
389.982100
390.000825
390.057200
390.119675
390.145075
390.177225
390.185500
390.197575
390.210825
390.236375
390.246150
390.265125
390.277425
390.290225
390.325925
390.355375
390.378700
390.413800
390.453575
390.482525
390.495050
390.509300
390.528000
390.612100
390.700475
390.740475
390.784250
390.834525
390.914525
390.978650
391.001725
391.056425
391.083600
391.117575
391.137075
391.163375
391.186125
391.264375
391.301700
391.325525
391.373575
391.401825
391.455825
391.475875
391.558000
391.616425
391.631450
391.657675
391.679875
391.747225
391.796000
391.884475
391.995875
392.027275
392.058650
392.142325
392.158800
392.194975
392.231075
392.253500
392.352600
392.466150
392.485300
392.514750
392.536925
392.613550
392.644725
392.730250
392.764525
392.794175
392.913875
392.943125
393.030825
393.102975
393.127625
393.235525
393.457425
393.611900
393.712675
393.732075
393.761125
393.837525
393.867500
393.906050
393.944400
393.990450
394.018850
394.089300
394.136700
394.201075
394.398575
394.611300
394.786325
394.867225
395.057125
395.110500
395.166175
395.187550
395.271575
395.349875
395.395850
395.414675
395.520550
395.559975
395.601175
395.654800
395.700150
395.809250
395.905075
396.019400
396.101100
396.135750
396.202850
396.404375
396.527725
396.654900
396.919075
397.086125
397.178875
397.237075
397.326100
397.426475
397.483150
397.518450
397.585400
397.829975
397.880175
397.914250
398.003450
398.056025
398.107400
398.408100
398.450025
398.490475
398.520175
398.582950
398.672275
398.714450
398.758950
398.781925
398.808550
398.832875
398.856650
398.906500
398.942925
398.975475
399.027275
399.048975
399.076225
399.103675
399.116850
399.128875
399.151625
399.164025
399.197575
399.233425
399.415700
399.432300
399.453800
399.478500
399.493575
399.507475
399.523950
399.552000
399.579075
399.598100
399.644500
399.703300
399.734800
399.962750
399.993850
400.013950
400.099950
400.120550
400.214600
400.243825
400.275225
400.298325
400.344800
400.432475
400.557925
400.611500
400.641300
400.661350
400.693300
400.720725
400.751975
400.804550
400.830375
400.851650
400.917125
400.935475
400.972175
401.014875
401.063400
401.146775
401.174600
401.231775
401.272550
401.348725
401.377775
401.402725
401.424900
401.472750
401.546750
401.615850
401.637425
401.694300
401.714375
401.779350
401.826250
401.904650
401.928550
401.956250
402.014200
402.047450
402.071425
402.226825
402.322525
402.352800
402.395325
402.439875
402.548100
402.579950
402.633425
402.656475
402.705025
402.781725
402.895600
402.923850
403.118725
403.169925
403.196025
403.211150
403.234000
403.323025
403.351825
403.376950
403.462975
403.483575
403.631000
403.655500
403.792450
403.835775
403.897975
403.959000
404.002725
404.019300
404.033525
404.043125
404.061075
404.075100
404.093875
404.107750
404.121350
404.170625
404.198025
404.214550
404.236775
404.365025
404.410100
404.443975
404.457025
404.502600
404.528600
404.601050
404.629475
404.654775
404.680750
404.708350
404.776875
404.791125
404.838325
404.860825
404.938700
405.074000
405.096250
405.164350
405.219950
405.254650
405.266350
405.294700
405.326575
405.339025
405.347750
405.459500
405.481225
405.528475
405.546975
405.708700
405.787425
405.829200
405.883050
405.925625
406.051950
406.084775
406.103225
406.119050
406.140250
406.190425
406.237325
406.250425
406.301600
406.424725
406.599575
406.627525
406.645300
406.705150
406.799725
406.882375
406.902200
406.969400
407.007875
407.058875
407.091850
407.124400
407.135775
407.170400
407.202050
407.220425
407.264200
407.286575
407.352075
407.390150
407.459600
407.490025
407.611075
407.658625
407.703975
408.315825
408.428725
408.486275
408.629700
408.712700
408.735775
408.774275
408.791750
408.901275
408.924350
408.950175
408.974700
409.015275
409.042125
409.123150
409.150050
409.205300
409.372050
409.411150
409.443025
409.533375
409.568250
409.608075
409.718625
409.744625
409.764775
409.792275
409.837325
409.874575
411.949000
411.974875
411.995350
412.218075
412.271100
412.291875
412.399275
412.493075
412.525225
412.678450
412.733275
412.774375
412.807350
412.823950
412.858900
412.923375
412.948775
413.066225
413.170150
413.275700
413.421475
414.979950
415.109375
421.420375
421.514200
421.900900
422.594150
423.106775
423.663875
423.696225
423.737250
423.770850
423.787350
423.829075
423.854875
423.895275
423.942375
424.415900
424.516675
424.596600
424.708375
424.828775
424.871950
424.917475
424.963250
424.982625
425.013325
425.032375
425.046975
425.084600
425.140425
425.170100
425.194100
425.311900
425.598325
425.654200
425.672275
425.731900
425.797375
425.832575
425.875775
425.974650
426.107000
426.169525
426.196400
426.213625
426.241350
426.276800
426.294450
426.322900
426.344250
426.478150
426.634975
426.658000
426.674925
426.712450
426.731275
426.752750
426.789025
426.807000
426.817825
426.841400
426.867525
426.885450
427.024600
427.166800
427.192975
427.238575
427.260550
427.358450
427.376875
427.430075
427.470325
427.567575
427.608325
427.625250
427.741375
427.768675
427.815075
427.879000
427.922950
427.996725
428.055600
428.085200
428.111550
428.150450
428.229150
428.528225
428.576575
428.757550
428.810900
428.856625
428.933950
429.016125
429.162475
429.217425
429.285925
429.391575
429.428250
429.469525
429.510550
429.527750
429.564375
429.586200
429.635425
429.664450
429.704075
429.718400
429.767050
429.788675
429.859750
429.898125
429.922375
429.954000
429.977750
430.307525
430.426800
430.478850
430.518300
430.688150
430.757400
430.903350
431.011875
431.118700
431.350300
431.381200
431.571150
431.610450
431.710550
431.817175
431.883650
432.018475
432.142225
432.160125
432.176525
432.215850
432.249375
432.364700
432.486350
432.541075
432.613850
432.655325
432.690675
432.788475
432.809600
432.830000
432.851925
432.925400
432.946675
432.992225
433.019925
433.078850
433.093825
433.138300
433.224700
433.346925
433.456625
433.950150
434.085750
434.110025
434.164500
434.890500
435.117275
435.131825
435.179125
435.194250
435.204450
435.243175
435.294650
435.353125
435.383650
435.425800
435.467675
435.531850
435.609450
435.668025
435.722625
435.800275
435.838050
436.125575
436.221875
436.243225
436.294775
436.371625
436.416025
436.567925
436.600850
436.644450
436.665550
436.686750
436.709775
436.785900
436.809900
436.901075
437.061550
437.084000
437.103850
437.134100
437.164150
437.186500
437.236175
437.293125
437.495750
437.549275
437.590075
437.607525
437.626425
437.652475
437.664200
437.685850
437.704525
437.717500
437.744975
437.779125
437.857600
437.940725
438.148325
438.196250
438.211800
438.219000
438.240700
438.272725
438.416800
438.449700
438.485475
438.539750
438.589725
438.633475
438.856875
438.984150
439.087625
439.114300
439.138825
439.296075
439.324650
439.632650
439.733925
439.777250
439.809825
439.830350
439.965475
439.984725
440.036950
440.077850
440.196350
440.245650
440.289825
440.471700
440.576575
440.607450
440.666200
440.714650
440.770750
440.852150
440.897325
440.929100
440.974575
441.006475
441.064500
441.287075
441.345350
441.375350
441.426925
441.580775
441.598350
441.643075
441.748675
441.860825
441.898450
442.006350
442.341100
442.417600
442.632975
442.710350
442.772375
442.864900
442.940300
443.077500
443.158025
443.173950
443.216200
443.269275
443.351275
443.557500
443.638650
443.704125
443.786025
443.858525
443.889850
443.922400
443.962275
443.998550
444.037525
444.294375
444.477525
444.611525
444.693525
444.720875
444.782125
444.840825
444.891450
444.998825
445.099875
445.130550
445.197675
445.248350
445.382825
445.442225
445.492875
445.586550
445.617875
445.653925
445.683575
445.745350
445.781075
445.813725
445.856150
445.911675
446.025275
446.125500
446.195950
446.223950
446.374450
446.654725
446.687125
446.714125
446.742775
446.937125
446.957725
446.986025
447.096675
447.236350
447.315400
447.459600
447.483100
447.524250
447.587950
447.749675
447.787750
447.828300
447.886800
447.925975
447.989875
448.114000
448.148000
448.220525
448.259250
448.302175
448.339175
448.364675
448.399775
448.433925
448.458125
448.509325
448.531100
448.555800
448.593275
448.658325
448.692300
448.807400
448.855300
448.871450
448.969675
448.988575
449.051925
449.192150
449.219050
449.261675
449.283900
449.326450
449.352350
449.739975
449.749525
449.847725
449.961300
450.061550
450.106500
450.135925
450.169175
450.197925
450.217850
450.275400
450.328325
450.351175
450.461475
450.512875
450.637550
450.748350
450.792625
450.834500
450.879600
450.917375
451.035150
451.086600
451.347425
451.451250
451.546750
451.572825
451.666400
451.768675
451.869050
452.062950
452.174375
452.278525
452.337950
452.592875
452.676800
452.697850
452.733925
452.763650
452.809425
452.880275
452.905725
452.931875
453.026475
453.146450
453.175200
453.198500
453.218875
453.244325
453.325300
453.394025
453.430725
453.464825
453.509125
453.551725
453.576600
453.608175
453.634625
453.646600
453.687000
453.733550
453.806075
453.827450
453.873275
453.898625
453.964625
454.149775
454.236400
454.295200
454.318475
454.349650
454.435350
454.509725
454.635600
454.690950
454.771425
454.798850
454.875250
454.930975
455.124500
455.141300
455.156325
455.211975
455.223400
455.266925
455.304875
455.420875
455.508125
455.673700
455.701150
455.961450
456.011700
456.063475
456.083775
456.179775
456.224000
456.255850
456.441350
456.473775
456.596125
456.638625
456.682150
456.713750
456.982600
457.024875
457.158700
457.186125
457.204275
457.294475
457.318375
457.341375
457.365650
457.394400
457.433275
457.451275
457.753450
457.772550
457.800650
457.851475
457.974625
458.187175
458.229900
458.265825
458.275450
458.300250
458.321200
458.339050
458.426800
458.442425
458.455575
458.472400
458.523125
458.555550
458.610825
458.642775
458.683700
458.726800
458.739550
458.768425
458.786650
458.823700
458.847650
458.882800
458.898250
458.949650
458.973775
459.010725
459.040300
459.078700
459.124750
459.138850
459.176500
459.194225
459.208800
459.232025
459.254650
459.393975
459.456600
459.483700
459.533775
459.576975
459.605900
459.662100
459.691425
459.727650
459.801775
459.829975
459.879475
459.910125
459.933350
459.957075
460.070275
460.099575
460.211825
460.312525
460.330175
460.372900
460.424975
460.519125
460.555175
460.657925
460.680375
460.691625
460.735800
460.784275
460.811400
460.823600
460.879375
460.990875
461.143475
461.269150
461.384300
461.542350
461.561500
461.587675
461.622950
461.642225
461.677075
461.705350
461.727675
461.872175
461.898825
461.959450
462.006350
462.101750
462.194650
462.222375
462.302575
462.406475
462.457500
462.504450
462.679275
462.711975
462.737525
462.793325
462.831200
462.848475
462.961200
462.991975
463.066425
463.114800
463.187800
463.285675
463.300275
463.344975
463.523075
463.693100
463.734575
463.764575
463.851875
464.003275
464.054700
464.102100
464.141050
464.181700
464.376250
464.552550
464.568300
464.682600
464.756800
464.793525
464.944650
465.149450
465.183250
465.784050
465.828175
465.872525
465.887400
465.953825
466.106500
466.234225
466.268450
466.302800
466.413550
466.549350
466.591775
466.706300
466.771050
466.864725
466.893275
466.978775
467.153975
467.305000
467.360425
467.586675
467.616425
467.648700
467.754400
467.802400
467.832025
467.886175
467.926425
468.035225
468.373100
468.448550
468.496475
468.516800
468.536300
468.556675
468.605500
468.688300
468.728875
468.781075
468.830150
468.902750
469.184700
469.449750
469.569100
470.575875
470.651675
470.660150
470.672350
470.812200
472.966675
472.991125
473.053850
473.447150
473.837025
474.126500
474.307625
474.463350
474.587025
474.800475
480.941650
481.159325
481.513450
481.904525
482.234150
482.930525
483.056975
483.265200
483.464425
483.478925
483.590125
483.972000
484.093350
484.236125
484.461575
484.703275
484.930350
484.971550
485.014375
485.055625
485.077025
485.109225
485.134650
485.254400
485.316400
485.370350
485.415125
485.505100
485.559550
485.636750
485.898450
485.979225
486.040875
486.098350
486.116525
486.325250
486.344300
486.440075
486.505700
486.532875
486.606525
486.615050
486.630700
486.642450
486.679725
486.691200
486.706900
486.725875
486.735750
486.746150
486.768325
486.868400
486.953900
486.977350
487.040800
487.075700
487.100300
487.120925
487.172400
487.338675
487.754575
487.786050
487.810850
487.861300
487.997250
488.091525
488.168975
488.271925
488.402225
488.573975
488.704700
488.759275
488.814875
488.844375
488.883500
488.976375
489.001525
489.028500
489.049250
489.119250
489.198625
489.215475
489.229525
489.310225
489.397125
489.417300
489.484275
489.583725
489.666175
489.693000
489.893275
490.104750
490.141950
490.194725
490.230675
490.326450
490.348475
490.623875
490.682625
490.744025
490.779050
490.799300
490.825700
490.840325
490.859450
490.913850
490.939950
490.956175
490.971725
490.990550
491.012475
491.060950
491.077350
491.091925
491.160450
491.202250
491.228050
491.264675
491.292575
491.331950
491.424250
491.448450
491.542550
491.571000
491.729825
491.771925
491.831850
491.874050
491.984975
492.008875
492.035375
492.059125
492.090025
492.112775
492.165800
492.197050
492.257675
492.307925
492.328150
492.428525
492.447550
492.474050
492.497350
492.558875
492.602350
492.664775
492.871975
492.902150
492.929025
492.975000
493.075150
493.258450
493.286750
493.403225
493.437475
493.485125
493.522350
493.544375
493.560100
493.606325
493.639700
493.656050
493.668150
493.733150
493.777075
493.809150
493.830825
493.889200
493.925450
493.972875
494.013575
494.156700
494.188550
494.289250
494.343275
494.399775
494.440025
494.517025
494.561050
494.591375
494.620575
494.753225
494.795375
494.860650
494.940400
494.998450
495.071025
495.326800
495.388200
495.447700
495.538825
495.674625
495.694350
495.717775
495.774950
495.827875
495.962150
496.017400
496.069125
496.233575
496.301725
496.337325
496.430225
496.517475
496.589375
496.625625
496.671250
496.749850
496.875725
497.006350
497.069200
497.104175
497.161550
497.274750
497.440600
497.469250
497.523025
497.544425
497.580600
497.624500
497.643025
497.768300
497.830000
497.855300
497.886700
497.992000
498.045300
498.095600
498.118675
498.139500
498.164725
498.180725
498.267625
498.298225
498.352850
498.547300
498.569875
498.582125
498.632475
498.649975
498.733200
498.862575
498.919225
499.046125
499.117150
499.131075
499.142300
499.155175
499.201700
499.217100
499.231850
499.254650
499.276450
499.310875
499.332075
499.347500
499.365200
499.392300
499.454450
499.502525
499.553675
499.610250
499.631150
499.656925
499.737575
499.799375
499.825050
499.852350
499.874400
499.933675
499.981475
500.008275
500.034400
500.048200
500.075125
500.095325
500.169175
500.243550
500.270050
500.338650
500.371775
500.439650
500.511225
500.534025
500.575175
500.598425
500.625800
500.651275
500.679800
500.704075
500.746300
500.789800
500.808800
500.840200
500.947950
500.987025
501.012750
501.094475
501.166750
501.211750
501.236975
501.344800
501.383600
501.483675
501.508850
501.532050
501.825275
502.093150
502.159500
502.217525
502.247100
502.268375
502.291775
502.360075
502.439525
502.470000
502.488350
502.526225
502.571700
502.610525
502.704750
502.729050
502.767300
502.839775
502.862250
502.885350
502.911100
502.930950
502.946200
502.994000
503.007575
503.120350
503.140725
503.162200
503.225175
503.252575
503.268325
503.322100
503.334875
503.369825
503.395475
503.457975
503.503575
503.516625
503.548025
503.604650
503.650575
503.671700
503.736875
503.764350
503.876050
503.907325
503.922400
503.937200
503.990700
504.018750
504.120275
504.180275
504.349125
504.414550
504.470900
504.509400
504.535525
504.572700
504.620325
504.709450
504.742150
504.763775
504.867950
504.967500
504.998125
505.019050
505.030525
505.055675
505.080850
505.171975
505.207250
505.234275
505.258125
505.288150
505.313700
505.437250
505.457350
505.530150
505.591125
505.687575
505.821050
505.926725
506.089925
506.157775
506.188950
506.228750
506.346950
506.369150
506.398300
506.436000
506.493250
506.561325
506.576600
506.731400
506.749050
506.810925
506.833250
506.856375
506.869400
506.888825
506.903625
506.915550
506.967550
506.983525
507.013950
507.072600
507.122250
507.299325
507.357650
507.393075
507.458550
507.489375
507.539150
507.587000
507.664250
507.702100
507.740400
507.832175
507.917950
507.942125
507.969600
507.994100
508.135100
508.184850
508.231950
508.249175
508.317600
508.394375
508.537525
508.583775
508.733050
508.817250
508.842700
508.881900
508.930775
508.970675
509.025925
509.081725
509.129100
509.217025
509.255775
509.321850
509.359975
509.409425
509.995375
510.082975
510.546825
510.627025
510.660525
510.749375
510.816000
510.888100
510.932925
511.037575
511.088150
511.460750
511.579550
511.625575
511.645875
511.694250
511.739850
511.760350
511.871275
512.067450
512.089475
512.162475
512.191400
512.231200
512.265300
512.310575
512.328050
512.368650
512.432875
512.503300
512.524050
512.544625
512.587800
512.609075
512.635625
512.648675
512.725525
512.743900
512.810600
512.820325
512.837500
512.860700
512.914875
512.932000
512.945250
513.023600
513.039325
513.054600
513.073350
513.129050
513.152150
513.169925
513.180750
513.237025
513.279150
513.345050
513.364925
513.391700
513.405975
513.445325
513.471575
513.486800
513.510250
513.544300
513.564675
513.606800
513.638825
513.672800
513.690600
513.717200
513.744125
513.788700
513.857375
513.872100
513.885800
513.953675
513.971750
514.019200
514.043625
514.070300
514.122450
514.233675
514.279725
514.333750
514.376350
514.394100
514.422850
514.453200
514.670675
514.738575
514.790375
514.822225
514.846300
514.870725
514.922800
515.024750
515.181450
515.276225
515.341425
515.420375
515.472500
515.513900
515.659775
515.690025
515.762175
515.781025
515.823125
515.932350
515.950400
515.970100
515.985125
516.003375
516.027125
516.100175
516.184425
516.230300
516.319600
516.354925
516.420300
516.446725
516.471900
516.543850
516.573475
516.613575
516.642650
516.681500
516.753725
516.779225
516.810725
516.924675
516.980425
517.044925
517.064525
517.076225
517.184425
517.271175
517.284875
517.367150
517.398800
517.420950
517.434750
517.465750
517.488700
517.501925
517.513075
517.526675
517.541900
517.556800
517.577850
517.604950
517.615450
517.644775
517.665400
517.709250
517.735025
517.751875
517.763375
517.779600
517.792450
517.811150
517.840875
517.853575
517.866975
517.878175
517.894100
517.908375
517.934325
517.956925
517.972050
517.976325
518.008775
518.024275
518.046100
518.056325
518.088375
518.108750
518.136225
518.157550
518.175450
518.315175
518.332250
518.347450
518.386100
518.406625
518.426900
518.449050
518.627000
518.686400
518.736375
518.803025
518.846250
518.898225
518.976675
519.005550
519.078025
519.089675
519.111025
519.125525
519.141325
519.153450
519.179250
519.198475
519.309625
519.323850
519.356325
519.445200
519.463375
519.482825
519.505375
519.555025
519.668875
519.692650
519.712875
519.759900
519.774450
519.836250
519.873725
519.890100
519.922450
520.061350
520.084900
520.209975
520.268400
520.354075
520.443875
520.607050
520.640450
520.736850
520.798275
520.967200
521.014775
521.128300
521.278425
521.332650
521.391525
521.440150
521.505400
521.553100
521.650275
521.694400
521.780125
522.057975
522.102250
522.165350
522.193350
522.226750
522.457500
522.484550
522.530725
522.548200
522.647775
522.722950
523.089500
523.113875
523.202200
523.237800
523.277300
523.281475
523.299225
523.609575
523.677750
523.739900
523.820350
523.848300
523.890125
523.920125
523.990750
524.025875
524.051875
524.121700
524.157425
524.180425
524.200825
524.229550
524.349150
524.425900
524.510600
524.537375
524.547600
524.650025
524.670250
524.878575
524.941775
524.982350
525.336750
525.370600
525.440800
525.459725
525.488275
525.506350
525.516575
525.531875
525.589950
525.636050
525.655875
525.678250
525.715700
525.867675
525.914225
525.965000
525.990925
526.027900
526.068150
526.100950
526.131950
526.196375
526.353650
526.448225
526.507100
526.577625
526.624275
526.668825
526.743675
526.789050
526.874600
527.146325
527.196825
527.263925
527.376000
527.414075
527.470850
527.511150
527.544250
527.591400
527.616400
527.831425
527.873075
527.957150
528.033750
528.057425
528.110875
528.143550
528.207625
528.349575
528.367975
528.404025
528.480025
528.522475
528.556625
528.588000
528.618550
528.807700
528.835375
528.855075
528.888300
528.904225
528.924900
528.937100
528.970075
528.987050
529.016150
529.053250
529.072800
529.142925
529.157350
529.193325
529.239600
529.265450
529.283775
529.308625
529.337300
529.371775
529.381025
529.527850
529.556175
529.571150
529.587600
529.649025
529.663725
529.774650
529.825975
529.845350
529.892025
530.129350
532.647875
532.674800
532.715500
532.876525
532.896050
533.011400
533.050450
533.081975
533.225250
533.247150
533.382625
533.728400
533.994750
534.024200
534.111975
535.913550
536.068550
536.553350
536.755500
536.776175
536.853975
536.867775
536.895150
537.315850
537.476775
537.742725
538.218600
538.267525
539.859350
539.895100
540.043900
540.155975
540.264825
540.691425
540.781825
540.902800
541.062825
541.155250
541.209075
541.500875
541.610675
541.767675
541.828975
541.924175
541.966975
542.006150
542.140425
542.532250
542.600900
542.654300
542.674875
542.826275
543.089125
543.387675
543.486075
543.630650
543.719775
543.873025
543.932825
544.016175
544.061800
544.098625
544.178000
544.387625
544.416775
544.506275
544.614825
544.633025
544.732250
544.792950
544.863325
544.895950
544.945975
545.054475
545.199150
545.277725
545.387425
545.465500
545.554575
545.808100
545.901375
545.951175
545.973650
546.021700
546.117650
546.146425
546.235900
546.321200
546.393525
546.442025
546.488750
546.560950
546.606100
546.727275
546.900525
547.248525
547.317850
547.350325
547.372250
547.396750
547.434400
547.484700
547.521450
547.534825
547.540225
547.568350
547.590175
547.600750
547.653350
547.687625
547.723200
547.937600
548.022775
548.073875
548.137725
548.172775
548.264300
548.298575
548.327300
548.389450
548.405475
548.525675
548.562625
548.617200
548.656950
548.765750
548.812125
548.831750
548.864000
548.898200
548.964200
548.989625
549.013375
549.074350
549.101400
549.140550
549.172875
549.259650
549.315475
549.392000
549.437675
549.464650
549.481400
549.497725
549.603350
549.625875
549.651725
549.709075
549.764825
549.834250
549.862525
549.886875
549.961800
550.104850
550.179500
550.198150
550.261900
550.465375
550.497125
550.557975
550.647275
550.705825
550.727725
550.770575
550.799050
550.819175
550.865175
550.902250
550.921825
550.946525
550.965025
551.156500
551.202625
551.232475
551.304950
551.312825
551.456250
551.484875
551.515275
551.556500
551.594175
551.614700
551.650625
551.693175
551.717150
551.762850
551.805600
551.876875
551.927950
551.962350
551.987300
551.997850
552.024950
552.106025
552.152575
552.178100
552.198975
552.232125
552.252400
552.284150
552.310025
552.332875
552.381000
552.393450
552.430425
552.469425
552.494775
552.573925
552.600575
552.625500
552.679850
552.742650
552.825900
552.846575
552.892400
552.920975
552.954950
552.968850
552.978750
553.068900
553.126150
553.147050
553.210200
553.237350
553.280150
553.319850
553.364925
553.424350
553.444550
553.491775
553.516375
553.540575
553.583025
553.651450
553.684325
553.727875
553.746275
553.821925
553.873450
553.888350
553.936750
553.975775
554.034125
554.062300
554.082200
554.126375
554.149600
554.172850
554.206150
554.265375
554.342100
554.374575
554.490900
554.529800
554.543300
554.581050
554.606150
554.626450
554.701950
554.800450
554.930575
554.952025
555.131675
555.160200
555.189250
555.232050
555.398275
555.443650
555.469625
555.543550
555.569725
555.644475
555.672225
555.699775
555.719825
555.755050
555.842875
555.861750
555.929850
556.015475
556.077500
556.104750
556.159350
556.295775
556.330800
556.358925
556.403325
556.611375
556.688250
556.896850
556.940375
557.062825
557.126875
557.133575
557.169950
557.185600
557.209575
557.293800
557.317250
557.350975
557.388925
557.431025
557.451800
557.527375
557.541075
557.553775
557.600925
557.684650
557.726700
557.752500
557.866475
557.891475
557.917125
557.979900
558.094750
558.123200
558.143300
558.230075
558.253375
558.326825
558.420025
558.434925
558.450500
558.461375
558.501050
558.518500
558.529150
558.544175
558.567525
558.594100
558.604250
558.619275
558.697075
558.720750
558.784325
558.815325
558.834100
558.857175
558.878250
558.929775
558.967600
558.993375
559.024875
559.058525
559.111625
559.161525
559.177525
559.198425
559.310800
559.337850
559.367100
559.388275
559.406725
559.463250
559.476500
559.493100
559.561525
559.593325
559.648650
559.666250
559.814575
559.867750
559.895375
559.931325
559.963050
560.002850
560.028225
560.051275
560.084650
560.212350
560.354175
560.383225
560.426125
560.460875
560.520325
560.537625
560.689525
560.720200
560.756825
560.780875
560.800850
560.829025
560.852050
560.890975
560.910025
560.948950
560.974975
561.016375
561.069750
561.259275
561.347600
561.401900
561.629050
561.706750
561.719800
561.770000
561.796275
561.856325
561.876875
561.899225
561.978625
562.008225
562.157800
562.177575
562.200325
562.222750
562.241600
562.269600
562.292950
562.331775
562.347450
562.394300
562.415450
562.434425
562.491525
562.585875
562.775550
562.792750
562.809900
562.844200
562.982775
563.016800
563.072950
563.140525
563.159200
563.214400
563.263900
563.324375
563.394400
563.544975
563.573475
563.662900
563.923350
563.994925
564.051625
564.244025
564.333925
564.372650
564.397250
564.459400
564.509475
564.567875
564.682000
564.828350
564.895600
565.013800
565.139800
565.182800
565.205900
565.226725
565.268750
565.373000
565.401925
565.441125
565.472175
565.512600
565.596450
565.608725
565.668300
565.706050
565.743725
565.801625
565.859075
565.977400
566.079900
566.143450
566.210625
566.247250
566.273600
566.303525
566.329525
566.393550
566.427950
566.473050
566.516450
566.568300
566.709275
566.765350
566.787175
566.803950
566.889450
566.937700
566.993750
567.011650
567.045250
567.080175
567.223225
567.295850
567.326475
567.411150
567.440525
567.463000
567.566950
567.603500
567.629700
567.658950
567.713350
567.774200
567.875200
567.892150
567.928150
567.979650
568.100775
568.244975
568.256850
568.304425
568.321225
568.330150
568.347400
568.356600
568.377975
568.388550
568.409975
568.419650
568.459275
568.468350
568.501300
568.514525
568.523725
568.549550
568.564775
568.604450
568.639050
568.690175
568.705575
568.718200
568.736150
568.770175
568.791525
568.839450
568.930950
568.936600
568.973475
568.993325
569.056150
569.083375
569.119475
569.155325
569.261250
569.356425
569.378700
569.433375
569.457150
569.474700
569.485825
569.563825
569.595375
569.649750
569.693875
569.792325
569.865200
569.921175
569.940800
569.980450
570.031525
570.070750
570.114050
570.138225
570.223750
570.257025
570.411025
570.444625
570.467825
570.477225
570.523100
570.575625
570.611950
570.688875
570.740625
570.827175
570.849625
570.867725
570.973925
570.988675
571.118700
571.162700
571.224400
571.358125
571.650225
571.712400
571.748625
571.809375
571.832200
571.959225
572.370975
572.420450
572.552025
572.622925
572.636925
572.657900
572.681425
572.699125
572.724600
572.754900
572.774100
572.800625
572.827900
572.918875
572.928975
572.962100
573.013550
573.059750
573.148500
573.201625
573.227100
573.267350
573.331300
573.397650
573.438225
573.506875
573.534650
573.563800
573.604500
573.656050
573.680575
573.841175
573.880875
573.903075
573.950275
574.200500
574.222750
574.314275
574.367750
574.446200
574.525750
574.596775
574.750825
574.779225
574.801100
574.894850
574.989375
575.027350
575.149000
575.231875
575.356150
575.399450
575.425475
575.440725
575.480350
575.527750
575.557325
575.595275
575.610825
575.626000
575.687750
575.700525
575.730350
575.811900
575.832600
575.876450
575.896750
576.063025
576.078275
576.094775
576.158850
576.182375
576.212300
576.235900
576.343150
576.369950
576.390825
576.501325
576.566175
576.598000
576.614825
576.715175
576.775950
576.799125
576.853650
576.903100
576.975575
577.026575
577.114050
577.155350
577.191775
577.214800
577.249875
577.273825
577.331500
577.379225
577.424125
577.510925
577.581850
577.627475
577.668450
577.745825
577.952025
578.079125
578.150625
578.396850
578.408125
578.424100
578.434475
578.506875
578.579900
578.639150
578.678350
578.781300
578.826125
578.935675
579.002550
579.028125
579.048425
579.322925
579.337925
579.402675
579.420500
579.493150
579.507450
579.542250
579.606675
579.680025
579.730700
579.777250
579.797875
579.821075
579.849050
579.942575
580.036575
580.085650
580.124150
580.149825
580.173350
580.186600
580.954500
580.989325
581.088350
581.101650
581.121300
581.133100
581.144200
581.156950
581.192050
581.208075
581.223375
581.239350
581.263200
581.287850
581.309350
581.345150
581.360600
581.374250
581.438000
581.459950
581.492950
581.513650
581.575475
581.601075
581.641425
581.675525
581.723800
581.755050
581.806775
581.833225
581.857850
581.883525
581.967025
582.001975
582.025500
582.080300
582.105750
582.122725
582.143900
582.203375
582.220525
582.235300
582.249975
582.324350
582.348175
582.749975
582.776975
582.802700
582.907725
582.930500
583.102050
583.311025
583.423525
583.449425
583.532100
583.550250
583.577050
583.600725
583.643400
583.725250
583.800375
583.822575
583.877525
583.943625
583.975675
584.023300
584.082350
584.109100
584.134925
584.152300
584.178500
584.199725
584.234750
584.253650
584.293475
584.331525
584.350475
584.450825
584.475750
584.499775
584.509475
584.538800
584.564850
584.609775
584.624850
584.643650
584.667950
584.738825
584.758750
584.787575
584.805075
584.850775
584.866525
584.899625
584.912625
584.922425
584.934125
584.955675
584.969950
585.026225
585.039350
585.070600
585.094225
585.120425
585.141450
585.172425
585.192275
585.229075
585.249175
585.347850
585.369575
585.378950
585.401950
585.516200
585.560725
585.585325
585.652575
585.675800
585.812775
585.866150
585.878150
585.891050
585.949225
586.033500
586.095525
586.169500
586.183350
586.208300
586.229225
586.325400
586.339700
586.355000
586.370150
586.382500
586.399650
586.436000
586.449875
586.513925
586.523925
586.551150
586.607175
586.625275
586.632950
586.643300
586.650700
586.664300
586.676200
586.700400
586.709275
586.718275
586.730225
586.753800
586.805200
586.814925
586.849025
586.885825
586.919325
586.944475
586.984025
587.006050
587.022300
587.036625
587.064900
587.179900
587.201925
587.238300
587.291900
587.379550
587.427525
587.476450
587.657550
587.690325
587.718300
587.827375
587.889975
588.014325
588.052675
588.150675
588.243325
588.264900
588.287775
588.330775
588.394325
588.486750
588.596500
588.781050
588.886700
588.953400
589.046050
589.162700
589.256250
589.507450
589.522925
589.567325
590.664750
590.709550
590.861525
590.973625
590.999450
591.041400
591.066975
591.422425
592.973675
593.011000
593.064950
593.130025
593.166875
593.210175
593.367425
593.382025
593.401650
593.420875
593.495775
593.711775
593.752325
593.773475
593.795250
593.807425
593.820400
593.850075
593.893400
593.915000
593.932100
593.971900
593.987875
594.000075
594.047825
594.067200
594.152575
594.691525
594.769225
594.796600
595.056650
595.199050
595.222325
595.291200
595.395050
595.499150
595.573450
595.944800
596.211550
596.348675
596.380250
596.485900
596.624000
596.652350
596.726400
596.847900
596.920875
597.012975
597.300700
598.284925
598.367700
598.830125
599.024125
599.338850
599.634075
599.870800
600.038225
600.095350
600.131775
600.193325
600.274600
600.345250
600.374300
600.413250
600.453550
600.533275
601.036025
601.110675
601.132500
601.157650
601.187500
601.230625
601.268350
601.278575
601.311250
601.350150
601.404550
601.497925
601.580725
601.724575
601.747975
601.812725
601.875925
601.960900
602.207025
602.269675
602.332950
602.591850
602.624025
602.761950
602.817100
602.987275
603.028125
603.126900
603.165200
603.215975
603.428075
603.443925
603.516300
603.539025
603.566400
603.736700
603.952725
603.986500
604.320275
604.344425
604.574575
604.649950
604.679025
604.839125
604.878850
604.919950
605.011275
605.132675
605.173250
605.194100
605.364175
605.387375
605.552075
605.588150
605.778825
605.843600
605.955425
606.168675
606.294375
606.319250
606.479900
606.706100
606.858925
606.949650
607.007400
607.156600
607.326825
607.543625
607.596875
607.676250
607.747500
607.793125
607.890800
607.963325
608.027875
608.066100
608.190575
608.228475
608.416475
608.678875
608.703650
608.791825
608.881100
609.155475
609.196700
609.215925
609.489000
609.543875
609.590725
609.847300
610.150275
610.371950
610.461275
610.804875
610.900550
611.084775
611.132300
611.163675
611.216850
611.310675
611.345000
611.393600
611.428525
611.451975
611.493475
611.510350
611.858300
611.878975
611.898100
611.908950
611.928350
611.947525
611.999975
612.012600
612.027475
612.041800
612.165825
612.199200
612.232625
612.285425
612.314700
612.341575
612.386800
612.431925
612.450475
612.498875
612.514000
612.534600
612.556675
612.566425
612.583525
612.615125
612.639075
612.741550
612.776450
612.828050
612.854175
612.908700
612.972775
613.008225
613.025750
613.129675
613.217400
613.249750
613.340175
613.398175
613.436125
613.493650
613.510975
613.539950
613.638775
613.677100
613.707275
613.812500
613.851775
613.920150
613.964450
614.064900
614.118750
614.239025
614.280875
614.341800
614.355400
614.396175
614.435000
614.473250
614.488775
614.526975
614.604975
614.637750
614.678100
614.724325
614.811900
615.093850
615.188475
615.314350
615.347875
615.383600
615.561075
615.661925
615.695100
615.781125
615.832700
615.861650
615.880175
615.917950
615.987400
616.066875
616.119200
616.140200
616.157775
616.245825
616.275200
616.305025
616.318025
616.344525
616.382300
616.427150
616.449375
616.491100
616.537350
616.617925
616.653150
616.800950
616.821950
616.858075
616.887550
616.958650
616.995275
617.144050
617.207675
617.295675
617.352100
617.422675
617.645325
617.708775
617.750925
617.812575
617.974275
618.021525
618.117575
618.165450
618.260875
618.701550
618.772875
618.949825
619.020600
619.125275
619.139725
619.174625
619.211375
619.275400
619.420025
619.442225
619.484775
619.541325
619.560900
619.615400
619.657325
619.748125
619.798950
620.144450
620.172225
620.183675
620.266400
620.300625
620.342350
620.382625
620.405300
620.422875
620.611825
620.641175
620.670150
620.712575
620.770525
620.787100
620.816925
620.838475
620.864675
620.891725
620.912600
620.969550
621.019750
621.052750
621.098900
621.120975
621.193825
621.299100
621.349525
621.436500
621.514900
621.561175
621.596375
621.635975
621.678350
621.735350
621.753900
621.771675
621.798875
621.913500
621.933275
621.999325
622.015850
622.089800
622.165500
622.222600
622.369275
622.418375
622.472400
622.492350
622.501350
622.542275
622.601175
622.617975
622.651800
622.696325
622.749475
622.885075
622.937525
623.068075
623.161625
623.191050
623.239225
623.264050
623.279725
623.323125
623.405425
623.438950
623.482500
623.533925
623.598125
623.803675
623.895900
623.912275
623.939425
623.968450
624.060450
624.095600
624.168250
624.229025
624.254875
624.328475
624.360450
624.404950
624.532675
624.561700
624.710950
624.897125
624.922275
624.950450
625.089050
625.139175
625.182000
625.232875
625.253275
625.275300
625.301600
625.353800
625.385000
625.429975
625.449800
625.498725
625.524850
625.654625
625.709550
625.741400
625.800850
625.827600
625.952175
625.980150
626.018725
626.097175
626.111950
626.132700
626.155275
626.191525
626.214600
626.302150
626.323200
626.369475
626.390175
626.430200
626.455100
626.477925
626.508425
626.607775
626.638475
626.689400
626.791525
626.831950
626.860550
626.885625
626.913750
626.946550
626.980450
627.181675
627.201650
627.421550
627.447750
627.469000
628.240100
628.273425
628.360575
628.375600
628.383000
628.406575
628.432700
628.447100
628.477425
628.527350
628.545750
628.587825
628.619725
628.659425
628.681025
628.689950
628.709150
628.886850
628.957375
628.999800
629.035625
629.059600
629.078425
629.142025
629.158300
629.170525
629.213350
629.227600
629.264750
629.289150
629.308175
629.346675
629.467475
629.517250
629.536050
629.589175
629.640025
629.789250
629.823325
629.866750
629.925700
629.944950
629.979025
630.054300
630.199875
630.242150
630.378600
630.441350
630.462850
630.513075
630.550750
630.569200
630.586600
630.630050
630.676650
630.712600
630.738525
630.767275
630.808950
630.824100
630.854375
630.953175
631.012050
631.076100
631.108425
631.132325
631.186225
631.213425
631.279725
631.311450
631.415775
631.434550
631.463400
631.482800
631.525125
631.602000
631.609875
631.623000
631.633275
631.675075
631.706925
631.779850
631.796925
631.984900
632.050850
632.111075
632.158075
632.216425
632.283450
632.297900
632.387725
632.444175
632.486275
632.511500
632.554700
632.593800
632.676525
632.704025
632.752150
632.800350
632.896800
632.967550
633.052150
633.080550
633.176850
633.209400
633.399700
633.442200
633.480625
633.625975
633.656875
633.723250
633.881425
633.985575
634.033200
634.184025
634.214000
634.284900
634.320200
634.408850
634.447375
634.502725
634.547400
634.574275
634.649950
634.760275
634.795925
634.941575
634.975325
634.997975
635.026975
635.193475
635.359750
635.495325
635.529400
635.692700
635.727700
635.804075
635.856875
635.897675
635.908050
635.927125
635.944275
635.955850
635.986475
635.996250
636.031475
636.045850
636.064950
636.079875
636.130500
636.188800
636.287275
636.348875
636.361225
636.496050
636.514275
636.532450
636.548225
636.601325
636.617250
636.685200
636.694175
636.717775
636.741950
636.762550
636.800125
636.817375
636.853150
636.889800
636.918500
636.934525
636.993425
637.054450
637.100575
637.142475
637.185075
637.275875
637.406950
637.435050
637.451525
637.500075
637.528300
637.608775
637.629100
637.747850
637.809725
637.855900
637.889375
637.925850
638.001125
638.029225
638.183300
638.227425
638.380650
638.408475
638.467125
638.607425
638.852275
638.874550
638.912675
638.978625
639.020300
639.084475
639.400325
639.440275
639.532775
639.587300
639.606350
639.631625
639.675025
639.698600
639.725825
639.754925
639.777850
639.808800
639.862450
639.894825
640.126500
640.270725
640.300350
640.367600
640.424575
640.631625
640.660500
640.701275
640.725475
640.798350
640.815575
640.842225
640.869775
640.993550
641.050825
641.087825
641.116050
641.272700
641.299325
641.356475
641.430775
641.551200
641.761700
641.839375
641.862300
641.955850
642.018975
642.043250
642.178475
642.241725
642.349600
642.554800
642.656800
642.710425
642.795675
642.855275
642.898375
642.926300
642.945325
643.001475
643.113175
643.177100
643.188250
643.200300
643.222225
643.236450
643.251950
643.259525
643.282200
643.299925
643.345775
643.363150
643.387700
643.407325
643.443725
643.475800
643.516575
643.530250
643.627400
643.642500
643.664750
643.693150
643.717450
643.734500
643.879575
643.955800
643.980250
644.147325
644.202025
644.329375
644.349825
644.369275
644.463425
644.484725
644.559200
644.617325
644.653825
644.691000
644.707500
644.766650
644.790850
644.833150
644.857125
644.944875
645.052025
645.205050
645.221175
645.288300
645.333400
645.355550
645.385775
645.487275
645.517775
645.540150
645.567650
645.615425
645.654100
645.745275
645.778725
645.817650
646.029425
646.127700
646.202400
646.224825
646.266650
646.315500
646.342375
646.374300
646.442975
646.636000
646.656800
646.783925
646.799750
646.813875
646.849950
646.916350
647.014525
647.061225
647.089625
647.116725
647.197325
647.294725
647.336900
647.452775
647.505450
647.729300
647.806850
647.904825
647.940825
648.130525
648.243625
648.260825
648.328100
648.406425
648.438725
648.708050
648.730350
648.773375
648.797375
648.818475
649.004075
649.082750
649.128875
649.182875
649.198250
649.239200
649.260800
649.285150
649.328025
649.372800
649.412800
649.437175
649.490100
649.506575
649.539525
649.573525
649.593425
649.617950
649.666250
649.782625
649.854075
649.894175
649.927050
650.025450
650.064225
650.118150
650.160950
650.181325
650.213475
650.244125
650.278750
650.320050
650.367425
650.387675
650.432325
650.462800
650.512975
650.527850
650.552975
650.575150
650.696175
650.712850
650.739925
650.822050
650.861250
650.987050
651.015075
651.129250
651.146375
651.157700
651.172775
651.189550
651.232425
651.311025
651.338000
651.350800
651.366250
651.393475
651.410725
651.424400
651.459200
651.472600
651.485175
651.501625
651.531025
651.552925
651.583950
651.601475
651.625100
651.668175
651.709050
651.744575
651.789300
651.802525
651.817575
651.826650
651.836000
651.847775
651.865250
651.877725
651.890525
651.902775
651.919375
651.991375
652.007225
652.067375
652.080675
652.102450
652.162175
652.177725
652.285825
652.321725
652.408050
652.435425
652.492025
652.516525
652.574975
652.638625
652.671800
652.705225
652.829525
652.900075
652.939750
