# # All spikes for Neuron
0.385925
0.439425
0.623500
1.155275
1.175225
1.214600
1.293425
2.173350
2.208850
3.382025
3.488175
3.559250
3.756000
3.808600
4.008775
4.138175
4.293350
4.417575
4.952525
4.967275
4.986800
5.320525
5.804325
6.073525
6.166175
6.333575
6.389700
6.440425
7.074650
7.093875
7.267850
7.486150
7.886775
7.912425
8.087075
8.239025
8.499300
8.607775
9.076250
9.175025
9.321575
9.444875
9.682875
9.725350
9.766775
10.048850
10.198350
10.311825
10.349350
10.449475
10.519450
11.036850
11.082225
11.188500
11.640050
11.678175
12.064575
12.202975
12.286125
12.645975
12.662025
13.451525
14.007500
14.787025
15.028225
15.461650
15.719575
15.873950
16.359500
16.371575
16.495725
16.682175
16.997500
17.016175
17.254850
17.533025
17.785400
18.341625
18.539200
18.921800
19.080875
19.163000
19.720875
19.748575
19.930750
19.946725
20.550775
20.589500
20.816750
20.865600
21.148550
21.227425
21.877675
22.193575
22.372425
22.499850
22.879850
23.200200
23.295450
23.604375
23.909300
24.142650
24.192700
24.451550
24.579425
24.606725
24.657550
24.842350
24.891525
24.961650
25.242875
25.440250
25.470700
25.635400
25.696500
26.014825
26.025800
26.075350
26.116850
26.145275
26.439550
26.737250
26.846725
26.936200
27.151850
27.213150
27.333925
27.603600
27.660950
28.282600
28.425450
28.477450
28.516100
28.627175
28.863750
29.107650
29.547950
29.932800
30.089000
33.077350
33.650000
34.309250
34.698925
34.848775
34.993825
35.084650
35.272525
36.669825
36.922275
37.496175
38.062975
38.075150
38.408225
38.673200
39.046275
39.458250
39.677700
39.890000
40.244675
40.264500
40.538300
40.650775
40.733900
40.837200
40.915900
40.976550
41.489350
41.781325
41.890625
41.943375
42.110025
42.263950
42.414775
42.459400
42.926425
42.989675
43.081625
43.172100
43.244700
43.514325
43.603400
43.663900
43.819950
44.071600
44.089675
44.134250
44.206475
44.294150
44.340975
44.363800
44.743825
45.065475
45.231625
45.497300
45.556600
46.169650
46.581250
47.074450
47.115900
47.131150
47.239450
47.332950
47.405750
47.965350
48.542175
48.574900
48.588650
48.640150
48.722925
48.941250
49.278450
49.289275
49.301775
49.396500
49.445975
49.567225
49.649675
49.847075
50.020375
50.174225
50.608725
50.633375
50.663475
50.728825
50.986775
51.058550
51.079725
51.285575
51.774925
51.827075
51.897650
51.958850
53.733975
53.776150
54.323375
54.531600
54.577050
54.911550
55.011975
55.160350
55.305200
55.635375
55.685250
55.743700
55.898775
56.016925
56.230950
56.581950
56.669225
56.687100
56.763925
56.891400
57.578525
57.741650
57.801250
58.000700
59.115675
59.215325
59.578350
59.693875
59.933000
60.060950
60.099000
60.201725
60.218425
60.441375
60.656150
60.671975
60.979675
61.137175
61.243200
61.285725
61.640325
61.737125
61.897500
62.095625
62.440500
62.702050
62.875425
63.051150
63.082675
63.342425
63.395925
63.540425
63.665800
63.734325
64.375750
64.478475
64.817850
64.954075
64.972350
65.127025
65.176125
65.272775
65.323600
65.527525
65.708825
65.805400
66.062450
66.478625
66.535875
66.711050
66.935000
67.383275
67.412250
67.529950
67.674300
68.215175
68.285650
68.555400
68.578825
68.675000
68.859625
69.583850
69.786900
69.847975
70.144675
70.177550
70.313450
70.610925
71.064150
71.124150
71.262950
71.328525
71.523325
71.571175
71.619500
71.746975
71.869525
72.265025
72.424900
72.933675
73.014525
73.062450
73.550675
73.628575
73.658975
73.682075
73.763250
74.698150
74.783000
74.848050
75.091675
75.147300
75.186725
75.553350
75.609425
76.199075
76.247225
76.393325
76.438650
76.654375
76.774425
77.499900
77.724675
77.971225
78.330350
78.347900
78.467900
78.567950
78.599300
78.772575
78.951150
79.404425
79.455650
79.643700
80.011625
82.946300
83.537100
84.657375
85.551300
85.975900
86.828600
87.176925
87.366875
88.137375
88.594475
88.674100
88.839475
89.111875
89.272875
89.752225
89.760950
89.975325
90.258850
90.886250
90.992950
91.192800
91.489425
91.577425
91.690250
91.976850
92.138050
92.188400
92.301475
92.747825
92.973900
93.263900
93.370800
93.414575
93.660675
93.876125
93.938900
94.004550
94.139300
94.224650
94.329650
94.858900
95.055950
95.451150
95.759625
95.911425
96.031825
96.061250
96.851375
97.128825
97.317200
97.507225
97.702575
98.082150
98.341825
98.599850
98.626100
99.133075
99.205525
99.299475
99.345125
99.368275
99.558750
99.586850
99.743425
100.004200
100.020975
100.060000
100.372625
100.697225
100.879800
100.996825
101.054175
101.655950
101.772050
101.963875
102.109125
102.385900
102.626575
102.775325
102.995900
103.005925
103.205775
103.232350
103.428600
103.718800
104.247925
104.327075
104.394300
104.438725
104.548450
104.615825
104.779275
104.851550
105.194000
105.407175
105.575350
105.643050
105.755900
105.880700
105.893175
106.132325
106.636425
106.718350
106.794250
107.008275
107.203650
107.747100
107.791950
108.307625
108.446675
108.508000
108.664075
109.268200
109.288625
109.315450
109.515725
109.534500
109.591900
110.151700
110.165575
110.185950
110.303425
110.404400
110.621425
110.951000
111.069550
111.497575
111.737900
111.786475
111.797750
111.841100
111.980450
112.118525
112.227825
112.435425
112.534800
112.598850
112.803300
113.039550
113.271675
113.509525
113.699475
113.920825
114.048550
114.130400
114.490575
114.511050
114.574425
114.883000
114.900600
115.153850
115.330750
115.605700
115.723475
116.113275
116.159600
116.204675
116.219200
116.504925
116.758300
116.833650
117.042125
117.226750
117.293850
117.492900
117.623675
117.684225
117.794200
117.934650
118.258725
118.409800
118.527150
118.788400
118.960700
119.050400
119.168075
119.851800
119.969000
120.070825
120.124475
120.224175
120.248500
120.531550
120.624475
120.807625
121.124800
121.157350
121.286575
121.347125
121.382375
121.508325
121.560175
122.068325
122.712700
122.783025
123.705300
124.409475
124.502800
124.550375
124.700400
124.731500
124.874600
124.956200
125.039000
125.161850
125.747225
125.767275
125.936200
126.176625
126.499300
126.634125
126.684725
126.740325
126.916875
127.038000
127.190850
127.336025
127.636225
127.658800
127.671400
127.706225
127.980100
127.998100
128.094400
128.405675
128.503050
128.725550
128.902200
129.036375
129.057925
129.152850
129.787175
130.018425
130.101175
133.089175
133.297525
134.633150
134.937875
135.557325
135.785325
135.912550
136.846350
137.418100
137.505250
137.523250
137.692350
137.787350
138.018450
138.088000
138.241675
138.424950
138.485675
138.495450
138.505600
138.565025
138.680425
138.709150
138.798350
138.842525
139.078350
139.088225
139.238650
139.703400
139.971525
140.216050
140.286075
140.410850
140.658100
140.982650
141.077700
141.285600
141.509625
141.743575
141.802850
142.408550
142.908650
142.995300
143.135625
143.310625
143.352375
143.384450
143.577050
143.720675
143.783000
144.032425
144.367500
144.380200
144.461275
144.613775
144.793850
144.938825
145.018825
145.142875
145.229450
145.368525
145.709925
145.800550
145.949375
146.069275
146.139875
146.295700
146.524675
146.551475
146.578875
146.898600
146.970700
146.984150
147.299775
147.591725
147.845650
148.090575
148.225900
148.345000
148.357200
148.366400
148.703650
148.716075
148.881725
148.964325
149.033450
149.172400
149.263800
149.437125
149.500600
149.658350
149.716250
149.890075
149.994800
150.230925
150.252300
150.457550
151.146150
151.470525
151.803775
152.050150
152.246125
152.582600
152.965675
153.046700
153.097275
153.389525
153.399525
153.521325
153.539725
153.552450
153.618900
153.633050
153.736625
153.904625
153.939350
154.055475
154.103300
154.318050
154.358750
154.603100
155.226225
155.572300
155.711050
155.827175
155.841150
155.940000
156.156900
156.260450
156.289050
156.308025
156.477025
156.691425
156.814825
157.051500
157.520400
157.841625
157.867900
158.037675
158.280150
158.349500
158.388825
158.751275
158.873500
159.604550
159.727475
159.865825
160.061550
160.113350
160.290425
160.325625
160.392125
160.598750
160.611250
160.715425
160.960075
161.141200
161.285725
161.457025
161.641850
162.275975
162.321875
162.391975
162.562925
162.634700
162.748600
163.461950
163.580600
163.695175
163.837225
164.044150
164.138925
164.175950
164.270325
164.361475
164.502575
165.192250
165.314900
165.588700
165.921900
166.116150
166.449700
166.611600
166.719775
166.808875
166.862925
166.935925
166.965950
167.125275
167.206825
167.234450
167.673050
167.831525
167.865400
168.125975
168.377250
168.494550
168.812400
169.063950
169.123275
169.212725
169.337750
169.365875
169.417950
169.464200
169.752975
170.678075
170.703625
170.751225
171.086150
171.223175
171.537900
171.767175
171.784200
171.841875
171.974875
172.042875
172.314475
172.349150
172.469175
172.504850
173.000700
173.666575
173.788350
173.905450
174.003750
174.181775
174.322225
174.332925
174.566525
174.604175
175.205550
175.336275
175.396900
175.439975
175.606400
175.784525
175.871975
175.923550
175.936775
176.110050
176.175375
176.471425
176.711275
177.034725
177.250850
177.414400
177.447050
177.636300
177.964950
178.169800
178.236900
178.620850
178.634225
178.748275
178.914650
179.267250
179.830000
179.862700
180.034875
180.056700
181.924525
182.293925
184.153600
184.931575
184.956350
185.034950
185.507675
185.565850
185.726100
185.736200
185.859050
186.097500
186.501050
186.998900
187.138800
187.166250
187.477425
187.510975
187.965125
188.614100
188.827200
189.078575
189.264825
189.640475
189.783650
190.107100
190.128125
190.286600
190.371575
190.454425
190.636225
190.752400
190.981450
190.994750
191.032675
191.074850
191.106825
191.122950
191.152650
191.185350
191.395600
191.431525
191.443550
191.623000
191.902500
192.102200
192.126200
192.151550
192.290125
192.357850
192.402900
192.443225
192.573225
192.633025
192.770025
192.887200
193.029300
193.304000
193.507175
193.730000
194.037375
194.296200
194.323700
194.414725
194.517975
194.731325
194.748300
194.888250
195.454300
195.569600
195.593025
195.624500
195.699275
195.774525
196.031675
196.032700
196.306800
196.329475
197.053225
197.138500
197.235650
197.294775
197.601625
197.718750
197.759225
197.869975
197.895150
198.120825
198.172000
198.274500
198.390400
198.455175
198.537525
198.897075
199.153325
199.168100
199.480025
199.740925
199.883200
200.165050
200.307150
200.383425
200.430000
200.447225
200.477250
200.795800
200.939900
201.023325
201.224125
201.317950
201.386925
201.589225
201.753925
201.766325
201.862925
202.013675
202.067425
202.263450
202.399525
202.420575
202.781125
202.853675
202.894925
203.209350
203.285400
203.604875
203.635800
204.006100
204.385150
204.443300
204.523475
204.717975
204.953800
205.023225
205.070225
205.102650
205.127375
205.197325
205.435975
205.555500
205.557500
205.780625
206.042600
206.086875
206.200775
206.226750
206.300600
206.520950
206.623375
206.730450
206.987900
207.057150
207.402625
207.732975
208.174475
208.389525
209.032250
209.142100
209.157050
209.386775
209.493875
209.552750
209.678350
209.799125
210.133125
210.179200
210.588175
210.741375
210.924625
211.875750
211.985325
212.103750
212.149050
212.233500
212.284925
212.592650
212.633050
213.765175
213.934425
213.980100
213.990200
214.364600
214.635900
214.711225
215.468225
215.482000
215.718675
215.989625
216.085425
216.339850
216.802025
216.938225
217.158125
217.379200
217.587900
217.649675
217.837350
217.860275
218.182950
218.215625
218.353100
218.503475
218.516400
218.635600
218.722550
218.856900
218.873275
218.930050
219.203525
219.651525
219.845500
219.998050
220.030250
220.183150
220.198925
220.469425
220.817400
221.009400
221.277500
221.482875
221.534675
221.547925
221.653475
222.066750
222.101100
222.188800
222.269875
222.884800
223.424700
223.439125
223.486925
223.558275
223.854875
224.082575
224.300150
224.325900
224.346475
224.923725
225.086375
225.120025
225.418250
225.674450
226.104525
226.118925
226.799625
226.896250
227.543425
227.815525
227.943950
227.993800
228.343525
228.506900
228.718050
229.106050
229.453600
229.586175
229.856650
230.081075
231.968225
232.662350
233.636600
233.693925
234.508700
235.119550
235.411575
235.533925
235.611650
236.262100
236.296250
236.513200
237.141700
237.501200
237.611100
237.900350
237.922575
237.973975
238.229025
238.593200
239.477375
239.543775
239.558925
239.820600
240.333300
240.521775
241.167225
241.276350
241.390225
241.679725
241.724625
241.971825
242.140000
242.244325
242.500600
242.660400
242.726625
242.797250
242.811775
243.294575
243.440975
243.659150
243.686250
243.878425
243.926025
244.288825
244.770650
245.028850
245.259700
245.306800
245.414400
245.615650
245.792100
245.835900
245.978275
246.012300
246.253750
246.576225
246.787625
246.799025
246.872675
247.018700
247.030200
247.198275
247.336475
247.623650
247.732900
247.785950
247.931875
248.024250
248.111825
248.327750
248.361675
248.386100
248.415425
248.666500
248.921325
249.271675
249.312275
249.516275
249.655300
249.724800
249.843375
250.159125
250.316325
250.398650
250.754200
251.099550
251.457600
252.529975
252.658775
252.732350
252.957550
253.225950
253.691450
253.759675
253.952500
254.810750
255.134025
255.193975
255.233625
255.882775
256.215250
256.236875
256.692775
256.849200
257.293950
258.581050
258.597325
258.638925
258.734350
259.177950
259.441750
259.595300
260.131200
260.383375
260.463025
260.491125
260.623825
260.641100
260.811350
261.097975
261.274275
261.326475
261.352400
261.524875
261.729575
261.759900
262.064725
262.943750
263.453125
263.692250
263.807250
264.202925
264.433100
264.855200
264.926325
265.076300
265.110000
265.129250
265.392075
265.743750
266.094675
266.229550
266.346425
266.622025
266.661500
266.676250
267.180125
267.687000
267.724850
267.924525
268.095600
268.167025
268.194375
268.290225
268.306250
268.979225
269.081875
269.092450
269.265200
270.126450
270.917300
271.660775
271.675850
271.758725
271.916300
272.163000
272.493650
272.558075
272.796550
273.253725
273.394275
273.444475
273.478975
273.533750
273.889125
274.195400
274.283675
274.738675
275.215550
275.307200
275.451050
275.586600
276.562600
276.936275
277.138050
277.994425
278.042025
278.110825
278.763575
278.818700
279.060375
279.782800
283.559800
283.797075
285.533100
285.849775
286.551625
286.675675
286.961050
287.202350
287.869275
288.221600
288.273225
288.750000
288.811425
288.882825
288.988225
289.324850
289.411075
290.202225
290.749000
291.045675
291.302200
291.957650
292.034200
292.128050
292.159200
292.437400
293.122475
293.245025
293.470650
293.885000
294.506125
295.077975
295.253675
295.320225
295.350625
296.490300
296.510225
297.006925
297.278525
297.345800
297.406075
297.485975
297.729350
297.774600
298.071600
298.100875
298.583350
298.623475
298.690275
299.249650
299.363300
300.628975
300.631650
300.946950
301.335525
301.347500
301.454525
301.565925
301.841925
302.129600
302.203350
302.642525
302.888175
303.542150
304.002675
304.684150
304.816500
305.307900
305.377300
305.513725
305.691650
305.835050
306.201475
306.615875
306.646425
306.663975
306.699450
306.902950
307.248525
307.428525
307.772700
308.088275
308.455525
308.682825
308.784025
308.955350
309.057800
309.360075
309.604125
309.763300
310.441050
310.836825
310.862800
311.075625
311.268900
311.612350
311.650875
311.726500
311.907875
311.968575
312.310250
312.320150
312.362775
312.928000
313.147650
313.180125
313.331675
313.363300
313.413425
313.444900
315.004325
315.968375
316.638500
316.696400
316.756725
317.117475
317.174475
317.236700
317.799225
318.028100
318.202925
318.249950
318.282475
318.334375
318.696250
318.929575
318.957975
319.332025
319.541675
320.180325
320.199250
320.310050
320.509700
320.756900
320.936200
321.172600
321.320650
321.691800
321.968975
322.011950
322.267550
322.304150
322.528925
322.575200
322.622450
322.750700
322.823700
323.467475
323.657375
323.745600
324.184900
324.278500
324.309050
324.354475
324.428250
324.464675
324.483275
324.627475
324.656150
324.843900
325.305725
325.375550
325.418300
325.650150
325.947925
326.108775
326.388700
326.399300
326.648800
326.768950
326.889375
326.943525
327.233300
327.408500
327.462525
327.540175
327.807200
328.451925
328.463875
328.644525
328.921775
329.091075
329.104125
329.377300
332.545725
332.811000
334.151425
334.318250
334.830325
335.188100
335.267850
335.713325
335.777325
336.458625
336.638875
336.696475
336.708600
336.742725
336.912775
337.382300
337.828175
337.859350
338.113975
338.268125
338.417625
338.515725
338.559375
338.612750
338.722000
338.754725
339.241800
339.470600
339.575700
340.225150
340.247800
340.611075
340.936050
341.280725
341.400875
341.415425
341.515375
341.663125
341.714000
342.138775
342.219150
342.284950
342.314425
342.342350
342.640675
342.690200
342.703025
342.806225
342.862525
342.951800
343.205050
343.235425
343.575925
343.640325
343.843600
344.608200
344.710600
345.535825
345.656700
346.160225
346.281025
346.346575
346.950125
347.047375
347.234325
347.660800
347.864275
347.888175
347.930300
348.035000
348.144325
348.159750
348.293025
349.112575
349.138625
349.181025
349.720175
350.368350
350.436225
350.727225
350.761000
351.008300
351.058450
351.192275
351.437025
351.564025
351.573175
351.601000
351.917400
352.500475
352.771950
352.864250
353.055100
353.204375
353.809375
353.930975
354.174400
354.234975
354.251275
354.675000
354.782400
354.832025
354.898350
355.162125
355.202625
355.374050
355.608900
355.700600
356.071675
356.090350
356.279600
356.398725
356.498250
356.525650
356.839475
356.898950
357.043850
357.201975
357.693275
357.736075
357.868750
358.111550
358.391100
358.403700
358.825850
359.269425
359.370425
359.400050
360.022275
360.131775
360.241575
360.364875
360.560725
360.886225
361.225000
361.265450
361.317800
361.954775
362.035475
362.085450
362.187550
362.362200
362.517000
362.581500
362.949550
363.022450
363.307500
363.319525
363.471200
363.545800
363.659800
364.026175
364.077975
364.139100
364.168675
364.187750
364.296675
364.368050
364.447450
364.531950
364.770825
364.830325
364.845050
364.980150
365.319125
365.540025
365.628700
365.954700
366.050000
366.408925
366.594050
366.835700
366.878775
366.936000
367.780025
368.185325
368.307850
368.447475
368.599525
368.653075
369.046300
369.337150
369.579325
369.801825
369.879975
369.930675
369.963375
370.201500
370.417075
370.541475
370.858950
371.407050
371.478075
371.665150
371.839100
372.227700
372.235900
372.269600
372.645000
372.709550
373.023550
373.162525
373.250475
373.329275
373.507875
373.998475
374.222350
374.270125
374.407850
374.652325
374.820450
374.952275
374.982675
374.998125
375.271150
375.364725
375.403975
375.416900
375.561350
375.624700
375.875450
376.144600
376.277775
376.355200
376.426050
376.444075
376.735225
376.834300
377.064125
377.471725
377.562575
377.971850
378.009775
378.016150
378.072425
378.159100
378.261425
378.503500
378.653125
379.664700
379.781425
379.873575
384.524800
384.687550
384.781550
385.130975
385.173550
385.410650
385.458475
385.801375
386.198125
386.323600
386.708225
386.947425
387.271550
387.449950
387.816500
387.847550
388.238325
388.303300
388.881150
389.176600
389.276025
389.429100
389.552700
389.727875
389.768550
389.881250
389.951575
390.208725
390.420300
390.680225
390.987650
391.189475
391.443850
391.662550
391.678125
391.824775
391.891950
391.993475
392.016150
392.067550
392.385475
392.683200
392.791075
392.803450
392.859650
392.942850
393.055925
393.079575
393.184575
393.525550
393.538725
394.025300
394.244200
394.274325
394.528700
394.917825
394.965625
395.089300
395.207400
395.232125
395.323600
395.405300
395.419300
395.497000
396.036575
396.165725
396.315450
396.393250
396.451575
396.477875
396.590575
396.937175
397.048250
397.129075
397.366750
397.416200
397.652350
397.805800
397.976675
398.022025
398.071550
398.211250
398.496625
398.551300
398.863550
399.080475
399.153575
399.209500
399.236275
399.661775
400.128050
400.420100
400.527825
400.789175
401.102075
401.213600
401.492525
401.734625
401.848425
402.013050
402.030900
402.342475
402.497200
402.817575
403.120050
403.664625
403.681850
404.363650
404.891650
405.364575
405.950875
406.755650
406.902275
406.995775
407.192175
407.730250
408.158500
408.296625
408.312700
408.343475
408.403300
408.446850
408.558850
409.034725
409.049025
409.191275
409.501425
409.575600
409.642875
410.118650
410.251525
410.422825
410.608800
410.672825
410.797275
411.132375
411.390525
411.789250
412.479275
412.557575
413.192725
413.273800
413.617550
413.676500
413.706750
413.874600
413.885550
414.009225
414.121175
414.137275
414.228600
414.239275
414.285625
414.304475
414.365000
414.967850
415.026050
415.105875
415.157950
415.269525
415.336025
415.389925
415.571225
416.025375
416.121400
416.213900
416.370600
416.689475
416.726625
416.799600
416.829150
416.949900
416.971075
417.040075
417.120675
417.547775
417.617375
417.760775
418.213800
418.436575
418.553725
418.875250
418.896000
419.253125
419.526275
419.536950
420.095875
420.420500
420.605550
420.634075
420.644975
421.329800
421.368750
421.432625
422.507100
422.558350
422.601625
422.636550
422.951575
423.124950
423.334950
423.476725
423.540475
423.668975
423.864825
423.896500
423.999775
424.462300
424.510750
424.656475
424.724050
424.772175
425.075350
425.482225
425.604700
426.156500
426.501975
426.534775
426.728125
426.782025
426.896650
427.752875
427.826650
428.093825
428.163025
428.399175
428.481075
428.543800
428.746600
429.034925
429.177250
429.482100
429.538700
429.559500
429.578850
429.698625
430.105300
431.044275
433.311250
433.940350
434.796850
435.272500
436.397100
436.724925
436.770525
436.791600
437.144200
437.171325
437.276700
437.993250
438.092950
438.104275
438.124950
438.273150
438.426025
438.501200
438.510550
438.515125
439.118300
439.842900
439.884075
439.963900
439.976800
439.987900
439.996200
440.048100
440.058800
440.106425
440.159625
440.180200
440.893200
441.085225
441.197475
441.475100
441.585150
441.650125
442.000675
442.115025
442.183650
442.968475
443.101250
443.118700
443.131575
443.438800
443.700425
443.748425
444.528750
444.798750
444.977250
445.567425
445.655475
445.758875
445.916075
446.208625
446.283650
446.685950
447.196850
447.502850
447.521550
447.749000
447.915425
448.053775
448.358850
448.492675
448.616175
448.649975
448.697725
448.914425
449.105525
449.120025
449.285575
449.372500
449.767800
450.220450
450.418125
450.463425
450.543575
450.832675
450.846350
450.939850
450.960800
451.118250
451.161725
451.421675
451.856675
451.921125
452.000825
452.038800
452.381725
452.414925
452.434500
452.916825
452.958250
452.991675
453.074500
453.199900
453.858550
454.208125
454.248725
454.524650
454.727775
454.784100
454.975750
455.092575
455.449900
455.803175
455.916950
456.095550
456.120625
456.172725
456.455500
457.194100
457.267475
457.340925
457.503300
457.743050
457.787625
457.911675
457.946900
458.389150
458.421800
458.515175
458.671975
458.803250
458.995900
459.187225
459.223000
459.251400
459.313125
459.377275
459.583975
459.654225
460.119850
460.269700
460.448350
460.467550
460.618000
460.735025
460.761600
460.839050
461.073750
461.157600
461.220400
461.267225
461.418050
461.543125
461.784625
461.871300
462.128375
462.324900
462.420500
462.573100
462.835925
462.852025
462.937000
463.163650
463.204100
463.292700
463.376575
463.401325
463.764125
463.912400
463.989000
464.348925
464.380825
464.581850
464.752825
464.883350
464.951575
464.977225
465.029225
465.164650
465.228375
465.422825
465.665225
465.898950
465.960525
466.006225
466.053650
466.203200
466.582400
467.048100
467.124850
467.221825
467.275350
467.318100
467.537800
467.613100
467.781600
468.013350
468.031675
468.244350
468.270575
468.441725
468.520000
468.677800
468.731025
469.112000
469.444300
469.513825
469.605475
469.678525
469.905150
469.934225
469.939925
469.976300
470.025450
470.218625
470.285725
470.307675
470.376650
470.486725
470.686550
470.720875
470.736850
471.533225
471.679525
471.827675
472.026925
472.225000
472.272750
472.376625
472.881225
473.119350
473.136675
473.332350
473.553450
473.606500
473.951800
474.088000
474.120950
474.307100
474.445425
474.509125
474.669000
474.728150
474.841325
474.862975
474.956675
474.979200
475.043725
475.405725
475.448975
475.814100
475.831400
476.047300
476.134700
476.309675
476.526050
476.590575
476.602325
476.867125
477.135075
477.177275
477.192050
477.225200
477.541475
478.022950
478.284475
478.407550
478.626375
478.676800
478.779500
478.814925
478.967425
479.579125
479.777950
479.957975
479.975900
482.316075
482.602675
484.614000
485.276875
485.537875
486.378300
487.448125
487.458500
487.697425
487.707400
487.928750
488.017125
488.140450
488.678000
488.899025
488.958800
489.053350
489.115900
489.144900
489.153850
489.348300
489.463625
489.516075
489.651425
489.678475
489.821775
489.832650
489.901775
490.206400
490.216675
490.421450
490.434675
490.535250
490.784950
490.915075
490.974050
491.337375
491.899250
491.991850
492.019600
492.328800
492.445550
492.629550
493.262700
493.275900
493.559850
493.799175
493.943675
494.023725
494.072050
494.290050
494.377000
494.593150
494.906725
495.355000
495.483350
496.012100
496.098575
496.432450
496.503850
496.588575
496.619575
496.903200
496.922050
496.989700
497.200350
497.485925
497.615625
497.672900
497.793500
497.966650
498.029450
498.059625
498.739425
498.909525
498.921775
499.192025
499.303400
499.456475
499.486700
499.532800
499.699450
500.338450
500.358700
500.437725
500.488150
500.501925
500.646250
500.792075
501.037075
501.215275
501.437225
501.502750
501.541050
501.644775
501.788800
502.070850
502.291700
502.404325
502.475975
502.517400
502.958000
502.992225
503.145925
503.636600
503.766625
503.924425
503.969175
504.642700
504.702725
505.009650
505.024525
505.073500
505.190125
505.223075
505.260850
505.861550
506.003125
506.022600
506.076000
506.096175
506.142350
506.454050
506.553150
507.121975
507.142100
507.157000
507.263025
507.966675
508.178900
508.579000
508.613050
508.712800
508.986875
509.029375
509.057450
509.073475
509.706500
509.742150
509.759000
509.979875
510.020525
510.119575
510.268750
510.285100
510.299500
511.200125
511.901150
511.960575
512.017425
512.296375
512.377675
512.451175
512.515400
512.554025
512.630625
512.985600
513.038050
513.241250
513.554675
513.868250
513.987975
514.071950
514.140375
514.518225
514.740975
515.153625
515.229075
515.580600
515.616650
515.932900
516.020550
516.056700
516.145675
516.631825
516.644200
516.926875
517.201425
517.382750
517.487950
517.537025
518.178125
518.489675
518.741225
518.817025
518.827525
518.847225
518.871950
518.942025
519.491800
519.561675
519.849400
520.387075
520.419600
520.454500
520.658900
520.773150
521.066775
521.127375
521.218250
521.499500
521.708250
521.823750
521.981850
522.016125
522.146875
522.229725
522.261925
522.540175
523.206875
523.360675
523.381625
523.488750
523.532375
523.653325
523.837000
523.887600
524.186400
524.233850
524.344600
524.798550
524.917725
524.935300
525.010750
525.258200
525.910000
525.944050
526.027475
526.264700
526.407200
526.588300
527.013025
527.064275
527.494150
527.537875
527.702075
527.874275
527.892950
528.257200
528.399450
528.734675
528.867250
528.932375
528.976825
529.091500
529.163725
529.203750
529.297600
529.402325
529.448800
529.496575
529.542400
529.635925
529.895575
529.907325
529.986025
533.833225
533.988950
534.144775
534.273950
534.780225
535.097700
535.613525
536.266975
536.286500
536.296750
536.556150
537.213075
537.442150
537.570750
537.668150
537.864850
538.767525
539.099125
539.277325
539.362200
539.420100
539.589325
539.929850
540.512125
540.771675
540.883125
541.020150
541.068225
541.343700
541.472750
541.487500
541.737700
542.123150
542.229875
542.243975
542.422700
542.533750
542.582850
542.689425
542.772600
542.899400
543.182375
543.275800
543.610075
544.009675
544.582100
544.997150
545.102000
545.412400
545.423925
546.029900
546.344825
546.578100
546.616200
547.068400
547.152575
547.330175
547.664625
548.175025
548.611125
548.917175
549.097525
549.115750
549.132550
549.328650
549.338900
549.486200
549.557625
549.580775
