# # All spikes for Neuron
0.097475
0.239000
0.259875
0.404525
0.616050
0.752550
0.795950
0.987300
1.346950
1.775425
1.956350
2.053175
2.349300
2.384625
2.603325
2.690675
3.147825
3.164050
4.402000
4.476550
4.666300
4.778875
4.859525
4.990250
5.275900
5.313525
5.356400
5.738725
5.747975
5.761950
5.851675
5.901875
5.938950
6.085550
6.146800
6.386450
6.426625
6.482825
6.499900
6.557275
6.588250
6.595900
6.624450
6.722200
6.793975
6.818500
6.833000
6.961625
6.994875
7.199375
7.254825
7.300575
7.467750
7.569500
7.616500
7.664300
7.852700
7.894875
7.952700
8.262650
8.405600
8.738225
8.994375
9.238700
9.334125
9.456550
9.511350
9.731425
9.782250
9.958825
10.095125
10.283325
10.722400
10.771250
10.832675
10.900400
10.983250
11.112575
11.140525
11.245150
11.734625
11.834775
11.915475
11.956925
11.976625
12.017650
12.027225
12.035250
12.189525
12.299325
12.359275
12.522125
12.616500
12.731250
12.794675
12.888950
12.951275
13.018625
13.041225
13.095750
13.395350
13.516475
13.560200
13.656275
13.711050
13.816125
13.931075
14.111050
14.168825
14.189225
14.498400
14.546050
14.575150
14.626175
14.753925
14.796850
14.924900
15.470275
15.506225
15.656125
15.802200
15.918775
16.011825
16.102525
16.103600
16.150175
16.208575
16.231625
16.278100
16.413625
16.529550
16.624425
16.741950
16.828050
17.114950
17.170725
17.415075
17.605850
17.620675
17.669175
17.958775
17.987100
18.005175
18.076950
18.140775
18.996375
19.050050
19.140050
19.229425
19.362225
19.426075
19.445100
19.481200
19.928050
19.959850
19.991750
20.007400
20.497025
21.252625
21.313075
21.333025
21.504075
21.579225
21.597775
21.670500
21.769650
21.784100
21.801750
21.957450
21.980525
22.045250
22.380900
23.031250
23.224050
23.307300
23.371425
23.460150
23.647250
23.707000
23.955225
24.264950
24.283075
24.525275
24.619500
24.954600
24.985625
25.887375
26.006725
26.035200
26.096525
26.131925
26.238000
26.463250
26.536275
26.623375
26.687150
26.923500
26.935175
26.964000
27.099675
27.204950
27.436475
27.565400
27.810650
27.913700
27.982025
28.115400
28.144300
28.311925
28.441950
28.624150
28.704350
28.717800
28.968250
29.092600
29.117125
29.275075
29.307350
29.736475
29.770150
30.014175
30.169925
30.491325
30.570625
30.588175
30.638275
30.876425
30.958850
31.026975
31.170975
31.215300
31.321550
31.370450
31.717375
31.876100
31.966550
32.345625
32.399950
32.431700
33.061025
33.192475
33.253675
33.366075
33.492100
33.557950
33.603550
33.811150
33.982775
34.367750
34.413350
34.579175
34.590875
34.894275
34.992675
35.050675
35.105775
35.124325
35.667875
35.760600
35.914125
36.274125
36.347350
36.461350
37.064000
37.085550
37.405900
37.438175
37.548250
37.618900
37.760425
37.812300
37.858250
37.956325
38.041550
38.112675
38.327725
38.377100
38.627450
38.903275
39.189375
39.305325
39.570750
39.633400
39.674875
39.844625
39.910150
40.170300
40.403100
40.431250
40.508675
40.840575
40.869600
40.948500
41.242400
41.471975
41.523650
41.607875
41.663050
41.706400
41.729900
41.861100
41.890925
42.070525
42.119175
42.272100
42.357225
42.505950
43.057450
43.134200
43.327825
43.376200
43.461550
43.559800
43.638975
43.753250
43.848900
44.168675
44.328175
44.400775
44.682150
44.734175
44.803650
44.943025
44.979100
45.155575
45.325925
45.345775
45.493375
45.731500
45.770350
46.061075
46.118400
46.227150
46.396225
46.421300
46.481100
46.596125
46.722150
46.911475
46.936900
47.024075
47.064750
47.097100
47.159300
47.354625
47.412625
47.548100
47.658450
47.762075
48.062875
48.287850
48.408025
48.470750
48.657250
48.659400
48.827325
49.033600
49.056175
49.122450
49.286250
49.411075
49.431100
49.441025
49.501500
49.531250
49.777725
49.887175
49.925625
50.185925
50.264450
50.284825
50.391800
50.421000
50.629975
50.632550
50.749750
51.053725
51.085425
51.096175
51.123025
51.170975
51.386300
51.396675
51.415125
51.438525
51.454075
51.679375
51.724400
51.845500
51.963100
52.009100
52.022600
52.343075
52.421875
52.436400
52.821025
52.879825
53.003400
53.108600
53.465500
53.540475
53.576575
53.651525
53.722800
53.888050
53.924925
53.978725
54.005075
55.487050
55.503450
55.698625
55.934650
56.016525
56.206625
56.308775
56.933350
57.410875
57.772725
57.892400
58.381650
58.391200
58.427075
58.591700
58.618575
58.670075
59.041100
59.058250
59.212300
59.461900
59.489775
59.747225
59.821450
59.880100
60.095000
60.273500
60.309500
60.322500
60.360200
60.386750
60.450200
60.511950
60.573100
60.627075
60.663025
60.717375
60.919600
61.006150
61.091875
61.119150
61.336900
61.365225
61.387925
61.546450
61.570650
61.920825
62.238550
62.530200
62.797325
62.880400
62.928375
63.123425
63.178925
63.543875
63.677400
64.178550
64.285600
64.323400
64.376525
64.439450
64.634650
65.043700
65.475200
65.587900
65.678800
66.279100
66.434825
66.589875
67.094425
67.098375
67.148875
67.244975
67.469825
67.777225
68.173550
68.188550
68.425875
68.694600
68.885150
68.887925
69.025250
69.124025
69.441100
69.532475
69.646550
70.132750
70.175250
70.197225
70.331550
70.445075
70.497825
70.526200
70.723050
70.777575
70.975050
71.089300
71.237650
71.286500
71.361825
71.401375
71.426175
71.522025
71.905525
72.109925
72.167025
72.275875
72.318400
72.656425
72.680875
73.294750
73.304375
73.411525
73.526075
73.857125
73.979375
74.034175
74.093225
74.123275
74.238950
74.310100
74.374375
74.580550
74.588925
74.709700
74.751275
74.904175
74.932125
75.113750
75.180175
75.252950
75.294050
75.406300
75.740375
75.843275
75.890150
75.933575
75.985375
76.085025
76.172275
76.455275
76.963450
77.002250
77.055925
77.082875
77.387075
77.570950
77.634650
78.139375
78.281575
78.317800
78.519800
78.549450
78.565925
78.620925
79.097450
79.170000
79.275075
79.305300
79.460275
79.472550
79.508400
79.549750
79.577300
79.757100
80.052600
80.072025
80.199825
80.234650
80.353025
80.782800
80.932550
81.027325
81.449775
81.514675
81.541350
81.628725
81.776125
81.803600
81.810375
81.964450
82.028800
82.065375
82.086350
82.115275
82.297450
82.326725
82.393050
82.705600
82.786675
82.859075
82.920975
82.946475
83.085700
83.204400
83.215175
83.259825
83.435425
83.546400
83.650725
84.083400
84.122025
84.171275
84.207425
84.371125
84.404200
84.420450
84.591925
84.829150
84.944075
85.065450
85.211825
85.276625
85.578650
85.831075
85.931300
85.971500
86.013950
86.015025
86.023575
86.682275
86.777025
86.833800
86.996925
87.014475
87.059200
87.231775
87.282425
87.304550
87.368775
87.387025
87.404100
87.541750
87.762925
87.856250
88.037175
88.077900
88.224500
88.268950
88.332250
88.602875
88.933925
89.126700
89.143875
89.162725
89.204575
89.426800
89.514675
89.603625
89.653500
89.725175
89.788025
89.897975
90.003950
90.036800
90.179400
90.227375
90.509150
90.622000
90.673975
90.706750
90.741300
90.826825
90.852750
91.008875
91.085700
91.479100
91.536475
91.790275
91.834500
91.861600
91.956700
92.105000
92.346600
92.374075
92.392425
92.465775
92.545825
92.619725
92.652625
93.042725
93.443275
93.555875
93.830075
93.883200
94.179600
94.223850
94.254400
94.334100
94.469625
94.489000
94.550825
94.675000
95.556325
95.616225
95.698750
95.754325
95.846700
95.896925
95.917650
95.961800
96.053500
96.129475
96.237475
96.355600
96.539525
96.559300
96.908525
97.495950
97.745050
97.755575
97.917950
97.971875
98.006075
98.052450
98.137400
98.157900
98.263400
98.270800
98.365475
98.407600
98.525375
98.548400
98.591300
98.630575
98.656125
98.760025
98.857275
98.879200
99.039725
99.100675
99.346875
99.377125
99.543150
99.593000
99.606550
99.654125
99.721025
99.827600
99.981875
100.004725
100.147075
100.189600
100.217650
100.318100
100.369650
100.467400
100.516275
100.658625
100.731650
100.779450
100.908525
101.070075
101.093475
101.103775
101.121425
101.238425
101.294575
101.335050
101.351675
101.505600
101.515175
101.580250
101.749650
101.841650
101.889900
101.909450
101.959300
101.982675
101.993025
102.139250
102.161750
102.275725
102.369500
102.407300
102.542750
102.754150
102.968550
103.027100
103.123100
103.335225
103.432150
103.463875
103.525100
103.587275
103.680900
103.984300
104.192775
104.268600
104.525300
104.600075
104.639400
104.697000
104.745200
104.885600
105.105425
105.146050
105.289700
105.392750
105.525200
105.626250
105.656750
105.882600
105.914500
106.004575
106.251400
106.357725
106.381350
106.517850
106.551750
106.563750
106.604150
106.720800
106.785575
106.831625
106.893150
106.954075
107.019250
107.248675
107.283750
107.321650
107.369100
107.459425
107.624075
107.644450
107.771850
107.805250
107.965475
108.098500
108.184050
108.284050
108.323250
108.467525
108.572925
108.617050
108.725025
108.826500
108.895225
108.974975
109.187500
109.326600
109.371500
109.400075
109.585375
109.906975
109.945625
109.978175
110.028775
110.057625
110.067100
110.119900
110.217325
110.403200
110.519650
110.588750
110.654050
110.816000
111.078800
111.127300
111.277250
111.376700
111.526175
111.692125
111.838550
111.870200
111.904875
111.926700
112.006825
112.069425
112.093425
112.118100
112.172075
112.291600
112.382075
112.431825
112.459050
112.556375
112.583275
112.689750
112.745550
112.797650
113.225625
113.267650
113.299950
113.310450
113.394350
113.448425
113.653875
113.669325
113.779000
113.839375
113.852000
113.988825
114.024250
114.093125
114.139650
114.221700
114.240200
114.277825
114.292425
114.325025
114.375850
114.676150
114.849250
114.915525
114.972300
114.999525
115.729175
115.767300
115.864000
116.033925
116.070200
116.131450
116.240275
116.264925
116.388200
116.432875
116.473425
116.511850
116.777150
116.902725
116.996325
117.011025
117.042675
117.175425
117.264000
117.424150
117.460375
117.502825
117.718500
117.819825
117.883375
117.989750
118.119200
118.165700
118.214850
118.274525
118.406925
118.467850
118.523075
118.650150
118.815300
118.876600
118.885500
119.064075
119.111400
119.205650
119.236550
119.364425
119.680350
119.841150
120.004850
120.056000
120.116725
120.148100
120.273325
120.411025
120.500350
120.549350
120.863475
120.981175
121.008550
121.042275
121.179450
121.227100
121.370425
121.421475
121.489100
121.571150
121.642925
122.118225
122.219725
122.330575
122.333725
122.367025
122.513650
122.532800
122.568750
122.669675
122.762000
122.782850
122.825875
122.870850
122.929350
123.024150
123.282200
123.378275
123.421750
123.516400
123.622050
123.624125
123.980650
124.371275
124.422225
124.473275
124.545500
124.619900
124.863000
125.022975
125.273925
125.314900
125.327850
125.369200
125.615575
125.678725
125.712300
125.823375
126.023475
126.073975
126.140225
126.165750
126.214525
126.231400
126.317250
126.365625
126.384300
126.426375
126.515500
126.529175
126.590650
126.737550
126.826475
126.869575
126.879550
126.935550
127.074375
127.170300
127.217300
127.429500
127.472950
127.578250
127.688700
127.784175
127.817225
127.893325
128.066250
128.219125
128.381825
128.415825
128.572850
128.637075
128.681000
128.767050
128.919675
128.984275
129.382150
129.428800
129.519375
129.588650
129.640150
129.672175
129.721900
129.825250
129.834800
129.966450
130.033450
130.380175
130.472925
130.626200
130.743675
130.777325
130.823225
131.197475
131.255150
131.347600
131.388725
131.469850
131.494450
131.602025
131.697500
131.758050
131.921375
131.956025
132.021375
132.036450
132.062500
132.110675
132.243875
132.357050
132.479275
132.603525
132.626250
132.644100
132.732625
132.819150
132.872825
132.933975
132.994100
133.052600
133.086675
133.237000
133.279575
133.508025
133.633225
133.647450
134.075425
134.112325
134.177925
134.234000
134.273450
134.297225
134.321775
134.335725
134.363175
134.401175
134.444400
134.490850
134.523550
134.604100
134.623125
134.649725
134.731075
134.816625
134.922575
135.036600
135.151050
135.328825
135.453125
135.887850
135.940225
136.087325
136.112750
136.135525
136.156425
136.226800
136.476250
136.512825
136.561725
136.623650
136.673550
136.784075
136.796175
137.151675
137.178525
137.232025
137.273975
137.311900
137.496575
137.623050
137.750050
137.858325
138.043100
138.199550
138.277050
138.452325
138.511025
138.539225
138.571200
138.781225
138.839725
138.930875
139.007600
139.056700
139.093950
139.120725
139.298200
139.339425
139.626675
139.814600
139.819725
139.868425
139.869475
139.920225
139.987225
140.036525
140.166775
140.341875
140.393150
140.419850
140.451350
140.484050
140.517375
140.642850
140.912525
140.954225
141.034400
141.121625
141.174475
141.341500
141.346075
141.368950
141.456475
141.514550
141.540025
141.563025
141.654300
141.673950
141.705150
141.955550
141.983575
142.000425
142.027050
142.051200
142.101625
142.127900
142.261000
142.437050
142.661525
142.723700
142.875350
142.908325
142.945350
142.991875
143.136150
143.171600
143.246800
143.389250
143.418775
143.560900
143.629950
143.745875
143.831875
143.903850
143.925275
144.156450
144.168150
144.185000
144.205750
144.271450
144.465650
144.570950
144.610075
144.766100
144.807625
144.843450
144.880875
144.894925
145.005075
145.026975
145.042050
145.125825
145.291025
145.372100
145.455725
145.508750
145.551600
145.572000
145.760000
145.900800
146.076275
146.105675
146.141600
146.484725
146.509150
146.526575
146.545600
146.549650
146.806875
146.824650
146.860200
146.931050
146.958375
146.973650
147.034325
147.120325
147.161300
147.179525
147.202175
147.227425
147.277575
147.489875
147.530750
147.558175
147.733050
147.764950
147.797075
147.799325
147.847300
147.871325
147.919475
147.948450
148.034025
148.128500
148.149125
148.249475
148.329150
148.373550
148.406625
148.447250
148.512725
148.546650
148.588600
148.630175
148.657375
148.676025
148.865250
148.891650
149.339575
149.430175
149.577675
149.630375
149.692075
150.001975
150.083775
150.148350
150.239550
150.269775
150.304400
150.488925
150.636525
150.707725
150.759050
150.839000
150.918775
150.958325
151.123175
151.145100
151.207050
151.314575
151.352125
151.442500
151.481875
151.506425
151.552600
151.606825
151.698325
151.791675
152.025800
152.145500
152.256600
152.312100
152.371800
152.397550
152.426950
152.570000
152.613000
152.662350
152.731350
152.764200
152.793100
152.802775
153.239525
153.378300
153.409825
153.461425
153.870325
153.914650
154.073525
154.106250
154.185675
154.241325
154.496525
154.752275
155.043600
155.077750
155.184100
155.310250
155.359100
155.405800
155.456125
155.527000
155.578400
155.605625
155.632750
155.637425
155.737000
155.777350
155.823350
155.852075
155.984450
156.172300
156.188075
156.332750
156.354575
156.562250
156.698450
156.721500
156.742800
156.773250
156.944300
157.009875
157.061225
157.180850
157.280775
157.368050
157.383325
157.497950
157.545600
157.562900
157.641900
157.660625
157.667850
157.813625
157.921400
157.969675
158.117725
158.215550
158.322175
158.372450
158.493150
158.822425
158.843975
158.905450
158.989600
159.310500
159.397400
159.569325
159.685700
159.738975
159.846275
159.906725
160.008450
160.071050
160.226000
160.312300
160.352700
160.531050
160.569275
160.591075
160.815725
160.898900
161.070800
161.175025
161.228475
161.245650
161.328750
161.372125
161.439600
161.564900
161.612375
161.738125
161.766625
161.780925
161.824725
161.864925
161.922100
162.176900
162.199150
162.255850
162.288950
162.442350
162.473025
162.579900
162.654450
162.688675
162.796775
162.855600
163.226175
163.272250
163.333575
163.562925
163.654125
163.688750
163.753425
163.822975
163.943325
163.993175
164.030525
164.061375
164.079550
164.187700
164.238550
164.336675
164.539875
164.568275
164.762275
164.892525
165.092275
165.167825
165.405100
165.462425
165.656275
165.702700
165.856750
165.937100
166.020700
166.029625
166.036325
166.075025
166.129850
166.144475
166.205825
166.441825
166.502375
166.655300
166.954900
167.231675
167.322675
167.342250
167.453625
167.532800
167.582125
167.616275
167.779775
167.816125
167.856050
167.921500
167.946625
168.005225
168.066300
168.084100
168.162225
168.341475
168.394725
168.487850
168.501525
168.778575
168.896375
169.055475
169.175775
169.222700
169.279375
169.386250
169.542125
169.594775
169.616300
169.692725
169.778075
169.972950
170.002900
170.063650
170.171900
170.239550
170.278200
170.324750
170.399625
170.626100
170.641175
170.749350
170.857550
170.885925
170.915600
170.942225
171.050200
171.119225
171.132150
171.154000
171.216125
171.266725
171.286425
171.424550
171.666625
171.724825
171.760975
172.178875
172.194425
172.242725
172.288200
172.389175
172.403000
172.658925
172.724800
172.741275
172.836925
172.872650
172.913550
173.001000
173.158500
173.426025
173.567625
173.793375
173.883575
174.227525
174.253725
174.366650
174.422900
174.457700
174.660625
175.037650
175.447200
175.471750
175.513850
175.574025
175.792900
175.842675
176.347800
176.379200
176.480025
176.514925
176.631725
176.724700
176.803200
177.051100
177.169775
177.285600
177.554200
177.687325
177.869125
178.210200
178.294575
178.652225
178.822725
178.877050
179.199975
179.215000
179.312650
179.408550
179.445875
179.491200
179.526000
179.557675
179.687000
179.831650
179.961300
179.977175
180.209725
180.321475
180.351125
180.548150
180.675350
180.936800
181.124050
181.182625
181.514775
181.537675
181.620200
181.667000
181.689025
181.919200
181.937500
182.028050
182.365850
182.421725
182.559150
182.607525
182.669975
182.679350
182.975450
183.028750
183.082150
183.232750
183.415825
183.467650
183.586850
183.618725
183.870350
184.021525
184.117825
184.130550
184.277825
184.464000
184.528500
184.623350
184.722675
185.181150
185.216425
185.226675
185.319625
185.462500
185.475375
185.572250
185.769900
185.916950
186.031725
186.068975
186.085175
186.180875
186.427775
186.539400
186.621500
186.662025
186.780800
186.820275
186.968000
187.365100
187.379925
187.725325
187.832325
188.114725
188.572525
188.672425
188.818275
189.533850
189.622225
189.860925
190.576250
190.975725
191.027525
191.238100
191.239150
191.251225
191.288450
191.781925
191.808050
191.970175
191.991275
192.077700
192.230625
192.316225
192.360600
192.450625
192.765725
193.039125
193.165725
193.186800
193.227150
193.274000
193.494800
193.539000
193.559525
193.585375
193.662300
193.683550
194.047200
194.073525
194.204375
194.235125
194.276575
194.315525
194.346400
194.357375
194.499125
194.512250
194.899350
195.042600
195.166150
195.237100
195.295975
195.319450
195.361675
195.382275
195.423750
195.428050
195.572175
195.723275
195.752925
195.918775
196.048100
196.071250
196.158000
196.214525
196.281375
196.386400
196.458250
196.757675
196.922875
197.004225
197.028525
197.062725
197.190800
197.276900
197.461350
197.501600
197.730300
197.764950
197.826950
197.856225
197.887775
198.066775
198.096875
198.135950
198.216900
198.243275
198.275425
198.329675
198.347500
198.485100
198.532400
198.590600
198.638875
198.818950
198.885850
199.020875
199.125975
199.201925
199.303800
199.321525
199.341475
199.582400
199.692725
199.719400
199.772225
199.942475
200.064875
200.076500
200.149200
200.163850
200.201175
200.237375
200.364550
200.477825
200.520150
200.528050
200.539825
200.554275
200.571225
200.676225
200.789575
200.897350
200.957200
200.977600
201.044550
201.094300
201.242675
201.324175
201.381500
201.448475
201.468750
201.623625
201.645900
201.673775
201.745025
201.759900
201.770750
201.931750
202.047350
202.160025
202.184100
202.246650
202.265550
202.363050
202.423575
202.495100
202.770775
202.920200
202.971950
202.994350
203.081175
203.160450
203.448575
203.490025
203.706125
203.742400
203.932050
203.966575
204.070100
204.184875
204.542975
204.623575
204.838375
204.856650
205.177400
205.222875
205.252075
205.421675
205.524250
205.544525
205.704300
205.776175
205.897750
205.907075
205.910200
205.922800
205.980275
206.131425
206.311850
206.325325
206.530925
206.548675
206.661975
206.684125
206.849000
206.942425
206.949200
207.011175
207.058400
207.082425
207.138250
207.343600
207.429500
207.570975
207.703800
207.738425
207.764925
207.777925
207.791950
207.804900
207.832000
207.851725
207.894250
207.915650
208.141000
208.232900
208.240700
208.261900
208.468500
208.602000
208.689500
208.806350
208.932850
209.029500
209.160750
209.286700
209.602425
209.658925
209.752725
209.804650
209.930000
209.957025
210.029975
210.054825
210.255400
210.320225
210.344200
210.553600
210.605250
210.638225
210.670600
210.878625
210.977800
211.083750
211.132750
211.222450
211.255600
211.311850
211.568425
211.711150
211.849375
211.960500
212.160925
212.221675
212.238475
212.376475
212.491675
212.565925
212.662400
212.862450
212.934125
212.966500
213.240775
213.266100
213.410400
213.584550
213.596925
213.614225
213.665550
213.731600
213.815775
213.832700
213.940750
214.116475
214.135575
214.198425
214.297125
214.550925
214.622125
214.741950
214.840350
215.096950
215.125750
215.173600
215.570200
215.608225
215.628500
215.736225
215.804575
215.884500
215.912500
215.990300
216.039075
216.082300
216.104700
216.124925
216.257700
216.428525
216.443725
216.568575
216.674050
216.707225
216.775800
216.815300
216.935875
217.051600
217.217575
217.306100
217.425800
217.472575
217.481750
217.525300
217.605575
217.671775
217.792300
217.873800
217.982275
218.045550
218.069675
218.085575
218.115100
218.242525
218.383725
218.413575
218.462175
218.671875
218.713325
218.785750
218.832475
218.913450
219.013275
219.119275
219.178775
219.211200
219.230475
219.494850
219.516750
219.557475
219.605750
219.749400
219.960400
220.252875
220.382550
220.487250
220.531750
220.647375
221.205425
221.333925
221.376250
221.540625
221.561900
221.578875
221.672325
221.904475
222.210400
222.526575
222.684450
222.728150
222.929550
222.951400
223.041825
223.066275
223.090400
223.292175
223.413150
223.476475
223.510175
223.672950
223.921400
224.258350
224.275900
224.284275
224.293425
224.499475
224.882250
224.941200
224.950075
225.232575
225.358450
225.573375
225.643150
225.863075
225.977125
226.042700
226.122500
226.139800
226.277500
226.330825
226.369225
226.441450
226.512025
226.576475
226.596775
226.760975
226.913075
227.087250
227.172150
227.189550
227.325300
227.390400
227.446350
227.556325
227.616150
227.700550
227.735975
227.784525
227.821375
227.899325
227.919425
227.946425
227.973950
227.989300
228.036825
228.218475
228.353050
228.385225
228.437750
228.583300
228.584175
228.638025
228.782900
228.871150
229.044525
229.251675
229.281300
229.383275
229.627875
229.717375
229.787825
229.861150
230.142875
230.171050
230.199400
230.217450
230.465575
230.514700
230.715875
230.824525
230.856150
230.929225
230.942400
230.981725
231.108650
231.132425
231.169050
231.203875
231.281350
231.421375
231.434350
231.757075
231.959650
231.971350
232.168100
232.194900
232.403450
232.421825
232.521975
232.632975
232.663575
232.895975
232.969700
233.042275
233.071050
233.255300
233.281525
233.327825
233.398750
233.431575
233.586900
233.847850
233.907475
234.077050
234.121300
234.336975
234.428350
234.568575
234.585625
234.620400
234.637750
234.714000
234.742550
234.756125
234.808725
234.862800
234.877975
234.916475
234.938975
234.981600
235.029300
235.093750
235.125025
235.183725
235.221600
235.243125
235.299725
235.408150
235.457475
235.492325
235.511000
235.595300
235.655175
235.719950
235.876600
236.042450
236.074200
236.176375
236.287700
236.318900
236.438650
236.451825
236.515000
236.725025
236.838950
236.856800
236.897475
236.963200
237.058200
237.116625
237.133075
237.259250
237.348225
237.466350
237.485925
237.507125
237.550525
237.790700
237.954600
238.035350
238.064725
238.075975
238.138600
238.181725
238.292450
238.328675
238.390675
238.448525
238.526150
238.652850
238.756525
238.785075
239.174250
239.208125
239.434450
239.699975
239.744725
239.914400
240.117975
240.168675
240.226600
240.243150
240.450600
240.475700
240.505900
240.586150
240.779450
240.915475
241.054175
241.103925
241.175400
241.714325
241.770550
241.906925
242.029050
242.064850
242.207525
242.266425
242.309200
242.314575
242.419350
242.506875
242.714300
242.721200
242.771875
243.432425
243.515625
243.610025
244.381775
244.633725
244.715550
244.869275
245.109825
245.221525
245.316900
245.606775
246.082675
246.271950
246.415625
246.516575
246.528700
246.620025
246.872325
247.427150
247.655350
248.067575
248.164100
248.206350
248.252200
248.654550
248.978925
249.009100
249.013725
249.277825
249.354675
249.465325
250.211025
250.315800
250.525825
250.575700
250.624000
250.719350
250.811575
250.829550
251.073850
251.165250
251.192075
251.337600
251.492475
251.704675
251.779950
251.889000
252.015075
252.029700
252.069650
252.130625
252.146225
252.304600
252.427925
252.436275
252.585450
252.729150
252.781250
252.821175
252.956300
253.016525
253.049350
253.131350
253.183275
253.272425
253.481175
253.497375
253.554800
253.606375
253.658850
253.722950
253.737675
253.770525
254.089700
254.122875
254.187150
254.364475
254.377475
254.388675
254.537375
254.552100
254.678775
254.918000
255.022650
255.173375
255.455825
255.504800
255.505825
255.535000
255.912125
256.105700
256.133225
256.290600
256.393600
256.424500
256.586650
256.606550
256.768525
257.375025
257.426625
257.519975
257.537650
257.615825
257.724825
257.737625
258.146175
258.168325
258.196450
258.228025
258.243125
258.259350
258.344025
258.362000
258.380125
258.720875
258.741875
258.792150
258.929475
259.247100
259.486000
259.538400
259.588200
259.646050
259.683075
259.744525
259.786175
259.806350
259.930050
259.978675
260.103275
260.378075
260.482150
260.539750
260.780925
260.851175
260.878350
261.148275
261.154750
261.203250
261.293525
261.501950
261.520625
261.559825
261.607350
261.661975
261.824325
261.887000
262.177475
262.218100
262.349325
262.401800
262.436475
262.556825
262.580300
262.587200
262.938050
263.008125
263.134825
263.332750
263.397050
263.522150
263.642650
263.712600
263.913200
264.012850
264.064525
264.167525
264.223275
264.280675
264.594575
264.884475
265.063425
265.136250
265.235400
265.270625
265.442650
265.509975
265.536100
265.576900
265.662675
265.721200
265.751075
266.156200
266.372325
266.448150
266.694125
266.822875
266.930500
267.014000
267.103800
267.129800
267.235950
267.257175
267.309150
267.335650
267.391150
267.701850
267.773925
267.895625
268.014825
268.071300
268.629175
268.676700
268.833300
269.029825
269.231675
269.262850
269.378950
269.509650
269.620075
269.722900
270.128600
270.377675
270.471125
270.567425
270.646400
270.823725
270.852950
270.863825
270.892850
271.060700
271.202075
271.290625
271.416875
271.563900
271.607450
271.984250
272.004025
272.034725
272.059525
272.102450
272.121875
272.451850
272.577050
272.602125
272.709525
272.761250
272.855350
273.165700
273.216825
273.360325
273.394925
273.417675
273.419600
273.532400
273.687925
273.721375
273.866675
274.086950
274.238275
274.390725
274.412975
274.442425
274.585200
274.618200
275.019225
275.130250
275.173100
275.309525
275.349200
275.447150
275.630500
275.698450
275.898950
275.909975
276.040225
276.364250
276.391150
276.736650
276.858525
276.891725
276.949525
277.032850
277.132300
277.236525
277.495725
277.549325
277.647825
277.702475
278.091400
278.178925
278.321950
278.424075
278.485925
278.648975
279.245775
279.486500
279.520875
279.586950
279.723075
279.752325
279.863900
280.070700
280.453900
280.575950
280.783025
280.872175
281.163950
281.191750
281.229775
281.326750
281.846300
282.105725
282.331900
282.472225
282.520500
282.711700
282.822425
282.879425
282.960250
282.985275
283.041550
283.127225
283.222650
283.360325
283.418925
283.439600
283.577475
283.882150
283.931025
284.050650
284.303550
284.340800
284.407525
284.821725
284.832200
285.054100
285.542850
285.593000
285.723250
285.948475
285.995800
286.017825
286.139875
286.241125
286.289775
286.350950
286.504325
286.537350
286.612875
286.644725
286.882525
286.950650
286.959000
287.413550
287.570500
287.689575
288.001600
288.175700
288.267125
288.363575
288.440925
288.541875
288.585325
288.712425
288.809050
288.933575
289.009625
289.131325
289.204100
289.284400
289.526675
289.586475
289.662250
289.694350
289.918275
290.119100
290.152775
290.186875
290.298700
290.735875
290.877700
291.014075
291.081400
291.107050
291.148625
291.170000
291.192450
291.254025
291.395575
291.401275
291.421875
291.477475
291.496350
291.551650
291.567150
291.634525
291.741475
292.397075
292.419275
292.523150
292.816425
293.006800
293.046250
293.068250
293.192025
293.340250
293.380300
293.548825
293.562000
293.608350
293.997800
294.021100
294.070125
294.080650
294.126250
294.301850
294.314925
294.402000
294.529050
294.645325
295.089825
295.256625
295.963900
296.044050
296.202000
296.316800
296.448225
296.712700
296.756350
296.775850
296.876950
296.965925
297.236125
297.258675
297.544825
297.738150
297.772750
298.010050
298.080450
298.103425
298.176925
298.342675
298.449225
298.711000
298.869275
298.990125
299.037800
299.078425
299.210400
299.238625
299.266700
299.286425
299.305975
299.410550
299.494100
299.571325
299.598725
299.614000
299.843050
299.864750
299.903725
300.015750
300.060800
300.161525
300.263750
300.312900
300.333700
300.352900
300.704175
300.927225
300.948950
300.975600
300.995825
301.004175
301.268625
301.413450
301.507200
301.556725
301.667325
301.857250
302.120825
302.307275
302.399150
302.613475
302.804500
302.853875
303.166075
303.218450
303.350675
303.474300
303.479350
303.497925
303.565425
303.747800
303.830125
304.022025
304.059450
304.177000
304.213175
304.298850
304.314950
304.350375
304.472125
304.518525
304.715250
305.313675
305.400875
305.471900
305.707475
305.768050
306.059275
306.198425
306.211650
306.254125
306.314075
306.429225
306.966525
307.055450
307.110300
307.173525
307.363650
307.508500
307.552650
307.711025
307.892575
308.260700
308.347675
308.378325
308.426500
308.518575
308.756400
308.793375
308.817050
308.906325
309.103650
309.257400
309.376525
310.052600
310.106700
310.417275
310.762175
310.909975
311.139150
311.171775
311.304325
311.424125
311.649725
311.712250
311.770700
311.817575
311.887750
311.919425
311.923175
311.953575
312.088525
312.189800
312.336950
312.364350
312.462250
312.498775
312.552100
312.563200
312.605100
312.723050
312.736400
313.064900
313.131825
313.213125
313.245575
313.448375
313.455975
313.523525
313.887700
313.932575
314.159225
314.356300
314.452325
314.524150
314.786675
314.964125
315.106725
315.215375
315.326225
315.554550
315.642050
315.707225
315.798125
315.828025
316.031550
316.288175
316.355725
316.520400
316.774875
316.916225
317.113350
317.267600
317.326525
317.358825
317.502425
317.687375
317.785800
317.804125
317.845600
317.921175
317.974600
318.030000
318.046900
318.183000
318.476200
318.699025
318.975475
319.113875
319.123325
319.171075
319.188700
319.211450
319.289975
319.309600
319.874825
320.233000
320.276150
320.297900
320.517725
320.625525
320.687700
320.802275
320.857975
320.883475
321.047375
321.119175
321.305100
321.343625
321.471125
321.575950
321.593800
321.652975
321.718225
321.856975
321.905425
321.936775
322.051675
322.091050
322.118700
322.934000
323.265325
323.332225
323.368800
323.460600
323.555600
323.654225
323.731775
323.826000
323.838225
324.437175
324.532575
324.619975
324.832500
325.312600
325.568150
325.710925
325.859325
325.861325
325.937975
326.029150
326.154550
326.167625
326.198125
326.226200
326.536725
326.622625
326.650750
326.703800
326.736400
326.819000
326.867125
326.950250
327.047725
327.160650
327.219375
327.253025
327.286900
327.388800
327.561425
327.591325
327.646575
327.752325
327.797225
327.878025
327.901300
328.007100
328.087450
328.162750
328.177500
328.260425
328.388275
328.458625
328.482875
328.733000
328.736250
328.799625
328.888475
329.048375
329.380875
329.401850
329.494425
329.884750
330.027300
330.131325
330.190800
330.502325
330.783975
331.024025
331.130850
331.201950
331.476700
331.624175
331.720350
331.749225
331.827975
331.960975
332.036000
332.327900
332.529475
332.543850
332.712650
332.928200
333.094725
333.128350
333.248550
333.313325
333.533075
333.641525
333.723025
333.880200
334.092875
334.151300
334.335975
334.529275
334.543375
334.700200
334.754525
334.819125
334.907200
334.965425
335.031850
335.076500
335.144625
335.326350
335.341875
335.350275
335.422775
335.479750
335.495825
335.542825
335.570525
335.597675
335.655375
335.757825
335.875375
335.891650
335.990850
336.201200
336.210725
336.299625
336.328175
336.403450
336.483725
336.527650
336.574000
336.592825
336.615575
336.803150
336.820800
336.958075
336.990400
337.034000
337.085925
337.109800
337.561025
337.617750
337.730750
337.761325
337.839225
337.916725
338.014925
338.041700
338.120025
338.195750
338.225125
338.425350
338.879450
339.022725
339.048725
339.098175
339.219225
339.321975
339.340250
339.375525
339.434300
339.672825
339.726075
339.766850
339.827625
339.932925
339.954075
340.042250
340.148550
340.202000
340.927800
340.940900
341.269650
341.385025
341.415650
341.695075
341.818950
341.876550
341.912750
341.938875
342.358200
342.373125
342.393400
342.506075
342.606100
342.691125
342.844600
342.902750
343.023800
343.166625
343.326375
343.351900
343.503725
343.554525
343.587850
343.665375
343.688875
343.718825
343.980975
344.253775
344.283550
344.315925
344.371625
344.440200
344.532750
344.726450
344.750750
344.825300
344.965150
344.983700
345.076250
345.137475
345.208725
345.287550
345.397000
345.424325
345.476775
345.568150
345.597375
345.661525
345.665075
345.693325
345.814925
346.035250
346.055100
346.092425
346.123550
346.214025
346.255875
346.309675
346.316150
346.423375
346.500750
346.576675
346.861125
346.961275
346.994725
347.155200
347.181875
347.230775
347.277525
347.413875
347.432875
347.455650
347.470675
347.485450
347.549475
347.580400
347.640150
347.837100
347.904500
347.916075
348.024275
348.037775
348.350625
348.402550
348.422850
348.496350
348.722650
348.853500
349.023850
349.371250
349.496750
349.556000
349.752075
349.909050
349.980675
350.062600
350.209825
350.788775
350.963750
351.174975
351.411550
351.478725
351.596150
351.798675
351.909950
352.105150
352.175950
352.329400
352.508950
352.742275
352.906875
352.994450
353.106500
353.224375
353.265225
353.290750
353.428625
353.478725
353.490225
353.668275
354.200250
354.313575
354.352250
354.470425
354.536925
354.726575
354.857850
354.893775
354.992775
355.025075
355.037650
355.065100
355.144700
355.167500
355.210375
355.238000
355.320475
355.521275
355.576950
355.621225
355.675525
355.686625
355.737325
355.755550
355.939150
355.977450
356.101975
356.259450
356.772425
356.963400
357.009425
357.054500
357.148300
357.327400
357.345900
357.413350
357.421075
357.459000
357.512125
357.608125
357.640975
357.681600
357.790525
357.945725
358.091475
358.105250
358.261475
358.338600
358.400850
358.422750
358.444050
358.851150
358.924675
358.944500
358.989800
359.061100
359.111575
359.180325
359.316600
359.443475
359.531350
359.659875
359.748775
359.906225
359.970975
360.081000
360.086600
360.130075
360.172175
360.229825
360.332475
360.364925
360.429325
360.632450
360.642050
360.702600
360.973475
361.030650
361.454550
361.614350
361.657800
361.699400
361.797675
361.808775
361.945650
362.064900
362.140925
362.266650
362.454950
362.558725
362.755450
362.853725
363.109425
363.149050
363.169375
363.273125
363.469100
363.557025
363.721950
363.753950
363.847975
363.872525
364.047975
364.096200
364.413775
364.446850
364.522400
364.547575
364.804925
364.906200
364.965425
365.212600
365.217350
365.258825
365.456625
365.606450
365.667125
365.913025
366.195675
366.218900
366.252775
366.540800
366.646750
366.797625
366.851850
366.911825
367.197925
367.348700
367.647750
367.760075
367.803075
367.869075
367.916350
368.096475
368.212800
368.255350
368.271850
368.350925
368.408875
368.610100
368.763050
368.860150
369.008975
369.044375
369.056525
369.219375
369.310800
369.647475
369.720000
369.811300
370.056500
370.120225
370.266850
370.364850
370.601325
370.662475
370.851900
370.921250
371.059475
371.128750
371.278150
371.296750
371.330850
371.495925
371.611475
371.727600
371.818675
371.853850
371.875350
372.061550
372.361300
372.393550
372.471075
372.500825
372.535575
372.638150
372.861250
372.876975
372.913275
373.102900
373.163850
373.183250
373.364625
373.581275
373.620150
373.652900
373.718450
373.785550
373.802450
373.930500
373.993900
374.091675
374.148475
374.192100
374.223225
374.267725
374.273675
374.298925
374.332050
374.434700
374.676075
374.704550
374.713975
374.853625
374.971225
375.047125
375.110975
375.285075
375.319150
375.352950
375.449050
375.478400
375.562800
375.738475
375.800050
375.875900
375.896150
375.922925
376.086075
376.159225
376.221475
376.300175
376.454500
376.508025
376.575825
376.689875
376.732700
376.758700
376.780700
377.009325
377.098875
377.127550
377.201050
377.206300
377.249225
377.288575
377.379675
377.627025
377.713125
377.824250
377.854050
377.953900
378.183450
378.234600
378.366500
378.383400
378.395200
378.409550
378.454875
378.605325
378.650250
378.666300
378.804775
378.857875
378.913575
378.969275
379.040275
379.351900
379.378050
379.538650
379.662650
379.687175
379.760525
379.787050
379.851775
379.868325
379.930550
380.192100
380.267625
380.288725
380.430300
380.468800
380.647950
380.719400
380.800175
380.929300
381.019100
381.041825
381.064850
381.104700
381.128175
381.146400
381.303325
381.331850
381.398075
381.410400
381.450850
381.466250
381.574875
381.626800
381.669650
381.813625
381.842050
382.040400
382.087450
382.143350
382.219350
382.361225
382.407100
382.447775
382.467425
382.506075
382.612800
382.772400
382.861900
382.941850
383.016700
383.112025
383.267125
383.473250
383.557150
383.581250
383.620425
383.765050
383.826875
383.975175
383.989500
384.069525
384.107200
384.163125
384.214500
384.280100
384.307275
384.460425
384.513850
384.612000
384.671625
384.786625
384.829950
384.888900
384.935350
384.942500
384.996775
385.062950
385.209175
385.223525
385.341450
385.371950
385.630500
385.704575
385.898700
385.907975
385.929250
386.148325
386.219550
386.495525
386.520400
386.604700
386.726875
386.839775
386.907450
387.046575
387.077775
387.541425
387.815800
387.896925
387.931425
387.966575
388.307050
388.484875
388.521000
388.561475
388.703425
388.856375
389.004200
389.065300
389.260200
389.475900
389.509425
389.664250
389.702600
389.734900
389.775500
389.891775
389.911450
389.994800
390.033750
390.097250
390.164725
390.347450
390.375075
390.434925
390.526025
390.542475
390.645175
390.767250
390.989075
391.238450
391.287950
391.412100
391.496050
391.716650
391.784625
391.843425
391.905250
391.965425
391.997850
392.187675
392.792625
392.850650
392.874075
392.913475
392.987550
393.098275
393.147350
393.550900
393.633450
393.746075
393.779750
393.912375
394.183250
394.240325
394.315100
394.333525
394.545075
394.602450
394.649150
394.824275
395.110600
395.234950
395.371075
395.455975
395.484175
395.557775
395.660100
395.894075
396.174925
396.280175
396.306775
396.454375
396.490475
396.567150
396.577275
396.688100
396.843175
396.913950
397.137225
397.144150
397.352175
397.552975
397.667650
397.731750
397.985900
397.998050
398.311600
398.385400
398.447750
398.624800
398.646250
398.708625
398.846900
398.901375
399.368650
399.397575
399.522600
399.598500
399.788025
399.844600
399.940300
400.130675
400.642825
400.714775
400.760150
401.006900
401.062100
401.179925
401.258325
401.446775
401.466550
401.493725
401.520550
401.625225
401.653250
401.816525
401.891475
402.017075
402.045625
402.110850
402.131850
402.149100
402.182200
402.237425
402.391200
402.420100
402.458700
402.577000
402.689725
402.876525
402.971125
403.012025
403.074950
403.099900
403.140325
403.169725
403.234625
403.267675
403.395550
403.543775
403.672950
403.958600
404.022500
404.116925
404.138600
404.159850
404.336000
404.586300
404.600225
404.650275
404.674550
405.175200
405.296275
405.500800
405.556300
405.578875
405.599150
405.682200
405.773600
405.856325
405.913075
406.042200
406.187850
406.378975
406.420700
406.448725
406.637225
406.711825
406.939425
407.021525
407.025225
407.332400
407.390250
407.465450
407.483625
407.512500
407.590225
407.648775
407.666150
407.715475
407.784850
407.826600
407.914050
408.013525
408.046900
408.073575
408.080675
408.337425
408.429550
408.459275
408.508575
408.581250
408.783125
408.899075
409.031550
409.145550
409.395950
409.567450
409.652850
409.928475
409.945300
410.018150
410.132175
410.235825
410.455325
410.498150
410.692050
410.816525
410.985200
411.214500
411.273525
411.330700
411.803400
411.889875
411.916800
412.010500
412.048775
412.068025
412.333775
412.458000
412.532125
412.600400
412.657175
412.714925
412.739975
412.780300
412.830475
412.858400
412.954275
413.019975
413.065125
413.155175
413.224800
413.233700
413.424575
413.504375
413.588150
413.617650
413.642650
414.343625
414.435475
414.630000
414.852575
414.995950
415.009950
415.297300
415.367375
415.405075
415.484800
415.524800
415.556325
415.586300
415.682650
415.691800
415.808475
415.826525
415.850525
415.942975
416.009550
416.132275
416.312100
416.693725
416.694900
416.724175
416.800775
416.886750
416.900025
416.975425
417.080625
417.175800
417.302825
417.324825
417.445725
417.733675
418.059450
418.257675
418.302100
418.446725
418.522275
418.603675
418.734575
418.749875
418.794600
418.876775
418.973050
419.047425
419.136275
419.195925
419.239700
419.368700
419.411400
419.458025
419.505150
419.550150
420.090375
420.097600
420.208525
420.295650
420.517300
420.547825
420.737675
420.881950
420.948775
421.089025
421.164075
421.184975
421.259000
421.397575
421.455325
421.553600
421.646250
421.699200
421.760775
421.856800
421.946725
422.116150
422.311675
422.362775
422.639125
422.853850
422.865175
423.059500
423.240725
423.349525
423.361125
423.448475
423.546975
424.009450
424.317675
424.342975
424.410525
424.546125
424.657175
424.754650
424.851350
425.062025
425.148525
425.841975
426.055325
426.336200
426.399200
426.452975
426.741875
427.047825
427.447775
427.465000
427.645900
427.766425
428.367325
428.443625
428.459825
428.959350
429.060275
429.796400
429.993075
430.160375
430.215550
430.250975
430.712075
431.409475
431.492850
431.507925
431.773725
431.797350
431.853350
431.894100
432.266825
432.287200
432.356525
432.403825
432.424375
432.497450
432.561525
432.694775
432.887325
432.915425
432.932350
432.994350
433.046075
433.075350
433.102575
433.165325
433.347375
433.534325
433.581950
433.601100
433.823600
434.011300
434.072475
434.371575
434.646725
434.653800
434.909375
434.922500
435.007600
435.121375
435.158925
435.208575
435.373275
435.413375
435.475925
435.521500
435.567800
435.601450
435.810950
435.826375
436.028675
436.160650
436.196425
436.374775
436.415325
436.551000
436.682200
436.858950
436.925125
436.976200
437.129850
437.150950
437.222675
437.380200
437.395650
437.675225
437.832850
437.881125
437.985700
438.088675
438.348325
438.658425
438.830700
438.871000
439.076350
439.120650
439.335950
439.418125
439.509300
439.529950
439.652575
439.687375
439.751375
439.860325
439.958450
440.067925
440.337050
440.470350
440.524975
440.648700
441.156850
441.309525
441.381300
441.497200
441.730625
441.756950
441.777875
441.879300
441.919650
441.965375
441.970600
442.080800
442.139375
442.159575
442.550400
442.633650
442.668275
442.729850
443.004775
443.133150
443.223400
443.292675
443.479950
443.757500
443.767025
443.928925
444.108850
444.156875
444.324175
445.100025
445.138750
445.172350
445.192950
445.611425
445.854000
445.971700
446.101150
446.237275
446.341700
446.558125
446.714350
446.764150
446.789400
446.948525
447.207750
447.223875
447.275725
447.332525
447.484625
447.698450
447.780250
448.253350
448.309500
448.339400
448.462700
448.525500
448.575375
448.600800
449.048450
449.076000
449.261400
449.373400
449.399750
449.416825
449.642650
449.833700
449.936850
450.205875
450.939075
451.094675
451.249825
451.610900
451.834425
451.936075
452.067525
452.306675
452.307875
452.395050
452.437900
452.489350
452.522775
452.603700
452.807575
452.931725
452.999725
453.087400
453.151600
453.223875
453.290950
453.337550
453.384950
453.450200
453.972900
454.005775
454.042350
454.064350
454.190175
454.258450
454.316025
454.431075
454.487600
454.576475
454.604725
454.741600
454.847775
454.942875
454.959425
454.994475
455.038700
455.073425
455.105050
455.144650
455.327050
455.439350
455.533075
455.550900
455.581675
455.650225
455.717700
455.870725
456.068925
456.296150
456.444175
456.569050
456.636475
456.751375
456.771775
456.944075
456.957350
456.989100
456.992450
457.187350
457.536625
457.674400
457.705800
457.925475
457.979025
458.003175
458.365200
458.803250
458.859850
458.999550
459.063425
459.097750
459.176950
459.208825
459.293800
459.575250
459.589625
459.609500
459.873950
459.892300
460.100225
460.210875
460.334875
460.506025
460.547625
460.686750
460.952750
461.157850
461.182425
461.216550
461.292200
461.432900
461.509450
461.655275
461.727950
461.791800
462.004325
462.032375
462.194850
462.376775
462.444350
462.551975
462.842400
462.911500
463.320450
463.347300
463.411250
463.432475
463.484300
463.571550
463.786325
463.912625
464.262825
464.271650
464.353925
464.406850
464.457750
464.742975
464.872175
464.992925
465.059025
465.111325
465.205475
465.318875
465.455650
465.619150
465.631525
466.026975
466.720075
466.749300
467.303900
467.403500
467.468000
467.500675
467.540450
467.592800
467.779000
467.835425
467.880300
468.076525
468.213250
468.233925
468.253150
468.535875
468.829975
468.941250
468.967150
469.047425
469.160075
469.193275
469.195925
469.233175
469.313175
469.495650
469.516975
469.610525
469.643875
469.672700
469.782225
469.840800
469.921725
470.045725
470.126350
470.240700
470.283700
470.302775
470.379525
470.430050
470.459425
470.567800
470.618500
470.921050
470.940100
471.033700
471.104575
471.148900
471.338550
471.381650
471.421850
471.531475
471.624550
471.676025
471.828700
472.036675
472.204600
472.258175
472.404925
472.724175
472.744225
472.865325
473.190275
473.207075
473.434650
473.489950
473.701850
473.825625
474.015100
474.127275
474.471625
474.548675
474.575825
474.608875
474.623850
474.827050
475.007150
475.022000
475.167425
475.232925
475.798725
475.842900
475.863250
475.912575
475.951925
475.998800
476.152575
476.351400
476.369950
476.383575
476.512200
476.650750
476.724475
476.790525
476.882725
476.928125
477.009300
477.165900
477.187675
477.364650
477.401725
477.495200
477.789150
477.859625
477.872275
477.946825
477.981775
478.160100
478.557575
478.667250
478.930850
478.945750
479.072325
479.150775
479.174750
479.329900
479.491575
479.520250
479.554300
479.587250
479.648975
479.747825
479.765725
479.846875
479.918975
479.938700
480.285075
480.300025
480.373375
480.394500
480.408850
480.579950
480.643375
480.760575
480.791500
481.022175
481.151850
481.334400
481.360025
481.439225
481.639875
481.695475
481.807075
481.902100
481.938175
482.057875
482.088850
482.357600
482.445725
482.794750
483.043000
483.291775
483.301400
483.334575
483.538700
483.643050
483.700600
483.834225
483.987225
484.062025
484.441000
484.491850
485.001525
485.201800
485.485075
485.502100
485.548150
485.592550
485.657575
485.687925
485.701625
485.827950
485.838750
486.040650
486.061950
486.200100
486.335300
486.538625
486.597050
487.156500
487.195225
487.402800
488.138425
488.294375
488.339700
488.404550
488.548575
488.636525
488.850550
488.939900
488.996525
489.039675
489.104475
489.138400
489.160500
489.192500
489.246775
489.359175
489.458800
489.587525
489.628525
489.762675
489.787525
489.795700
489.835625
489.991825
490.139950
490.234975
490.340875
490.654300
490.711550
490.743125
490.846050
490.862900
490.960425
491.184975
491.272725
491.323025
491.403400
491.431575
491.543250
491.566300
491.616175
491.666500
491.717400
491.778675
491.979225
492.042375
492.153250
492.237600
492.274775
492.290450
492.296050
492.310225
492.375250
492.405625
492.445050
492.515425
492.632925
492.671225
492.818050
492.850875
492.891250
493.007300
493.071875
493.084700
493.154950
493.177875
493.218675
493.251550
493.271075
493.406850
493.431650
493.477375
493.530250
493.563025
493.594725
493.619025
493.653000
493.711650
493.766875
493.800300
493.876975
494.013425
494.039550
494.099175
494.112250
494.138125
494.157075
494.188925
494.482350
494.531850
494.617425
494.636225
494.691875
494.698525
494.738550
494.767600
494.876725
494.965425
495.032100
495.057275
495.133675
495.168625
495.258700
495.282375
495.350000
495.435575
495.453425
495.490100
495.652225
495.754725
495.803875
495.943000
495.976175
496.171350
496.189975
496.204000
496.242825
496.289925
496.368675
496.384075
496.419950
496.447575
496.562375
496.633825
496.687450
496.923350
496.947700
496.990700
497.091675
497.174725
497.278600
497.296650
497.385700
497.467750
497.521600
497.570075
497.640425
497.738475
497.852825
497.898175
497.940150
497.985600
498.149550
498.153550
498.247225
498.299500
498.570500
498.668075
498.863050
498.959450
499.036950
499.045625
499.103375
499.110450
499.130000
499.147375
499.179900
499.254650
499.266700
499.335750
499.360475
499.380250
499.550625
499.644800
499.660000
499.669675
500.045825
500.221025
500.268750
500.289725
500.389650
500.531575
500.551175
500.623500
500.705125
500.839550
500.896400
501.017550
501.048775
501.136150
501.211925
501.242325
501.323825
501.457525
501.555550
501.573450
501.652250
501.672625
501.699175
502.022000
502.124650
502.271250
502.287300
502.331450
502.391825
502.523025
502.601325
502.666650
502.700325
502.799325
502.890400
502.965675
502.990675
503.011700
503.037800
503.065525
503.091675
503.208300
503.265025
503.293475
503.338250
503.485375
503.517975
503.538825
503.602175
503.634950
503.660725
503.685925
503.761225
503.809750
503.836225
503.975575
504.032025
504.433975
504.513800
504.535650
504.540275
504.678800
504.725425
504.742400
504.791975
504.827500
504.901175
504.970175
504.982300
504.993200
505.098675
505.500975
505.571200
505.628375
505.850925
505.855550
505.922600
506.016875
506.099175
506.245325
506.283075
506.307475
506.401675
506.441975
506.465825
506.483925
506.568275
506.645025
506.662300
506.700325
506.767500
506.925800
507.019800
507.062600
507.100375
507.261875
507.293750
507.408225
507.419525
507.500625
507.591075
507.615725
507.639250
507.702375
507.753900
507.776750
507.799175
507.815075
507.943900
508.196975
508.266325
508.426875
508.454050
508.521200
508.566950
508.612100
508.682150
508.760600
508.782450
508.826725
508.956525
509.044525
509.067325
509.139425
509.213625
509.481650
509.594325
509.642125
509.680500
509.725925
509.810225
509.843000
509.945425
510.008425
510.047675
510.119400
510.232300
510.257275
510.406925
510.416075
510.473325
510.512550
510.585825
510.617900
510.808925
510.851025
510.873550
510.914825
511.016075
511.030525
511.078800
511.136125
511.193800
511.324950
511.462975
511.480550
511.576450
511.676675
511.755300
511.776875
511.862450
511.935300
511.979675
512.133800
512.172050
512.192700
512.326450
512.350950
512.383000
512.407400
512.499650
512.602750
512.642475
512.687075
512.785850
512.853525
512.876450
512.894675
512.928250
512.995050
513.007350
513.128000
513.176225
513.216650
513.522550
513.540150
513.610125
513.802975
514.092450
514.123250
514.282050
514.370800
514.494025
514.576175
514.653925
514.697650
514.715225
514.943650
515.046325
515.086450
515.096875
515.119550
515.178150
515.223775
515.323075
515.350025
515.369875
515.403000
515.432475
515.542475
515.558450
515.583100
515.612050
515.638500
515.767450
515.822950
515.854550
515.993075
516.019050
516.157550
516.233250
516.269025
516.309150
516.349700
516.462975
516.564100
516.584100
516.656125
516.707100
516.821150
516.888925
516.917400
516.972175
517.040875
517.064175
517.176925
517.253775
517.255850
517.310875
517.760650
517.794775
517.823950
517.900350
517.902150
518.058675
518.086800
518.158475
518.343300
518.389075
518.427900
518.478750
518.586675
518.616150
518.697825
518.898000
518.928975
518.943350
518.975550
519.038400
519.135950
519.192750
519.243825
519.282325
519.385900
519.418800
519.536475
519.587425
519.669150
519.699600
519.798850
519.820725
519.863450
519.876750
519.908975
519.975475
520.007025
520.033125
520.110525
520.127700
520.149750
520.196775
520.291375
520.385150
520.475675
520.561050
520.580900
520.606375
520.630650
520.653550
520.705500
520.764275
520.779175
520.787700
520.859800
520.894250
520.919675
520.949675
521.022650
521.207200
521.263475
521.375200
521.402300
521.458600
521.747275
521.774725
521.940600
522.044050
522.102825
522.226025
522.377850
522.678025
522.697700
522.745300
522.793950
523.173950
523.200575
523.226925
523.281750
523.320950
523.363925
523.381225
523.442975
523.509975
523.709425
523.757850
523.835500
523.897150
523.943950
523.966125
523.993225
524.029900
524.063525
524.105400
524.158800
524.325525
524.478175
524.674300
524.713125
524.740525
524.792950
524.816950
524.877500
524.918550
525.081375
525.093800
525.296300
525.328275
525.350775
525.372225
525.449150
525.536350
525.661400
525.706575
525.753200
525.785275
525.819950
525.857175
525.885300
525.908825
525.958275
526.025000
526.068175
526.211525
526.366300
526.389000
526.423300
526.483975
526.506875
526.541650
526.578525
526.624725
526.645225
526.822300
526.852200
526.948625
526.969550
527.005800
527.018225
527.041225
527.167650
527.306750
527.332675
527.463850
527.651575
527.808500
527.836125
527.852950
527.953625
528.020225
528.056025
528.158600
528.225725
528.269750
528.293050
528.391050
528.422550
528.447475
528.517425
528.535850
528.583750
528.597150
528.619475
528.673700
528.701525
528.744025
528.775450
528.818100
528.889075
529.019675
529.082850
529.236575
529.291950
529.335600
529.373675
529.429200
529.505075
529.547500
529.662900
529.676150
529.895600
530.061950
530.124025
530.153750
530.238750
530.281925
530.306875
530.351175
530.440750
530.505100
530.529000
530.664925
530.871875
530.962550
530.977325
531.057525
531.260525
531.273875
531.358750
531.379875
531.497175
531.551900
531.620275
531.651800
531.763550
532.013975
532.150600
532.196100
532.218300
532.300850
532.370400
532.400825
532.423625
532.445700
532.524625
532.559425
532.693475
532.798725
532.829900
532.927700
532.973925
533.042425
533.152425
533.175925
533.252725
533.276425
533.303725
533.601375
533.642700
533.683150
533.725500
533.748575
533.929575
533.974825
534.013475
534.026875
534.177750
534.215250
534.229975
534.401100
534.519300
534.578825
534.607300
534.756300
534.782875
534.806475
534.863425
534.911950
535.008075
535.032425
535.105275
535.183400
535.312275
535.370200
535.429375
535.444050
535.476250
535.494450
535.577150
535.693350
535.714050
535.837650
535.865600
535.939325
536.027525
536.047875
536.078400
536.093025
536.100725
536.107950
536.367100
536.511525
536.634325
536.662425
536.934625
537.118200
537.173825
537.293675
537.368200
537.384375
537.587675
537.615725
537.648250
537.659575
537.687350
537.794875
537.960425
538.018650
538.149600
538.316025
538.346325
538.389350
538.485400
538.540125
538.651250
538.674050
538.694900
538.721275
538.757750
538.802475
538.848750
538.880425
539.127275
539.202475
539.266550
539.438200
539.504650
539.621375
539.641600
539.673375
539.766925
539.860000
539.965300
540.181950
540.266650
540.308200
540.331775
540.397250
540.428550
540.665150
540.693500
540.846050
540.886250
540.986800
541.095725
541.147375
541.283300
541.305200
541.332550
541.352650
541.446450
541.582400
541.642050
541.690900
541.742475
541.806525
541.852575
542.231000
542.485225
542.550200
542.591050
542.632825
542.740025
542.831250
542.854350
542.948975
542.981775
542.990525
543.077875
543.154200
543.202100
543.451775
543.484000
543.492125
543.532750
543.583425
543.593925
543.596500
543.636650
543.745575
543.780825
543.875000
544.005900
544.128925
544.284650
544.431775
544.446625
544.490425
544.528800
544.597700
544.751125
544.900875
544.934125
545.029525
545.135775
545.155700
545.180175
545.340425
545.380975
545.392525
545.446375
545.500025
545.676925
545.742750
545.786725
546.090750
546.652375
546.741625
546.868050
547.006375
547.052375
547.195175
547.344300
547.504650
547.543650
547.638950
547.651950
547.781275
547.841350
547.847750
547.855775
547.936800
548.007725
548.097775
548.198675
548.274900
548.301600
548.326375
548.595200
548.701125
548.893525
548.994825
549.038650
549.200375
549.289325
549.349900
549.434975
549.486875
549.853375
550.036850
550.303250
550.588425
550.939950
551.043800
551.231550
551.303400
551.349150
551.513150
551.594325
551.614400
551.649500
551.692550
551.764225
551.877725
551.922000
552.084275
552.227325
552.242200
552.264600
552.326650
552.354750
552.373600
552.527975
552.636200
552.769300
552.821150
552.992250
553.007950
553.037500
553.075250
553.079475
553.084000
553.129275
553.173650
553.228950
553.274925
553.283950
553.423275
553.458700
553.638200
553.751125
553.764475
553.843300
553.948625
554.079675
554.266600
554.350350
554.416750
554.427850
554.549750
554.814375
554.934750
554.974125
555.058650
555.135800
555.186375
555.192400
555.193525
555.206200
555.231800
555.322875
555.537300
555.539475
555.637675
555.748700
555.807400
555.921975
555.960275
555.992725
556.010800
556.045625
556.061625
556.110875
556.232925
556.251300
556.276175
556.373575
556.385775
556.659775
556.716575
556.735150
556.762025
556.887400
556.912075
556.928625
556.930050
556.951000
557.042750
557.195400
557.389175
557.486650
558.669175
558.730350
558.852200
559.159150
559.192825
559.232950
559.272425
559.297475
559.356150
559.603375
559.620825
559.622325
559.657025
559.782100
559.972000
560.029325
560.134900
560.406650
560.468375
560.572225
560.706625
560.846200
560.895100
560.967325
561.241175
561.290150
561.448100
561.487800
561.722300
561.919250
562.088900
562.292325
562.388325
562.542450
562.787175
562.991875
563.013275
563.060375
563.131250
563.375575
563.607300
563.833850
563.924100
563.952375
563.999675
564.107075
564.122975
564.140675
564.215375
564.250650
564.289425
564.311975
564.369900
564.492825
564.515475
564.568725
564.652175
564.703050
564.735175
564.816950
564.846725
564.902850
564.987275
565.122925
565.202775
565.271275
565.426950
565.529250
565.672725
565.831675
565.904250
566.052825
566.227225
566.303925
566.457350
566.487850
566.512700
566.681100
566.930750
567.023125
567.046000
567.168550
567.324975
567.480700
567.509475
567.662875
567.734650
567.771675
567.851975
567.883600
567.933650
567.961275
568.140125
568.381350
568.401575
568.470750
568.502325
568.622950
568.680450
568.712175
568.762075
568.817400
569.126775
569.223275
569.274800
569.323550
569.399625
569.434100
569.527725
569.808000
569.850650
569.925675
570.007300
570.132475
570.311175
570.312150
570.329100
570.428000
570.545000
570.562575
570.615525
570.724575
570.801525
570.840075
571.008025
571.116700
571.260500
571.320175
571.344275
571.469875
571.530200
571.546400
571.571375
571.636775
571.812400
571.836525
571.853650
571.878050
571.949775
572.006350
572.162425
572.182275
572.410150
572.424475
572.446375
572.551425
572.578200
572.601575
572.641050
572.668650
572.674800
572.804125
572.898850
572.932500
573.322175
573.376875
573.487575
573.548425
573.652575
573.700350
573.708625
573.747975
573.829675
573.858650
573.883375
573.906000
573.971125
574.065125
574.120750
574.193325
574.218250
574.241075
574.266850
574.295725
574.471525
574.515175
574.639400
574.666550
574.696300
574.753350
574.823875
574.844275
574.872550
574.897000
574.924250
574.944125
574.999300
575.070325
575.131475
575.153850
575.179625
575.261800
575.321100
575.341650
575.467100
575.494775
575.565575
575.884475
575.891350
575.999075
576.195525
576.255250
576.337450
576.490600
576.538900
576.664300
576.925475
577.077800
577.099275
577.235575
577.275600
577.277375
577.308100
577.321700
577.454175
577.483725
577.529650
577.777750
577.801000
577.829000
577.968600
578.088200
578.109800
578.127450
578.139600
578.156275
578.351300
578.720150
578.883300
578.906350
579.048050
579.110225
579.397325
579.555500
579.618450
579.720625
579.793275
579.862275
579.875375
579.920450
580.023825
580.160825
580.268350
580.318625
580.361475
580.435950
580.453400
580.586775
580.598075
580.723475
580.818300
580.832850
580.963325
581.003575
581.225400
581.389925
581.546250
581.559350
581.678200
581.737675
581.806325
581.836850
581.932125
582.050250
582.053250
582.135350
582.241125
582.313600
582.391850
582.568850
582.619850
582.629200
582.650625
582.820525
582.868075
583.009475
583.458350
583.483950
583.503825
583.575125
583.647400
583.799575
583.858825
583.937400
584.185875
584.227175
584.308175
584.607075
584.625175
584.648525
584.686050
584.753550
584.811125
584.836800
584.891150
584.975150
585.329525
585.385450
585.535450
585.949350
586.003200
586.135125
586.186350
586.295625
586.541750
586.584525
586.599100
586.626850
586.662475
586.688550
586.705000
586.716925
586.760725
586.835075
586.883825
586.922400
586.941550
586.958350
586.975125
587.234400
587.308375
587.317450
587.353700
587.393100
587.563825
587.601525
587.604775
587.652675
587.770900
587.829425
587.888025
587.972925
588.033725
588.070275
588.102875
588.115125
588.150775
588.308275
588.351750
588.569500
588.588600
588.643900
588.803750
588.865925
588.960300
589.084700
589.106800
589.271650
589.343525
589.398650
589.508650
589.567075
589.612650
589.802900
589.815075
589.868875
589.888425
589.933425
590.025225
590.030800
590.050850
590.082450
590.191825
590.277300
590.496600
590.513900
590.534650
590.834350
591.016525
591.052650
591.133125
591.344575
591.420225
591.489050
591.538800
591.557725
591.695850
591.753025
591.790775
591.848825
592.114275
592.171750
592.200025
592.234100
592.337400
592.400425
592.420350
592.518425
592.570975
592.646525
592.668875
592.725775
592.808275
592.907000
592.930675
592.991975
593.042050
593.061225
593.091075
593.142575
593.234050
593.268625
593.535025
593.580775
593.720650
593.761825
593.783000
593.846975
593.893550
593.907950
594.034300
594.053025
594.068275
594.087650
594.099050
594.118550
594.258325
594.292050
594.322425
594.351300
594.702850
594.808125
594.897600
594.972875
595.016800
595.038875
595.089475
595.097250
595.106100
595.160250
595.206150
595.246625
595.265700
595.327550
595.349675
595.364375
595.446400
595.476125
595.497275
595.615800
595.677000
595.745425
595.882975
595.920300
595.978725
596.034075
596.048825
596.098800
596.214125
596.235725
596.299475
596.323225
596.372200
596.417900
596.442400
596.495350
596.505575
596.578925
596.669225
596.713450
596.871425
596.953925
597.093275
597.112425
597.135275
597.205450
597.237725
597.333125
597.374325
597.402350
597.462175
597.501100
597.513875
597.578325
597.619550
597.632625
597.668100
597.690300
597.716375
597.757300
597.822450
597.863200
597.906075
597.997275
598.065025
598.149225
598.181825
598.419150
598.461525
598.631075
598.650175
598.697575
598.717125
598.739375
598.816175
598.908075
598.933575
598.960525
599.005125
599.045900
599.109825
599.203700
599.281725
599.303100
599.325050
599.392275
599.430125
599.474225
599.618575
599.726450
599.783775
600.319100
600.507750
600.560400
600.789575
600.805700
600.824975
600.951350
600.985275
601.013675
601.036975
601.065825
601.239550
601.378900
601.401600
601.531700
601.575000
601.647625
601.693675
601.869125
602.300275
602.352250
602.536525
602.579475
602.643775
602.670700
602.696600
602.743225
602.991850
603.201200
603.293175
603.381425
603.425275
603.449750
603.482450
603.698475
603.777975
603.798975
603.824975
603.932825
604.038825
604.049975
604.179300
604.276000
604.300175
604.329150
604.347250
604.473275
604.528025
604.539975
604.550825
604.582150
604.702600
604.799400
604.885975
605.079425
605.088725
605.174725
605.185325
605.748550
605.828550
605.891200
606.041125
606.069000
606.081475
606.088100
606.121550
606.246450
606.586350
606.587925
606.618350
606.676325
606.681350
606.726475
607.549075
608.445175
608.490050
608.798575
609.326150
609.730550
609.847550
610.102625
610.134525
610.153800
610.193050
610.326875
610.387375
611.121575
611.197175
611.211375
611.267750
611.307100
611.339875
611.511450
611.626700
611.649700
611.703150
611.733275
611.803375
611.866725
611.942025
611.992475
612.064100
612.080575
612.116075
612.165675
612.178550
612.222725
612.369775
612.409775
612.574775
612.646300
612.683850
612.700525
612.722250
612.735000
612.752700
612.832700
612.894150
612.917175
612.938725
612.963275
613.116000
613.129300
613.230025
613.285700
613.341225
613.352125
613.412975
613.452275
613.588750
613.601850
613.659875
613.683725
613.762950
613.820075
613.829100
613.963100
614.037650
614.190100
614.227950
614.293725
614.352875
614.388475
614.455925
614.563025
614.611725
614.689300
614.838525
615.031150
615.045975
615.067600
615.071850
615.091125
615.186875
615.219350
615.388475
615.442450
615.699700
615.718075
615.730525
615.913125
615.988275
616.034450
616.249200
616.306350
616.334175
616.404400
616.425100
616.516325
616.547725
616.693050
616.749675
616.777350
616.793225
616.877575
617.019250
617.150925
617.265000
617.307975
617.345175
617.354000
617.365950
617.459350
617.495025
617.511300
617.585250
617.682025
617.762575
617.850775
617.876175
617.902300
617.912225
617.932800
617.968325
617.995425
618.050100
618.216175
618.468325
618.495700
618.536250
618.687075
618.747175
618.805900
618.849825
618.931375
618.989925
619.050850
619.079075
619.094300
619.109525
619.167125
619.192425
619.270825
619.403125
619.586500
619.623275
619.671450
619.871125
619.892375
619.963675
620.047825
620.077800
620.135925
620.188375
620.203375
620.368050
620.393325
620.445975
620.471950
620.509925
620.534825
620.615075
620.656475
620.687175
620.705275
620.765850
620.789975
620.820975
620.911950
620.951275
620.990775
621.143000
621.162200
621.178250
621.287125
621.436425
621.477125
621.543150
621.600425
621.785650
621.796600
621.843975
621.928350
622.009225
622.046250
622.064000
622.108750
622.165225
622.179975
622.197175
622.216575
622.292425
622.316475
622.359750
622.393600
622.473850
622.644400
622.680825
622.763750
622.890900
622.931600
622.953550
623.062125
623.202475
623.220625
623.400350
623.412550
623.474850
623.502600
623.533875
623.649500
623.671350
623.721150
623.731175
623.818575
623.834850
623.863550
623.948125
624.073075
624.272300
624.281250
624.302775
624.379950
624.422075
624.476925
624.536375
624.585150
624.649750
624.723175
624.732425
624.744275
624.850175
624.951225
624.967525
624.992925
625.097075
625.152875
625.161075
625.210000
625.246250
625.289075
625.442025
625.479500
625.535650
625.561625
625.780050
625.901225
625.986825
625.997575
626.104875
626.335975
626.530325
626.578425
626.675150
626.818350
626.881450
626.904500
626.992225
627.014050
627.225700
627.305700
627.576425
627.600225
627.668025
627.796225
627.838775
628.071300
628.265075
628.442750
628.513650
628.564150
628.618525
628.651450
628.694425
628.736675
628.791600
629.126475
629.513550
629.588025
629.675325
629.882900
629.893475
630.074875
630.153975
630.187425
630.289400
630.542675
630.615800
630.671600
630.804375
630.986550
631.072825
631.187800
631.294900
631.428300
631.540350
631.579900
631.651150
631.667700
631.680300
631.698775
631.705050
631.743500
631.793025
631.848650
631.890475
631.915475
631.940050
631.972275
631.990375
631.999725
632.013175
632.058325
632.089750
632.112525
632.139625
632.236375
632.239375
632.271625
632.387450
632.476575
632.654200
632.665825
632.684800
632.703925
632.789450
632.877225
632.921925
633.087675
633.103400
633.139575
633.438175
633.553375
633.633300
633.780250
633.869225
633.970675
634.033175
634.039075
634.069000
634.105125
634.242150
634.299075
634.351075
634.379925
634.416075
634.473850
634.566600
634.654900
634.698900
634.728000
634.774650
634.874350
635.006425
635.067375
635.151725
635.260300
635.353825
635.404400
635.431175
635.468925
635.640200
635.662125
635.856525
635.921425
636.000925
636.024500
636.063925
636.084900
636.136400
636.186325
636.219025
636.441875
636.462950
636.490675
636.506125
636.647125
636.771650
636.863275
636.896075
636.919000
636.970100
637.011250
637.140400
637.157600
637.183925
637.277425
637.318200
637.386900
637.508775
637.524575
637.602750
637.633475
637.734900
637.770950
637.780950
637.801550
637.830075
637.901150
637.970500
637.994675
638.012700
638.054375
638.121375
638.209625
638.225100
638.260750
638.274525
638.295975
638.314275
638.346525
638.368400
638.399100
638.435875
638.589875
638.604800
638.647575
638.663850
638.690725
638.765850
638.788975
638.819025
638.923325
638.968825
638.994450
639.090925
639.113425
639.138425
639.163475
639.288450
639.419950
639.517375
639.546075
639.566900
639.597425
639.677050
639.759225
639.823950
639.960175
640.031275
640.269425
640.297925
640.342400
640.382200
640.568425
640.612675
640.675150
640.739775
640.904950
640.941075
640.973175
641.016325
641.046500
641.104675
641.174075
641.492900
641.528875
641.535950
641.558925
641.579600
641.595550
641.677425
641.709200
641.731850
641.765725
641.791175
641.837825
641.904400
642.018200
642.050775
642.146825
642.206600
642.394250
642.431200
642.524850
642.583150
642.604625
642.655500
642.753625
642.810575
642.874725
642.895625
642.950225
643.010050
643.057275
643.080925
643.109850
643.145075
643.161300
643.196200
643.224650
643.246325
643.262725
643.297450
643.332775
643.384225
643.424150
643.470475
643.553700
643.662250
643.684125
643.729050
643.745500
643.764775
643.788175
643.800200
643.841850
643.873825
643.893750
643.913475
643.941825
644.092700
644.111150
644.159000
644.226025
644.239750
644.296750
644.327875
644.444175
644.461875
644.495800
644.563400
644.646725
644.726075
645.194600
645.460100
645.483550
645.546775
645.564025
645.613150
645.640675
645.685025
645.780050
646.024775
646.052600
646.327050
646.432700
646.464750
646.504075
646.723475
646.748275
646.810950
646.880750
646.911375
646.954200
647.002125
647.010425
647.052100
647.118150
647.130025
647.137175
647.369900
647.397750
647.512800
647.620250
647.670000
647.682475
647.781650
647.794550
647.863475
647.971450
648.036750
648.126850
648.149125
648.159700
648.169875
648.310500
648.359775
648.435900
648.454000
648.533250
648.568000
648.627775
648.699000
648.761350
648.778375
648.823125
648.917650
648.968725
649.080000
649.090900
649.112675
649.142350
649.204225
649.228000
649.241350
649.251875
649.262275
649.288550
649.324675
649.373375
649.404600
649.419950
649.499725
649.536025
649.573825
649.634875
649.693950
649.709525
649.716650
649.740200
649.794675
649.813550
649.831600
649.844775
649.885175
649.980950
650.075000
650.108725
650.140200
650.180600
650.220650
650.333100
650.344475
650.399450
650.575550
650.605100
650.619925
650.644375
650.679550
650.708750
650.731825
650.826775
650.862775
650.923150
650.937700
650.966125
651.100175
651.147875
651.159175
651.179825
651.197475
651.255600
651.271225
651.283125
651.295050
651.316150
651.330600
651.357575
651.382200
651.422475
651.450450
651.457100
651.470450
651.480500
651.511000
651.522700
651.611225
651.664000
651.731375
651.747650
651.762075
651.821425
651.899750
651.941500
651.998925
652.015025
652.055450
652.218525
652.226250
652.233800
652.270550
652.340100
652.383675
652.393650
652.455975
652.530625
652.546125
652.627675
652.687700
652.715750
652.825075
652.847175
652.855325
652.875900
652.908900
652.938475
652.945550
652.964850
652.979025
653.040975
653.078425
653.184350
653.215350
653.287125
653.372425
653.473525
653.481425
653.530275
653.573400
653.615775
653.647400
653.716650
653.736750
653.771625
653.917725
653.999125
654.127800
654.198825
654.259000
654.320375
654.363625
654.413900
654.497800
654.523850
654.563800
654.610275
654.668550
654.682775
654.712025
654.734325
654.762875
654.836075
654.875650
654.914975
654.940700
654.961750
654.976550
654.993175
655.033350
655.064000
655.139725
655.168325
655.275825
655.369225
655.416050
655.443550
655.464325
655.476375
655.548475
655.561325
655.572175
655.609325
655.665675
655.696450
655.707375
655.725175
655.755925
655.775000
655.823675
655.838700
655.916525
655.942325
656.075675
656.133850
656.302925
656.350850
656.456150
656.477950
656.526550
656.703800
656.717150
656.724300
656.772525
656.846550
656.862150
656.920900
656.935700
657.059875
657.208775
657.276450
657.349850
657.413250
657.457850
657.559075
657.580525
657.643300
657.687450
657.712925
657.754675
657.806400
657.826125
657.897775
657.938850
657.976800
658.008725
658.086000
658.176225
658.216075
658.372675
658.423100
658.440275
658.483625
658.521725
658.667075
658.716825
658.736525
658.763475
658.820400
658.839800
658.950950
659.124375
659.161825
659.228950
659.276400
659.453700
659.473650
659.515850
659.533525
659.570950
659.596750
659.626925
659.648700
659.669400
659.695750
659.744600
659.802150
659.925200
659.953325
