0.425550
3.199400
11.189550
13.598725
14.210025
22.922025
32.246650
37.523050
52.016475
52.920525
64.742450
65.910225
70.297025
77.927725
78.312475
79.833025
80.569125
84.515900
88.584400
89.520225
89.759625
92.355500
93.381450
93.851825
93.975375
97.461300
99.615950
99.673950
102.523875
106.668325
107.705475
115.522400
116.508850
117.111725
122.143875
123.294675
125.079475
125.238650
126.149975
128.390700
128.969150
129.684150
129.974600
133.478625
133.697475
135.874725
136.319425
139.175700
139.355275
139.756275
139.771900
140.346975
144.580100
145.558825
147.326150
147.603475
148.454150
149.420250
152.838650
157.300525
157.328750
160.194050
160.417575
162.492625
167.363825
167.548675
167.778775
172.506775
175.132650
176.427100
176.531400
177.057050
180.211275
181.409025
183.949425
184.772025
184.843875
185.865850
187.569325
190.402275
190.964400
193.799175
194.014200
194.071325
195.111900
195.649125
196.986525
197.328975
197.614300
198.801575
198.855225
200.984975
202.232300
202.460925
202.973600
202.983475
205.429200
205.726600
207.201750
209.707100
210.984750
211.698200
215.071150
215.663275
215.797875
217.360950
217.799550
218.112225
218.357050
220.329675
221.669625
223.650050
224.729375
226.715900
226.859850
229.457675
233.019450
234.014175
234.779775
234.788675
235.735550
236.256175
236.436550
236.761675
237.370500
238.280275
239.499375
239.680200
240.611200
242.178475
242.390450
242.692325
242.852150
243.015700
243.544700
245.139075
245.150700
247.622425
248.374625
248.586125
250.639325
250.885875
251.676975
253.956900
253.997300
258.059225
260.309825
262.585625
263.300375
266.954550
267.993425
269.436950
270.342400
270.412650
270.514300
271.686150
271.833625
272.120800
272.407250
277.057850
277.845500
282.045425
282.962675
283.550425
289.746625
290.166750
290.325225
290.844675
290.891000
291.588650
291.978650
292.135975
292.390300
293.061300
293.131275
294.077125
294.808650
297.716325
298.421900
298.523425
299.335100
