0.008275
0.016850
0.022900
0.030375
0.036500
0.045300
0.051450
0.060550
0.068225
0.073500
0.080200
0.086975
0.093675
0.098800
0.105000
0.112850
0.118600
0.131750
0.144175
0.152775
0.161075
0.167825
0.181725
0.191975
0.205750
0.214525
0.229600
0.240825
0.248600
0.257225
0.269025
0.282925
0.290925
0.304775
0.317175
0.329625
0.340750
0.350600
0.361000
0.367775
0.373525
0.382375
0.392150
0.396975
0.403475
0.408950
0.414800
0.423075
0.429725
0.434575
0.442100
0.446725
0.454400
0.459600
0.465425
0.477075
0.481950
0.491025
0.495325
0.503900
0.509075
0.518175
0.523075
0.534500
0.539950
0.544300
0.554300
0.561400
0.568300
0.579250
0.585075
0.591575
0.599275
0.607200
0.615525
0.626725
0.636550
0.642425
0.654075
0.664000
0.676225
0.687075
0.695450
0.705575
0.713225
0.727550
0.740000
0.747025
0.762550
0.768825
0.775575
0.791800
0.813825
0.820700
0.842975
0.849025
0.855450
0.862350
0.869750
0.874725
0.881675
0.889275
0.894425
0.901225
0.906225
0.916450
0.923600
0.930000
0.935575
0.942050
0.951800
0.957950
0.965950
0.975625
0.984875
0.993175
1.003950
1.017025
1.023300
1.033975
1.044150
1.051325
1.065125
1.075075
1.083900
1.098000
1.104325
1.117100
1.129900
1.141100
1.145125
1.149900
1.155300
1.161400
1.167675
1.173400
1.181875
1.186700
1.194125
1.199300
1.205200
1.213950
1.219475
1.226050
1.232850
1.240925
1.249875
1.255925
1.261375
1.267775
1.277250
1.286875
1.296850
1.305900
1.313100
1.323250
1.334500
1.347600
1.356725
1.368975
1.380700
1.392100
1.399675
1.406200
1.417375
1.427225
1.436225
1.443150
1.462225
1.470475
1.487000
1.497550
1.509775
1.534300
1.541125
1.554375
1.561100
1.570000
1.577000
1.583975
1.590275
1.598800
1.604825
1.613200
1.621875
1.631650
1.642425
1.648825
1.661575
1.672575
1.681700
1.691475
1.697675
1.709100
1.718075
1.728000
1.736325
1.744125
1.753050
1.765175
1.774000
1.791400
1.808275
1.817050
1.854725
1.862300
1.870300
1.881125
1.888200
1.898725
1.904875
1.910275
1.916425
1.923100
1.930925
1.939175
1.948875
1.962875
1.968275
1.977325
1.986725
1.995450
2.007675
2.014700
2.024475
2.034700
2.044650
2.055300
2.068700
2.078025
2.088075
2.104025
2.120950
2.139000
2.190975
2.195250
2.205500
2.212425
2.221650
2.230400
2.239575
2.249375
2.257825
2.268825
2.277675
2.289400
2.298300
2.310250
2.324025
2.334175
2.343075
2.355050
2.364350
2.376600
2.385525
2.394200
2.407850
2.419625
2.429650
2.441325
2.458375
2.471775
2.486250
2.497875
2.504875
2.535775
2.541475
2.546950
2.557150
2.561850
2.567625
2.574475
2.580750
2.588375
2.600575
2.612675
2.621575
2.631100
2.644550
2.650950
2.660725
2.671275
2.681575
2.693675
2.702050
2.712925
2.720225
2.730350
2.740550
2.747275
2.757225
2.771550
2.783550
2.791550
2.814650
2.824850
2.833625
2.841800
2.851750
2.857975
2.869050
2.879550
2.891800
2.900025
2.905150
2.912725
2.918475
2.925675
2.929875
2.934325
2.943400
2.950450
2.957450
2.968725
2.975475
2.982650
2.992625
2.999075
3.005675
3.010675
3.017825
3.023800
3.028750
3.034525
3.041275
3.047225
3.054250
3.062075
3.067975
3.074575
3.082275
3.088075
3.094500
3.100125
3.105625
3.111775
3.123750
3.128350
3.134750
3.139975
3.145225
3.149350
3.156900
3.163200
3.169000
3.175850
3.181725
3.188075
3.194150
3.200650
3.205425
3.212150
3.216250
3.223000
3.227150
3.231475
3.237225
3.243875
3.250650
3.255775
3.264550
3.271050
3.280350
3.284525
3.292750
3.300475
3.311550
3.316125
3.320650
3.332425
3.337850
3.339300
3.346075
3.353000
3.360325
3.368500
3.373575
3.380300
3.386100
3.392900
3.399350
3.408200
3.414900
3.427575
3.433975
3.443175
3.451950
3.459550
3.468450
3.478625
3.492750
3.505425
3.518700
3.525900
3.539200
3.547200
3.563100
3.570775
3.581375
3.588750
3.600300
3.607325
3.622175
3.629575
3.640325
3.655550
3.664025
3.670300
3.676325
3.681000
3.688900
3.694725
3.700500
3.706525
3.712150
3.717475
3.723475
3.728825
3.736600
3.742225
3.753800
3.759500
3.766975
3.774425
3.781750
3.791500
3.798775
3.807600
3.814075
3.823450
3.835500
3.843750
3.852775
3.861475
3.871450
3.882600
3.892925
3.902950
3.912775
3.928425
3.939150
3.949500
3.956350
3.966300
3.972100
3.977675
4.008000
4.014975
4.019925
4.026025
4.032175
4.038100
4.046600
4.052725
4.057850
4.064450
4.073175
4.080900
4.092050
4.105025
4.114600
4.124500
4.136550
4.147925
4.153675
4.163450
4.171600
4.183800
4.196025
4.207575
4.216675
4.225350
4.233525
4.244100
4.251100
4.266425
4.272475
4.285675
4.290975
4.307125
4.313650
4.324675
4.331175
4.338525
4.345575
4.354975
4.365200
4.373800
4.386450
4.398250
4.406075
4.417325
4.422825
4.430850
4.441725
4.452125
4.459350
4.469800
4.478100
4.489900
4.499900
4.511175
4.535950
4.550675
4.564725
4.575000
4.582175
4.602875
4.618850
4.625475
4.642225
4.647550
4.655375
4.666700
4.672325
4.683425
4.691150
4.702200
4.710025
4.717375
4.723750
4.735425
4.743950
4.753225
4.760375
4.768825
4.779475
4.790975
4.801325
4.811525
4.821425
4.832425
4.844050
4.858175
4.872900
4.889900
4.903175
4.913800
4.923575
4.932600
4.938875
4.946925
4.953475
4.961950
4.969650
4.975350
4.980900
4.986375
4.991925
4.998850
5.003400
5.010325
5.016350
5.023700
5.029250
5.035900
5.040450
5.048250
5.054675
5.060600
5.066925
5.073650
5.080975
5.086950
5.093025
5.100375
5.108250
5.112850
5.118100
5.125500
5.131975
5.143175
5.148850
5.157875
5.170950
5.177500
5.186450
5.195600
5.204175
5.212100
5.229475
5.240250
5.251675
5.262900
5.271000
5.278700
5.285200
5.291275
5.299175
5.308650
5.313000
5.317975
5.327600
5.331075
5.337500
5.346150
5.353500
5.359350
5.367175
5.373100
5.379275
5.386250
5.391425
5.397550
5.404000
5.411725
5.421425
5.428525
5.435350
5.441775
5.451925
5.460600
5.470625
5.477800
5.489675
5.498975
5.508975
5.519850
5.530225
5.540350
5.547625
5.557325
5.565250
5.575850
5.591075
5.609200
5.623500
5.639275
5.647425
5.659625
5.668325
5.676675
5.684425
5.691625
5.701350
5.710275
5.722325
5.730700
5.737875
5.745700
5.753225
5.762425
5.767700
5.773050
5.779025
5.784450
5.791725
5.797450
5.802000
5.807525
5.814500
5.821375
5.827350
5.834775
5.839850
5.844000
5.848575
5.853425
5.863350
5.873625
5.879125
5.883500
5.888350
5.892250
5.899625
5.903800
5.908925
5.912925
5.920300
5.924625
5.928275
5.932725
5.938800
5.945400
5.948725
5.953775
5.958700
5.966450
5.972100
5.976200
5.980625
5.987200
5.991975
5.998325
6.001950
6.007600
6.013475
6.017625
6.024725
6.029750
6.033450
6.038725
6.044275
6.050600
6.054100
6.059175
6.065950
6.069950
6.077250
6.082825
6.089075
6.093850
6.101225
6.111100
6.116975
6.122975
6.129950
6.136125
6.141050
6.146925
6.157400
6.164250
6.171800
6.179375
6.185350
6.193100
6.203525
6.210425
6.221750
6.226650
6.236375
6.246150
6.255200
6.263250
6.272775
6.282200
6.291050
6.306475
6.317850
6.334425
6.345375
6.357225
6.370750
6.383200
6.398450
6.406450
6.419725
6.428150
6.437725
6.447100
6.454725
6.462675
6.470775
6.476300
6.481875
6.488750
6.494525
6.499550
6.504975
6.510500
6.516850
6.522025
6.528150
6.532650
6.537775
6.544475
6.549850
6.555350
6.560550
6.566350
6.576900
6.584050
6.588750
6.595525
6.602050
6.609325
6.615250
6.626050
6.635825
6.643175
6.652200
6.660525
6.670500
6.680850
6.690200
6.701875
6.711650
6.727275
6.734125
6.743400
6.757350
6.766925
6.778200
6.787825
6.803625
6.813975
6.825975
6.831750
6.841400
6.846775
6.854375
6.860300
6.869025
6.882175
6.887200
6.898325
6.908950
6.915250
6.921700
6.928675
6.935750
6.944975
6.953475
6.964625
6.972025
6.979375
6.987675
7.003075
7.009600
7.021725
7.027650
7.036700
7.047150
7.059175
7.071475
7.082725
7.092200
7.100075
7.128025
7.145600
7.152425
7.163750
7.171900
7.178600
7.185175
7.191650
7.199325
7.207300
7.215375
7.223575
7.230525
7.239825
7.248475
7.254250
7.262250
7.268675
7.273475
7.279825
7.285750
7.289850
7.294475
7.305150
7.309625
7.319925
7.323900
7.331350
7.343100
7.347850
7.356300
7.362050
7.375400
7.381375
7.390150
7.398975
7.410675
7.416675
7.423200
7.434225
7.445075
7.452425
7.465400
7.474650
7.486175
7.500950
7.514375
7.523450
7.531475
7.544800
7.553950
7.567200
7.580300
7.591725
7.598700
7.608725
7.615500
7.621575
7.630325
7.636325
7.645625
7.652200
7.661050
7.671225
7.678650
7.685050
7.691750
7.696900
7.705075
7.714900
7.725025
7.731775
7.740350
7.750000
7.757600
7.770000
7.778250
7.789225
7.800875
7.808975
7.823275
7.829550
7.840250
7.848200
7.859075
7.869475
7.879000
7.896425
7.903150
7.912825
7.925925
7.934400
7.950175
7.959225
7.972825
7.984600
7.990775
8.033175
8.039200
8.045225
8.052000
8.057600
8.062850
8.068125
8.075850
8.082350
8.086375
8.092825
8.102500
8.108700
8.116000
8.124025
8.132575
8.138350
8.146675
8.151700
8.158875
8.163575
8.169725
8.175500
8.182250
8.188100
8.193775
8.199975
8.208675
8.214725
8.220475
8.228900
8.236025
8.242325
8.246900
8.253875
8.260800
8.265400
8.272900
8.279025
8.286625
8.291750
8.298675
8.303725
8.310375
8.316250
8.322400
8.329050
8.335425
8.343375
8.351025
8.359100
8.364875
8.374900
8.384800
8.390825
8.401350
8.409325
8.420900
8.429175
8.439100
8.446575
8.456375
8.466300
8.481575
8.493450
8.501950
8.512775
8.520675
8.528975
8.538650
8.543700
8.549175
8.560600
8.568500
8.574750
8.579100
8.584650
8.591025
8.596200
8.601325
8.608150
8.613725
8.619100
8.626075
8.633275
8.639275
8.644650
8.649600
8.655625
8.661875
8.667825
8.676825
8.682525
8.688975
8.696450
8.704400
8.710125
8.717150
8.725675
8.733800
8.740700
8.748175
8.755675
8.767725
8.774925
8.783125
8.789375
8.794600
8.803025
8.811375
8.817350
8.824825
8.834300
8.842750
8.852325
8.863650
8.874150
8.885875
8.893000
8.909825
8.916700
8.932250
8.944600
8.961500
8.973825
8.981150
8.990075
8.998250
9.010175
9.019525
9.034800
9.047725
9.055500
9.062400
9.070875
9.076750
9.084450
9.091200
9.099375
9.106400
9.114575
9.123475
9.128350
9.135325
9.143525
9.149375
9.156900
9.166550
9.176075
9.182925
9.188750
9.196575
9.209275
9.217475
9.223225
9.231875
9.239150
9.250650
9.258075
9.269575
9.277950
9.284925
9.297650
9.313825
9.324275
9.336250
9.344050
9.351425
9.355925
9.361700
9.367775
9.376075
9.382325
9.388975
9.393700
9.398550
9.402200
9.407325
9.413600
9.429125
9.435075
9.444825
9.450050
9.456250
9.470150
9.476025
9.482300
9.489150
9.494175
9.498725
9.503325
9.507350
9.514000
9.517450
9.524475
9.530050
9.536725
9.541800
9.548850
9.553200
9.559025
9.564025
9.568500
9.574450
9.578700
9.583900
9.588500
9.594100
9.598475
9.604325
9.609400
9.614425
9.620675
9.626450
9.631525
9.636925
9.642850
9.650550
9.655825
9.660375
9.666850
9.674050
9.679525
9.684925
9.692500
9.700925
9.707050
9.713625
9.719050
9.724975
9.730400
9.736100
9.742800
9.749075
9.753650
9.759300
9.766750
9.772950
9.778600
9.786100
9.791025
9.800600
9.813150
9.821125
9.828475
9.849525
9.857700
9.867450
9.873700
9.883050
9.891100
9.898125
9.904850
9.912475
9.918225
9.925050
9.930875
9.940000
9.944875
9.949500
9.955025
9.959775
9.965050
9.969550
9.974150
9.980900
9.986825
9.990875
9.996200
10.002475
10.007350
10.010650
10.015525
10.019975
10.025075
10.029375
10.033125
10.038450
10.044200
10.048875
10.053875
10.058000
10.065875
10.071450
10.076175
10.083475
10.087900
10.092600
10.099475
10.105250
10.112625
10.117450
10.122975
10.129625
10.135800
10.141275
10.146600
10.152300
10.159175
10.165325
10.172175
10.182125
10.186600
10.193600
10.198200
10.204125
10.210975
10.221075
10.225675
10.231100
10.238700
10.245275
10.255350
10.263075
10.269400
10.275625
10.283850
10.289250
10.297825
10.303575
10.311425
10.318650
10.326500
10.332600
10.338600
10.345575
10.351425
10.356850
10.362075
10.371350
10.378600
10.385000
10.392950
10.401400
10.408475
10.413600
10.422175
10.431650
10.439600
10.449175
10.460125
10.471425
10.480575
10.496125
10.502200
10.510825
10.528675
10.534450
10.547925
10.560750
10.572025
10.580950
10.593275
10.602600
10.610425
10.626200
10.633625
10.641750
10.649500
10.656925
10.665900
10.673375
10.682750
10.689200
10.695075
10.700775
10.705775
10.712325
10.716875
10.722475
10.727300
10.732350
10.741650
10.746575
10.752325
10.759950
10.763825
10.768200
10.772025
10.776450
10.781375
10.785025
10.788300
10.791525
10.797575
10.804625
10.809600
10.812700
10.817875
10.821175
10.825925
10.831300
10.834975
10.839375
10.844025
10.848225
10.853775
10.857075
10.862400
10.867375
10.871425
10.876450
10.881275
10.887800
10.895475
10.899925
10.903150
10.909825
10.913250
10.918500
10.922850
10.926400
10.931100
10.935675
10.939800
10.947450
10.952700
10.958525
10.963525
10.969025
10.974300
10.979725
10.984575
10.990750
11.001900
11.007425
11.012875
11.019000
11.025700
11.032825
11.037875
11.044800
11.050400
11.057500
11.063525
11.070650
11.078400
11.085050
11.095750
11.100250
11.105625
11.111025
11.115325
11.122625
11.128700
11.136625
11.143325
11.150800
11.159100
11.165700
11.171000
11.178150
11.183725
11.189175
11.195175
11.201500
11.207725
11.213875
11.221675
11.227700
11.233750
11.241950
11.249325
11.256300
11.260800
11.268000
11.276350
11.283050
11.287600
11.293175
11.300000
11.306375
11.313100
11.319250
11.325925
11.333550
11.341350
11.345650
11.353750
11.360275
11.366000
11.374625
11.380475
11.385775
11.391975
11.396750
11.402000
11.408425
11.414550
11.419450
11.423625
11.428800
11.434350
11.441950
11.446725
11.450250
11.456125
11.463125
11.470100
11.475425
11.483675
11.489500
11.498300
11.504425
11.511250
11.516925
11.523150
11.532225
11.541525
11.546850
11.554900
11.561300
11.570925
11.583350
11.593300
11.599950
11.609450
11.623000
11.632825
11.645800
11.659675
11.667225
11.678875
11.688175
11.698525
11.707950
11.722900
11.731800
11.742400
11.760075
11.770400
11.777050
11.782650
11.796050
11.803425
11.813700
11.819150
11.826150
11.834100
11.838250
11.845200
11.853150
11.859825
11.868025
11.872750
11.880275
11.887050
11.894950
11.907175
11.916150
11.922475
11.932150
11.938375
11.946100
11.950875
11.958025
11.965125
11.970325
11.976025
11.981875
11.990050
11.995400
12.004150
12.015450
12.019975
12.025350
12.035600
12.042400
12.051800
12.059125
12.066475
12.073675
12.082300
12.094575
12.106075
12.114100
12.124475
12.132200
12.147425
12.154725
12.165775
12.173825
12.180050
12.193650
12.208275
12.219200
12.226925
12.245300
12.264800
12.279025
12.286075
12.300150
12.306125
12.314325
12.322575
12.331475
12.338850
12.345050
12.352725
12.359250
12.365825
12.372100
12.379800
12.386900
12.395525
12.405200
12.416000
12.426425
12.434525
12.444850
12.455050
12.468050
12.478300
12.491775
12.505875
12.514050
12.523650
12.536300
12.544900
12.555550
12.563050
12.570425
12.579050
12.587025
12.592575
12.596275
12.601800
12.608600
12.616050
12.623925
12.631950
12.637900
12.646975
12.652925
12.660975
12.668275
12.675475
12.683950
12.693750
12.700250
12.707600
12.719350
12.728925
12.735275
12.751100
12.759375
12.768850
12.780600
12.791550
12.806125
12.819425
12.834325
12.843875
12.851100
12.861250
12.870700
12.878350
12.885350
12.893700
12.901675
12.907325
12.914250
12.920375
12.926525
12.934050
12.941775
12.948725
12.958400
12.966500
12.976100
12.983850
12.991875
12.999675
13.010750
13.018325
13.025600
13.034150
13.048450
13.054850
13.065900
13.074875
13.086650
13.102850
13.113525
13.127700
13.139250
13.150300
13.160725
13.169775
13.177850
13.182675
13.189600
13.195600
13.204175
13.211500
13.219050
13.224100
13.230200
13.235875
13.241750
13.246750
13.254750
13.260050
13.265600
13.272925
13.278225
13.286125
13.293275
13.301700
13.312100
13.321200
13.327275
13.334375
13.341975
13.349575
13.354850
13.360575
13.366825
13.372975
13.378075
13.387225
13.393525
13.398775
13.405150
13.412375
13.422325
13.429900
13.439100
13.444025
13.449775
13.455450
13.464975
13.469250
13.478925
13.483175
13.486975
13.493750
13.499975
13.505625
13.514175
13.520600
13.527275
13.537625
13.545500
13.551650
13.562925
13.568300
13.574250
13.577800
13.585100
13.590900
13.598200
13.603675
13.609625
13.616200
13.621225
13.627525
13.633575
13.640250
13.646200
13.653075
13.659625
13.665525
13.670700
13.678500
13.685475
13.691900
13.697950
13.703050
13.709250
13.714600
13.721625
13.728600
13.733825
13.745300
13.752175
13.757175
13.763950
13.768850
13.774425
13.778950
13.783925
13.787825
13.792400
13.797900
13.802450
13.807075
13.812350
13.816250
13.821625
13.825775
13.832425
13.837100
13.848300
13.859725
13.868150
13.875300
13.880350
13.885475
13.890775
13.896750
13.902600
13.909350
13.914775
13.924700
13.929925
13.937175
13.944800
13.952975
13.959450
13.967375
13.973225
13.978650
13.987950
13.995700
14.004250
14.011250
14.018050
14.025500
14.030900
14.040175
14.046525
14.057775
14.073075
14.079775
14.090075
14.099125
14.110950
14.117425
14.128225
14.140350
14.152625
14.159325
14.172725
14.183125
14.202200
14.215175
14.227775
14.235650
14.250650
14.260450
14.269825
14.289800
14.297350
14.305125
14.318450
14.328725
14.336900
14.345975
14.352825
14.359875
14.365450
14.373450
14.383775
14.391125
14.397650
14.409275
14.417975
14.427900
14.435525
14.444075
14.451575
14.459675
14.468100
14.475250
14.481700
14.491000
14.500775
14.508150
14.517225
14.527125
14.536425
14.546950
14.552600
14.561875
14.571600
14.579925
14.593575
14.606550
14.613525
14.630350
14.641150
14.652200
14.659700
14.673975
14.679875
14.690200
14.699075
14.705100
14.710400
14.716750
14.723750
14.731575
14.737400
14.742150
14.747150
14.752675
14.759000
14.765700
14.774925
14.784675
14.789725
14.805400
14.813025
14.820000
14.826100
14.832800
14.839575
14.846525
14.855050
14.861075
14.868125
14.874275
14.881350
14.887975
14.894500
14.900050
14.906350
14.915175
14.922200
14.930175
14.935200
14.943500
14.947925
14.953875
14.960100
14.967525
14.982750
14.992600
14.998525
15.012325
15.019100
15.029725
15.042050
15.051975
15.060900
15.073375
15.083300
15.091300
15.099825
15.111325
15.119650
15.126250
15.131925
15.145025
15.151100
15.157425
15.164475
15.174400
15.179000
15.187825
15.194325
15.200825
15.208500
15.216900
15.223325
15.233275
15.237325
15.244450
15.250225
15.257150
15.264525
15.270700
15.277325
15.284575
15.291475
15.300350
15.306900
15.314075
15.323475
15.332750
15.341650
15.352575
15.359650
15.368225
15.381800
15.390975
15.398850
15.408975
15.422500
15.431850
15.443050
15.452825
15.461450
15.472050
15.487075
15.505000
15.520275
15.527150
15.544450
15.576500
15.581850
15.592650
15.599500
15.606750
15.614000
15.620175
15.626350
15.633050
15.640700
15.650475
15.658900
15.671075
15.677450
15.684125
15.691225
15.700350
15.707700
15.714025
15.723625
15.733350
15.740550
15.746775
15.753550
15.763575
15.774025
15.782775
15.794450
15.802375
15.816775
15.826675
15.837300
15.846525
15.854425
15.864275
15.876400
15.887025
15.896800
15.908650
15.916625
15.928675
15.943200
15.955175
15.968225
15.980275
15.989475
16.000800
16.008575
16.017625
16.027725
16.037025
16.043600
16.049200
16.057650
16.063875
16.070025
16.079000
16.085000
16.093675
16.103650
16.109150
16.114750
16.123850
16.130000
16.138925
16.145325
16.153450
16.158825
16.168050
16.175050
16.182100
16.189200
16.193725
16.202075
16.209325
16.216150
16.223850
16.228725
16.238675
16.248125
16.255025
16.261600
16.269575
16.277125
16.283575
16.288975
16.296525
16.303725
16.310600
16.318175
16.326950
16.333950
16.341075
16.346900
16.354975
16.361625
16.366600
16.371775
16.379800
16.385875
16.391375
16.398075
16.404175
16.409475
16.416325
16.421000
16.427075
16.433050
16.438550
16.445525
16.450650
16.457125
16.464400
16.470700
16.476475
16.483075
16.487500
16.496050
16.502350
16.510050
16.515125
16.525475
16.532250
16.542100
16.549400
16.562075
16.568825
16.578125
16.584650
16.590875
16.598225
16.606000
16.613750
16.620375
16.627225
16.635025
16.641575
16.647825
16.653400
16.661025
16.667650
16.674125
16.678800
16.686225
16.691250
16.697450
16.704225
16.711250
16.718925
16.723575
16.728875
16.734875
16.739850
16.745725
16.753000
16.758425
16.763700
16.770125
16.777825
16.783300
16.791350
16.795625
16.804950
16.810200
16.818325
16.823400
16.828725
16.834775
16.839100
16.845900
16.856275
16.862400
16.869175
16.874650
16.878775
16.890075
16.896025
16.901675
16.905850
16.912925
16.917950
16.922800
16.932475
16.938325
16.949000
16.955100
16.961500
16.966650
16.971725
16.978475
16.982775
16.989375
16.996300
17.003225
17.009575
17.016775
17.030575
17.037150
17.045325
17.051100
17.056800
17.063500
17.069575
17.075975
17.082825
17.086875
17.107925
17.114975
17.120625
17.128600
17.136325
17.143650
17.150650
17.157250
17.164025
17.168150
17.175850
17.181550
17.187350
17.194575
17.206800
17.213925
17.219275
17.227125
17.232375
17.239675
17.246625
17.263875
17.271150
17.277800
17.284775
17.291225
17.297725
17.306600
17.314050
17.318650
17.327250
17.333600
17.339225
17.345725
17.352250
17.358675
17.366375
17.373150
17.380075
17.389500
17.395825
17.404200
17.411325
17.421425
17.428875
17.439050
17.446550
17.459725
17.467650
17.482150
17.491975
17.499825
17.509050
17.522550
17.535200
17.543650
17.552825
17.565425
17.571650
17.578075
17.587125
17.594725
17.602475
17.611275
17.617900
17.626000
17.633925
17.641625
17.646325
17.654250
17.663250
17.670875
17.677100
17.684850
17.693200
17.702525
17.710925
17.720450
17.730100
17.740625
17.747375
17.757675
17.765800
17.774250
17.786950
17.794400
17.802150
17.816650
17.832325
17.846000
17.862300
17.872375
17.883725
17.895200
17.907650
17.918750
17.926425
17.935525
17.943575
17.952150
17.958050
17.969375
17.977575
17.984275
17.990000
17.997375
18.006400
18.010775
18.017800
18.030850
18.044725
18.051150
18.065775
18.071250
18.077800
18.088075
18.096450
18.104250
18.112925
18.119600
18.128575
18.135375
18.142500
18.151975
18.160050
18.167425
18.174475
18.182075
18.192425
18.198075
18.207550
18.218800
18.227325
18.234750
18.243400
18.251675
18.263125
18.269725
18.284450
18.293600
18.301100
18.306900
18.314100
18.323800
18.334550
18.342125
18.350725
18.358325
18.364350
18.376775
18.386425
18.400175
18.412000
18.420700
18.430825
18.442500
18.448975
18.466850
18.476775
18.484225
18.496075
18.505900
18.514600
18.521650
18.531700
18.539700
18.547600
18.554325
18.563725
18.570700
18.577250
18.583800
18.589025
18.596225
18.602400
18.607875
18.616025
18.622450
18.632200
18.640650
18.649850
18.658725
18.665175
18.673150
18.682300
18.689650
18.695225
18.701375
18.707800
18.715150
18.723375
18.730925
18.737825
18.747025
18.754750
18.760475
18.770175
18.776650
18.783925
18.790075
18.794800
18.804700
18.810700
18.816350
18.821550
18.826200
18.832200
18.838475
18.843450
18.852775
18.856475
18.860850
18.866825
18.875425
18.881275
18.886575
18.892075
18.898075
18.905700
18.914275
18.920275
18.927725
18.933350
18.939450
18.945150
18.949925
18.958525
18.964750
18.972025
18.980725
18.986775
18.995150
19.003325
19.008475
19.016125
19.026850
19.036225
19.043575
19.049375
19.056125
19.064575
19.069625
19.077075
19.083025
19.091125
19.098250
19.105100
19.111325
19.119675
19.126700
19.131625
19.141475
19.150900
19.160150
19.171400
19.186625
19.194000
19.203175
19.208400
19.213675
19.219950
19.229825
19.236825
19.242775
19.249400
19.261800
19.268100
19.282400
19.293400
19.299800
19.314450
19.323375
19.339525
19.351625
19.363400
19.377300
19.390550
19.408300
19.415450
19.426150
19.435425
19.445825
19.459050
19.466025
19.473675
19.480825
19.488625
19.496025
19.502575
19.508250
19.514300
19.520125
19.531650
19.536375
19.543700
19.548100
19.553425
19.559150
19.564850
19.569675
19.577950
19.582500
19.589225
19.598550
19.604225
19.610350
19.616700
19.623950
19.630750
19.637625
19.643025
19.649100
19.656875
19.663850
19.671525
19.686525
19.690775
19.698200
19.705100
19.712550
19.719900
19.726100
19.735425
19.743475
19.748825
19.756525
19.766150
19.774075
19.779375
19.790025
19.796550
19.805975
19.815300
19.822175
19.828550
19.836825
19.844175
19.852250
19.859550
19.865300
19.875225
19.885225
19.897325
19.902300
19.909850
19.916650
19.923975
19.932300
19.936625
19.942100
19.950250
19.957350
19.965350
19.973025
19.982150
19.990525
19.999300
20.014275
20.021700
20.034250
20.054025
20.062700
20.071000
20.079125
20.088175
20.097875
20.106150
20.114150
20.123325
20.132900
20.141250
20.149725
20.154925
20.168675
20.179325
20.190600
20.203125
20.213950
20.227025
20.236250
20.251850
20.263400
20.278150
20.294375
20.305650
20.315225
20.323750
20.333150
20.342000
20.348800
20.361900
20.370400
20.383075
20.390800
20.396925
20.407000
20.415625
20.422150
20.431250
20.438475
20.447200
20.456750
20.463950
20.472150
20.481475
20.487700
20.495625
20.502750
20.509600
20.516300
20.524925
20.531825
20.543775
20.551925
20.558600
20.563675
20.569650
20.577425
20.585425
20.593050
20.599250
20.605775
20.619075
20.626475
20.635275
20.643775
20.654450
20.663725
20.671450
20.679400
20.690250
20.697350
20.708100
20.719175
20.729825
20.743275
20.754450
20.771225
20.780775
20.790475
20.799600
20.809850
20.816750
20.826575
20.832875
20.842150
20.848350
20.853275
20.861025
20.868225
20.875600
20.884275
20.892075
20.897775
20.906850
20.914300
20.924450
20.932475
20.943550
20.954600
20.961850
20.972525
20.981175
21.002250
21.013125
21.023025
21.034175
21.046450
21.058200
21.067475
21.075750
21.087750
21.099050
21.109975
21.124450
21.139000
21.147025
21.167600
21.183500
21.193225
21.208350
21.220325
21.226100
21.237700
21.243200
21.251850
21.257475
21.265050
21.271250
21.278625
21.285650
21.290600
21.301300
21.307000
21.312100
21.319325
21.325800
21.333250
21.341825
21.347800
21.353025
21.359250
21.365950
21.371825
21.379125
21.388400
21.394550
21.401725
21.409975
21.416000
21.422425
21.428300
21.434625
21.440275
21.447475
21.452775
21.460225
21.467925
21.474175
21.481375
21.488625
21.494050
21.503475
21.509875
21.516550
21.522975
21.529825
21.535850
21.544450
21.550700
21.555525
21.562025
21.573950
21.582175
21.589800
21.596300
21.607200
21.618100
21.623575
21.632100
21.641650
21.648550
21.653925
21.663325
21.671475
21.678675
21.691150
21.698425
21.706050
21.714625
21.722425
21.730525
21.739800
21.749450
21.755375
21.762950
21.772650
21.779450
21.788825
21.804350
21.810375
21.824650
21.837650
21.845550
21.855825
21.872750
21.883950
21.895750
21.904900
21.915725
21.925500
21.936350
21.950025
21.956475
21.965575
21.974475
21.983975
21.992200
22.000175
22.007850
22.014000
22.020400
22.025100
22.034600
22.042150
22.049250
22.057175
22.064975
22.072225
22.079675
22.086975
22.097525
22.103900
22.112150
22.120325
22.125175
22.132600
22.139425
22.146875
22.152100
22.158200
22.165450
22.173400
22.178525
22.186325
22.192650
22.198975
22.206825
22.215175
22.224825
22.230725
22.236100
22.242200
22.248575
22.253825
22.260800
22.268650
22.281750
22.289375
22.296475
22.305700
22.312800
22.321550
22.330675
22.337600
22.346975
22.359250
22.369250
22.376475
22.385375
22.396400
22.406150
22.413200
22.420400
22.430100
22.446125
22.458800
22.472775
22.478850
22.491150
22.503575
22.512575
22.523250
22.532675
22.544725
22.556050
22.565450
22.577850
22.590425
22.597950
22.606100
22.615625
22.626150
22.634350
22.649650
22.655550
22.664225
22.671925
22.679175
22.691925
22.699800
22.723175
22.730900
22.736625
22.754925
22.763025
22.770200
22.781900
22.793300
22.803900
22.812225
22.824200
22.835050
22.845500
22.857075
22.867300
22.877200
22.889425
22.904525
22.914800
22.923550
22.933350
22.946050
22.963175
22.974525
22.988175
23.000000
23.017125
23.024350
23.035625
23.048575
23.064725
23.080875
23.104200
23.114600
23.123375
23.132725
23.141425
23.150850
23.157625
23.166875
23.173425
23.180050
23.186200
23.194675
23.203650
23.209850
23.217225
23.225425
23.231300
23.238000
23.244850
23.252125
23.258350
23.267425
23.274025
23.280225
23.288550
23.294150
23.300800
23.308450
23.322700
23.328750
23.336550
23.342875
23.351400
23.360625
23.366050
23.375800
23.382900
23.392975
23.401575
23.415825
23.426075
23.434700
23.448050
23.463775
23.481800
23.489100
23.496975
23.505350
23.512375
23.519475
23.523700
23.529400
23.534650
23.542875
23.548200
23.554575
23.563275
23.576375
23.582350
23.590175
23.598475
23.606425
23.615000
23.622750
23.629800
23.635725
23.642100
23.647725
23.653775
23.664800
23.672075
23.680275
23.687025
23.691850
23.698975
23.705950
23.713500
23.719525
23.726075
23.733850
23.743425
23.751200
23.758850
23.772550
23.786125
23.792875
23.801375
23.807675
23.814600
23.827850
23.835300
23.842275
23.850400
23.856925
23.866075
23.874175
23.881850
23.894175
23.902300
23.910325
23.921075
23.927300
23.935900
23.946400
23.954575
23.964100
23.972100
23.985550
23.996150
24.003900
24.012425
24.019475
24.036150
24.043925
24.051950
24.065250
24.076675
24.098400
24.106725
24.115700
24.125550
24.135450
24.143675
24.149825
24.158125
24.165875
24.175425
24.183950
24.191100
24.197825
24.205750
24.213000
24.223125
24.227525
24.233700
24.241100
24.247500
24.256625
24.262975
24.268100
24.274900
24.283625
24.289475
24.296900
24.305000
24.312575
24.319500
24.327250
24.334575
24.342125
24.351425
24.358600
24.365200
24.371000
24.378650
24.385425
24.393200
24.398250
24.404650
24.410100
24.414950
24.423900
24.428400
24.434225
24.443700
24.452150
24.457700
24.464400
24.470750
24.476650
24.484950
24.492900
24.498875
24.504375
24.513300
24.521075
24.528325
24.535700
24.543125
24.549200
24.556150
24.564050
24.568700
24.574700
24.583450
24.588200
24.593850
24.600325
24.605450
24.611450
24.616075
24.624100
24.631500
24.636750
24.646975
24.652950
24.659175
24.664800
24.671100
24.679650
24.686725
24.692450
24.699975
24.706800
24.712225
24.718575
24.727475
24.734750
24.741450
24.745925
24.752975
24.759900
24.764050
24.772450
24.778550
24.789475
24.795175
24.809175
24.815550
24.822125
24.827550
24.833825
24.840275
24.845900
24.852400
24.859525
24.864825
24.871300
24.877475
24.884500
24.893475
24.900425
24.907775
24.916200
24.924075
24.931075
24.939425
24.948350
24.965850
24.973225
24.979600
24.987825
24.996800
25.003025
25.015350
25.025250
25.032400
25.044600
25.054800
25.062550
25.073600
25.085225
25.095750
25.106350
25.120325
25.131425
25.140425
25.147525
25.157050
25.163525
25.171575
25.175875
25.181500
25.188875
25.195750
25.203725
25.212025
25.218500
25.226350
25.234575
25.240250
25.246900
25.255150
25.264575
25.270775
25.278650
25.286175
25.294575
25.301525
25.308475
25.318325
25.325025
25.333250
25.339900
25.347775
25.354875
25.363900
25.372000
25.384550
25.393125
25.399350
25.411275
25.423750
25.431175
25.438000
25.449250
25.458575
25.466775
25.477550
25.484275
25.495550
25.503125
25.511875
25.516725
25.523425
25.533750
25.542600
25.550375
25.559325
25.569550
25.576300
25.582500
25.590725
25.599800
25.609325
25.615000
25.628275
25.639425
25.652200
25.660675
25.667025
25.677375
25.691625
25.712750
25.719875
25.733000
25.744375
25.758350
25.765125
25.776175
25.783500
25.790375
25.796200
25.803475
25.810675
25.818600
25.826775
25.831850
25.838200
25.848050
25.854975
25.864700
25.873050
25.882325
25.898425
25.909850
25.916975
25.924125
25.937725
25.944700
25.955875
25.966600
25.980675
25.988825
26.000950
26.012950
26.024675
26.037625
26.045525
26.055650
26.070250
26.077775
26.095250
26.108100
26.118925
26.129875
26.139300
26.146200
26.151600
26.157975
26.166500
26.173425
26.180850
26.187675
26.195200
26.202525
26.211750
26.218400
26.223125
26.230000
26.237650
26.244775
26.257350
26.263200
26.270250
26.278625
26.285800
26.292425
26.301900
26.311500
26.319775
26.327325
26.335000
26.342700
26.353925
26.362450
26.369150
26.376700
26.388825
26.395775
26.405350
26.412825
26.422700
26.430700
26.441025
26.447000
26.455975
26.465000
26.473700
26.481525
26.487175
26.495475
26.501025
26.507300
26.512375
26.517800
26.529050
26.533350
26.539300
26.547625
26.554225
26.561300
26.569625
26.576750
26.583200
26.589625
26.595575
26.602825
26.608900
26.614475
26.621325
26.627000
26.634975
26.641175
26.647525
26.654475
26.660650
26.666925
26.677100
26.682725
26.692450
26.696725
26.702450
26.706850
26.716750
26.722600
26.729775
26.735525
26.742975
26.750325
26.756850
26.762500
26.768775
26.775325
26.781125
26.785750
26.790775
26.797400
26.801525
26.808675
26.814025
26.818600
26.828450
26.833225
26.842625
26.846150
26.856025
26.863225
26.869650
26.876750
26.883275
26.890100
26.899600
26.905700
26.914125
26.921375
26.937450
26.943175
26.949050
26.955550
26.961075
26.971875
26.986075
26.993075
27.003275
27.009475
27.015175
27.023875
27.030225
27.041200
27.047825
27.059275
27.069175
27.087650
27.098800
27.108550
27.116850
27.132975
27.137325
27.144800
27.152575
27.160825
27.166575
27.171700
27.178400
27.185575
27.193075
27.201025
27.207500
27.216000
27.225375
27.235125
27.245300
27.254925
27.262550
27.270900
27.278250
27.287650
27.302300
27.310425
27.319100
27.328875
27.337025
27.343625
27.349350
27.354775
27.361450
27.370225
27.387700
27.394200
27.402125
27.411500
27.417475
27.422950
27.429175
27.435900
27.444125
27.449900
27.456325
27.464450
27.470925
27.477000
27.482800
27.490050
27.495650
27.502100
27.508575
27.515475
27.522625
27.528850
27.536050
27.542000
27.548825
27.561850
27.570250
27.575075
27.582800
27.589150
27.594825
27.604325
27.613725
27.621525
27.628275
27.638500
27.648250
27.660450
27.665800
27.676450
27.684625
27.693650
27.700225
27.710000
27.717550
27.728675
27.737600
27.746600
27.756000
27.763375
27.770550
27.778175
27.784550
27.790825
27.797275
27.808600
27.814650
27.820375
27.826425
27.833800
27.840600
27.846125
27.854225
27.860675
27.866650
27.873375
27.878475
27.884275
27.895650
27.900900
27.905025
27.910525
27.917275
27.923875
27.929450
27.936075
27.942475
27.949050
27.961450
27.969875
27.975775
27.981425
27.989625
27.995375
28.000075
28.005225
28.011525
28.018225
28.023325
28.029575
28.037600
28.043000
28.056525
28.067925
28.075425
28.081725
28.090400
28.097850
28.102900
28.108475
28.114450
28.124250
28.131925
28.138775
28.147000
28.155175
28.162650
28.175400
28.181725
28.189300
28.195125
28.204000
28.214850
28.223550
28.229275
28.240450
28.250775
28.260700
28.270575
28.279075
28.290400
28.296125
28.309775
28.325650
28.338825
28.346400
28.356875
28.364875
28.371225
28.376050
28.382925
28.387700
28.393700
28.401600
28.407725
28.413525
28.419225
28.427075
28.432475
28.439475
28.445475
28.455350
28.468625
28.477525
28.484250
28.491525
28.497675
28.506800
28.512525
28.519700
28.525375
28.531050
28.535800
28.544150
28.550800
28.556525
28.562100
28.567000
28.574475
28.580050
28.585175
28.591175
28.598950
28.605300
28.610850
28.619150
28.624700
28.630050
28.637075
28.651850
28.659025
28.665800
28.671225
28.676775
28.682775
28.689475
28.694125
28.698150
28.703625
28.717325
28.721225
28.728375
28.731975
28.736800
28.740750
28.745150
28.751500
28.757050
28.761100
28.766475
28.772425
28.777625
28.783725
28.790700
28.794950
28.799275
28.805125
28.809775
28.815725
28.821375
28.825075
28.829825
28.836625
28.847775
28.852350
28.857050
28.868000
28.872475
28.883075
28.887975
28.893475
28.903575
28.911400
28.916575
28.923100
28.927925
28.932500
28.940425
28.946025
28.951450
28.958400
28.963700
28.967875
28.973850
28.978925
28.985800
28.995325
29.003325
29.008500
29.014225
29.023450
29.027275
29.033825
29.038275
29.043475
29.048850
29.052600
29.060025
29.068275
29.072850
29.077350
29.084200
29.090775
29.095525
29.100300
29.111200
29.118525
29.125350
29.130400
29.140325
29.152825
29.157300
29.161050
29.167050
29.175400
29.190500
29.196550
29.205350
29.215100
29.221050
29.226525
29.232575
29.244225
29.249175
29.255700
29.269350
29.277875
29.284650
29.292900
29.301475
29.307500
29.314425
29.322225
29.334525
29.340225
29.346300
29.353850
29.360375
29.368425
29.375450
29.382775
29.393800
29.415650
29.425150
29.437100
29.445225
29.454325
29.460575
29.468000
29.478075
29.488225
29.495475
29.506700
29.513600
29.520400
29.529350
29.539325
29.546400
29.556575
29.563800
29.570425
29.577350
29.582850
29.590550
29.595825
29.604125
29.610475
29.615950
29.623350
29.632600
29.640750
29.646450
29.652475
29.661350
29.666450
29.676850
29.683550
29.688900
29.694750
29.701575
29.707725
29.714500
29.721850
29.728875
29.734625
29.744175
29.749925
29.756125
29.761450
29.778450
29.786925
29.792575
29.798225
29.804425
29.809125
29.814100
29.821150
29.826125
29.832550
29.840800
29.845025
29.851850
29.858525
29.864475
29.870400
29.875975
29.881550
29.886750
29.892925
29.912600
29.926325
29.931875
29.936875
29.941525
29.945975
29.950800
29.956775
29.962625
29.967550
29.973200
29.978400
29.989375
29.996075
30.001250
30.008550
30.014075
30.023550
30.035200
30.041700
30.046500
30.057525
30.063000
30.069650
30.077675
30.083875
30.089375
30.096925
30.102875
30.115425
30.119875
30.126800
30.135550
30.146375
30.152300
30.157225
30.166450
30.174400
30.179825
30.203400
30.213450
30.218825
30.234575
30.242700
30.252850
30.261625
30.269925
30.275975
30.281550
30.287000
30.292225
30.297000
30.301350
30.305675
30.311450
30.322200
30.328400
30.334425
30.340925
30.353050
30.357800
30.364925
30.371325
30.386650
30.394500
30.402325
30.406150
30.412350
30.418575
30.425500
30.430850
30.440750
30.448800
30.459850
30.467900
30.475925
30.482000
30.487125
30.496525
30.502200
30.511425
30.517550
30.523400
30.529425
30.538525
30.544550
30.550725
30.555825
30.563000
30.580575
30.585825
30.595525
30.600950
30.605525
30.613825
30.619025
30.623475
30.629925
30.635300
30.640100
30.647850
30.654425
30.659900
30.667000
30.673725
30.679425
30.686500
30.694100
30.699825
30.706225
30.714125
30.720775
30.727675
30.733125
30.740075
30.745750
30.752675
30.760175
30.768425
30.774625
30.780350
30.786525
30.794400
30.802625
30.819025
30.828200
30.835925
30.845725
30.851225
30.863250
30.873600
30.882225
30.894950
30.899950
30.905975
30.915350
30.925725
30.931975
30.939625
30.945250
30.955675
30.969500
30.982000
30.994175
31.005125
31.013650
31.023525
31.033100
31.038275
31.043925
31.051575
31.059475
31.066825
31.072700
31.078375
31.085150
31.092300
31.102675
31.107625
31.114675
31.123275
31.129725
31.143400
31.149875
31.158450
31.170900
31.177625
31.185350
31.194900
31.208600
31.218325
31.228025
31.235575
31.246250
31.254275
31.266450
31.274575
31.287475
31.305000
31.319275
31.325400
31.332625
31.340650
31.356100
31.361500
31.368475
31.376975
31.389600
31.396875
31.404625
31.410700
31.415750
31.421475
31.427250
31.434575
31.443000
31.449875
31.458400
31.464100
31.470875
31.476450
31.485050
31.499350
31.506350
31.513925
31.519425
31.530250
31.538200
31.547975
31.554000
31.560875
31.571150
31.579625
31.588600
31.598775
31.608100
31.615400
31.624325
31.632675
31.638325
31.647350
31.658950
31.667150
31.676950
31.687050
31.695700
31.707125
31.714475
31.723800
31.729775
31.741425
31.770500
31.777500
31.785775
31.792625
31.799650
31.805175
31.819600
31.828250
31.839700
31.851375
31.860975
31.866450
31.878750
31.886650
31.897350
31.907225
31.919175
31.931075
31.939450
31.949425
31.959225
31.968125
31.981275
31.998900
32.009850
32.019500
32.031450
32.038475
32.042600
32.050100
32.056925
32.064375
32.073650
32.081475
32.087525
32.092650
32.107100
32.118725
32.126175
32.132275
32.140400
32.146725
32.158875
32.166925
32.178275
32.185950
32.197800
32.208675
32.215525
32.226900
32.234350
32.241700
32.253675
32.262525
32.272775
32.288975
32.295825
32.303825
32.313000
32.318975
32.324800
32.331500
32.338925
32.344675
32.357500
32.362800
32.366800
32.383325
32.390150
32.398150
32.407125
32.414300
32.424050
32.431375
32.439425
32.444875
32.458900
32.465025
32.473375
32.484375
32.490775
32.498725
32.509875
32.519875
32.531650
32.544400
32.552925
32.564025
32.574225
32.585175
32.598050
32.604925
32.622175
32.628900
32.641150
32.651550
32.659050
32.685900
32.694000
32.701750
32.707150
32.714400
32.720750
32.727025
32.731800
32.735925
32.746425
32.752625
32.757400
32.765000
32.771950
32.779600
32.789875
32.796200
32.805050
32.812925
32.819775
32.827175
32.834100
32.847300
32.854850
32.866825
32.877400
32.887775
32.896250
32.903900
32.916350
32.925350
32.940650
32.951025
32.957675
32.973225
32.983075
32.992750
33.009550
33.016350
33.024400
33.030925
33.055675
33.063700
33.073175
33.078650
33.083850
33.089975
33.097475
33.102500
33.117100
33.123225
33.131225
33.142175
33.151825
33.159300
33.173400
33.181650
33.194475
33.207500
33.212175
33.220450
33.226825
33.233000
33.239450
33.245250
33.257650
33.268550
33.274325
33.291300
33.297650
33.302725
33.319125
33.323850
33.332500
33.339800
33.346550
33.354800
33.363500
33.372500
33.385775
33.394800
33.410325
33.420325
33.430825
33.445375
33.460400
33.468650
33.480750
33.492450
33.502800
33.511200
33.521800
33.532075
33.548425
33.559250
33.571000
33.581750
33.593675
33.607725
33.614875
33.631400
33.647400
33.657925
33.663825
33.673625
33.679625
33.687550
33.694150
33.704250
33.711900
33.720750
33.729325
33.737650
33.742450
33.747950
33.754575
33.759350
33.766750
33.779125
33.784625
33.791275
33.800525
33.806200
33.812650
33.818475
33.826500
33.833700
33.844950
33.851600
33.859500
33.875925
33.883825
33.890275
33.900100
33.906475
33.913125
33.923650
33.929850
33.935525
33.946850
33.953600
33.967825
33.977525
33.994775
34.006575
34.019475
34.028225
34.044375
34.055450
34.066900
34.073400
34.083750
34.101625
34.112650
34.130575
34.147975
34.157350
34.175025
34.186450
34.200550
34.210950
34.219525
34.228550
34.235850
34.242550
34.247475
34.254250
34.259650
34.266900
34.272725
34.280750
34.286275
34.293700
34.301075
34.309550
34.317150
34.324750
34.333200
34.347300
34.355950
34.364675
34.374300
34.384700
34.394725
34.403075
34.410900
34.420550
34.433050
34.443075
34.450500
34.460200
34.466600
34.474950
34.488975
34.500250
34.513075
34.519375
34.529975
34.536200
34.545000
34.551700
34.559275
34.566350
34.573475
34.577875
34.585600
34.594500
34.602350
34.609875
34.616100
34.627025
34.635950
34.642000
34.648925
34.654425
34.663975
34.669375
34.676350
34.683900
34.693300
34.704350
34.720650
34.732575
34.739450
34.751575
34.759825
34.769125
34.779425
34.790075
34.803775
34.813975
34.824500
34.834500
34.844750
34.858375
34.871025
34.880650
34.901600
34.923000
34.930675
34.942650
34.949050
34.955500
34.964000
34.968700
34.974525
34.979900
34.992075
34.999275
35.005025
35.010725
35.016175
35.023625
35.029150
35.035175
35.041400
35.048500
35.055850
35.063850
35.070300
35.079100
35.087075
35.101675
35.119450
35.126625
35.135125
35.143400
35.149800
35.156750
35.165150
35.175050
35.182950
35.191150
35.201325
35.208725
35.216050
35.224450
35.232100
35.240475
35.247925
35.261625
35.274600
35.287850
35.295975
35.307475
35.317075
35.331775
35.345525
35.359250
35.373375
35.387900
35.401475
35.417400
35.433300
35.439750
35.451025
35.461325
35.472225
35.480925
35.490350
35.498800
35.505400
35.513550
35.525525
35.535650
35.542825
35.552825
35.571800
35.583850
35.594500
35.603775
35.615300
35.624100
35.642100
35.654100
35.667400
35.683025
35.701100
35.712500
35.723475
35.737475
35.752675
35.764325
35.772850
35.786825
35.795600
35.801275
35.808575
35.815900
35.826150
35.833150
35.840075
35.848675
35.857875
35.865250
35.879125
35.891525
35.905525
35.919250
35.932075
35.943250
35.956950
35.974000
35.986900
35.999200
36.013750
36.024475
36.044225
36.057800
36.065625
36.072175
36.085325
36.091775
36.096500
36.111225
36.121600
36.126600
36.131050
36.136675
36.141250
36.154675
36.161425
36.168775
36.178125
36.189000
36.199175
36.211075
36.223450
36.242200
36.252075
36.258850
36.271075
36.280675
36.291250
36.299025
36.308200
36.322200
36.330725
36.338400
36.344575
36.353475
36.361450
36.368625
36.377775
36.384125
36.396150
36.422050
36.430325
36.438350
36.443975
36.451000
36.460250
36.466650
36.474625
36.483300
36.490050
36.498425
36.505400
36.514625
36.521475
36.528450
36.535050
36.541900
36.548125
36.552925
36.561350
36.568275
36.581800
36.588150
36.594100
36.602775
36.611050
36.620325
36.629000
36.636300
36.644350
36.649975
36.662050
36.670400
36.688975
36.697550
36.708100
36.718425
36.727800
36.737150
36.752400
36.759625
36.770275
36.781925
36.801925
36.811050
36.817850
36.824725
36.835725
36.845250
36.853625
36.863975
36.872150
36.882050
36.894200
36.901400
36.910675
36.916725
36.923150
36.930375
36.938975
36.945125
36.953050
36.969500
36.975650
36.983275
36.989375
36.997900
37.005100
37.012750
37.021350
37.031400
37.039450
37.046450
37.057850
37.064350
37.071625
37.080375
37.088475
37.099800
37.117525
37.127675
37.133800
37.145450
37.153300
37.166325
37.178950
37.190975
37.205475
37.215350
37.231000
37.243675
37.255900
37.262225
37.275500
37.284775
37.297175
37.309600
37.319725
37.338450
37.352025
37.365975
37.382000
37.392425
37.402625
37.409500
37.420300
37.427575
37.438350
37.449600
37.458600
37.473250
37.484000
37.495025
37.507525
37.518000
37.527725
37.539875
37.550275
37.559900
37.567875
37.574425
37.586025
37.594100
37.606300
37.616225
37.625475
37.634525
37.643500
37.654700
37.663725
37.671875
37.684650
37.692875
37.706500
37.712275
37.723625
37.733700
37.745200
37.754425
37.762825
37.774375
37.781500
37.790200
37.800625
37.810800
37.822925
37.829775
37.842000
37.850775
37.857575
37.866350
37.873700
37.880775
37.887750
37.892375
37.901025
37.907875
37.913875
37.921775
37.928800
37.936775
37.944850
37.951075
37.958975
37.969650
37.986000
37.995800
38.004125
38.026250
38.037500
38.043200
38.052750
38.064350
38.073025
38.082700
38.091650
38.098650
38.110925
38.123275
38.131550
38.139275
38.148050
38.156575
38.163625
38.172550
38.180250
38.189450
38.197275
38.205875
38.215350
38.225200
38.236000
38.245050
38.256000
38.263900
38.275475
38.284800
38.296000
38.305300
38.318600
38.329425
38.338825
38.354725
38.361675
38.370475
38.381975
38.389775
38.398500
38.400675
38.405600
38.412400
38.421375
38.426650
38.437200
38.443600
38.451325
38.459175
38.466375
38.477675
38.484675
38.501250
38.507850
38.519350
38.529925
38.539250
38.548275
38.558800
38.568150
38.578400
38.586500
38.596725
38.608000
38.615575
38.623650
38.636700
38.650925
38.662100
38.674900
38.684600
38.697025
38.709000
38.718800
38.728500
38.740050
38.758575
38.768750
38.779125
38.788900
38.803550
38.816225
38.829375
38.842175
38.851125
38.867425
38.874525
38.886000
38.893375
38.902125
38.911275
38.933825
38.944925
38.958775
38.966900
38.974200
38.984250
38.995600
39.003075
39.012150
39.022950
39.032975
39.043275
39.056950
39.071950
39.083925
39.094400
39.102250
39.116675
39.128700
39.137625
39.148125
39.155775
39.168050
39.173750
39.183825
39.193025
39.204075
39.211500
39.220975
39.227100
39.236775
39.242450
39.251275
39.258575
39.266350
39.273950
39.280975
39.288850
39.296500
39.303200
39.313200
39.322550
39.332275
39.339550
39.349250
39.356325
39.367250
39.373600
39.382650
39.392475
39.402225
39.414675
39.423050
39.432075
39.441700
39.456000
39.467700
39.473750
39.480850
39.490025
39.501875
39.511800
39.522775
39.530625
39.538850
39.548250
39.559225
39.569425
39.580150
39.589900
39.597275
39.605500
39.615325
39.622750
39.628050
39.634700
39.640125
39.649675
39.655775
39.662825
39.672725
39.678075
39.688400
39.695175
39.702975
39.710375
39.718100
39.724925
39.731575
39.740850
39.747275
39.754500
39.763200
39.772475
39.778650
39.786150
39.796225
39.808000
39.815400
39.824975
39.831500
39.839575
39.853300
39.861075
39.874475
39.879625
39.902725
39.908550
39.921600
39.931300
39.938400
39.948175
39.960400
39.972650
39.980225
39.988850
39.997250
40.004025
40.012025
40.020425
40.027375
40.033475
40.040725
40.050425
40.056750
40.063050
40.068650
40.076700
40.090950
40.097050
40.104075
40.110900
40.118275
40.123950
40.138250
40.156525
40.166175
40.172125
40.180750
40.189850
40.202275
40.210800
40.221175
40.229325
40.243525
40.253525
40.264175
40.277750
40.287250
40.301075
40.309700
40.325175
40.337050
40.350350
40.359900
40.367000
40.376025
40.380350
40.389600
40.396400
40.407225
40.413450
40.421775
40.428500
40.438375
40.447050
40.453475
40.463850
40.471825
40.479225
40.486600
40.498150
40.507425
40.520200
40.526725
40.533475
40.549475
40.556800
40.565325
40.575900
40.582500
40.596325
40.608400
40.621025
40.632025
40.640200
40.650150
40.662450
40.671725
40.691450
40.700625
40.711025
40.721775
40.731000
40.742750
40.751475
40.758250
40.766725
40.773100
40.786050
40.793950
40.802350
40.806850
40.813525
40.822025
40.832200
40.838400
40.851825
40.862050
40.871725
40.883575
40.894300
40.900775
40.910550
40.916175
40.925525
40.931675
40.936825
40.945900
40.956600
40.963925
40.972825
40.983025
40.990350
41.002425
41.013600
41.025550
41.035550
41.041725
41.048375
41.055750
41.065225
41.075725
41.083350
41.088850
41.093825
41.103000
41.110325
41.118400
41.124250
41.130550
41.137375
41.145000
41.154550
41.163100
41.170350
41.176525
41.183175
41.191650
41.197450
41.203425
41.213150
41.221050
41.226975
41.234950
41.242025
41.252150
41.263475
41.272900
41.279850
41.287075
41.295775
41.306575
41.314650
41.326475
41.335400
41.349900
41.357775
41.365075
41.375325
41.385400
41.400100
41.409700
41.423225
41.435750
41.445850
41.454725
41.460850
41.475875
41.482525
41.495575
41.505050
41.514875
41.522800
41.541275
41.554700
41.565500
41.577075
41.587250
41.598975
41.605900
41.616000
41.624800
41.634500
41.640200
41.649825
41.657000
41.662325
41.670975
41.679075
41.688350
41.694125
41.703550
41.714675
41.722400
41.740325
41.746250
41.753250
41.758875
41.769025
41.773950
41.781975
41.787575
41.802175
41.807775
41.816250
41.825775
41.836825
41.846850
41.854000
41.861950
41.867900
41.874200
41.881850
41.886150
41.892125
41.900400
41.907725
41.915900
41.926275
41.932775
41.951125
41.960725
41.969875
41.979075
41.986375
41.996300
42.008750
42.019425
42.030425
42.037500
42.044300
42.058750
42.068350
42.078225
42.085850
42.091950
42.100425
42.109150
42.121875
42.128775
42.137525
42.144550
42.154050
42.160600
42.170275
42.176775
42.182925
42.191625
42.199150
42.210425
42.217950
42.226250
42.232500
42.240225
42.246225
42.257100
42.264150
42.270750
42.277225
42.282950
42.289325
42.295300
42.300525
42.309550
42.314325
42.320175
42.333275
42.339100
42.354175
42.362875
42.367625
42.375275
42.382000
42.395150
42.401675
42.409950
42.416475
42.423875
42.432675
42.439100
42.445475
42.450075
42.457300
42.463825
42.471575
42.477275
42.483225
42.488075
42.495425
42.501475
42.507125
42.513075
42.518350
42.525125
42.530125
42.536875
42.541975
42.547900
42.552175
42.562450
42.569375
42.574100
42.581850
42.587375
42.591875
42.606475
42.613875
42.624850
42.630275
42.635300
42.652375
42.658725
42.664600
42.671750
42.677350
42.685375
42.692350
42.697600
42.706975
42.714075
42.718325
42.727450
42.733550
42.740150
42.746850
42.752375
42.758850
42.764250
42.774475
42.780300
42.786200
42.793525
42.803650
42.815375
42.822975
42.830650
42.837350
42.842675
42.856975
42.862750
42.869900
42.877275
42.883425
42.891925
42.899225
42.909575
42.918200
42.923725
42.933250
42.941025
42.947150
42.953425
42.963000
42.972200
42.979150
42.993875
42.999800
43.015275
43.030900
43.039250
43.055725
43.064725
43.075525
43.084800
43.094475
43.104850
43.117575
43.126675
43.138600
43.151275
43.159875
43.166325
43.179325
43.186650
43.205500
43.213675
43.224100
43.232075
43.240725
43.248925
43.255725
43.262900
43.274125
43.290775
43.296425
43.307425
43.316300
43.325025
43.336625
43.346225
43.363650
43.373175
43.383550
43.394300
43.402450
43.419625
43.431775
43.443575
43.461875
43.469575
43.477800
43.491825
43.502800
43.512100
43.520950
43.533475
43.541725
43.547875
43.555475
43.567875
43.572575
43.581550
43.591075
43.599825
43.606100
43.613900
43.624000
43.632050
43.647875
43.655750
43.662650
43.670775
43.682425
43.690275
43.699450
43.704850
43.714400
43.721125
43.731575
43.740775
43.747950
43.755000
43.765375
43.775675
43.788275
43.800000
43.805275
43.813750
43.822000
43.834900
43.842325
43.850250
43.862700
43.872725
43.890700
43.898750
43.906500
43.917200
43.924975
43.934375
43.940675
43.950050
43.957950
43.964525
43.971475
43.979800
43.989025
43.993425
44.000750
44.007800
44.025475
44.034575
44.040850
44.047475
44.060575
44.067450
44.075650
44.083400
44.090675
44.095550
44.110000
44.116350
44.123625
44.129875
44.135250
44.142025
44.151125
44.159750
44.167725
44.177100
44.184550
44.190300
44.198100
44.206750
44.213475
44.231525
44.240025
44.248125
44.257450
44.266300
44.275325
44.282600
44.289450
44.303750
44.311100
44.318925
44.324425
44.329600
44.346550
44.354050
44.359625
44.366100
44.380025
44.387100
44.392975
44.398050
44.404050
44.410575
44.416925
44.421825
44.429900
44.436825
44.442000
44.450625
44.456175
44.461800
44.469375
44.476050
44.484750
44.497450
44.503675
44.508100
44.519675
44.525975
44.537650
44.544175
44.549450
44.555400
44.563625
44.573125
44.578150
44.585625
44.592125
44.598300
44.610925
44.625200
44.632400
44.639150
44.645600
44.652225
44.670550
44.682925
44.689200
44.693800
44.701275
44.707500
44.712625
44.719525
44.729175
44.733525
44.738450
44.745775
44.750825
44.758900
44.764025
44.770325
44.775225
44.780350
44.786225
44.793400
44.796675
44.802550
44.814150
44.834575
44.842375
44.848300
44.857000
44.867350
44.874675
44.882250
44.896725
44.901975
44.911750
44.917800
44.926400
44.934625
44.939275
44.951175
44.959375
44.965250
44.972350
44.981050
44.987525
44.994975
45.002250
45.008825
45.017750
45.032725
45.039925
45.047350
45.057000
45.069100
45.081325
45.092550
45.102700
45.114200
45.124500
45.131350
45.144925
45.151825
45.169725
45.178450
45.187075
45.200225
45.215200
45.223750
45.237675
45.247050
45.261600
45.273175
45.283525
45.291925
45.299925
45.307300
45.318475
45.323200
45.328600
45.336700
45.342700
45.349375
45.356675
45.364275
45.369200
45.375675
45.382375
45.388700
45.397025
45.403700
45.411375
45.417250
45.424250
45.431900
45.441925
45.455350
45.464450
45.478175
45.486400
45.498700
45.506975
45.518925
45.528400
45.541975
45.551025
45.561225
45.569750
45.581175
45.588725
45.603250
45.610075
45.620825
45.628675
45.634375
45.645275
45.652400
45.659575
45.668050
45.677600
45.686600
45.694725
45.700700
45.706450
45.714500
45.728300
45.737900
45.744550
45.749575
45.755500
45.762075
45.768550
45.781725
45.790850
45.813375
45.819450
45.830625
45.849475
45.862050
45.875125
45.886600
45.892900
45.904225
45.917475
45.926900
45.942325
45.954600
45.971075
45.986850
45.994350
46.003050
46.010800
46.018175
46.034725
46.040475
46.045925
46.054350
46.075475
46.081850
46.087950
46.095975
46.105700
46.110350
46.118375
46.125675
46.133025
46.143850
46.152325
46.157025
46.163100
46.172850
46.178775
46.182925
46.189600
46.195775
46.203300
46.216750
46.221450
46.226850
46.232625
46.238950
46.244925
46.251300
46.256325
46.261925
46.266750
46.272950
46.279725
46.285775
46.293950
46.300700
46.307800
46.315650
46.322475
46.328775
46.334500
46.344225
46.358650
46.365525
46.372325
46.380700
46.390025
46.396100
46.403275
46.413200
46.419750
46.430775
46.439025
46.450850
46.464600
46.475750
46.481400
46.488250
46.500350
46.509725
46.521000
46.527375
46.541325
46.546625
46.560400
46.571600
46.580425
46.587100
46.595675
46.606800
46.612075
46.618025
46.626750
46.635900
46.642100
46.646225
46.653875
46.660775
46.667800
46.680675
46.694825
46.701275
46.707375
46.721675
46.727125
46.733400
46.739000
46.744625
46.752125
46.758100
46.765500
46.773700
46.781575
46.789975
46.795150
46.809975
46.818050
46.823975
46.830450
46.837450
46.845775
46.851875
46.858525
46.864600
46.870825
46.877700
46.884125
46.889150
46.896825
46.908400
46.915025
46.921325
46.926300
46.931475
46.943875
46.950775
46.956625
46.967275
46.972850
46.978400
46.991400
47.003975
47.010175
47.022050
47.035775
47.038750
47.043450
47.049400
47.057200
47.065100
47.072875
47.080825
47.086425
47.096100
47.102850
47.111525
47.117425
47.125175
47.131425
47.151850
47.157050
47.163100
47.170600
47.175825
47.184100
47.190550
47.197900
47.206450
47.214175
47.222175
47.242725
47.247875
47.264475
47.271225
47.284500
47.288850
47.295925
47.303525
47.310600
47.317950
47.325000
47.331075
47.340275
47.346975
47.359825
47.372200
47.378950
47.383775
47.389875
47.397300
47.402750
47.411225
47.416775
47.432725
47.437725
47.442300
47.448300
47.456525
47.461425
47.467775
47.473175
47.477400
47.482525
47.487375
47.493550
47.499900
47.505425
47.510275
47.522250
47.529100
47.538975
47.545750
47.550875
47.556500
47.560925
47.565450
47.572275
47.578275
47.583200
47.588300
47.593125
47.598700
47.605525
47.611625
47.620125
47.627225
47.631725
47.640450
47.648225
47.656125
47.662825
47.668800
47.674050
47.679650
47.686500
47.695150
47.701325
47.707650
47.712800
47.721300
47.727375
47.734300
47.739075
47.745150
47.750350
47.755950
47.764525
47.772400
47.777575
47.786250
47.794175
47.801800
47.809350
47.816900
47.831275
47.843625
47.849275
47.854125
47.861875
47.867975
47.876775
47.883375
47.892500
47.897325
47.902675
47.909200
47.919850
47.928750
47.936725
47.945050
47.952575
47.961025
47.969225
47.980075
47.985450
48.005875
48.013800
48.021350
48.030875
48.038350
48.052225
48.060275
48.068975
48.081000
48.086800
48.094025
48.101025
48.108525
48.114500
48.119225
48.128800
48.132650
48.140050
48.154300
48.166975
48.173400
48.189475
48.195125
48.201775
48.207150
48.212825
48.218175
48.224025
48.230475
48.233775
48.238650
48.244725
48.250200
48.255025
48.262350
48.271700
48.277750
48.284750
48.291375
48.297475
48.303425
48.309425
48.313650
48.320075
48.336825
48.342450
48.350175
48.362850
48.371300
48.378025
48.389675
48.401775
48.408075
48.415850
48.428725
48.437900
48.446925
48.460950
48.472800
48.480075
48.494375
48.507950
48.518975
48.533900
48.541975
48.551525
48.561525
48.571225
48.578375
48.584975
48.592750
48.598400
48.606850
48.613175
48.622175
48.629450
48.636700
48.643400
48.650450
48.660800
48.667875
48.674775
48.680800
48.690100
48.695625
48.701475
48.713925
48.719500
48.725875
48.731900
48.738550
48.744975
48.754075
48.771725
48.778100
48.784100
48.791400
48.802525
48.810425
48.815650
48.821375
48.830375
48.841750
48.848675
48.855275
48.870075
48.875825
48.879975
48.886650
48.895600
48.904250
48.910525
48.915875
48.924825
48.931525
48.939275
48.946275
48.952125
48.960225
48.975975
48.985575
48.994900
49.002150
49.013125
49.021775
49.029025
49.039025
49.065125
49.075975
49.089400
49.099175
49.111700
49.120375
49.131200
49.137850
49.147725
49.157175
49.162975
49.167900
49.172900
49.181700
49.187525
49.193575
49.198350
49.206500
49.214725
49.220250
49.226725
49.233650
49.239750
49.243925
49.250125
49.255150
49.264575
49.274900
49.286300
49.290275
49.305950
49.311925
49.316375
49.321125
49.330000
49.336850
49.340950
49.345300
49.349225
49.354500
49.359300
49.365725
49.379600
49.391525
49.398375
49.403750
49.409375
49.414625
49.424675
49.436400
49.444025
49.459475
49.468925
49.479525
49.494250
49.502325
49.513850
49.528600
49.536025
49.547275
49.560475
49.568525
49.576100
49.582400
49.591525
49.605500
49.617675
49.624850
49.628875
49.633400
49.638000
49.644425
49.649975
49.661600
49.667100
49.672925
49.678800
49.684625
49.691225
49.696650
49.702325
49.709275
49.714250
49.721250
49.727275
49.739450
49.745500
49.753000
49.756625
49.767675
49.778075
49.785825
49.792775
49.806350
49.813000
49.819375
49.831700
49.838675
49.843575
49.850575
49.859950
49.868425
49.875275
49.881350
49.887875
49.901650
49.908800
49.916075
49.923550
49.934350
49.941475
49.959025
49.962950
49.981150
49.989075
49.995000
50.000250
50.013100
50.018800
50.025250
50.052400
50.058225
50.068025
50.076650
50.086175
50.091800
50.097375
50.106600
50.115200
50.133575
50.139300
50.144875
50.152100
50.164275
50.168800
50.176050
50.183200
50.188700
50.192675
50.197650
50.202575
50.209050
50.216200
50.219800
50.223725
50.228950
50.234150
50.244625
50.254000
50.259200
50.265200
50.278425
50.290150
50.295050
50.300800
50.318425
50.330950
50.340400
50.346475
50.351225
50.356675
50.370400
50.375350
50.388025
50.392850
50.398175
50.402525
50.406450
50.419575
50.425450
50.431850
50.449575
50.454700
50.469975
50.478400
50.484500
50.492125
50.501725
50.510600
50.517875
50.524750
50.534775
50.546850
50.555625
50.562275
50.576525
50.582050
50.591150
50.602125
50.608900
50.619400
50.632100
50.640650
50.646675
50.654375
50.662100
50.669525
50.678000
50.685750
50.689675
50.695350
50.702925
50.709525
50.716075
50.721850
50.727350
50.738425
50.749875
50.755175
50.760850
50.768050
50.774850
50.779800
50.784975
50.798725
50.812250
50.819700
50.827525
50.832075
50.839475
50.846275
50.851775
50.859500
50.866475
50.873950
50.880100
50.887675
50.896200
50.903700
50.916600
50.924100
50.931975
50.942100
50.949075
50.957475
50.965200
50.971200
50.981775
50.987375
50.995025
51.009375
51.017275
51.022550
51.029825
51.036225
51.045175
51.052525
51.066425
51.075000
51.083300
51.088225
51.096625
51.104000
51.110125
51.115350
51.122825
51.129875
51.138850
51.144975
51.155375
51.164175
51.172375
51.180100
51.185700
51.193275
51.200825
51.206950
51.214525
51.220250
51.224675
51.233150
51.240050
51.262750
51.288050
51.294125
51.312600
51.327025
51.334225
51.342400
51.350925
51.357550
51.366075
51.372950
51.380800
51.388000
51.396500
51.404700
51.414525
51.424300
51.431475
51.438875
51.444375
51.450100
51.458400
51.464175
51.469850
51.484325
51.491700
51.499975
51.509000
51.518775
51.524175
51.530775
51.541000
51.547625
51.552975
51.558775
51.568600
51.575925
51.585300
51.593425
51.600375
51.609225
51.618975
51.629825
51.642975
51.650175
51.662850
51.670600
51.686675
51.700525
51.709050
51.719475
51.730275
51.739425
51.759350
51.777725
51.785700
51.800425
51.815075
51.825500
51.837800
51.848450
51.859675
51.867575
51.886100
51.895825
51.907300
51.922625
51.935800
51.942525
51.955200
51.964150
51.973825
51.982225
51.993400
52.000325
52.008925
52.016175
52.024700
52.035425
52.042700
52.048875
52.057625
52.065175
52.075850
52.082800
52.092200
52.106350
52.113025
52.123925
52.133275
52.143000
52.149575
52.158850
52.170225
52.177250
52.185975
52.194725
52.212450
52.219475
52.231475
52.238025
52.245875
52.252725
52.258325
52.265325
52.273150
52.279200
52.284625
52.291950
52.298600
52.308350
52.321800
52.330825
52.337225
52.347975
52.355225
52.359925
52.365850
52.374800
52.387325
52.395650
52.403325
52.423500
52.434350
52.449100
52.461125
52.472150
52.486525
52.501150
52.512350
52.521625
52.530625
52.537750
52.544375
52.551175
52.559000
52.567525
52.573600
52.583175
52.591450
52.596475
52.605350
52.614600
52.621550
52.630575
52.639200
52.649925
52.659250
52.670025
52.679450
52.689900
52.702350
52.716375
52.724800
52.734800
52.746350
52.759400
52.772575
52.787200
52.800375
52.809475
52.821175
52.828675
52.837875
52.845025
52.851175
52.856900
52.865675
52.872775
52.881950
52.889600
52.899325
52.907325
52.916150
52.924350
52.931050
52.943600
52.951675
52.962350
52.972225
52.999275
53.009975
53.018675
53.031050
53.040450
53.065475
53.072200
53.084225
53.095825
53.114375
53.135100
53.145650
53.154975
53.164800
53.171825
53.182025
53.191125
53.209300
53.216975
53.223975
53.239150
53.248225
53.261025
53.274225
53.287225
53.299425
53.311275
53.317400
53.325575
53.335000
53.341700
53.347850
53.351500
53.356475
53.360450
53.368975
53.384375
53.399075
53.407500
53.415100
53.421400
53.429825
53.436250
53.443475
53.450275
53.458425
53.468425
53.479600
53.489700
53.498825
53.514650
53.520425
53.531550
53.538925
53.552650
53.564325
53.570850
53.584950
53.594275
53.604300
53.616475
53.624375
53.635750
53.649050
53.661225
53.673575
53.690525
53.700900
53.707525
53.715525
53.724125
53.734700
53.743950
53.748925
53.756550
53.762200
53.770075
53.775525
53.783975
53.791125
53.806125
53.819900
53.827825
53.844025
53.850225
53.862500
53.868975
53.883000
53.892375
53.902675
53.910625
53.920225
53.933700
53.941800
53.956225
53.968625
53.976100
53.988175
54.000775
54.022575
54.033650
54.045800
54.056675
54.064600
54.076225
54.084075
54.092150
54.099350
54.107625
54.115425
54.123100
54.133925
54.141550
54.145650
54.153575
54.160350
54.167850
54.173925
54.179750
54.188400
54.195225
54.202050
54.210600
54.229875
54.235900
54.244375
54.258300
54.269550
54.283675
54.290900
54.300750
54.311150
54.324150
54.330300
54.340925
54.350625
54.364150
54.374925
54.386250
54.401950
54.410975
54.429025
54.441625
54.452250
54.460675
54.470975
54.478700
54.488050
54.496300
54.502875
54.510875
54.537375
54.542775
54.560650
54.566350
54.573475
54.584025
54.592150
54.609475
54.618275
54.626300
54.631700
54.638275
54.643100
54.649975
54.654725
54.660850
54.669225
54.721725
54.729200
54.734975
54.744050
54.757925
54.774600
54.783000
54.791250
54.798575
54.805500
54.813975
54.821200
54.829900
54.847825
54.855850
54.864850
54.877100
54.891300
54.899725
54.908900
54.915525
54.923175
54.931300
54.946000
54.963850
54.970550
54.988225
54.996925
55.011250
55.017525
55.024925
55.040500
55.048400
55.054900
55.061925
55.069025
55.076100
55.084000
55.099125
55.109125
55.127550
55.136900
55.142075
55.151975
55.158575
55.174850
55.185075
55.193450
55.204425
55.218650
55.224925
55.236200
55.249450
55.259225
55.266650
55.279025
55.288350
55.293875
55.299250
55.309250
55.318475
55.326425
55.336100
55.341000
55.348800
55.359475
55.364950
55.372550
55.380800
55.391275
55.396800
55.406725
55.412050
55.426375
55.432850
55.445925
55.453575
55.464400
55.471300
55.480500
55.487250
55.493625
55.502700
55.513800
55.523550
55.532275
55.542875
55.548825
55.556525
55.572275
55.579000
55.590800
55.603125
55.613450
55.637500
55.655900
55.662350
55.675600
55.689500
55.700400
55.710150
55.722150
55.728850
55.740700
55.752125
55.762425
55.774525
55.781525
55.795575
55.805975
55.829500
55.840650
55.851925
55.860850
55.866975
55.881625
55.887550
55.892700
55.897825
55.903525
55.911450
55.925500
55.939400
55.952850
55.962475
55.969225
55.991725
56.008750
56.022200
56.032200
56.042775
56.053450
56.062800
56.073850
56.081350
56.094400
56.100625
56.113425
56.121250
56.130750
56.138375
56.151225
56.164600
56.180450
56.189300
56.202800
56.220200
56.229450
56.236950
56.249625
56.263850
56.273050
56.282900
56.291825
56.298250
56.312850
56.318775
56.325325
56.334375
56.352450
56.362925
56.369075
56.376625
56.383525
56.397050
56.404000
56.419800
56.436525
56.441300
56.449725
56.455575
56.469725
56.475400
56.489275
56.498150
56.512000
56.518650
56.530875
56.540900
56.546025
56.556225
56.565125
56.574400
56.580350
56.586775
56.596875
56.627925
56.634800
56.644450
56.650775
56.656675
56.663225
56.690450
56.696925
56.701525
56.705800
56.713350
56.721100
56.729700
56.747150
56.765500
56.775400
56.788350
56.795450
56.807800
56.817650
56.829375
56.840825
56.854600
56.864950
56.872000
56.879200
56.892275
56.900725
56.913825
56.922175
56.938825
56.953050
56.961500
56.975775
56.990875
57.008950
57.014750
57.026175
57.033675
57.043650
57.050750
57.056525
57.071825
57.079500
57.085550
57.095275
57.103675
57.111375
57.116500
57.123600
57.131075
57.136150
57.158625
57.165375
57.176650
57.187450
57.199050
57.209500
57.228575
57.235775
57.249450
57.256500
57.268950
57.276975
57.289575
57.304400
57.314475
57.326550
57.332725
57.337850
57.346125
57.353750
57.358900
57.365875
57.373375
57.379875
57.386175
57.392900
57.399575
57.406150
57.411025
57.416575
57.421975
57.428750
57.435925
57.451250
57.458450
57.476400
57.484475
57.497925
57.517325
57.523275
57.531925
57.541700
57.548300
57.560975
57.579600
57.593850
57.601800
57.615450
57.636050
57.645300
57.658900
57.671375
57.680450
57.693475
57.722375
57.740525
57.749375
57.769450
57.784075
57.801200
57.807550
57.816425
57.830175
57.845100
57.852475
57.862550
57.868650
57.874775
57.880650
57.887400
57.910000
57.920225
57.930025
57.947950
57.955675
57.968950
57.978725
57.987025
57.994100
58.009025
58.020650
58.041250
58.054625
58.063525
58.072375
58.079350
58.085350
58.098575
58.116875
58.121800
58.142775
58.154625
58.163100
58.175750
58.194500
58.201950
58.209225
58.221450
58.227025
58.236625
58.239675
58.241850
58.261150
58.268600
58.278250
58.286275
58.305750
58.312925
58.324475
58.338625
58.350600
58.358375
58.368875
58.395575
58.406600
58.414425
58.427875
58.438775
58.454750
58.468950
58.494225
58.511975
58.541675
58.557525
58.568175
58.579850
58.587750
58.595800
58.602825
58.611150
58.616900
58.625250
58.631500
58.639750
58.655125
58.662875
58.670425
58.680800
58.687100
58.700675
58.712100
58.722425
58.735225
58.743400
58.756725
58.768550
58.780625
58.787950
58.810475
58.823200
58.833350
58.843525
58.869050
58.878150
58.886350
58.896725
58.910275
58.919300
58.935175
58.950675
58.959375
58.965450
58.973450
58.982475
58.994750
59.001175
59.007250
59.036100
59.042625
59.051050
59.067050
59.073350
59.107325
59.114350
59.122150
59.134175
59.143700
59.149000
59.160775
59.168750
59.178025
59.199425
59.222575
59.233925
59.246500
59.264350
59.280350
59.287475
59.303600
59.317175
59.332600
59.343200
59.353475
59.396175
59.401775
59.420900
59.426325
59.450300
59.458525
59.465950
59.473325
59.481325
59.489550
59.500900
59.507675
59.514850
59.527875
59.539325
59.545600
59.554250
59.572175
59.579275
59.588375
59.600975
59.612400
59.631075
59.643700
59.661025
59.668700
59.678250
59.700000
59.709625
59.726275
59.732400
59.738975
59.752450
59.756550
59.761900
59.768925
59.777525
59.785550
59.795425
59.800650
59.808075
59.816200
59.830575
59.853175
59.858900
59.868375
59.872925
59.879450
59.886550
59.893075
59.900150
59.908225
59.914575
59.921750
59.934275
59.955250
59.961025
59.969125
59.981325
59.987525
59.994525
60.004425
60.010100
60.018775
60.028050
60.036400
60.055100
60.066275
60.076225
60.087825
60.097650
60.111025
60.136850
60.142650
60.156825
60.164975
60.174975
60.195200
60.216150
60.226975
60.236925
60.247525
60.253675
60.267050
60.299825
60.309100
60.315850
60.328175
60.337325
60.352100
60.370175
60.379725
60.392725
60.397150
60.403975
60.425800
60.432500
60.439925
60.451200
60.470950
60.477150
60.482725
60.499575
60.508175
60.513325
60.520725
60.537950
60.550150
60.562875
60.578600
60.590000
60.610675
60.616275
60.623200
60.644175
60.652000
60.662925
60.675000
60.682700
60.687550
60.696650
60.708800
60.724575
60.735525
60.744000
60.765475
60.781725
60.789650
60.836525
60.843050
60.852800
60.866275
60.888575
60.899950
60.910575
60.927650
60.947375
60.956225
60.965475
60.974825
60.988900
60.996925
61.010900
61.026025
61.035550
61.057925
61.071850
61.086250
61.104450
61.116550
61.123625
61.146175
61.162300
61.167875
61.174375
61.196125
61.204075
61.216650
61.226375
61.235300
61.245700
61.258000
61.293150
61.306250
61.318000
61.333725
61.348450
61.357675
61.371325
61.377750
61.392125
61.399825
61.408950
61.419125
61.423375
61.442050
61.447450
61.452925
61.463200
61.476075
61.482675
61.493400
61.505125
61.514350
61.527325
61.540675
61.549225
61.560750
61.569475
61.581225
61.589850
61.611825
61.622100
61.638775
61.648875
61.659050
61.672425
61.688975
61.698800
61.711525
61.724700
61.740450
61.749625
61.759275
61.781650
61.792650
61.798275
61.805375
61.827500
61.835200
61.847525
61.854750
61.862625
61.887950
61.895575
61.913150
61.924100
61.938125
61.944275
61.960125
61.969750
61.977725
61.993100
62.000600
62.008850
62.019925
62.030100
62.037350
62.048525
62.064250
62.080225
62.094600
62.106700
62.118125
62.131125
62.141925
62.153075
62.162375
62.174975
62.187675
62.203575
62.217525
62.224850
62.235050
62.242825
62.251200
62.261650
62.267925
62.273950
62.281625
62.297025
62.304275
62.329925
62.345075
62.359025
62.372500
62.384525
62.395725
62.412425
62.430350
62.439575
62.454950
62.462325
62.472025
62.479225
62.487150
62.498550
62.508950
62.523525
62.539450
62.554800
62.565800
62.575175
62.589725
62.599750
62.609900
62.621900
62.630925
62.640900
62.659475
62.667850
62.674300
62.681075
62.688925
62.697650
62.728850
62.739200
62.748325
62.754825
62.763650
62.772950
62.781450
62.802875
62.811225
62.829050
62.838650
62.848675
62.861575
62.870625
62.878900
62.890775
62.901050
62.912250
62.925750
62.940225
62.949825
62.961325
62.987425
62.993975
63.004175
63.019375
63.050300
63.061300
63.067450
63.076325
63.091725
63.098250
63.106775
63.114200
63.124975
63.130500
63.136975
63.150925
63.158825
63.167125
63.175175
63.183350
63.191600
63.199775
63.216150
63.225000
63.233275
63.240725
63.247975
63.256850
63.265925
63.283800
63.292350
63.299150
63.314250
63.322600
63.327350
63.335800
63.344575
63.350425
63.360225
63.380075
63.388225
63.401625
63.417475
63.422675
63.433575
63.445600
63.464025
63.489825
63.499625
63.513325
63.524800
63.532050
63.541600
63.550825
63.566825
63.578825
63.588950
63.601100
63.615450
63.625700
63.637025
63.647625
63.661450
63.670425
63.679225
63.688000
63.702825
63.713400
63.721475
63.738975
63.754875
63.768725
63.787350
63.809050
63.814700
63.838825
63.845400
63.857350
63.865475
63.890000
63.909025
63.916500
63.930325
63.945025
63.955000
63.973600
63.984350
63.992075
64.017675
64.024575
64.031250
64.040900
64.049150
64.055850
64.062375
64.069375
64.076425
64.083825
64.093350
64.102850
64.111700
64.123575
64.132550
64.147275
64.157000
64.166650
64.177675
64.185075
64.207975
64.229450
64.241800
64.254275
64.266700
64.279325
64.290775
64.304250
64.311725
64.337975
64.362600
64.373250
64.384625
64.394475
64.405875
64.412275
64.420175
64.441800
64.448550
64.457800
64.463425
64.472725
64.480825
64.492650
64.504525
64.512125
64.522025
64.539675
64.552375
64.561250
64.572875
64.582775
64.591700
64.620800
64.629675
64.637200
64.645600
64.656350
64.667225
64.675825
64.686100
64.707925
64.714575
64.726325
64.739000
64.755925
64.773000
64.786500
64.805675
64.820475
64.833550
64.843925
64.853050
64.866450
64.883400
64.892300
64.900825
64.910225
64.926675
64.935725
64.944000
64.952825
64.961550
64.971600
64.978500
64.985250
64.997075
65.005750
65.012650
65.023450
65.034900
65.049300
65.079325
65.087725
65.096150
65.105675
65.115250
65.124375
65.135750
65.143425
65.162875
65.176200
65.185025
65.191425
65.209375
65.221000
65.234000
65.247750
65.257725
65.271950
65.282275
65.300400
65.320975
65.336025
65.347100
65.355325
65.363475
65.379175
65.391675
65.397850
65.406700
65.433075
65.443525
65.455750
65.474175
65.487625
65.497200
65.502625
65.523575
65.534450
65.541475
65.551625
65.562350
65.571825
65.580675
65.599750
65.601400
65.613000
65.621050
65.629475
65.644300
65.655750
65.670325
65.677550
65.686250
65.729700
65.737150
65.748600
65.763875
65.771725
65.800550
65.814475
65.826925
65.837000
65.847300
65.857000
65.865700
65.873225
65.882225
65.892800
65.899725
65.911875
65.920475
65.955700
65.965050
65.973275
65.991375
65.999325
66.019825
66.032850
66.048450
66.065175
66.079850
66.090175
66.117275
66.130750
66.142550
66.155625
66.165575
66.178750
66.187925
66.211575
66.221125
66.232900
66.245225
66.253600
66.264700
66.273825
66.281550
66.290550
66.312525
66.319425
66.350475
66.360800
66.373325
66.390850
66.402925
66.420675
66.432200
66.442250
66.456150
66.466500
66.476975
66.486200
66.493625
66.514675
66.541100
66.548150
66.554900
66.568625
66.575850
66.583075
66.591525
66.613450
66.619700
66.631300
66.642075
66.647875
66.656250
66.664525
66.690900
66.715150
66.720750
66.727925
66.736200
66.744600
66.752250
66.757550
66.774425
66.785950
66.804800
66.814300
66.819825
66.836025
66.843325
66.852825
66.860375
66.867550
66.881550
66.888050
66.900825
66.908325
66.916100
66.924625
66.933300
66.941825
66.947275
66.956550
66.961625
66.971450
66.991225
67.008300
67.030750
67.042100
67.051800
67.066725
67.080425
67.090975
67.107950
67.153650
67.167300
67.175900
67.207900
67.214725
67.229900
67.236250
67.241925
67.249500
67.261450
67.279025
67.287375
67.314725
67.323275
67.330900
67.339550
67.348500
67.356900
67.369100
67.395275
67.422575
67.436600
67.446250
67.457500
67.469550
67.491825
67.503575
67.515150
67.531100
67.538425
67.563100
67.575000
67.585300
67.603800
67.612300
67.620250
67.638825
67.645650
67.652050
67.669150
67.691625
67.699100
67.708450
67.717525
67.730000
67.738125
67.747150
67.753150
67.759925
67.792050
67.803525
67.812125
67.826850
67.848125
67.855900
67.866500
67.873175
67.882900
67.905375
67.913125
67.942050
67.948925
67.963225
67.971975
67.978225
67.985775
67.996300
68.004575
68.017750
68.024400
68.049325
68.054675
68.076500
68.113125
68.141575
68.163975
68.175850
68.183975
68.197300
68.207100
68.218350
68.257450
68.274200
68.310650
68.329125
68.345300
68.365500
68.392225
68.401750
68.416900
68.422575
68.453250
68.464800
68.471000
68.488450
68.499150
68.508525
68.561075
68.579225
68.597200
68.605650
68.622150
68.634375
68.644275
68.656475
68.665025
68.684400
68.696275
68.709225
68.719450
68.734625
68.751375
68.764750
68.777200
68.785650
68.804150
68.814925
68.823200
68.828175
68.836650
68.858575
68.868025
68.883250
68.900925
68.920125
68.938725
68.947425
68.954325
68.963500
68.977175
68.988025
69.011400
69.021150
69.048100
69.062025
69.070350
69.087325
69.099100
69.109775
69.124200
69.166475
69.183150
69.193475
69.206150
69.226825
69.232000
69.277850
69.287200
69.296400
69.330825
69.340775
69.346275
69.389825
69.399675
69.410625
69.428500
69.440300
69.478875
69.485900
69.506825
69.548425
69.558375
69.584625
69.596250
69.609025
69.621400
69.629900
69.641275
69.648300
69.676175
69.685275
69.712600
69.755700
69.765300
69.772575
69.786800
69.796875
69.803925
69.811250
69.837125
69.851125
69.862750
69.868850
69.876675
69.895950
69.907200
69.918225
69.928050
69.934050
69.951100
69.962075
69.969775
69.983950
69.993675
70.001700
70.023600
70.038150
70.046500
70.052375
70.060350
70.066100
70.091400
70.098000
70.106250
70.115350
70.153975
70.167925
70.182550
70.189350
70.197250
70.204275
70.213150
70.222200
70.239575
70.279075
70.285675
70.322550
70.332800
70.340050
70.349925
70.375500
70.395950
70.404575
70.412275
70.420675
70.430700
70.441800
70.453050
70.468550
70.486500
70.507450
70.516250
70.557700
70.568575
70.591525
70.620325
70.632025
70.670350
70.679225
70.689000
70.700025
70.720075
70.728000
70.743825
70.763125
70.786875
70.798475
70.804800
70.813325
70.842050
70.849425
70.860225
70.891875
70.907225
70.925650
70.939400
70.952925
70.968050
70.974950
70.982825
71.005150
71.017300
71.036875
71.044500
71.054375
71.071875
71.081925
71.094325
71.100725
71.119900
71.163975
71.174775
71.201025
71.211700
71.232475
71.243975
71.256500
71.275475
71.282775
71.306425
71.318200
71.338425
71.344025
71.357225
71.363175
71.373775
71.382275
71.390475
71.396775
71.431550
71.447550
71.464600
71.474350
71.492125
71.501400
71.510300
71.522400
71.530625
71.540350
71.551300
71.570875
71.582775
71.587875
71.598250
71.607675
71.636550
71.657075
71.664300
71.672000
71.682000
71.695900
71.707600
71.722825
71.739150
71.753275
71.766025
71.771675
71.783375
71.798650
71.811775
71.830875
71.855950
71.862000
71.887450
71.905025
71.927625
71.938425
71.946400
71.953950
71.961700
71.968300
71.975550
71.988375
71.994700
72.004975
72.014025
72.022825
72.042275
72.048400
72.055450
72.063625
72.070975
72.080000
72.089475
72.097425
72.126125
72.137350
72.159575
72.167975
72.178175
72.193675
72.203925
72.214775
72.224175
72.247725
72.260500
72.311900
72.391600
72.415400
72.422975
72.432650
72.457600
72.465125
72.483300
72.491100
72.502975
72.510625
72.554100
72.598850
72.609250
72.621175
72.643000
72.656025
72.681100
72.688925
72.703525
72.711525
72.731150
72.738950
72.752975
72.765425
72.771650
72.783975
72.790575
72.818900
72.827925
72.843875
72.857100
72.890000
72.899275
72.906775
72.916100
72.939450
72.974475
72.982100
72.997075
73.017675
73.043375
73.064175
73.073850
73.079400
73.087375
73.105800
73.123825
73.131250
73.150350
73.156650
73.163350
73.169100
73.181425
73.193725
73.198050
73.210300
73.224025
73.254075
73.260975
73.270300
73.355525
73.376375
73.407725
73.414950
73.456725
73.466525
73.480025
73.500675
73.511150
73.518800
73.533575
73.544800
73.550175
73.559175
73.570150
73.629225
73.644600
73.664650
73.739600
73.747850
73.781525
73.813175
73.828200
73.839025
73.859250
73.867500
73.879150
73.882675
73.928950
73.934900
73.946950
73.959650
73.964150
73.992025
74.005175
74.044000
74.058250
74.066950
74.106100
74.128475
74.137325
74.158225
74.180775
74.203000
74.211250
74.239225
74.243625
74.251225
74.261200
74.296575
74.313475
74.344900
74.351825
74.357950
74.377675
74.445300
74.453325
74.462125
74.472200
74.484525
74.501400
74.529850
74.540875
74.577475
74.610050
74.619925
74.642700
74.651550
74.692850
74.716575
74.747225
74.800750
74.818450
74.834900
74.863375
74.876125
74.881825
74.896775
74.901625
74.915575
74.921625
74.943075
74.948025
74.961725
74.973600
74.981325
75.006075
75.023700
75.034700
75.041825
75.062800
75.087350
75.112550
75.127300
75.145650
75.166450
75.180625
75.195225
75.206975
75.215650
75.220825
75.226900
75.261200
75.286800
75.294775
75.322300
75.329300
75.335375
75.363100
75.391875
75.420125
75.433775
75.442250
75.451875
75.465325
75.472550
75.484900
75.495225
75.506525
75.527475
75.538825
75.554425
75.565975
75.576500
75.588125
75.597350
75.622975
75.637250
75.644525
75.652775
75.658650
75.666475
75.693450
75.698575
75.704700
75.737500
75.745100
75.758000
75.766350
75.779650
75.787875
75.793675
75.802875
75.821425
75.832225
75.851150
75.858150
75.911000
75.925725
75.957325
75.967250
75.979175
75.989575
75.999925
76.013125
76.025075
76.035000
76.047950
76.058025
76.079050
76.085425
76.124450
76.127600
76.157275
76.160700
76.179625
76.183850
76.188675
76.212325
76.252250
76.258650
76.265725
76.277750
76.304425
76.315525
76.340375
76.348650
76.372975
76.384575
76.395625
76.413575
76.436425
76.470175
76.530675
76.537925
76.551175
76.558975
76.564350
76.588225
76.593325
76.598375
76.607175
76.613225
76.623800
76.630975
76.646400
76.659200
76.678075
76.682850
76.688325
76.692300
76.709550
76.722400
76.735200
76.745225
76.751750
76.765025
76.771025
76.787350
76.799525
76.834525
76.854175
76.870250
76.888175
76.898425
76.917025
76.930550
76.966450
76.983175
77.034850
77.047425
77.053050
77.061075
77.068050
77.084600
77.090175
77.110275
77.120850
77.152850
77.180900
77.185875
77.204900
77.224425
77.280350
77.284250
77.290475
77.304250
77.326550
77.342400
77.346550
77.352750
77.370500
77.394400
77.429150
77.434625
77.450875
77.494025
77.504175
77.524775
77.546875
77.560425
77.580250
77.606775
77.615775
77.623825
77.632700
77.675850
77.700775
77.708950
77.722400
77.732775
77.738850
77.743225
77.748475
77.754650
77.770725
77.780650
77.788600
77.801575
77.827250
77.854625
77.870875
77.876400
77.882400
77.908375
77.930500
77.942225
77.970875
77.994200
78.012475
78.018900
78.060325
78.091800
78.129575
78.136475
78.147025
78.151125
78.169450
78.174700
78.200575
78.210900
78.229225
78.250550
78.256050
78.291475
78.304250
78.316175
78.351775
78.388875
78.396825
78.401925
78.408125
78.415625
78.427500
78.436825
78.475700
78.482150
78.496300
78.505375
78.517050
78.526875
78.545000
78.563800
78.591300
78.627350
78.647875
78.659875
78.667725
78.684975
78.698050
78.705400
78.720750
78.740325
78.754225
78.795700
78.804625
78.822850
78.836150
78.859300
78.871950
78.892475
78.900100
78.903650
78.953400
78.980775
78.986675
78.994025
79.010600
79.016150
79.029025
79.037650
79.043075
79.074975
79.079800
79.098050
79.160000
79.182250
79.189950
79.243625
79.255125
79.274575
79.281775
79.302950
79.323625
79.338625
79.376200
79.437100
79.484925
79.501625
79.509675
79.549875
79.599700
79.607050
79.639650
79.646925
79.653400
79.670625
79.679650
79.686975
79.707375
79.716675
79.743450
79.749350
79.756800
79.761950
79.786075
79.790675
79.797325
79.801675
79.808175
79.819775
79.842925
79.855700
79.863200
79.869975
79.906150
79.911875
79.923600
79.962675
79.986100
79.993575
80.045500
80.066525
80.076425
80.088225
80.106025
80.139650
80.181850
80.191025
80.216025
80.230975
80.269625
80.319675
80.348725
80.384175
80.422725
80.440425
80.478375
80.488350
80.514150
80.523325
80.539175
80.545850
80.551300
80.560400
80.572825
80.580775
80.587975
80.593725
80.623600
80.638075
80.644525
80.652150
80.677825
80.683225
80.690700
80.783300
80.836050
80.846525
80.886625
80.907050
80.915450
80.923500
80.966700
80.975375
80.983675
80.993075
81.010850
81.055400
81.074375
81.086950
81.096275
81.121600
81.135900
81.144575
81.157900
81.164725
81.172600
81.188475
81.200950
81.235825
81.250350
81.285500
81.297425
81.312950
81.321375
81.326650
81.339325
81.345925
81.360275
81.367275
81.418275
81.442150
81.453625
81.474750
81.489250
81.515225
81.537925
81.587625
81.609225
81.624625
81.669375
81.679775
81.715450
81.731000
81.770025
81.791500
81.810400
81.817000
81.825625
81.852425
81.867550
81.885075
81.948400
81.959450
81.966750
81.977825
81.986475
82.056625
82.067675
82.119675
82.156225
82.169550
82.210450
82.217375
82.226500
82.237750
82.257400
82.305725
82.319950
82.345625
82.395200
82.459350
82.467575
82.483775
82.538000
82.572325
82.605150
82.638900
82.660175
82.705075
82.755325
82.762275
82.770350
82.808300
82.813200
82.819575
82.825875
82.831400
82.841175
82.854900
82.870775
82.900100
82.939750
82.955000
82.993200
83.002800
83.066575
83.079150
83.199350
83.302275
83.315425
83.346275
83.415375
83.435750
83.452075
83.494400
83.519425
83.599225
83.611175
83.622475
83.682625
83.691025
83.774175
83.789125
83.794250
83.815800
83.875125
83.913075
83.923825
83.933550
83.951975
83.978875
84.016925
84.043025
84.052925
84.063700
84.071025
84.083475
84.115375
84.135925
84.194550
84.219850
84.257050
84.264350
84.314475
84.322975
84.336550
84.344300
84.352275
84.365500
84.380475
84.426075
84.462250
84.471225
84.476375
84.538425
84.579375
84.602625
84.611075
84.634400
84.661675
84.728550
84.732500
84.746600
84.758475
84.763875
84.775550
84.790525
84.816300
84.834475
84.858975
84.888525
84.915375
84.946400
84.952875
84.962625
84.969850
84.983525
84.991925
85.001000
85.009600
85.070900
85.077100
85.146800
85.159300
85.164675
85.222125
85.230900
85.236550
85.279025
85.284375
85.358125
85.438250
85.462950
85.496850
85.516000
85.524425
85.585000
85.605300
85.617400
85.649125
85.705450
85.749300
85.760200
85.765075
85.771025
85.778875
85.796550
85.807525
85.824425
85.836400
85.857325
85.863750
85.869575
85.873925
85.890700
85.918250
85.939300
85.948225
85.958650
85.966675
85.985175
86.005075
86.041575
86.051125
86.119275
86.150950
86.187000
86.214500
86.243200
86.267025
86.302275
86.328400
86.333275
86.417450
86.486100
86.537375
86.566575
86.581300
86.596500
86.613025
86.666950
86.707150
86.751400
86.775875
86.790600
86.815525
86.828625
86.883550
86.902525
86.933400
86.990850
87.004800
87.012450
87.072875
87.081225
87.115375
87.147375
87.163250
87.191025
87.198525
87.231500
87.302525
87.311700
87.324325
87.332775
87.343900
87.353200
87.411850
87.442525
87.484600
87.529275
87.543775
87.566000
87.570500
87.577950
87.604675
87.610800
87.623550
87.629875
87.662100
87.712150
87.738325
87.758725
87.765725
87.797250
87.817175
87.893475
87.913650
87.943150
87.976400
87.994675
88.026325
88.062150
88.071900
88.080325
88.100500
88.123975
88.231375
88.252900
88.254300
88.270975
88.291450
88.296200
88.341850
88.371675
88.378550
88.383625
88.389875
88.399300
88.423250
88.450575
88.459975
88.494175
88.501900
88.551000
88.582600
88.610175
88.659275
88.680850
88.698525
88.727825
88.738800
88.763975
88.824750
88.856400
88.865525
88.898800
89.018475
89.024650
89.044200
89.050225
89.092225
89.103750
89.110100
89.123075
89.236400
89.258375
89.434800
89.452000
89.542200
89.556400
89.584025
89.592400
89.599075
89.613875
89.661975
89.739950
89.771225
89.783700
89.825175
89.848175
89.859700
89.897650
89.922050
89.951575
90.009250
90.036400
90.049450
90.072725
90.084050
90.103200
90.149125
90.180975
90.185250
90.241300
90.315025
90.332100
90.355825
90.387275
90.404925
90.454025
90.464800
90.477475
90.572475
90.584675
90.658625
90.667425
90.686250
90.719650
90.746225
90.758350
90.792500
90.808200
90.821625
90.849850
90.875325
90.881850
90.901525
90.971650
90.981675
90.992300
91.012075
91.056000
91.080250
91.130050
91.187175
91.203025
91.238025
91.250250
91.282575
91.291700
91.311425
91.376800
91.423225
91.430725
91.473100
91.479325
91.510725
91.517625
91.536525
91.571525
91.580450
91.594800
91.666475
91.725525
91.847875
91.855450
91.927800
91.935975
91.954750
91.984300
92.060975
92.142375
92.184950
92.194275
92.202800
92.210600
92.216925
92.358975
92.395725
92.415400
92.465325
92.546550
92.570675
92.595625
92.672350
92.681450
92.794700
92.803500
92.816300
92.839975
93.005250
93.070375
93.079175
93.116350
93.165225
93.187725
93.201625
93.206550
93.261050
93.349775
93.391175
93.425275
93.433925
93.463750
93.485925
93.520675
93.537700
93.559175
93.609575
93.645400
93.657500
93.767775
93.781325
93.858225
93.880725
93.926300
93.938050
93.947750
93.966650
94.008575
94.054475
94.073175
94.097700
94.116875
94.126550
94.173025
94.177000
94.271350
94.294300
94.327450
94.369275
94.412150
94.430400
94.596625
94.634600
94.659525
94.787525
94.853050
94.872225
95.033125
95.164500
95.183125
95.224450
95.310700
95.405975
95.438900
95.507225
95.524475
95.567000
95.580075
95.647100
95.776475
95.880950
96.106575
96.143050
96.197325
96.281425
96.290850
96.559250
96.651900
96.769625
96.773700
96.840400
96.872275
96.903275
96.954075
97.134725
97.198100
97.290150
97.385500
97.467875
97.517100
97.794000
97.806000
97.975375
98.069600
98.076900
98.183275
98.299850
98.373100
98.395100
98.491050
98.543350
98.701075
98.874175
98.881875
99.174750
99.422200
99.744625
99.929950
99.944075
99.976650
99.993850
100.060050
100.118025
100.360450
100.374575
100.444150
100.468025
100.501275
100.518975
100.614625
100.818500
100.873325
100.902825
101.107800
101.159075
101.215625
101.268100
101.612175
101.971100
102.043575
102.119475
102.155925
102.165325
102.254375
102.270475
102.341675
102.348500
102.423475
102.455525
102.469900
102.486125
102.512000
102.520975
102.544225
102.641675
102.868975
102.996675
103.026825
103.036125
103.074375
103.286075
103.410750
103.421100
103.440975
103.499325
103.620625
103.633300
103.650675
103.794575
103.818425
103.892125
103.900725
103.935875
103.941125
103.947450
103.981700
103.998650
104.003050
104.019175
104.246900
104.294350
104.300175
104.316350
104.343325
104.360775
104.402300
104.510525
104.532350
104.542825
104.647925
104.835875
104.923150
104.932325
104.941225
105.121775
105.300700
105.318200
105.366025
105.461225
105.493100
105.507950
105.538325
105.599625
105.693375
105.742950
105.935500
105.966225
105.982675
106.050425
106.159450
106.169600
106.247275
106.276500
106.289175
106.318550
106.432400
106.460675
106.548575
106.638075
106.692550
106.700650
106.709925
106.842225
106.912650
106.961025
107.258425
107.436850
107.501225
107.526175
107.810675
107.820350
107.848850
107.953700
108.012825
108.024425
108.042700
108.105825
108.336100
108.349175
108.447800
108.489300
108.514975
108.653575
108.919250
109.007775
109.050000
109.076700
109.098000
109.318050
109.460625
109.490600
109.507400
109.539500
109.776775
109.787675
109.860150
110.077375
110.100575
110.233325
110.427700
110.461950
110.504200
110.573275
110.580825
110.677550
110.691450
110.848450
110.858125
110.890475
110.954800
111.021425
111.030850
111.080350
111.246775
111.291875
111.485675
111.671050
111.753075
111.781275
111.869075
111.882225
111.950100
112.109400
112.134950
112.222225
112.254350
112.271150
112.291600
112.303350
112.379950
112.455425
112.500375
112.517050
112.916900
113.053750
113.136250
113.228025
113.364450
113.380825
113.523525
113.656375
113.755300
113.803325
113.822925
113.853700
114.081200
114.112575
114.150750
114.259750
114.297500
114.306425
114.355550
114.365075
114.374600
114.421975
114.437375
114.497425
114.508000
114.555075
114.588600
114.611375
114.694675
114.703525
114.801800
114.903750
115.033575
115.048550
115.204550
115.259850
115.322575
115.339750
115.401625
115.409375
115.547200
115.645100
115.780025
115.892975
115.957875
116.132900
116.241325
116.321350
116.331925
116.388275
116.434200
116.601725
116.620825
116.776975
116.798900
116.918675
116.994300
117.016925
117.094875
117.122200
117.149900
117.233375
117.404975
117.431025
117.560050
117.574125
117.584025
117.591225
117.624275
117.634075
117.735125
118.071925
118.172450
118.213850
118.434250
118.539125
118.552250
118.589800
118.646300
118.675925
118.758900
118.915800
119.025725
119.043250
119.063275
119.135350
119.220150
119.349875
119.412400
119.506925
119.567350
119.597175
119.623275
119.718550
119.799275
119.854775
119.887100
119.926825
119.998225
120.026650
120.169475
120.177625
120.189525
120.299450
120.377000
120.384125
120.441125
120.527725
120.633625
120.740775
120.775900
120.797600
120.803325
120.839100
120.846600
120.976475
121.016650
121.042975
121.138125
121.303850
121.326450
121.332825
121.391225
121.398775
121.422900
121.439900
121.456150
121.514750
121.545200
121.558275
121.588250
121.652700
121.748175
121.759675
121.782900
121.870625
122.000200
122.027700
122.068800
122.095500
122.132675
122.176725
122.239400
122.290125
122.408050
122.420575
122.492350
122.509175
122.583725
122.594100
122.600275
122.616225
122.707475
122.792125
122.869650
123.005550
123.132050
123.206450
123.285500
123.324000
123.385675
123.422575
123.438575
123.484700
123.497750
123.512025
123.619775
123.709950
123.923200
124.030125
124.092875
124.177675
124.234875
124.359550
124.427625
124.475850
124.532375
124.764525
124.779500
124.886350
124.975050
124.994550
125.032925
125.095975
125.203825
125.263450
125.351725
125.389600
125.442500
125.591375
125.642300
125.746300
125.790400
125.880250
126.080050
126.153075
126.160675
126.205350
126.221300
126.257750
126.458150
126.624725
126.664475
126.721125
126.770250
126.776175
126.850175
126.927325
127.244900
127.299650
127.428525
127.470425
127.520425
127.593425
127.628575
127.635950
128.002050
128.008475
128.053375
128.083850
128.177875
128.283250
128.300250
128.329725
128.372850
128.404500
128.423200
128.602600
128.611825
128.901500
128.927500
128.965000
129.272950
129.362900
129.391350
129.463300
129.474175
129.676725
129.839575
129.890950
129.913500
129.959500
129.993925
130.002700
130.029875
130.130925
130.184775
130.227675
130.334775
130.348100
130.360400
130.580575
130.717875
130.781150
130.838000
130.906475
131.016750
131.131800
131.258325
131.334175
131.423750
131.468325
131.613625
131.712850
131.795175
131.799450
131.849100
131.864800
131.911175
131.934650
131.941650
131.993825
132.049000
132.455175
132.492675
132.698400
132.751050
132.835825
132.994800
133.037225
133.045300
133.117950
133.381875
133.486575
133.595900
133.736775
133.802650
133.948075
134.032075
134.145325
134.302125
134.327025
134.333100
134.663175
135.067475
135.089850
135.103200
135.120975
135.136275
135.627000
136.181600
136.271075
136.338975
136.352275
136.385800
136.522475
136.553200
136.760500
136.833000
136.851350
136.926700
136.940675
137.179125
137.404850
137.452075
137.578850
137.584150
137.603675
137.769200
137.937475
138.088625
138.154325
138.372025
138.377050
138.681225
138.707550
138.744175
138.777525
138.792575
138.807825
138.812175
138.819625
138.927300
139.207450
139.232725
139.237800
139.414625
139.446050
139.520075
139.538300
139.612525
139.637575
139.898125
140.035375
140.053375
140.103200
140.183200
140.190775
140.197650
140.219225
140.295025
140.621800
140.628575
140.738475
140.746350
140.812950
141.030800
141.060050
141.076800
141.182150
141.195375
141.262425
141.272625
141.366525
141.557700
141.581575
141.841625
141.879775
141.885625
141.960025
141.990350
142.043250
142.122725
142.241500
142.315000
142.333550
142.609625
142.678400
142.689025
142.720675
143.197850
143.425700
143.741550
144.195100
144.211450
144.297025
144.303550
144.495775
144.519700
144.533850
144.699025
145.465025
145.565300
145.885775
145.907200
145.985450
146.245150
146.251750
146.394925
146.431675
146.531125
146.815325
146.936750
146.983400
147.040075
147.088125
147.103250
147.338875
147.628225
147.633000
147.689125
148.065975
148.076025
148.116650
148.227150
148.296975
148.456300
148.482150
148.580350
148.637150
149.091775
149.190450
149.563700
149.579875
149.636175
149.730900
149.929025
150.023975
150.505250
150.628600
150.674300
151.061950
151.192875
151.206800
151.423475
151.467225
151.533050
151.805900
151.812125
152.156850
152.362250
152.428675
152.450050
152.465475
152.818675
152.830050
152.890450
153.163925
153.780600
153.976725
154.125250
154.345475
154.957075
155.397300
156.130475
156.737025
156.822175
158.110100
158.299625
159.314250
159.961300
160.062625
160.114375
160.418525
160.471925
161.856000
161.904125
162.209625
162.859950
163.170300
163.431025
163.519375
163.861400
163.873575
164.735450
164.770400
164.790825
165.013825
165.111000
165.243725
166.132225
166.180650
166.299000
166.486825
166.668150
167.208600
167.473525
167.504850
167.725500
167.925500
168.636575
169.186500
169.869675
170.469950
170.633425
170.652100
170.669775
171.217175
171.278475
171.346600
171.718275
172.281025
172.645950
173.224000
173.875975
174.326225
174.404075
174.638325
174.673825
176.215575
176.691500
177.075875
177.117200
177.339175
177.646075
177.673475
177.826800
177.973425
178.496225
179.003400
180.019300
180.714000
181.121900
181.192650
181.302500
181.313375
181.539400
181.621250
181.858325
182.137050
182.275250
182.472825
182.538500
183.140700
183.382600
183.637400
183.709675
183.964550
183.986700
184.000325
184.040025
184.145775
184.202250
184.214350
184.618175
184.666750
184.735875
184.858275
185.008025
185.014050
185.149225
185.349475
186.159625
186.842150
187.040700
187.191500
187.573150
187.602550
187.682425
187.726025
187.775100
187.829950
189.554600
189.612825
190.213600
190.295825
190.720650
191.521800
191.750375
191.935575
192.110700
192.126500
192.161400
192.376850
192.609425
193.109400
193.781825
194.045800
194.250500
194.453725
194.801450
195.821500
196.045350
196.084800
196.643625
196.921875
197.390175
197.576600
198.070150
198.413875
198.442225
198.730300
198.794100
199.841600
200.084375
200.192100
200.259400
200.653550
201.037525
201.081175
201.800300
201.947175
201.954800
204.339175
204.457675
205.252725
205.697025
205.759600
206.596475
206.661475
206.716625
206.824800
207.809100
208.397400
208.525250
208.962925
209.380600
209.613025
209.829150
210.125100
210.220400
210.729750
211.520325
211.604675
212.165450
212.195450
212.798450
213.037175
213.060500
213.104300
213.584875
213.996450
214.501450
215.045125
215.312800
215.683550
215.800850
216.765300
218.000125
218.202600
218.312725
218.366350
219.025450
219.607800
219.613250
219.757200
220.415100
220.873175
222.516800
222.665250
222.970175
223.056675
223.537625
223.772525
223.835025
223.845150
224.508175
224.521275
224.919250
224.977575
225.709850
226.092800
226.921850
226.957175
227.156700
227.309200
227.451200
227.924600
228.418025
229.406650
229.744500
230.762075
230.788425
231.705450
232.532925
232.611550
234.504775
235.472600
235.528500
236.173625
236.958750
238.272700
238.517325
239.083850
239.251450
239.870825
239.990825
240.485625
242.292575
243.829625
246.601825
249.236100
250.105100
250.828100
251.049475
251.892700
252.583000
252.949800
254.665800
255.482875
256.052950
256.083150
256.591825
256.678325
257.959825
257.963350
258.990850
259.033225
259.967525
261.424250
262.138375
262.251800
262.946325
266.135225
266.283850
270.008875
271.094700
271.264725
271.575525
271.725200
272.982800
275.240675
276.246475
280.543550
281.735900
282.316575
283.871225
284.379450
287.167250
288.168325
289.720600
290.325300
294.408400
294.851025
296.398700
296.770325
298.087400
298.414075
298.605850
299.194250
300.523175
