0.253575
0.312600
0.351225
0.714725
0.777675
0.806450
1.108100
1.173775
1.232375
1.270975
1.371925
1.621750
1.684775
1.727400
1.796950
1.974675
2.147050
2.270100
2.369375
2.437925
2.545350
2.580875
2.724100
2.765150
2.799250
3.036925
3.120575
3.146875
3.347975
3.402375
3.457000
3.768300
3.859000
3.921275
3.942750
3.965000
4.091625
4.335700
4.443050
4.573200
4.608175
4.647625
4.678550
4.752700
4.838750
5.178750
5.520050
5.551925
5.607775
5.633700
5.668500
5.698800
5.748275
5.813525
5.864425
5.944250
6.178825
6.205875
6.252875
6.296000
6.347925
6.419000
6.535425
6.832150
6.871000
6.920775
6.947950
6.994800
7.035800
7.269200
7.310425
7.346000
7.379950
7.420525
7.454525
7.538675
7.574225
7.676475
7.727125
8.069725
8.113175
8.146125
8.260350
8.317325
8.410825
8.513250
8.550300
8.603975
8.659875
8.774950
8.816425
8.889475
8.942975
8.998425
9.052575
9.115025
9.156350
9.222025
9.518575
9.566700
9.623600
9.661475
9.687825
9.926175
9.947425
9.974750
9.997475
10.028950
10.052475
10.099800
10.148550
10.376575
10.428250
10.435575
10.462150
10.528850
10.585500
10.648275
10.671400
10.702950
10.986500
11.024825
11.059425
11.114600
11.617325
11.652250
11.733875
11.996975
12.016975
12.054050
12.079350
12.085800
12.102950
12.130200
12.151075
12.174625
12.233450
12.264575
12.291775
12.362075
12.711200
12.757750
12.796650
13.090850
13.228800
13.325175
13.434775
13.511950
13.638150
13.907375
13.956225
14.010075
14.031075
14.054750
14.147275
14.169600
14.225375
14.286150
14.324450
14.379700
14.417000
14.518225
14.665725
14.815450
14.834850
14.871700
14.887375
14.927225
14.967375
15.064075
15.270450
15.336900
15.364600
15.400100
15.425350
15.450950
15.502650
15.593875
15.813025
16.113775
16.184150
16.506700
16.545275
16.591200
16.797025
16.799300
16.825550
16.857850
17.109925
17.201850
17.240375
17.294400
17.531400
17.576550
17.596950
17.623750
17.657700
17.701000
17.752225
17.784475
17.812800
17.897875
17.927100
17.946375
18.006725
18.047075
18.083125
18.131950
18.350075
18.379675
18.406200
18.422275
18.456750
18.515375
18.708700
18.755075
18.782400
18.808525
18.837175
18.866275
18.897800
19.034700
19.057700
19.081325
19.122850
19.141050
19.186150
19.247175
19.479650
19.511275
19.553900
19.575675
19.660600
19.693325
19.740025
19.779100
19.824525
19.892100
19.939475
19.975725
20.013000
20.037425
20.062600
20.098975
20.124000
20.158750
20.184825
20.224775
20.261550
20.302700
20.327925
20.361950
20.385425
20.450325
20.472950
20.509800
20.535100
20.567250
20.596500
20.652275
20.679775
20.710275
20.733550
20.750425
20.780875
20.813000
20.839825
20.864100
20.887975
20.929550
20.956650
20.981525
21.006025
21.037700
21.058925
21.091200
21.118500
21.142900
21.179625
21.222550
21.288050
21.316225
21.354925
21.380300
21.415050
21.455950
21.494675
21.523275
21.543975
21.579425
21.604475
21.632175
21.664300
21.710200
21.779900
21.824400
21.881425
21.922800
21.950475
21.972650
21.996875
22.029775
22.065900
22.089600
22.125300
22.149700
22.173925
22.215450
22.262175
22.285425
22.320200
22.372225
22.397025
22.437125
22.474100
22.496325
22.517650
22.554600
22.579400
22.620775
22.644250
22.662900
22.690750
22.787300
22.816750
22.846025
22.935925
22.963150
22.987000
23.069375
23.109275
23.136375
23.160925
23.191450
23.226200
23.275325
23.338725
23.365900
23.393200
23.439325
23.480975
23.530625
23.616850
23.656075
23.686875
23.708925
23.737250
23.755825
23.779550
23.837225
23.871925
23.908725
23.942100
23.990775
24.026825
24.063150
24.094375
24.187000
24.400650
24.487550
24.539675
24.577850
24.623725
24.834050
24.882750
24.912000
24.948500
25.222200
25.270600
25.306975
25.331600
25.362000
25.437550
25.527025
25.569375
25.617850
25.708450
25.740325
25.771100
25.796000
25.854400
25.884025
25.916775
26.051575
26.165875
26.218450
26.255100
26.304900
26.386550
26.390725
26.420250
26.448375
26.492825
26.612200
26.665725
26.713500
26.781700
26.815325
26.857775
26.902675
26.956475
27.000250
27.019800
27.059675
27.106750
27.173500
27.210250
27.310275
27.353400
27.381950
27.407975
27.440225
27.481475
27.516450
27.560250
27.591625
27.623600
27.700575
27.749875
27.772975
27.815975
27.888125
27.920075
27.954250
27.989975
28.045950
28.086400
28.117700
28.211900
28.244575
28.291450
28.355450
28.390875
28.431025
28.493925
28.556975
28.590750
28.628350
28.684025
28.841975
28.888250
28.944975
28.962625
28.989750
29.117675
29.205050
29.286025
29.322850
29.411450
29.451825
29.528675
29.583175
29.626425
29.664700
29.705550
29.750925
29.788750
29.824900
29.912125
30.169150
30.200025
30.484150
30.579550
30.785250
30.923900
31.078075
31.430150
31.485975
31.527275
31.837800
32.093425
32.148250
32.185050
32.235050
32.264100
32.310250
32.618925
32.662875
32.946300
32.954550
32.983350
33.013950
33.043975
33.112450
33.177900
33.240425
33.336975
33.575900
33.612925
33.652275
33.694550
33.748375
33.936775
33.952150
34.014275
34.039300
34.083175
34.148425
34.289325
34.323025
34.368675
34.629800
34.670400
34.720025
34.772625
34.935700
34.991475
35.017600
35.082600
35.174350
35.204100
35.264000
35.287950
35.313375
35.343250
35.374800
35.395550
35.538075
35.558150
35.580450
35.633725
35.686875
35.707050
35.747425
35.780100
35.817600
35.849925
35.898400
35.947450
36.185275
36.214525
36.253275
36.337200
36.366175
36.405425
36.433025
36.474925
36.537275
36.811550
36.842325
36.894325
37.111550
37.172150
37.186750
37.454275
37.477550
37.521475
37.763750
37.793775
38.096900
38.106025
38.134625
38.163575
38.221050
38.481600
38.529225
38.583525
38.841375
38.864025
38.893075
38.971775
39.024275
39.269000
39.298550
39.321700
39.351700
39.382325
39.403950
39.509400
39.602775
39.641850
39.663000
39.707950
39.729150
39.765425
39.793475
39.807275
39.836300
39.914075
39.955075
40.000700
40.045625
40.330900
40.355500
40.439750
40.475800
40.525250
40.823700
40.846025
40.855975
40.875600
40.915050
40.947550
40.965450
41.007850
41.287475
41.322075
41.358550
41.744900
41.766825
41.786000
41.818325
41.834200
41.859175
41.883000
41.910300
41.937350
41.969450
41.999000
42.023175
42.050875
42.110575
42.139125
42.176900
42.252625
42.280125
42.320425
42.559050
42.573250
42.690275
42.743175
43.141325
43.186900
43.215875
43.248475
43.276200
43.324575
43.369400
43.589375
43.640525
43.690050
43.727625
43.778775
43.818250
43.853325
43.901775
43.941050
43.973450
44.190650
44.248350
44.262825
44.287100
44.350025
44.376325
44.418250
44.489000
44.541850
44.815650
44.844775
44.886600
44.944075
44.983550
45.091450
45.128025
45.223450
45.430700
45.645200
45.663050
45.668400
45.696600
45.732875
45.783400
45.833525
46.078650
46.113975
46.144600
46.168775
46.194800
46.234275
46.262700
46.291975
46.336875
46.382600
46.628850
46.670550
46.676650
46.712975
46.735800
46.768975
46.791550
46.807850
46.832850
46.867275
46.903125
47.149375
47.182575
47.225825
47.321650
47.553025
47.608975
47.723950
47.773225
47.809625
47.861900
47.898675
47.979250
48.034475
48.330050
48.415050
48.469875
48.501100
48.564925
48.797025
48.858900
48.903050
48.949325
48.970825
49.000550
49.053700
49.211800
49.327950
49.391075
49.417425
49.459350
49.524425
49.549075
49.610825
49.630650
49.720400
49.747775
49.799625
49.826475
49.861125
49.911875
49.962925
50.087650
50.177150
50.208650
50.239750
50.270250
50.304950
50.346225
50.383225
50.416250
50.447575
50.475825
50.509750
50.547000
50.586300
50.625925
50.742425
50.780600
50.865700
50.901675
51.118575
51.149775
51.182075
51.204225
51.242475
51.304050
51.336825
51.379750
51.414675
51.661700
51.684950
51.707150
51.731775
51.772025
51.794250
51.823925
51.850350
51.894150
51.933600
51.982150
52.061275
52.102125
52.299400
52.334800
52.384275
52.429525
52.469075
52.505100
52.562975
52.609050
52.693425
52.712650
52.756450
52.779975
52.800800
52.832800
52.879950
52.953650
52.979225
53.009925
53.028100
53.056250
53.078625
53.105225
53.168450
53.199850
53.220125
53.225975
53.253900
53.293525
53.320050
53.343075
53.372475
53.398575
53.420525
53.455200
53.481725
53.507850
53.531100
53.623800
53.680975
53.725700
53.755550
53.778825
53.806025
53.831425
53.851850
53.881175
53.904350
53.927075
53.959750
53.979550
53.998425
54.061225
54.165975
54.189875
54.208925
54.233950
54.272300
54.294350
54.350125
54.370575
54.392925
54.434975
54.477850
54.509250
54.573875
54.576775
54.609800
54.640225
54.668525
54.699150
54.720450
54.754650
54.791025
54.815975
54.843000
54.883150
54.935900
55.003600
55.083950
55.150800
55.201725
55.234650
55.265225
55.300775
55.331125
55.367625
55.394700
55.424975
55.456450
55.500250
55.546750
55.588350
55.611550
55.628775
55.660700
55.685825
55.718975
55.752675
55.791675
55.882725
55.917575
55.940350
55.973350
56.014700
56.066000
56.194725
56.237425
56.278750
56.304750
56.350675
56.393650
56.425775
56.478525
56.520825
56.739275
56.789075
56.827625
56.968000
57.063375
57.228400
57.280075
57.317950
57.343275
57.665925
57.696200
57.721825
57.768100
57.854575
58.058375
58.094150
58.129325
58.175050
58.215950
58.345450
58.390850
58.468725
58.542850
58.576175
58.617125
58.646000
58.669525
58.704950
58.761000
58.794450
58.826775
58.845450
58.896875
58.922750
58.951675
58.999725
59.046675
59.097925
59.290875
59.324725
59.346375
59.370175
59.392375
59.409975
59.438300
59.463850
59.496850
59.524225
59.596575
60.031675
60.035700
60.071725
60.114925
60.179125
60.599350
60.675100
60.723000
60.752475
60.816775
61.020750
61.074800
61.219975
61.564075
61.620600
61.720625
61.914675
61.928625
61.983575
62.096125
62.237875
62.299125
62.334475
62.438175
62.524550
62.636975
62.679550
62.826225
63.047875
63.098950
63.161375
63.210025
63.288925
63.323650
63.395575
63.746300
63.764350
63.846250
63.876400
63.923125
63.960250
63.993100
64.013825
64.045025
64.138625
64.373775
64.401400
64.417575
64.441725
64.486425
64.822475
64.831675
64.845425
64.859125
64.883950
64.908850
64.941800
65.016050
65.056650
65.348850
65.355600
65.416575
65.513550
65.770750
65.800350
65.820975
65.839600
65.859575
65.892275
65.920225
65.947150
65.985950
66.337600
66.380700
66.416850
66.433200
66.473550
66.637100
67.049450
67.084625
67.117425
67.162075
67.667600
67.703950
67.746175
67.808725
67.842600
68.125600
68.338475
68.411825
68.447650
68.491150
68.547525
68.869475
68.999000
69.357000
69.470275
69.639925
69.692450
69.763300
69.905775
70.037450
70.055375
70.065700
70.082125
70.101800
70.113975
70.132425
70.146550
70.188650
70.275925
70.532475
70.647850
70.747725
70.797450
70.857975
71.229350
71.273700
71.316300
71.472325
71.576275
71.623225
71.673725
71.758975
71.791625
71.841800
71.878975
71.931175
72.300225
72.354875
73.286400
73.334300
73.378350
73.437425
73.501525
73.761375
73.812725
73.818350
73.835375
73.905200
73.928000
73.964750
74.006325
74.057100
74.099700
74.237850
74.329600
74.367250
74.413625
74.529975
74.594375
74.669200
74.724525
74.742050
74.777300
74.811300
74.832175
74.858525
74.901300
74.926775
74.951425
74.984550
75.025700
75.053950
75.120300
75.147150
75.168175
75.219225
75.256800
75.315550
75.527625
75.577575
75.652600
75.694175
75.728075
75.773300
76.028225
76.092150
76.231900
76.317575
76.404250
76.455650
76.516025
76.572300
76.608225
76.894200
76.924675
76.957950
76.979500
77.007625
77.043175
77.092000
77.141975
77.274075
77.397225
77.435025
77.475400
77.511050
77.549275
77.590650
77.622925
77.665325
77.689875
77.761050
77.867500
77.881400
77.915775
77.959250
78.032125
78.102775
78.176275
78.231850
78.417675
78.493250
78.721150
78.785550
79.065775
79.101375
79.145100
79.178300
79.187725
79.221075
79.269975
79.312700
79.402025
79.428900
79.449225
79.474050
79.521325
79.568925
79.662200
79.714725
79.752125
79.785825
79.832975
79.850850
79.868850
80.016500
80.050200
80.078625
80.130925
80.185675
80.213150
80.231175
80.260575
80.296550
80.323325
80.335425
80.356850
80.374050
80.651200
80.700125
80.733550
80.762150
80.835075
80.905300
80.943800
80.976575
81.019000
81.064075
81.099150
81.148575
81.201225
81.463575
81.501800
81.621025
81.678900
81.711450
81.794200
81.891375
81.929625
81.980800
82.023000
82.064350
82.116050
82.150700
82.198675
82.236100
82.273175
82.310200
82.350900
82.371925
82.385300
82.441000
82.460050
82.485825
82.529375
82.590925
82.651525
82.759475
82.831250
82.940200
83.006200
83.150625
83.159700
83.206650
83.241700
83.384025
83.413700
83.438975
83.444400
83.470400
83.512825
83.545850
83.573625
83.606775
83.636225
83.703400
83.953325
83.986875
84.022475
84.053700
84.079875
84.504775
84.805700
84.852375
84.953250
85.142875
85.173425
85.220000
85.268125
85.295025
85.560125
85.651825
85.859075
85.879500
85.888700
85.925100
86.172850
86.194200
86.227275
86.248600
86.352625
86.460300
86.514975
86.538725
86.562575
86.593925
86.613150
86.625125
86.842350
86.858400
86.878850
86.912750
86.947500
87.131975
87.169075
87.194025
87.223125
87.289250
87.327250
87.459125
87.483875
87.491425
87.534125
87.760150
87.789750
87.830350
88.079425
88.117600
88.160450
88.193050
88.236375
88.303650
88.341250
88.378200
88.418350
88.448525
88.722700
88.771575
88.818925
88.930350
89.139650
89.169375
89.359025
89.398750
89.430250
89.716750
89.741800
89.784400
90.056850
90.096525
90.135200
90.452325
90.472025
90.508825
90.528475
90.569225
90.818400
90.896800
91.171300
91.193250
91.224475
91.256000
91.291975
91.545200
91.567725
91.590550
91.608125
91.642975
91.915500
91.927225
91.940500
91.963675
91.988825
92.017900
92.039975
92.086175
92.099875
92.159200
92.211900
92.248425
92.270075
92.299750
92.332875
92.381150
92.589975
92.630700
92.680000
92.718375
92.810925
93.202950
93.248225
93.302225
93.652600
93.787850
93.813550
93.866025
94.232700
94.281875
94.494125
94.552625
94.596725
94.877575
94.946475
95.002825
95.169650
95.220300
95.245125
95.289100
95.580825
95.610950
95.686950
95.733025
95.786825
95.806250
95.843450
96.112200
96.127400
96.136800
96.151125
96.186725
96.207700
96.240600
96.268550
96.306500
96.330600
96.629350
96.669600
96.695575
96.722950
96.758550
96.795875
96.843050
97.158500
97.175625
97.208125
97.242750
97.275650
97.625050
97.655750
97.689550
97.726525
97.762725
97.857625
98.043400
98.120675
98.148225
98.175800
98.205625
98.229200
98.259125
98.297175
98.327950
98.367750
98.490675
98.601600
98.687150
98.728875
98.785400
98.843175
98.879850
99.019225
99.077500
99.123125
99.171500
99.193950
99.217400
99.249125
99.299200
99.331400
99.366975
99.428925
99.485925
99.523675
99.556700
99.658250
99.696625
99.737700
99.783125
99.814725
99.842650
99.871725
99.905925
99.977250
99.998625
100.036600
100.071175
100.128200
100.181375
100.229250
100.273200
100.301175
100.332150
100.343450
100.375050
100.407550
100.457925
100.496825
100.520600
100.553800
100.579700
100.605725
100.677750
100.699575
100.724700
100.759500
100.788275
100.834075
100.873975
100.897200
100.922825
100.957575
100.996100
101.024375
101.054450
101.089775
101.115125
101.156900
101.188825
101.221350
101.248200
101.268375
101.297625
101.338475
101.357375
101.428575
101.488700
101.542525
101.573600
101.645500
101.681500
101.710250
101.752300
101.770550
101.836325
101.874625
101.925350
101.973625
101.997925
102.091950
102.123350
102.203075
102.231325
102.256975
102.267775
102.307250
102.345600
102.383100
102.419425
102.448325
102.477375
102.519625
102.566300
102.625625
102.718375
102.744925
102.790575
102.838925
102.887500
102.988100
103.020575
103.191075
103.240700
103.290300
103.300400
103.332750
103.373275
103.550525
103.573450
103.610200
103.645875
103.720050
103.787200
103.845150
103.860200
103.887350
103.915900
103.940625
103.996400
104.029300
104.116200
104.153600
104.261100
104.299700
104.322975
104.345975
104.366000
104.392575
104.434575
104.481000
104.486525
104.517500
104.549150
104.579725
104.625875
104.659300
104.679375
104.701575
104.715000
104.738075
104.775025
104.818850
104.870600
104.903825
104.939350
104.958800
104.982675
105.013150
105.066300
105.181375
105.252000
105.280025
105.344050
105.374225
105.407650
105.461525
105.582700
105.601975
105.613375
105.631050
105.693675
105.937125
105.980100
106.018575
106.052275
106.095525
106.139225
106.162500
106.245900
106.265825
106.330475
106.353425
106.398850
106.460925
106.492825
106.521375
106.551925
106.590950
106.620100
106.657225
106.702700
106.888750
106.937125
106.987225
107.036300
107.071125
107.146150
107.182125
107.231500
107.346025
107.382225
107.417000
107.451850
107.488775
107.554350
107.574125
107.593575
107.637725
107.725300
107.759025
107.825275
107.962325
108.006175
108.052400
108.094475
108.141200
108.249525
108.273275
108.315875
108.381325
108.422300
108.448600
108.484700
108.522075
108.545175
108.581725
108.891175
108.953800
108.983450
109.009875
109.056900
109.092375
109.168525
109.223075
109.243950
109.277850
109.328875
109.421075
109.545125
109.574925
109.614275
109.654925
109.905325
109.923700
109.981100
110.033950
110.343025
110.445725
110.552000
110.597975
110.796725
110.871275
110.935100
110.985400
111.098200
111.340900
111.420325
111.528675
111.569350
111.613225
111.707850
111.822575
111.939975
111.979650
112.021875
112.049500
112.069325
112.133050
112.229800
112.231775
112.277850
112.305250
112.346475
112.387450
112.606625
112.663475
112.720950
112.735725
112.771425
112.818100
112.852250
113.188575
113.235325
113.277525
113.297775
113.357250
113.503875
113.657050
113.700175
114.055300
114.092625
114.201275
114.355825
114.387800
114.502175
114.560300
114.871375
114.926225
114.976875
115.009700
115.073625
115.119800
115.180775
115.280150
115.499075
115.715450
115.733975
115.750525
115.786450
115.849050
115.902750
116.152325
116.261100
116.306725
116.342200
116.485750
116.585300
116.861400
116.915875
116.972650
117.247525
117.273250
117.350250
117.402175
117.443525
117.503025
117.527850
117.745925
117.826900
117.854550
117.897250
117.941775
117.979700
118.294400
118.337975
118.376275
118.726125
118.792075
118.842825
119.138950
119.198775
119.284500
119.328400
119.362900
119.418725
119.474725
119.509000
119.732875
119.756650
119.791725
119.815650
119.842550
119.874350
119.907350
119.940275
120.008975
120.227175
120.262600
120.308700
120.321500
120.358450
120.407425
120.492150
120.653375
120.719225
120.757900
120.822875
120.850725
120.855200
120.903150
120.941950
120.998125
121.048225
121.114400
121.158000
121.183350
121.225975
121.260575
121.301600
121.340200
121.375475
121.396025
121.426000
121.461500
121.500475
121.529250
121.573900
121.609650
121.641375
121.683475
121.704275
121.738575
121.778300
121.810425
121.838300
121.863025
121.888425
121.923050
121.968250
122.005825
122.033650
122.054275
122.084300
122.112250
122.133175
122.151300
122.173900
122.228525
122.307325
122.337400
122.371200
122.408475
122.429175
122.479500
122.525100
122.570550
122.625600
122.657450
122.706500
122.740100
122.797650
122.852400
122.907125
122.951675
123.005800
123.059475
123.340950
123.367075
123.418425
123.487050
123.522575
123.565675
123.614475
123.656950
123.712025
123.759125
123.800150
123.831275
123.878350
123.922875
123.955375
124.001050
124.045375
124.092050
124.147775
124.171100
124.217400
124.263650
124.424275
124.489050
124.562125
124.642800
124.681250
124.734075
124.771950
124.824400
125.104725
125.190325
125.233075
125.283675
125.359875
125.530150
125.681525
126.107925
126.312250
126.403925
126.432325
126.671275
126.711325
127.120400
127.152950
127.178425
127.460650
127.511450
127.560550
127.928425
127.992900
128.033325
128.101925
128.126750
128.181975
128.214600
128.256325
128.299650
128.567150
128.607950
129.122350
129.161550
129.201075
129.271325
129.347200
129.402300
129.434950
129.464200
129.516675
129.603475
129.678200
129.725850
129.755450
129.825475
129.852500
129.894650
129.931350
129.959850
129.998325
130.048325
130.079475
130.127050
130.178250
130.280375
130.281975
130.398325
130.439550
130.465050
130.514375
130.551500
130.585950
130.639850
130.673100
130.715500
130.740550
130.798925
130.878050
130.928425
130.972275
131.015850
131.053350
131.102000
131.138400
131.171550
131.205275
131.288500
131.373775
131.451625
131.573900
131.890150
131.932250
131.972925
132.594675
132.652775
132.789175
133.056250
133.101000
133.148325
133.358175
133.379200
133.436850
133.468625
133.521425
133.579575
133.629700
133.673000
133.696325
133.731875
133.775800
133.833100
133.882025
133.928825
133.965225
133.996500
134.031275
134.077950
134.098275
134.121925
134.176275
134.220725
134.248900
134.264725
134.289625
134.323100
134.356000
134.370850
134.394425
134.425125
134.471700
134.507375
134.545225
134.583600
134.673050
134.703325
134.756100
134.808100
134.842075
134.863550
134.890875
134.946275
134.994150
135.033475
135.128975
135.158600
135.218375
135.238375
135.307225
135.369825
135.416300
135.667125
135.777225
135.790250
135.869950
135.917050
136.155775
136.183125
136.191075
136.226075
136.334200
136.375850
136.411625
136.493875
136.555900
136.594050
136.659375
136.680300
136.782525
136.827575
136.875375
136.917650
136.993575
137.047525
137.334925
137.638900
137.671950
137.746150
137.798750
137.937450
137.981100
138.038200
138.473575
138.549350
138.584150
138.887675
138.927350
139.023500
139.143950
139.509050
139.621150
139.750450
140.033550
140.083900
140.139675
140.191925
140.247825
140.345150
140.392550
140.440975
140.638650
140.678750
140.707200
140.732900
140.790575
140.836275
140.886225
140.948350
140.985900
141.017025
141.052425
141.091150
141.402625
141.436675
141.493250
141.536475
141.802475
141.869475
141.898425
142.252250
142.278700
142.345100
142.375700
142.435300
142.460775
142.492275
142.575525
142.774925
142.879350
142.915300
143.291550
143.340425
143.373275
143.418450
143.801425
143.844200
143.939525
143.989925
144.075050
144.663750
144.717650
144.759050
144.813675
144.848125
144.877825
145.130650
145.190350
145.557425
145.593325
145.616200
145.650675
145.744675
145.847025
145.890050
145.933625
145.978700
146.010450
146.136250
146.345450
146.458925
146.736750
146.819650
146.874675
146.950375
147.015350
147.094300
147.469925
147.539625
147.598925
147.634125
147.665750
147.686825
147.690500
147.732825
147.788425
147.839875
147.918025
147.956900
148.176275
148.237575
148.302600
148.331525
148.373025
148.405500
148.520950
148.564550
148.884400
148.957775
148.999175
149.039525
149.084750
149.177750
149.510300
149.549475
149.581375
149.620100
149.655150
149.751100
149.815575
150.167850
150.239475
150.459425
150.518350
150.608625
150.696700
150.998200
151.069275
151.111375
151.160775
151.253725
151.290000
151.315800
151.370225
151.441850
151.659625
151.676750
151.720500
151.746700
151.785575
151.836850
151.927750
152.090950
152.139800
152.179475
152.220775
152.440850
152.482100
152.489050
152.547175
152.603700
152.652700
152.699700
152.786050
152.877900
152.982275
152.984275
153.058025
153.602300
153.603800
153.627775
153.674650
153.735575
153.786875
153.830100
153.870450
153.918000
153.962225
154.081875
154.272450
154.313125
154.357875
154.378050
154.409925
154.448650
154.648750
154.692300
154.738000
154.775800
155.085375
155.122950
155.149725
155.182250
155.224725
155.257400
155.291475
155.339500
155.461475
155.575975
155.579900
155.626000
155.663075
155.698900
155.728100
155.771250
155.813325
156.084125
156.121900
156.184675
156.220625
156.298950
156.342925
156.387950
156.419125
156.470175
156.805200
156.816475
156.884525
156.973150
157.047750
157.051700
157.095150
157.151825
157.185800
157.243350
157.309250
157.456600
157.556050
157.668400
157.709825
157.757625
157.787625
158.028075
158.045050
158.047325
158.067675
158.118450
158.160125
158.209850
158.239775
158.272575
158.301200
158.331525
158.368000
158.596400
158.626350
158.663650
158.963550
158.993975
159.027250
159.065225
159.099900
159.464975
159.519025
159.565825
159.682050
159.899500
159.930925
159.955050
160.002025
160.051925
160.301425
160.337725
160.438275
160.475600
160.518525
160.564825
160.887925
160.945475
161.011975
161.492675
161.884425
161.939125
162.207750
162.250150
162.291475
162.570625
162.628900
162.927700
162.989975
163.033725
163.220375
163.293550
163.403200
163.546700
163.843425
163.873400
163.900175
163.920775
163.947275
163.964050
164.005475
164.044375
164.095875
164.270000
164.388950
164.433600
164.468750
164.494775
164.514775
164.563500
164.679875
164.783450
164.832950
164.892625
164.925575
164.956950
165.144925
165.162425
165.194500
165.231275
165.440225
165.491700
165.721125
165.812275
166.138600
166.168700
166.208950
166.245900
166.503350
166.552400
166.793325
166.824950
166.864975
166.921200
167.134100
167.158275
167.192150
167.229850
167.271650
167.378375
167.443175
167.492200
167.535650
167.801175
167.836825
167.853975
167.882150
168.016375
168.141950
168.174075
168.179050
168.200275
168.223625
168.327000
168.434100
168.477325
168.513650
168.542950
168.583800
168.606050
168.641800
168.684800
168.721400
168.828725
168.852250
168.933325
169.071850
169.190350
169.264650
169.319500
169.383300
169.466100
169.577500
169.683675
170.062825
170.101225
170.184775
170.259200
170.540825
170.604875
170.760100
170.791725
170.828475
170.876350
170.906575
171.273425
171.310525
171.351775
171.408425
171.463275
171.504375
171.559350
171.622250
171.683175
172.066575
172.101875
172.159075
172.446175
172.476100
172.512125
172.578300
172.947900
172.956375
173.040650
173.091600
173.145525
173.634725
174.099350
174.170775
174.218775
174.259525
174.562825
174.601025
174.638250
174.672850
174.705250
174.771925
174.819175
175.050675
175.162775
175.226525
175.258275
175.387350
175.497400
175.595200
175.726000
175.828000
176.201350
176.229875
176.252425
176.309700
176.350850
176.409225
176.500600
176.761950
176.793775
176.822900
176.865025
176.908200
176.997500
177.146425
177.219200
177.289325
177.526900
177.557575
177.739850
177.790800
177.842750
177.902250
177.968300
178.231275
178.304275
178.410600
178.444525
178.706200
178.731275
178.757750
178.793500
178.829000
178.852175
178.881925
178.950425
178.995225
179.095325
179.128150
179.178650
179.217400
179.249350
179.289875
179.583550
179.637725
179.674575
179.701675
179.737725
179.972625
180.006850
180.038225
180.077125
180.111575
180.144675
180.223375
180.439225
180.490075
180.549125
180.576675
180.761375
180.843075
180.886925
180.915675
180.965725
181.027150
181.062125
181.083100
181.100675
181.143925
181.359725
181.414625
181.491625
181.537600
181.740525
181.766775
181.820425
182.015575
182.065400
182.089350
182.117400
182.146700
182.165700
182.196700
182.227625
182.262050
182.331725
182.349650
182.367975
182.411625
182.471350
182.705200
182.752450
182.783325
182.806750
182.846500
182.893125
183.060300
183.120950
183.164525
183.200550
183.296900
183.580175
183.616625
183.704725
183.747150
183.793200
183.842800
183.898775
184.120875
184.191450
184.274850
184.433550
184.653625
184.709050
184.840500
184.871100
184.896500
184.930625
185.020175
185.076975
185.130075
185.157550
185.229075
185.359300
185.419975
185.650725
185.937025
186.009550
186.195150
186.225175
186.259650
186.352500
186.538300
186.586175
186.613325
186.641075
186.669450
186.714625
186.743225
186.824700
186.967050
187.135950
187.319375
187.384700
187.421500
187.491625
187.520275
187.556950
187.585950
187.692025
187.989425
188.046100
188.085500
188.122075
188.161050
188.396600
188.431975
188.447925
188.480750
188.495700
188.526900
188.542975
188.591075
188.893275
188.930300
188.976325
189.025375
189.073175
189.078175
189.305450
189.328325
189.356575
189.400725
189.447175
189.774525
189.787475
189.827250
189.879725
189.906900
190.282825
190.343800
190.713925
190.770800
190.831350
190.870425
190.921150
191.197575
191.237825
191.286025
191.327125
191.373125
191.413625
191.489550
191.773400
191.830700
191.862800
191.902350
192.207675
192.267800
192.293200
192.340825
192.426225
192.659450
192.705850
192.751650
192.815125
192.920625
193.194625
193.232600
193.278175
193.317800
193.391575
193.693525
193.753025
193.784525
193.846050
193.870875
193.940700
194.021175
194.048300
194.081775
194.120825
194.301825
194.412450
194.475775
194.497300
194.505825
194.544250
194.567550
194.619500
195.084325
195.162600
195.205325
195.227450
195.298500
195.332600
195.364875
195.414675
195.444125
195.454900
195.522475
195.656975
195.701925
195.774125
195.863100
195.899275
195.925600
196.003300
196.047650
196.077150
196.129175
196.165975
196.218225
196.219450
196.251425
196.297075
196.332675
196.383225
196.414450
196.446850
196.493800
196.534475
196.739175
196.780350
196.816950
196.853625
196.931850
196.988525
197.265625
197.297450
197.321075
197.343675
197.374475
197.417050
197.464000
197.487525
197.581925
197.767150
197.947100
197.988025
198.046675
198.105175
198.199625
198.268800
198.401575
198.453275
198.499500
198.544075
198.623650
198.952975
198.998800
199.018925
199.059800
199.424075
199.427475
199.476925
199.509325
199.864375
199.912025
199.938925
199.983600
