# # All spikes for Neuron
0.012725
0.408425
0.461075
0.544400
0.583175
0.900075
0.921050
1.027775
1.110475
1.202750
1.262800
1.305275
1.369000
1.454300
1.627650
1.664425
1.864625
1.925500
2.013650
2.199200
2.240500
2.331675
2.470775
2.518225
2.552825
2.709075
2.775325
2.834050
2.897450
2.987200
3.026425
3.119575
3.156850
3.180300
3.258575
3.381875
3.404150
3.489100
3.546575
3.586375
3.613425
3.904700
4.179950
4.198500
4.302150
4.393600
4.438275
4.501625
4.656500
4.736525
4.829200
5.006275
5.054175
5.095775
5.145225
5.188300
5.240825
5.276425
5.342200
5.376200
5.410150
5.445600
5.463150
5.603450
5.638000
5.687225
5.737325
5.981400
6.234575
6.308500
6.348375
6.523000
6.597225
6.681725
6.789850
6.828425
6.895625
6.925725
6.967025
7.128950
7.212950
7.314625
7.425825
7.459950
7.518525
7.558950
7.595750
7.725725
7.775850
7.841750
7.899450
7.956850
8.123800
8.166900
8.196025
8.228825
8.465450
8.510225
8.548200
8.580975
8.702250
9.067000
9.325875
9.361375
9.603150
9.621775
9.752200
9.789725
9.844825
9.949000
9.984825
10.051175
10.087625
10.149275
10.191250
10.305775
10.345575
10.429150
10.529525
10.712300
10.756625
10.799750
10.878300
10.934225
10.982025
11.099375
11.145825
11.313850
11.350325
11.635750
11.662450
11.756025
11.852100
12.239225
12.319600
12.343850
12.420225
12.480275
12.521425
12.679650
12.743675
12.828625
12.881750
13.005100
13.034250
13.067675
13.102975
13.117700
13.353250
13.410575
13.600825
13.654325
13.726100
13.773300
13.898625
13.943175
13.978300
14.162625
14.201575
14.262525
14.283850
14.326300
14.372225
14.507375
14.580875
14.633975
14.786575
14.841450
14.896500
15.024025
15.098075
15.174550
15.207350
15.242425
15.362500
15.458750
15.518850
15.551425
15.728075
15.859100
15.960450
16.030425
16.091725
16.131075
16.162600
16.213900
16.232300
16.437500
16.521050
16.563425
16.687900
16.734175
16.766200
16.811950
16.858325
16.911700
17.053225
17.099625
17.171500
17.266550
17.365250
17.394200
17.565100
17.741200
17.767600
18.162450
18.223325
18.239225
18.265425
18.428925
18.496950
18.574175
18.727300
18.927825
18.974550
19.030100
19.088750
19.270825
19.455925
19.495375
19.556100
19.559800
19.563650
19.567675
19.585825
19.596625
19.607700
19.623225
19.667475
19.675000
19.695925
19.706200
19.716475
19.741800
19.749400
19.772325
19.779350
19.796475
19.817275
19.869875
19.905275
19.932975
19.989600
19.999400
20.015350
20.031650
20.065075
20.189825
20.249350
20.324275
20.359150
20.372375
20.409150
20.496000
20.525800
20.536100
20.577500
20.598275
20.656000
20.688675
20.745275
20.762550
20.862425
20.903375
20.922650
20.978350
21.053050
21.119400
21.186400
21.261050
21.270800
21.287325
21.314625
21.322325
21.339000
21.363450
21.390375
21.400350
21.409075
21.418625
21.430175
21.448800
21.457850
21.468450
21.505650
21.527050
21.548825
21.601950
21.685100
21.690550
21.700475
21.718725
21.726775
21.735875
21.748550
21.765375
21.777075
21.793425
21.813450
21.844975
21.855150
21.866050
21.910750
21.927150
21.953600
22.026025
22.103475
22.197575
22.208475
22.218675
22.227050
22.394325
22.496375
22.516625
22.525875
22.532525
22.552350
22.576425
22.584800
22.603150
22.612225
22.621650
22.633925
22.641800
22.673900
22.691250
22.705650
22.809000
22.818425
22.828700
22.860825
22.931675
23.012725
23.036350
23.190925
23.232125
23.249850
23.275975
23.357625
23.461750
23.485450
23.527400
23.549225
23.564525
23.569925
23.578425
23.599000
23.603350
23.632525
23.666875
23.690550
23.714125
23.738125
23.751975
23.765275
23.872850
23.907200
23.929025
23.983550
23.995275
24.007225
24.099900
24.115825
24.148975
24.210775
24.237975
24.250475
24.269850
24.293875
24.301375
24.309925
24.331700
24.346575
24.357750
24.370200
24.388325
24.422525
24.460700
24.470525
24.491050
24.506100
24.530000
24.548175
24.556500
24.588525
24.600650
24.615425
24.630425
24.636100
24.668125
24.683100
24.693950
24.714700
24.723425
24.762900
24.779425
24.797850
24.812050
24.832050
24.865550
24.882850
24.904575
24.912225
24.923475
24.933350
24.947400
24.956975
24.991750
25.007825
25.016650
25.064325
25.082850
25.091875
25.099875
25.118050
25.126175
25.161175
25.180650
25.193500
25.213125
25.249425
25.263425
25.283500
25.295350
25.337075
25.377625
25.417975
25.446150
25.454425
25.480200
25.543775
25.556025
25.599150
25.625450
25.636250
25.648900
25.687625
25.700750
25.711175
25.724075
25.741625
25.757125
25.766475
25.820025
25.843275
25.885925
25.894225
25.941250
25.950875
25.969850
25.983400
26.000300
26.022125
26.046400
26.078800
26.085125
26.096925
26.105925
26.134350
26.176300
26.241075
26.267400
26.274225
26.285000
26.304675
26.338100
26.344750
26.354700
26.371000
26.390950
26.423025
26.431250
26.468500
26.502225
26.519150
26.576100
26.587250
26.595900
26.610325
26.619350
26.629350
26.635100
26.647225
26.676725
26.691100
26.708825
26.717875
26.728225
26.750475
26.755875
26.765550
26.773650
26.782850
26.800450
26.809050
26.834450
26.843850
26.877375
26.897225
26.933350
26.965075
26.978075
27.085275
27.148500
27.156800
27.168250
27.179550
27.189900
27.196225
27.205725
27.213525
27.221575
27.236575
27.248650
27.265800
27.270775
27.278150
27.326000
27.331450
27.346100
27.352500
27.376825
27.385875
27.405575
27.417150
27.442800
27.450400
27.459200
27.470900
27.480800
27.494350
27.540375
27.565250
27.627100
27.642250
27.651950
27.706750
27.713825
27.731825
27.842700
27.869475
27.879825
27.892975
27.906950
27.918000
27.948925
27.983325
27.997225
28.012325
28.024800
28.035575
28.043400
28.064475
28.080875
28.089775
28.111250
28.120650
28.130950
28.165650
28.175750
28.188125
28.199075
28.211300
28.226100
28.255100
28.293300
28.364325
28.374650
28.421000
28.460525
28.488375
28.507025
28.517275
28.537425
28.555675
28.567600
28.585550
28.595150
28.599700
28.610425
28.617975
28.625250
28.678475
28.697600
28.718325
28.725250
28.734800
28.754575
28.775450
28.785250
28.807525
28.815025
28.836825
28.857800
28.869775
28.922025
28.935325
28.951325
28.959100
28.988425
29.002050
29.011950
29.020375
29.040050
29.054225
29.075425
29.092450
29.100075
29.109750
29.116625
29.131700
29.139700
29.165825
29.177350
29.183550
29.255350
29.262950
29.272700
29.303475
29.323525
29.340550
29.368550
29.379150
29.415800
29.472450
29.496925
29.507675
29.519275
29.541925
29.575075
29.614425
29.646100
29.767300
29.886300
29.980400
30.005900
30.036225
30.056150
30.084250
30.112000
30.169375
30.242075
30.285400
30.369825
30.429775
30.637500
30.686200
30.737325
30.763175
30.802675
31.083750
31.146050
31.177725
31.242275
31.290925
31.397200
31.419225
31.440975
31.499450
31.521750
31.573800
31.636725
31.677275
31.721825
31.747925
31.788600
31.832300
31.982925
32.021650
32.036700
32.054350
32.080225
32.113975
32.164450
32.204050
32.235675
32.300375
32.308500
32.414825
32.449725
32.504950
32.525400
32.561675
32.604575
32.691100
32.744750
32.765225
32.820800
32.854575
32.963500
33.134150
33.148175
33.166400
33.223050
33.252975
33.282225
33.304100
33.336475
33.352725
33.384750
33.440400
33.478150
33.579625
33.721075
33.747100
33.836250
33.862700
33.947700
33.973250
34.083700
34.115525
34.194850
34.258150
34.408150
34.439150
34.506650
34.761450
34.820675
34.854925
34.970825
35.001400
35.051800
35.134800
35.191100
35.349175
35.584425
35.601625
35.643125
35.846075
35.906800
35.955025
35.980450
36.098125
36.127825
36.232200
36.367650
36.389700
36.435825
36.855150
36.927850
37.065925
37.104075
37.223125
37.459350
37.533800
37.587875
37.621275
37.669075
37.772475
37.812000
37.948000
37.986650
38.046225
38.081450
38.117900
38.177650
38.265150
38.298525
38.551600
38.605975
38.819925
38.920400
38.980475
39.031450
39.160900
39.191550
39.270575
39.322900
39.773025
39.916975
39.939350
40.297575
40.367425
40.395875
40.640800
40.742925
40.788475
40.926750
41.040775
41.155000
41.260200
41.354225
41.701750
41.827925
41.922850
42.103800
42.175675
42.211325
42.249975
42.306250
42.460925
42.521050
42.583175
42.634450
42.755825
42.797975
42.846650
42.897775
42.924900
42.955400
43.078900
43.139775
43.242725
43.357625
43.446175
43.499700
43.538900
43.715325
43.890375
44.005450
44.256025
44.324900
44.358100
44.394200
44.529825
44.562325
44.656050
44.676225
44.731275
44.781550
45.040750
45.090550
45.128225
45.202075
45.412525
45.807250
46.066450
46.097600
46.379650
46.455650
46.526150
46.581850
46.658725
46.700325
46.976275
47.120400
47.631400
47.695550
47.773325
47.884775
47.919675
48.042275
48.203675
48.238000
48.278625
48.322725
48.354275
48.661025
48.673425
48.772550
48.840800
48.910275
48.952300
49.139000
49.188025
49.217450
49.270200
49.373575
49.411825
49.508825
49.582900
49.726075
49.762500
49.879175
50.067475
50.120075
50.205425
50.282400
50.439150
50.539250
50.602750
50.712200
50.748625
50.782975
50.848375
50.897600
50.929350
50.963675
51.195100
51.225175
51.252925
51.363025
51.463525
51.491950
51.528975
51.722575
51.766500
51.793150
51.878400
52.098650
52.134575
52.238425
52.259900
52.454700
52.543500
52.617575
52.647525
52.690175
52.718550
52.754400
53.041750
53.067100
53.153350
53.265425
53.339575
53.366325
53.576100
53.631975
53.691850
53.776825
53.899375
53.936950
54.077550
54.132800
54.332875
54.350825
54.450500
54.524775
54.627425
54.681300
54.726325
54.763825
54.805125
54.880550
54.957500
55.030575
55.124725
55.157100
55.186950
55.316450
55.385500
55.436850
55.749025
55.762125
55.790350
55.865800
55.912275
55.934075
56.006975
56.111100
56.128450
56.162075
56.249000
56.280300
56.333900
56.548100
56.576675
56.674025
56.697350
56.718675
56.759325
56.876525
56.962025
56.996550
57.145425
57.178975
57.214925
57.313325
57.362625
57.454575
57.513025
57.668775
57.706825
57.772225
57.898525
58.081125
58.190050
58.216225
58.466300
58.555025
58.586475
58.739375
58.795175
58.825525
58.878650
58.917725
59.017475
59.058900
59.101950
59.145850
59.165650
59.267325
59.326275
59.519050
59.558925
59.648175
59.867175
59.897625
59.918800
59.950700
60.003075
60.043050
60.085500
60.173800
60.286775
60.335300
60.393425
60.517500
60.611575
60.638450
60.659650
60.715075
60.740100
60.787350
60.809800
60.844300
60.942100
61.007800
61.063000
61.080225
61.134875
61.186475
61.306425
61.411800
61.446350
61.540900
61.758125
61.784150
61.844700
61.939700
62.029175
62.055275
62.089525
62.173750
62.261125
62.301700
62.381400
62.532100
62.584675
62.657300
62.849500
62.927225
62.967475
63.077250
63.135075
63.231650
63.262450
63.298025
63.356325
63.400975
63.457175
63.512525
63.625275
63.701400
63.743300
63.761850
63.828050
63.859275
63.949875
64.075825
64.151375
64.174225
64.197350
64.271175
64.332325
64.562275
64.671400
64.744425
65.176775
65.246700
65.294925
65.349925
65.383175
65.472600
65.922775
65.995800
66.055350
66.144175
66.177075
66.213350
66.395625
66.462075
66.571250
66.588225
66.770600
66.808225
66.866975
66.932175
66.955600
66.997775
67.040000
67.067825
67.129975
67.320000
67.466625
67.547875
67.580175
67.729450
67.769600
67.863650
68.010750
68.052475
68.128500
68.179650
68.224725
68.236150
68.303750
68.337300
68.411150
68.518575
68.592650
68.660525
68.755675
68.780875
68.805400
68.849200
68.963975
69.106325
69.221675
69.422625
69.468075
69.496500
69.544475
69.551475
69.559225
69.563450
69.610300
69.625800
69.637650
69.650600
69.668375
69.675800
69.683000
69.695750
69.704450
69.711225
69.733275
69.738175
69.747350
69.752275
69.765750
69.775225
69.788925
69.792800
69.802775
69.810975
69.835825
69.847025
69.888650
69.947100
69.958675
69.964925
69.972225
69.987650
70.012500
70.026275
70.034675
70.046525
70.061950
70.070500
70.082425
70.089250
70.098200
70.152575
70.160350
70.183600
70.222325
70.303825
70.344200
70.410600
70.422375
70.441750
70.452650
70.461450
70.476150
70.484625
70.498750
70.521375
70.695525
70.740100
70.763500
70.789225
70.800450
70.810825
70.854550
70.887400
70.978050
70.993975
71.003925
71.025750
71.129150
71.158725
71.205325
71.215675
71.398050
71.429450
71.510600
71.541225
71.572075
71.604950
71.711850
71.722675
71.787900
71.803225
71.832075
71.843925
71.861850
71.921275
72.085375
72.194075
72.211475
72.277900
72.333525
72.347200
72.358475
72.368750
72.386975
72.399200
72.405850
72.423900
72.431600
72.450300
72.463450
72.474450
72.487000
72.499300
72.524300
72.535725
72.548350
72.558400
72.583925
72.596575
72.607125
72.717825
72.727025
72.742550
72.766225
72.776425
72.786175
72.796450
72.811375
72.820200
72.836450
72.855125
72.870225
72.877875
72.889500
72.906050
72.921175
72.977550
73.053225
73.116525
73.124825
73.185325
73.324075
73.351075
73.361400
73.379600
73.398300
73.412075
73.474325
73.490425
73.503625
73.519600
73.527750
73.539850
73.548950
73.564300
73.584800
73.602375
73.614250
73.622800
73.637250
73.651525
73.667650
73.698200
73.749975
73.827200
73.850875
73.860075
73.873625
73.881200
73.893550
73.907275
73.920400
73.943025
73.979225
73.989700
74.003450
74.020675
74.080900
74.095900
74.119650
74.160700
74.205800
74.223800
74.247025
74.263550
74.300475
74.312150
74.380500
74.393925
74.401900
74.430225
74.515375
74.523550
74.545200
74.576150
74.592475
74.617225
74.641250
74.649550
74.664925
74.734550
74.750000
74.771350
74.851425
74.860600
74.893175
74.914850
74.948750
75.009300
75.033850
75.049225
75.057825
75.083300
75.096575
75.109325
75.219325
75.234625
75.244150
75.263075
75.296350
75.311275
75.333200
75.344325
75.368250
75.377275
75.396625
75.420850
75.433350
75.449625
75.458425
75.472925
75.500000
75.611625
75.622625
75.637900
75.647075
75.672700
75.688550
75.709225
75.720200
75.731550
75.743500
75.784600
75.883100
75.903000
75.920275
75.942200
75.970525
75.992850
76.009475
76.021225
76.121875
76.154625
76.181100
76.219525
76.229975
76.245925
76.266675
76.274550
76.295150
76.309750
76.323300
76.353050
76.387875
76.404075
76.431150
76.439075
76.444625
76.457600
76.477425
76.483775
76.501625
76.509650
76.519125
76.545200
76.554600
76.566800
76.581750
76.630850
76.682100
76.690800
76.704100
76.711425
76.720050
76.739300
76.800625
76.811675
76.819650
76.831200
76.840250
76.844625
76.857125
76.865925
76.876150
76.882425
76.889050
76.899550
76.919025
76.927975
76.940975
76.959000
76.999175
77.065125
77.095050
77.142125
77.150200
77.196150
77.205775
77.228775
77.246225
77.255175
77.271875
77.285600
77.305425
77.328925
77.382050
77.418825
77.437400
77.447725
77.477125
77.485950
77.500625
77.511300
77.522100
77.538350
77.550700
77.557450
77.567025
77.576375
77.598250
77.608825
77.619025
77.639575
77.661900
77.677300
77.695150
77.702375
77.720175
77.739425
77.753800
77.765425
77.789850
77.821475
77.832625
77.840475
77.848825
77.865850
77.879850
77.896300
77.918350
77.926675
77.937875
77.948925
77.954150
77.964525
77.977650
77.985525
78.000450
78.025450
78.034050
78.045300
78.053425
78.065800
78.076725
78.089375
78.112025
78.121825
78.131850
78.145375
78.158025
78.188950
78.209200
78.234450
78.258900
78.267100
78.277000
78.286675
78.312950
78.323050
78.345775
78.364625
78.371850
78.389250
78.404800
78.411950
78.420925
78.429925
78.440800
78.476425
78.484375
78.540750
78.563250
78.617900
78.635525
78.661575
78.679125
78.693250
78.706450
78.721525
78.736425
78.742600
78.752050
78.766625
78.779525
78.790125
78.799950
78.827875
78.848800
78.861225
78.878275
78.902925
78.911475
79.033125
79.041025
79.059400
79.083125
79.109075
79.115175
79.129700
79.152275
79.165575
79.180700
79.201925
79.222275
79.232250
79.255675
79.266825
79.333550
79.351275
79.379900
79.392900
79.402875
79.414975
79.425900
79.438650
79.456225
79.468225
79.482775
79.494650
79.507750
79.527000
79.545875
79.605800
79.746475
79.767900
79.799450
79.910825
79.945375
80.103275
80.133100
80.178475
80.262875
80.298850
80.323550
80.466575
80.482275
80.540075
80.594625
80.631525
80.652200
80.781575
80.813175
80.843075
80.864625
80.936300
80.988050
81.211375
81.262500
81.322950
81.361175
81.395625
81.534800
81.635925
81.741650
81.802625
81.888750
81.924225
81.953275
81.977725
82.030425
82.063600
82.094950
82.272800
82.311225
82.341675
82.375750
82.425625
82.447550
82.470475
82.678425
82.715100
82.734500
82.762100
82.842250
82.900675
83.110650
83.137300
83.190950
83.216650
83.263675
83.517950
83.746650
83.821350
83.875100
83.903150
84.162350
84.185900
84.228225
84.273075
84.393725
84.413675
84.438150
84.563250
84.718725
84.930050
84.961025
85.089250
85.122600
85.276125
85.310050
85.365975
85.419025
85.463350
85.893175
85.978850
86.001200
86.030600
86.073675
86.166900
86.517850
86.545900
86.642025
86.767725
86.876825
86.909875
86.948950
87.033650
87.099575
87.309675
87.447175
87.613275
87.730000
87.768025
87.842000
88.068150
88.146650
88.179875
88.211400
88.446175
88.499150
88.568275
88.859925
88.907100
88.961550
88.996700
89.020275
89.045175
89.075975
89.230525
89.340300
89.375300
89.458450
89.658150
89.743075
89.852100
90.061800
90.101050
90.174100
90.231675
90.282525
90.460625
90.529975
90.580375
90.813050
90.858350
90.921075
90.992675
91.231475
91.268725
91.324750
91.357325
91.418200
91.467975
91.609700
91.771650
91.795600
91.827900
91.920650
92.116400
92.244375
92.321350
92.526700
92.642650
92.883150
92.913550
93.005800
93.197400
93.482700
93.612225
93.882725
93.940825
94.223600
94.293000
94.322250
94.627025
94.713650
94.762150
94.998500
95.120200
95.201200
95.226300
95.284000
95.395725
95.409300
95.479775
95.537325
95.569750
95.694950
95.741325
95.766275
95.968250
96.067675
96.101575
96.140700
96.190050
96.327050
96.362425
96.403250
96.462700
96.490175
96.621950
96.676025
96.752425
96.785625
96.825700
96.862250
97.149375
97.168075
97.195550
97.418100
97.463750
97.536200
97.619375
97.959800
98.002200
98.148600
98.321375
98.389450
98.423975
98.451550
98.483475
98.816700
98.866950
98.887475
98.939675
99.232050
99.355250
99.576400
99.612225
99.644500
99.726625
99.838075
99.884800
99.979925
100.005175
100.037975
100.073400
100.099425
100.135225
100.232425
100.266425
100.482700
100.527275
100.580825
100.609100
100.673900
100.943925
100.991525
101.012600
101.054675
101.083600
101.180400
101.391000
101.462150
101.499575
101.524500
101.594600
101.686175
101.714175
101.763325
101.817450
101.876850
101.982450
102.009850
102.204600
102.222175
102.315300
102.376850
102.418800
102.466575
102.561850
102.606650
102.620150
102.681575
102.744775
102.788550
102.875100
103.019300
103.084575
103.240275
103.285300
103.420325
103.445325
103.593175
103.705150
103.804875
103.866275
103.974350
104.374725
104.417300
104.597250
104.710800
104.790675
104.829975
104.988200
105.193150
105.359475
105.426775
105.524675
105.570900
105.761150
105.833125
105.964725
106.028925
106.115450
106.228825
106.355550
106.424175
106.469850
106.620300
106.641975
106.662600
106.733900
106.780025
106.952675
106.976250
107.003550
107.083450
107.117275
107.163650
107.291125
107.327675
107.398625
107.452175
107.628525
107.729475
107.760150
107.818575
108.002850
108.026525
108.119100
108.189275
108.358225
108.419300
108.568800
108.596550
108.658550
108.697275
108.743975
108.940150
109.043325
109.283575
109.335900
109.393950
109.727025
109.896250
109.959025
109.995900
110.283325
110.326600
110.430550
110.459175
110.795175
110.835575
110.868675
111.064150
111.081925
111.128150
111.174650
111.276350
111.539175
111.617375
111.664675
111.981425
112.018725
112.086025
112.114950
112.173050
112.475750
112.565725
112.792975
112.829350
112.856175
112.914075
112.941225
113.107375
113.206275
113.258675
113.568550
113.689050
113.866225
114.295750
114.321550
114.526550
114.588825
114.653600
114.870675
114.965425
115.170100
115.200525
115.246775
115.306050
115.649975
115.699700
115.744900
115.876125
115.983925
116.190875
116.274925
116.496200
116.723200
116.745025
116.933500
117.200575
117.219075
117.242150
117.275250
117.517575
117.536875
117.563775
117.661050
117.694275
117.915750
117.981275
118.040075
118.068225
118.191775
118.296650
118.549050
118.597050
118.661750
118.851375
118.878600
118.925425
118.959200
119.172650
119.200850
119.269450
119.299400
119.545350
119.549475
119.552975
119.556800
119.561075
119.583500
119.672800
119.712000
119.716325
119.731025
119.743075
119.751725
119.770000
119.776625
119.798225
119.808600
119.821725
119.831550
119.842500
119.870800
119.887300
119.915725
119.924575
119.938275
119.959275
120.039850
120.067175
120.106500
120.233475
120.248650
120.258200
120.289500
120.300275
120.311425
120.340475
120.355100
120.422175
120.444450
120.465150
120.469475
120.477475
120.494300
120.506600
120.516225
120.537350
120.551200
120.579475
120.620225
120.760400
120.771425
120.805150
120.810100
120.827150
120.870675
120.877350
120.911000
120.969550
121.008500
121.033500
121.060550
121.082300
121.110125
121.135175
121.172400
121.187075
121.206750
121.276175
121.503200
121.535325
121.548100
121.558675
121.569200
121.597100
121.612800
121.652150
121.855900
121.872975
121.890850
121.903375
121.960050
122.066800
122.105675
122.173775
122.185950
122.196600
122.213900
122.226975
122.252375
122.274175
122.286025
122.303525
122.330375
122.352850
122.425675
122.501150
122.510400
122.524350
122.532800
122.543850
122.554150
122.570550
122.579225
122.609175
122.638650
122.648900
122.685025
122.756200
122.814200
122.829250
122.841950
122.854500
122.864350
122.874825
122.883950
122.892700
122.907675
122.918500
122.931575
122.948650
122.962725
122.970675
122.993175
123.067125
123.111225
123.190925
123.202350
123.237800
123.246975
123.324900
123.349200
123.369475
123.379025
123.408050
123.425600
123.438950
123.449975
123.468650
123.494200
123.515575
123.604025
123.662625
123.722650
123.774675
123.852175
123.865350
123.886075
123.932650
123.972900
123.988175
124.005275
124.015900
124.028250
124.042550
124.066300
124.076800
124.089175
124.100475
124.126225
124.138200
124.148175
124.170600
124.189250
124.198100
124.211950
124.224075
124.244550
124.274850
124.284525
124.302200
124.314250
124.325850
124.334750
124.352300
124.496375
124.520600
124.617450
124.636100
124.663200
124.718925
124.727900
124.749975
124.764600
124.770175
124.801025
124.808775
124.826550
124.836250
124.867950
124.893875
124.906900
124.914250
124.937175
124.949425
125.045075
125.059650
125.085400
125.106025
125.115150
125.304950
125.314600
125.332575
125.371750
125.387600
125.393875
125.415625
125.425725
125.435875
125.451775
125.488300
125.511000
125.529200
125.540225
125.548575
125.555300
125.566575
125.584925
125.651050
125.676150
125.687075
125.723075
125.746700
125.819425
125.848725
125.862000
125.891800
125.897225
125.911950
125.923475
125.939475
125.949775
125.959500
125.985575
125.997250
126.005750
126.014325
126.026325
126.041875
126.062825
126.077500
126.105175
126.120275
126.149975
126.246250
126.268500
126.283050
126.302775
126.312700
126.328325
126.339850
126.349125
126.367050
126.375500
126.393725
126.401075
126.414725
126.438925
126.473750
126.508425
126.607075
126.646725
126.661675
126.694950
126.704625
126.715050
126.722825
126.735025
126.753825
126.773225
126.799175
126.875475
126.912550
126.920000
127.001000
127.071175
127.101075
127.122375
127.139775
127.150875
127.178725
127.199875
127.210500
127.236600
127.242000
127.259375
127.275700
127.284275
127.304725
127.317150
127.322100
127.342225
127.365000
127.502700
127.512125
127.528025
127.536550
127.545575
127.557825
127.588400
127.605525
127.731350
127.773625
127.789425
127.852400
127.863975
127.879100
127.922650
127.940650
127.958675
127.968675
127.988850
128.001700
128.008950
128.061900
128.071575
128.079700
128.098475
128.113075
128.126225
128.136925
128.146050
128.154450
128.168750
128.193050
128.212925
128.283950
128.354425
128.369200
128.388200
128.423875
128.436675
128.442750
128.457650
128.504450
128.607250
128.616550
128.633225
128.644125
128.651950
128.661850
128.682575
128.691750
128.707700
128.714000
128.774600
128.784450
128.795925
128.805875
128.823475
128.831325
128.841025
128.926450
128.939350
128.947925
128.953350
128.965875
128.980125
128.990900
129.002225
129.022600
129.031650
129.056150
129.079750
129.085750
129.099375
129.113675
129.126625
129.155425
129.169375
129.176225
129.187350
129.198150
129.210675
129.232600
129.248400
129.267250
129.278350
129.283675
129.293675
129.314725
129.343350
129.393100
129.405300
129.423225
129.439050
129.462475
129.472450
129.490025
129.523025
129.753125
129.820675
129.886900
129.925725
130.071200
130.110275
130.213800
130.255350
130.420300
130.450325
130.494575
130.533325
130.713700
130.747625
130.771500
131.075125
131.108450
131.145725
131.335550
131.410925
131.473225
131.517600
131.767325
132.006900
132.026775
132.075875
132.162325
132.322525
132.399200
132.441800
132.464750
132.502375
132.517350
132.541650
132.763300
132.808025
132.845050
132.888700
132.940250
133.035850
133.063175
133.116400
133.240150
133.296675
133.553600
133.570975
133.656500
133.707300
133.742575
133.834650
133.870000
133.934550
133.954100
133.988375
134.035800
134.076725
134.214050
134.238325
134.299225
134.360700
134.577575
134.603900
134.639650
134.691475
134.718175
134.734125
134.810475
134.908975
134.930750
135.040550
135.097800
135.335750
135.365825
135.391875
135.419825
135.467775
135.586675
135.682475
135.794125
135.903925
135.951600
135.968800
136.003650
136.038600
136.103200
136.143975
136.263950
136.294475
136.322275
136.373575
136.474225
136.589225
136.642225
136.732275
136.822300
137.101075
137.153500
137.232475
137.288600
137.417675
137.444650
137.572025
137.606200
137.773100
137.834925
138.069150
138.100600
138.167725
138.363750
138.383975
138.454450
138.597875
138.665875
138.705325
138.827025
138.904225
138.982025
139.259600
139.310950
139.501150
139.618850
139.789600
139.867500
140.078275
140.131050
140.221800
140.405400
140.454300
140.528425
140.565250
140.600150
140.735575
140.756375
140.800675
141.028025
141.090675
141.178700
141.228825
141.428775
141.474350
141.703700
141.811175
142.002975
142.030850
142.071800
142.201825
142.342375
142.429625
142.485125
142.682325
142.766025
142.810125
142.822675
142.976825
143.087275
143.202025
143.278775
143.311250
143.387600
143.456725
143.487625
143.529875
143.566525
143.648950
143.866400
144.011625
144.082175
144.123925
144.138650
144.261050
144.372800
144.474500
144.567025
144.585000
144.663000
144.696775
144.937550
144.971550
145.012000
145.055525
145.088175
145.192475
145.218775
145.282850
145.337850
145.379700
145.454075
145.509675
145.690925
145.773025
145.794800
145.820450
145.883475
146.045075
146.154500
146.258200
146.315750
146.447750
146.593375
146.638300
146.993125
147.118700
147.217525
147.257975
147.294925
147.442375
147.472425
147.692500
147.726650
147.946375
147.990675
148.063750
148.143700
148.309350
148.363850
148.460825
148.704450
148.736575
148.778550
148.836275
149.021300
149.047050
149.094300
149.199275
149.334675
149.398700
149.436575
149.496650
149.685800
149.738900
149.823825
149.873125
150.103025
150.144775
150.188975
150.322500
150.517175
150.583100
150.725300
150.784575
151.130125
151.160250
151.209425
151.497225
151.552800
151.608375
151.629675
151.688350
151.755925
151.798425
151.936150
152.084750
152.167475
152.280900
152.310200
152.337500
152.677475
152.737325
152.819925
153.046000
153.082925
153.142900
153.171750
153.205000
153.283200
153.386625
153.431600
153.486825
153.550725
153.608600
153.638975
153.693850
153.819625
153.853100
153.974350
153.996975
154.086500
154.264125
154.359400
154.391175
154.436775
154.477550
154.513650
154.572950
154.671725
154.720100
154.814750
154.859250
154.939925
154.985475
155.121750
155.150350
155.169225
155.225700
155.314200
155.419575
155.506800
155.614575
155.811450
155.854975
155.884600
155.921750
155.995700
156.053325
156.079600
156.238125
156.310550
156.453075
156.607000
156.637425
156.705100
156.894600
156.954150
157.018875
157.062800
157.135600
157.276875
157.320775
157.403950
157.465500
157.582250
157.627775
157.693400
157.729825
157.825875
157.893650
158.019400
158.134425
158.327200
158.388225
158.449450
158.571200
158.738500
158.778775
158.888450
159.065450
159.104050
159.131550
159.164975
159.210875
159.260150
159.325650
159.419975
159.458850
159.510900
159.582275
159.612300
159.715050
159.802625
159.835075
160.129475
160.182975
160.255750
160.344700
160.475825
160.520925
160.779575
161.122325
161.170475
161.203575
161.262625
161.337425
161.369450
161.599625
161.687900
161.731325
161.759425
161.913400
162.005250
162.072275
162.111625
162.175200
162.233275
162.355825
162.387075
162.474900
162.604225
162.844875
162.891050
162.937825
162.957125
163.078275
163.142575
163.227750
163.349850
163.414500
163.478550
163.530825
163.598975
163.681725
163.777275
163.913350
164.077075
164.157325
164.223200
164.266700
164.542025
164.565550
164.638125
164.804800
164.872025
165.169600
165.227225
165.289300
165.466025
165.515450
165.556800
165.661975
165.775775
165.827725
165.952375
166.055325
166.098100
166.231200
166.475325
166.601025
166.626200
166.653825
166.827300
166.854100
166.897150
167.075500
167.096925
167.138975
167.357500
167.445200
167.528375
167.564025
167.841775
168.033400
168.117275
168.165425
168.454500
168.491675
168.538750
168.581725
168.631675
168.717800
168.842100
168.891250
169.013575
169.029600
169.139050
169.161975
169.227475
169.447925
169.507900
169.545625
169.549400
169.570225
169.601225
169.610650
169.617250
169.624150
169.638200
169.645450
169.699400
169.706700
169.738250
169.748225
169.754750
169.762700
169.770000
169.781125
169.796900
169.809125
169.819175
169.825450
169.850050
169.866850
169.885750
169.894675
169.910300
169.957400
169.980700
169.996650
170.009875
170.072575
170.098375
170.114850
170.128300
170.135875
170.145200
170.156775
170.191800
170.278225
170.290025
170.297925
170.317400
170.325050
170.343125
170.354500
170.368100
170.375550
170.382175
170.398025
170.413650
170.503150
170.517500
170.589600
170.683800
170.706400
170.730475
170.755150
170.813550
170.832350
170.855850
170.906625
170.930775
171.034050
171.058450
171.172750
171.182425
171.238625
171.247675
171.302200
171.310100
171.341450
171.353325
171.432000
171.579550
171.693350
171.717600
171.752775
171.812125
171.853725
171.877425
171.939700
171.971350
172.028025
172.056775
172.071400
172.115700
172.119725
172.136800
172.146575
172.155275
172.181750
172.236150
172.266150
172.339725
172.365250
172.387250
172.406325
172.446225
172.494275
172.499825
172.510375
172.522700
172.530950
172.538700
172.553625
172.573975
172.595600
172.613300
172.630875
172.654525
172.671750
172.685700
172.714775
172.796350
172.884725
172.910050
172.921550
172.934375
172.947225
172.958100
172.964100
172.977100
172.994400
173.008300
173.050150
173.075325
173.111950
173.122125
173.150475
173.160875
173.285125
173.319600
173.328100
173.368225
173.380325
173.403475
173.421875
173.448500
173.531200
173.564825
173.614725
173.727125
173.740650
173.764175
173.783750
173.791025
173.839800
173.857600
173.867125
173.887700
173.927725
173.977100
173.981750
173.995225
174.005675
174.014050
174.024775
174.041375
174.050400
174.069975
174.109300
174.114325
174.124450
174.132900
174.153400
174.282125
174.294175
174.302275
174.360700
174.375625
174.393400
174.543300
174.548850
174.601025
174.618550
174.627200
174.668050
174.684050
174.728125
174.738950
174.779225
174.795500
174.824700
174.840575
174.850925
174.964575
174.970425
174.992100
175.010000
175.023625
175.037750
175.045625
175.059175
175.065900
175.076450
175.105425
175.142525
175.173225
175.187450
175.192650
175.207175
175.227125
175.240425
175.261475
175.278225
175.300000
175.317600
175.336250
175.462400
175.471075
175.500425
175.532775
175.588200
175.613525
175.630775
175.639300
175.657475
175.666350
175.679825
175.691825
175.711575
175.726375
175.749225
175.770925
175.783675
175.797825
175.806775
175.814975
175.823550
175.847650
175.884650
175.951525
175.972450
176.023225
176.039525
176.049175
176.094050
176.104575
176.126150
176.152775
176.161100
176.185550
176.203325
176.223325
176.255775
176.278150
176.289450
176.299725
176.308675
176.333075
176.363400
176.421950
176.428950
176.454425
176.469150
176.484100
176.494775
176.506150
176.520625
176.531275
176.566625
176.581875
176.591450
176.601225
176.621550
176.636975
176.650075
176.669375
176.741450
176.818700
176.841350
176.848950
176.866150
176.880950
176.890950
176.913675
176.924500
176.938675
176.959650
176.976200
176.984775
176.999700
177.018900
177.036350
177.068775
177.092150
177.110075
177.126400
177.159375
177.201225
177.220425
177.254875
177.267500
177.276725
177.297400
177.343700
177.414925
177.429850
177.449600
177.484225
177.489825
177.508975
177.517325
177.524875
177.535675
177.560425
177.582300
177.595350
177.612125
177.622975
177.634100
177.644800
177.654825
177.677300
177.701375
177.896225
177.903400
178.005925
178.025425
178.035475
178.069650
178.077600
178.098475
178.121850
178.133275
178.164100
178.173375
178.203525
178.215050
178.224900
178.241100
178.249450
178.257275
178.282450
178.305125
178.327025
178.342875
178.446950
178.465325
178.470600
178.479575
178.498700
178.520775
178.531550
178.543550
178.553975
178.566625
178.578875
178.590925
178.604625
178.636075
178.662700
178.684400
178.705550
178.750550
178.757725
178.802300
178.821325
178.844875
178.898350
178.937050
178.950850
178.973975
178.979725
178.992300
178.999675
179.018325
179.033350
179.062125
179.108700
179.114750
179.126875
179.153950
179.175675
179.183250
179.198075
179.215450
179.223275
179.236125
179.247375
179.264925
179.275350
179.298750
179.314250
179.445100
179.453275
179.466625
179.477575
179.484725
179.502950
179.510625
179.674500
179.701000
179.742750
179.823600
179.964750
180.014525
180.041225
180.221375
180.267025
180.297700
180.547875
180.602450
180.695950
180.767525
180.851450
180.885450
180.913275
180.998200
181.123850
181.150825
181.180550
181.216125
181.326425
181.433125
181.485700
181.592625
181.617000
181.829125
181.913550
181.953275
181.984650
182.026050
182.232325
182.253500
182.451400
182.488925
182.555650
182.650275
182.932825
182.970125
183.009750
183.111575
183.157275
183.288175
183.373725
183.682900
183.853400
183.879950
183.915400
183.977900
184.058025
184.210100
184.359400
184.439025
184.494550
184.572575
184.646525
184.707325
184.734600
184.946475
185.019200
185.082400
185.227300
185.323425
185.402400
185.535550
185.675975
185.726400
185.862100
185.887950
185.927350
186.111200
186.162425
186.181200
186.303950
186.331775
186.489275
186.523000
186.577050
186.610375
186.838050
186.890950
186.963325
187.121525
187.152050
187.241950
187.277850
187.356975
187.437675
187.461500
187.507700
187.564900
187.631175
187.768275
187.820600
187.962875
187.980325
188.148125
188.176750
188.203325
188.256425
188.358400
188.456450
188.487250
188.530850
188.797475
188.824200
188.888075
189.011950
189.195250
189.296050
189.560625
189.668475
189.759750
189.793050
190.094475
190.143325
190.252975
190.276575
190.308975
190.502850
190.537825
190.596725
190.644675
190.899900
191.081925
191.371775
191.520950
191.538275
191.647650
191.662750
191.734125
191.766500
191.849875
191.893650
192.029700
192.098700
192.125650
192.172450
192.293275
192.322125
192.383475
192.640925
192.694200
192.735675
192.827225
193.021000
193.051100
193.094000
193.221575
193.254625
193.457475
193.519400
193.534950
193.594375
193.619300
193.839525
193.875600
194.016900
194.060275
194.202250
194.269725
194.337025
194.381700
194.436825
194.563250
194.601100
194.634650
194.682250
194.733025
194.914550
194.953450
195.009125
195.050000
195.284350
195.348525
195.383975
195.432675
195.544400
195.602000
195.681575
195.904500
196.098200
196.219025
196.344600
196.374575
196.445100
196.578325
196.668000
196.994975
197.068475
197.302225
197.337225
197.374250
197.396000
197.474025
197.654325
197.782900
197.799975
197.855425
197.901775
198.001100
198.151650
198.188325
198.232025
198.272175
198.365550
198.431950
198.483750
198.773100
198.840775
198.970250
199.000750
199.164000
199.250675
199.295775
199.382775
199.414875
199.565850
199.623025
199.646625
199.683575
199.787275
199.904625
199.970700
200.017600
200.090375
200.113025
200.149225
200.247175
200.281500
200.405500
200.465850
200.595775
200.651950
200.700775
200.785125
200.866850
200.906325
201.022750
201.053125
201.131650
201.250125
201.320725
201.353325
201.479975
201.508050
201.902125
201.985225
202.036650
202.092800
202.119075
202.289800
202.323375
202.401100
202.416950
202.538725
202.598725
202.759525
202.892000
202.970850
202.999875
203.021600
203.061200
203.165325
203.265425
203.324125
203.369100
203.594050
203.621325
203.669500
203.771675
203.807625
203.854125
203.953425
203.991925
204.036675
204.158650
204.177525
204.207625
204.224300
204.322850
204.361375
204.528600
204.565375
204.635425
204.689975
204.743125
204.856775
204.936475
204.959675
205.040350
205.161450
205.228475
205.281550
205.330575
205.406325
205.553800
205.588900
205.630425
205.680500
205.887075
206.016200
206.072400
206.175300
206.275900
206.323975
206.398050
206.547700
206.605350
206.644825
206.694625
206.753675
206.788200
207.073150
207.331950
207.416750
207.453025
207.484250
207.541750
207.564925
207.592025
207.784700
207.853500
207.906475
208.080850
208.117750
208.172500
208.361925
208.522275
208.573825
208.597875
208.677500
208.712000
208.766800
208.815050
208.975850
209.081450
209.128850
209.211325
209.244725
209.317675
209.420150
209.458075
209.577450
209.604875
209.648625
209.682325
209.751875
209.803925
209.843375
209.930825
209.959625
210.204400
210.280650
210.372100
210.428725
210.517700
210.617025
210.652175
210.683900
210.715725
210.874800
211.157575
211.211850
211.347600
211.384025
211.504150
211.739575
211.803025
211.859475
211.967125
212.003625
212.034900
212.192550
212.297950
212.344775
212.376875
212.413750
212.473475
212.714950
212.755575
213.078925
213.133950
213.187450
213.244925
213.336075
213.389350
213.408250
213.504700
213.528600
213.637800
213.667775
213.751000
213.789500
213.861350
213.987475
214.069300
214.124550
214.218675
214.312725
214.413975
214.544525
214.609875
214.700525
214.721000
214.913650
215.217475
215.273550
215.461100
215.709400
215.832050
215.915225
215.989575
216.091250
216.149225
216.518725
216.543300
216.626325
216.720075
216.740025
216.792400
216.825475
216.877425
216.946075
217.038825
217.107525
217.149100
217.242275
217.372725
217.391750
217.425950
217.516875
217.597575
217.645725
217.720075
217.744700
217.830125
218.007625
218.103075
218.162275
218.186975
218.311675
218.410275
218.455625
218.492675
218.535500
218.574825
218.638050
218.830800
218.885950
218.928175
218.960600
219.174425
219.233300
219.288050
219.328275
219.538225
219.545650
219.549400
219.610375
219.643275
219.649750
219.664050
219.679025
219.698800
219.713100
219.730300
219.738875
219.745850
219.763825
219.777175
219.826175
219.832450
219.838675
219.854375
219.864000
219.872675
219.882950
219.894775
219.910150
219.918325
219.940125
219.952300
219.958825
219.977675
219.985300
219.994225
220.001000
220.012925
220.030975
220.037150
220.048400
220.061850
220.068525
220.119100
220.134075
220.156200
220.165175
220.173375
220.215800
220.227575
220.237450
220.247725
220.258075
220.278375
220.287725
220.298050
220.349675
220.357300
220.367250
220.387900
220.443900
220.453300
220.462175
220.471275
220.481125
220.497250
220.515475
220.524675
220.553550
220.566725
220.577750
220.593825
220.604200
220.617600
220.633300
220.640350
220.669125
220.675375
220.692300
220.704400
220.719425
220.740625
220.765875
220.773075
220.819625
220.847275
220.884375
220.905850
220.956950
220.972500
221.027800
221.062675
221.116225
221.134125
221.190450
221.223650
221.252675
221.303125
221.351875
221.527975
221.552750
221.656450
221.683400
221.835625
221.895325
222.016725
222.032075
222.057050
222.070550
222.077800
222.092900
222.105400
222.113425
222.142525
222.160025
222.179100
222.217550
222.238375
222.251825
222.262450
222.300175
222.328075
222.362375
222.371075
222.385525
222.398850
222.412600
222.419325
222.435950
222.533850
222.547325
222.555400
222.583825
222.611525
222.640025
222.649250
222.665150
222.677800
222.688375
222.707750
222.725750
222.740600
222.769425
222.796450
222.807275
222.825150
222.837800
222.860100
222.891600
222.918275
222.954700
222.988150
223.004125
223.041225
223.048300
223.061975
223.077125
223.096800
223.124825
223.137350
223.164925
223.176025
223.192725
223.223100
223.237525
223.257225
223.265100
223.281200
223.298825
223.315825
223.352000
223.378350
223.391550
223.413700
223.477325
223.483400
223.496275
223.554525
223.565200
223.592125
223.608925
223.624125
223.654525
223.693900
223.710700
223.746100
223.767775
223.774125
223.792375
223.809425
223.866900
223.896825
223.913225
223.943800
223.951325
223.968400
224.012350
224.021350
224.037525
224.058975
224.145050
224.150050
224.170975
224.206475
224.230175
224.238950
224.265325
224.283100
224.300950
224.316050
224.343350
224.352875
224.436100
224.471050
224.481100
224.504175
224.622525
224.647550
224.681800
224.698225
224.714625
224.725300
224.753750
224.761825
224.811750
224.824625
224.839675
224.853725
224.866425
224.885100
224.899825
224.938425
224.949150
225.005850
225.034450
225.044950
225.062275
225.080250
225.103250
225.146725
225.183175
225.220200
225.241650
225.249950
225.292925
225.310275
225.340175
225.348850
225.361000
225.474025
225.547025
225.561050
225.737450
225.816075
225.844700
225.917450
225.926300
225.943425
225.996125
226.041050
226.087650
226.114225
226.146675
226.169000
226.174600
226.189625
226.250275
226.266800
226.274850
226.293100
226.311075
226.327400
226.345550
226.351900
226.363900
226.370850
226.378850
226.387575
226.441550
226.456575
226.507175
226.615825
226.668900
226.703700
226.729025
226.759000
226.803200
226.812575
226.861700
226.883075
226.919625
226.929850
226.963950
226.980175
226.994525
227.012875
227.025525
227.040025
227.054825
227.074525
227.114300
227.220275
227.232275
227.242275
227.254225
227.261575
227.292975
227.304125
227.367400
227.387825
227.455975
227.508275
227.550950
227.561875
227.574875
227.634925
227.691175
227.749350
227.757125
227.765300
227.788550
227.800675
227.809550
227.836025
227.853025
227.862275
227.871800
227.881175
227.913450
227.922175
227.953625
227.980500
227.988550
227.996775
228.016325
228.091600
228.102500
228.114200
228.138350
228.161850
228.170375
228.198700
228.208325
228.216350
228.227075
228.242700
228.252075
228.259475
228.273925
228.366225
228.397800
228.406850
228.415850
228.440375
228.456025
228.463700
228.477450
228.496725
228.519025
228.526475
228.541150
228.549000
228.556300
228.573600
228.587300
228.593000
228.605800
228.620500
228.645600
228.655150
228.669225
228.682975
228.692000
228.705900
228.725475
228.758000
228.775225
228.802750
228.876375
228.912225
228.965800
229.012275
229.031000
229.070850
229.089500
229.121225
229.132100
229.148225
229.154800
229.179875
229.188700
229.216175
229.231675
229.246900
229.284375
229.292650
229.322600
229.329300
229.344525
229.378125
229.387250
229.412000
229.421175
229.464525
229.484700
229.499900
229.512075
229.520250
229.530825
229.590550
229.622450
229.847375
229.877375
229.927650
229.969075
230.066750
230.099125
230.278900
230.301425
230.338375
230.360375
230.413550
230.451975
230.564525
230.607425
230.649500
230.708450
230.733975
230.766250
230.854850
230.880675
230.909100
231.047400
231.077475
231.124650
231.293850
231.320350
231.453950
231.481825
231.517025
231.626675
231.948950
231.968825
232.101800
232.144025
232.174575
232.199900
232.302025
232.330050
232.344975
232.471350
232.524575
232.576100
232.682500
232.818350
232.878125
232.978575
232.991975
233.142900
233.201075
233.233025
233.386725
233.407675
233.488875
233.546750
233.586075
233.885500
234.154100
234.181725
234.226600
234.276675
234.304150
234.347100
234.514025
234.592875
234.658525
234.707300
234.730025
234.765725
234.854225
234.891400
234.969525
235.124400
235.234525
235.292450
235.454525
235.497050
235.553925
235.579425
235.619600
235.656300
235.716575
235.791075
235.916400
235.951325
236.054100
236.097250
236.122225
236.160600
236.390375
236.544775
236.629575
236.670600
236.740675
236.796025
236.840150
236.902875
237.047250
237.069900
237.096450
237.145700
237.208100
237.235275
237.385625
237.397750
237.522650
237.589650
237.782725
237.837850
237.866700
238.135800
238.208900
238.231275
238.317675
238.458325
238.511525
238.581075
238.602950
238.629975
238.667050
238.771375
238.839725
238.862675
238.906625
238.924975
238.972500
239.048225
239.158600
239.245175
239.344825
239.471450
239.536825
239.586825
239.641000
239.706100
239.944550
239.996375
240.054050
240.125400
240.305200
240.327850
240.358550
240.451025
240.485275
240.646975
240.676425
240.775975
240.917850
240.941225
241.028075
241.065825
241.156100
241.256275
241.279450
241.313025
241.362350
241.435700
241.464675
241.579175
241.792500
241.817750
241.905250
241.942550
241.966775
242.029600
242.055975
242.131800
242.220700
242.322925
242.421425
242.461800
242.607100
242.908650
242.960600
242.996225
243.044200
243.114975
243.294225
243.507750
243.592025
243.644225
243.723750
243.884175
243.918825
243.972300
244.008925
244.074875
244.119375
244.259850
244.300300
244.341350
244.361025
244.390675
244.442525
244.465450
244.555075
244.588425
244.656225
244.741775
244.806100
244.897300
244.972500
245.044125
245.110975
245.260950
245.392750
245.446750
245.509900
245.531600
245.608300
245.648275
245.698175
245.744525
245.766600
245.786950
245.989525
246.075700
246.209725
246.367025
246.412025
246.457425
246.486175
246.543400
246.619825
246.765625
246.796000
246.841775
247.041800
247.093150
247.210400
247.242275
247.395775
247.518175
247.536700
247.587450
247.732800
247.862225
247.916500
247.983925
248.008900
248.054625
248.081700
248.216150
248.231350
248.347400
248.397300
248.570925
248.597375
248.625025
248.658925
248.746150
249.004025
249.052600
249.087150
249.259875
249.392125
249.466025
249.501875
249.539175
249.570300
249.593200
249.676250
249.723900
249.865650
249.926150
250.124875
250.241500
250.335275
250.387375
250.605400
250.657500
250.696500
250.743550
250.781075
251.424900
251.462625
251.529100
251.626025
251.668500
251.849600
251.912650
251.937700
252.021325
252.055050
252.125775
252.157525
252.199875
252.282450
252.398375
252.563500
252.602200
252.632625
252.689375
252.714175
252.767000
253.092550
253.138525
253.357050
253.389600
253.444725
253.510850
253.819475
253.865425
254.210075
254.230325
254.260475
254.453050
254.647825
254.676625
254.702300
254.936925
255.006775
255.040450
255.123150
255.156075
255.486625
255.600250
255.654050
255.727775
255.964925
256.004950
256.096500
256.139600
256.186875
256.388450
256.499975
256.575775
256.611875
256.676500
256.713450
256.782250
256.815350
257.030550
257.095050
257.169500
257.189000
257.394475
257.448850
257.490375
257.539150
257.584100
257.813850
257.864275
257.880925
257.906625
257.953000
258.094650
258.125075
258.283925
258.520700
258.543275
258.587700
258.612900
258.670050
258.763950
258.826500
259.046600
259.081325
259.159075
259.188375
259.361150
259.391275
259.532800
259.677350
259.735175
259.810425
260.118225
260.157750
260.361250
260.419925
260.455850
260.481575
260.508900
260.573350
260.680525
260.747000
260.771925
260.804400
260.868000
261.120650
261.156425
261.279025
261.307200
261.467075
261.528300
261.582875
261.648950
261.683800
261.773925
261.791200
261.922025
262.063800
262.117775
262.166175
262.186950
262.254875
262.297750
262.457550
262.603175
262.718625
262.752175
262.821575
262.892650
262.935975
263.023975
263.056725
263.223800
263.245525
263.295450
263.358475
263.545975
263.613625
263.653675
263.676150
263.732325
263.920950
263.998800
264.077900
264.108600
264.178150
264.252000
264.367725
264.443950
264.576450
264.593575
264.767275
264.872250
264.918700
264.956125
264.994500
265.022700
265.135850
265.248725
265.349125
265.369875
265.419450
265.619525
265.693725
265.748300
266.012300
266.106750
266.141900
266.239550
266.395600
266.502250
266.555300
266.734225
266.766400
266.799275
266.827950
266.860150
266.886325
267.105500
267.216975
267.449250
267.491800
267.545075
267.589275
267.730900
267.815375
267.837325
267.960825
268.199150
268.563450
268.638050
268.666150
268.736575
268.818600
269.046675
269.103550
269.141425
269.440225
269.496975
269.533750
269.537725
269.541875
269.561975
269.571650
269.581600
269.590525
269.610575
269.616400
269.671675
269.689525
269.701050
269.708675
269.722325
269.740550
269.750225
269.757475
269.764725
269.770875
269.797275
269.805575
269.813725
269.820475
269.839675
269.845300
269.865400
269.869050
269.885225
270.001175
270.008425
270.049000
270.053375
270.060825
270.069900
270.081350
270.088650
270.100000
270.111825
270.129625
270.146300
270.160725
270.174350
270.213525
270.220150
270.230175
270.242300
270.264750
270.273325
270.286250
270.293950
270.302600
270.329300
270.336075
270.342625
270.356400
270.363250
270.378375
270.402450
270.415125
270.435750
270.455625
270.468925
270.477450
270.504075
270.515000
270.591275
270.602825
270.610950
270.619150
270.634975
270.686450
270.704800
270.715325
270.734200
270.742675
270.751250
270.792700
270.809700
270.827275
270.834575
270.841800
270.846625
270.860725
270.870825
270.908525
270.916175
270.972450
270.991500
271.098075
271.165625
271.252600
271.319675
271.337075
271.360925
271.398350
271.419350
271.518300
271.585300
271.609500
271.626900
271.650425
271.663800
271.673600
271.775300
271.862100
271.895300
271.913500
271.930750
271.963050
272.036575
272.063050
272.115750
272.192175
272.212400
272.319600
272.331100
272.364225
272.368725
272.386200
272.401450
272.505600
272.514050
272.525450
272.545675
272.557150
272.725875
272.733300
272.760925
272.855550
272.898325
272.964200
273.007425
273.017975
273.025925
273.044825
273.065100
273.107900
273.120875
273.129925
273.147325
273.167725
273.175050
273.183475
273.194675
273.211225
273.307250
273.454650
273.475925
273.486850
273.494950
273.515475
273.527800
273.549625
273.560000
273.568050
273.588150
273.610650
273.628700
273.651550
273.666600
273.706525
273.769550
273.776725
273.800900
273.811475
273.831025
273.838700
273.858925
273.865750
273.883950
273.914850
273.927350
273.948525
273.982250
274.000600
274.005900
274.018250
274.027600
274.039175
274.066075
274.131550
274.157375
274.167050
274.178225
274.198625
274.207350
274.220875
274.233575
274.263925
274.276600
274.284475
274.309100
274.318075
274.334550
274.343875
274.367275
274.390750
274.409000
274.419275
274.430150
274.441725
274.452250
274.460225
274.482300
274.552250
274.579775
274.605650
274.626625
274.640200
274.648700
274.661825
274.674425
274.683650
274.694550
274.705500
274.715175
274.733275
274.744575
274.783350
274.900675
274.918275
274.931475
274.938275
274.947600
274.962875
274.981600
275.006800
275.013500
275.064225
275.074600
275.087850
275.099175
275.115975
275.135175
275.187475
275.210350
275.266075
275.282000
275.311450
275.316625
275.333075
275.360850
275.370750
275.380350
275.389225
275.417425
275.426675
275.468575
275.477100
275.486550
275.510350
275.525225
275.533450
275.544125
275.560550
275.576425
275.587850
275.600250
275.610600
275.629450
275.658550
275.710150
275.737050
275.751975
275.761150
275.768925
275.777000
275.802900
275.808975
275.818675
275.834425
275.842200
275.857375
275.879975
275.887550
275.909600
275.929275
275.946800
275.956200
275.966600
275.994600
276.010550
276.048600
276.059000
276.072000
276.081950
276.135300
276.180200
276.188375
276.197300
276.211825
276.224575
276.234975
276.249900
276.260275
276.273700
276.290275
276.308000
276.320525
276.325900
276.337000
276.347900
276.371250
276.388525
276.399475
276.411175
276.430800
276.563200
276.571475
276.583250
276.591625
276.606100
276.617850
276.652500
276.661150
276.668100
276.680025
276.686400
276.694825
276.713425
276.729725
276.750850
276.765000
276.778775
276.918525
276.944225
276.976775
276.986025
277.002900
277.029625
277.038550
277.065625
277.072050
277.099475
277.122575
277.148150
277.156175
277.178425
277.193500
277.215075
277.230950
277.255525
277.308725
277.321325
277.388175
277.414500
277.456400
277.476225
277.509725
277.563400
277.575325
277.597175
277.627325
277.638550
277.646250
277.667375
277.706525
277.749400
277.786875
277.799600
277.821625
277.830575
277.854800
277.882200
277.954825
278.011700
278.028700
278.050700
278.065575
278.104875
278.117200
278.132425
278.146675
278.156175
278.172925
278.198450
278.204450
278.248950
278.260675
278.280250
278.398425
278.408175
278.432925
278.443450
278.537150
278.585775
278.687000
278.725375
278.739225
278.750850
278.765100
278.783700
278.800325
278.808575
278.835125
278.849350
278.879200
278.912900
278.963075
279.018850
279.032225
279.055550
279.072750
279.099725
279.137250
279.169575
279.179300
279.185200
279.216900
279.231200
279.241300
279.259700
279.272800
279.356550
279.397700
279.404500
279.417775
279.433450
279.465575
279.474050
279.489475
279.520425
279.629650
279.695925
279.802575
279.897625
279.916950
279.975650
280.027175
280.172100
280.261100
280.322625
280.512125
280.579325
280.606825
280.652375
280.719325
280.792950
280.849775
280.909650
280.970075
281.003425
281.059950
281.224800
281.363750
281.400625
281.454575
281.506175
281.587925
281.631225
281.677925
281.735525
281.769175
281.807325
281.841375
281.982800
282.008975
282.041800
282.066750
282.120775
282.232425
282.270925
282.318275
282.490450
282.522925
282.558750
282.595975
282.649275
282.672400
282.769425
282.784300
282.801200
282.913075
283.105900
283.193750
283.265450
283.292800
283.370775
283.420025
283.441800
283.495575
283.615350
283.661625
283.716450
283.866650
283.891900
283.939250
284.007550
284.049500
284.126925
284.488850
284.530975
284.783650
284.851575
284.890400
284.911875
285.123650
285.159575
285.194500
285.226400
285.280350
285.470325
285.534800
285.597700
285.670575
285.703300
285.813425
285.864650
285.896750
285.927125
285.960775
285.989900
286.108500
286.145125
286.207975
286.257800
286.280100
286.343150
286.380500
286.446450
286.509150
286.536050
286.598600
286.629300
286.674650
286.766700
286.812700
286.865950
286.940950
287.029975
287.157050
287.274100
287.583825
287.732400
287.787150
287.818950
287.947375
287.967175
288.006325
288.051275
288.119875
288.142400
288.232200
288.331325
288.402100
288.421800
288.490550
288.570225
288.676175
288.722525
288.808550
289.110750
289.148500
289.254175
289.288125
289.344000
289.447400
289.627600
289.656125
289.786900
289.924750
289.944950
289.997950
290.022025
290.048400
290.140175
290.385050
290.499000
290.538325
290.764275
290.803525
290.833275
290.935625
291.148475
291.234875
291.282775
291.459100
291.631700
291.669825
291.715575
291.931850
291.989575
292.150050
292.194225
292.366925
292.391575
292.581975
292.637475
292.686875
292.745750
292.916700
292.955175
293.006375
293.038725
293.143500
293.237825
293.598000
293.640750
293.712175
293.792250
293.846450
293.908725
294.025150
294.084025
294.115000
294.215900
294.722000
294.786500
294.823975
294.936000
295.068300
295.122150
295.218050
295.356900
295.419550
295.548500
295.639050
295.742150
296.183750
296.206375
296.373175
296.398450
296.435175
296.563875
296.599100
296.634275
296.686100
296.791650
296.810725
296.946650
297.106650
297.148225
297.191875
297.269375
297.287075
297.332325
297.494000
297.562225
297.636100
297.677250
297.923450
297.972225
298.118475
298.245000
298.359000
298.558025
298.595475
298.941825
298.988500
299.095675
299.122250
299.212450
299.450225
299.508325
299.593350
299.638725
299.668575
300.046075
300.324000
300.340600
300.407125
300.472700
300.562475
300.616150
300.646600
300.680650
300.696925
300.790700
300.827650
300.962000
301.016225
301.107400
301.144300
301.287075
301.372100
301.424600
301.460975
301.492275
301.570975
301.645650
301.677400
301.726050
301.767275
301.822200
301.906700
301.934475
301.991750
302.017500
302.130075
302.271750
302.396725
302.465475
302.652400
302.686275
302.729675
302.798350
302.899075
302.975350
303.026875
303.050625
303.083550
303.126650
303.245175
303.262950
303.285050
303.404775
303.454325
303.622075
303.675250
303.742700
303.798875
303.877525
303.922875
303.971300
303.990775
304.205650
304.282450
304.517750
304.540525
304.657700
304.757800
304.853125
304.922025
304.989100
305.162325
305.248375
305.286225
305.340750
305.499950
305.569625
305.640925
305.670775
305.789600
305.806025
305.897075
305.917575
305.979550
306.110200
306.151950
306.243775
306.295925
306.325250
306.354950
306.452275
306.482400
306.544350
306.596075
306.648475
306.676450
306.722350
306.806000
306.888850
307.014150
307.063625
307.219300
307.294500
307.345825
307.389850
307.437925
307.468825
307.714675
307.778625
307.805375
307.996525
308.086375
308.155225
308.202275
308.407375
308.440800
308.476275
308.625525
308.657775
308.672850
308.887950
308.926125
308.966175
309.019050
309.056050
309.107225
309.314475
309.338300
309.353000
309.526500
309.644925
309.718750
309.791825
309.869075
309.924375
310.026950
310.105725
310.147700
310.202250
310.501875
310.549250
310.605450
310.668950
310.724675
310.763150
310.928375
310.965275
311.076300
311.169025
311.227375
311.454350
311.673950
311.702800
311.821175
311.860750
312.033775
312.067550
312.095275
312.159675
312.260525
312.391975
312.464300
312.489600
312.560225
313.032050
313.077825
313.111950
313.153425
313.323050
313.348350
313.423250
313.521750
313.598150
313.860500
313.953300
313.998900
314.042550
314.081625
314.106325
314.135500
314.303075
314.341025
314.397275
314.438100
314.499400
314.595050
314.714325
314.789125
314.811150
314.925775
315.050025
315.171250
315.212075
315.237500
315.317175
315.365500
315.634500
315.733650
315.757075
315.839750
315.883575
315.958250
316.127775
316.207150
316.248450
316.277450
316.439575
316.485850
316.530875
316.570475
316.843225
316.864175
317.075850
317.135125
317.172600
317.231525
317.352300
317.458000
317.488825
317.554625
317.745200
317.824350
317.908375
317.945900
317.975850
318.047400
318.255850
318.294275
318.314425
318.404175
318.457725
318.619350
318.734975
318.873450
318.981050
319.036700
319.057875
319.116125
319.133450
319.319900
319.362100
319.448350
319.530425
319.537850
319.567425
319.575225
319.597400
319.607625
319.625100
319.633725
319.646825
319.655900
319.672475
319.680425
319.687800
319.703900
319.721725
319.736200
319.743125
319.749775
319.792675
319.830575
319.849025
319.857025
319.872875
319.879050
319.894625
319.905850
319.917675
319.933100
319.941900
319.969650
319.976275
319.990975
320.002850
320.012875
320.026975
320.048000
320.058125
320.081850
320.092225
320.152450
320.185825
320.192275
320.209150
320.218875
320.236450
320.255825
320.270725
320.286250
320.295300
320.305200
320.322300
320.329000
320.347775
320.376375
320.386700
320.405175
320.432450
320.443775
320.496175
320.547025
320.570075
320.575250
320.617275
320.634025
320.663925
320.671550
320.699325
320.709125
320.717025
320.753925
320.758000
320.796650
320.809700
320.881000
320.901550
320.925100
320.955775
320.987175
320.998350
321.009675
321.023525
321.035325
321.053300
321.063275
321.083850
321.102850
321.112250
321.125175
321.133050
321.156925
321.195475
321.226000
321.293100
321.301875
321.325625
321.380900
321.415900
321.457150
321.466225
321.484950
321.499325
321.534425
321.572550
321.591325
321.720425
321.725850
321.736150
321.761850
321.834775
321.849975
321.903325
321.977375
321.990350
322.129500
322.150125
322.161325
322.248525
322.291425
322.358475
322.467075
322.509275
322.518950
322.530800
322.553250
322.558700
322.579100
322.587975
322.614300
322.632575
322.651525
322.710325
322.723975
322.746600
322.861875
322.927375
323.028750
323.048050
323.075900
323.091600
323.116575
323.137975
323.143750
323.162925
323.198325
323.266225
323.333600
323.343325
323.372125
323.391375
323.408350
323.440000
323.449275
323.477525
323.508725
323.518525
323.544950
323.571450
323.578475
323.617300
323.630500
323.653150
323.767600
323.794550
323.799925
323.809750
323.831425
323.852675
323.870400
323.892650
323.904675
323.941050
323.952475
323.996100
324.004950
324.042775
324.069700
324.083850
324.089700
324.117525
324.131350
324.163850
324.183725
324.229925
324.238300
324.255450
324.271675
324.288650
324.326300
324.366625
324.378025
324.396200
324.414700
324.439650
324.457000
324.469500
324.474775
324.496675
324.518100
324.527800
324.538425
324.552950
324.634875
324.670525
324.680100
324.706650
324.734675
324.742025
324.775300
324.789975
324.813150
324.828850
324.860200
324.878525
324.891475
324.903050
324.913950
324.921375
324.961725
324.976750
325.001075
325.011500
325.027200
325.036800
325.054275
325.102650
325.142925
325.159925
325.178350
325.205375
325.227025
325.236225
325.262250
325.288525
325.310275
325.323400
325.332650
325.343025
325.356500
325.385300
325.405375
325.413025
325.419075
325.451175
325.497675
325.507050
325.513300
325.522075
325.536700
325.544400
325.556475
325.579650
325.585300
325.603325
325.614300
325.633700
325.700175
325.742600
325.751675
325.763900
325.773575
325.789900
325.800400
325.817100
325.827475
325.837925
325.857175
325.889650
325.897750
325.903350
325.925750
325.931975
326.006525
326.044600
326.055475
326.073525
326.084050
326.104875
326.114425
326.126700
326.140875
326.159250
326.178900
326.200650
326.211900
326.219650
326.224575
326.246700
326.256050
326.314250
326.328225
326.346050
326.361025
326.367575
326.381150
326.408375
326.413450
326.430050
326.447625
326.452200
326.465125
326.479225
326.494075
326.516375
326.524675
326.530050
326.541725
326.629050
326.647550
326.693725
326.703150
326.740300
326.748475
326.756125
326.789175
326.811975
326.819975
326.830375
326.845425
326.864475
326.913475
326.986700
326.993200
327.035900
327.064525
327.092925
327.222525
327.249425
327.275425
327.318225
327.409675
327.422975
327.436800
327.451175
327.467825
327.480850
327.489200
327.499700
327.506550
327.516375
327.527900
327.552475
327.568675
327.577625
327.583200
327.592275
327.607700
327.636925
327.645925
327.734300
327.747600
327.756500
327.769875
327.781300
327.794000
327.806900
327.852100
327.860450
327.898700
327.953350
328.015750
328.028275
328.090150
328.108175
328.117825
328.139800
328.150550
328.161825
328.188650
328.203350
328.231075
328.245225
328.255100
328.261875
328.400000
328.417300
328.468325
328.503450
328.531150
328.558650
328.613700
328.633100
328.683725
328.690900
328.718475
328.754625
328.773750
328.791850
328.807450
328.821400
328.826150
328.838300
328.851975
328.868875
328.886500
328.895875
328.904600
328.919975
328.935075
328.949100
329.049650
329.060625
329.068325
329.080725
329.095650
329.120500
329.129550
329.142600
329.182450
329.198300
329.236525
329.258175
329.272625
329.324300
329.383525
329.397275
329.418525
329.455025
329.477575
329.487425
329.502400
329.518975
329.645775
329.720775
329.754775
330.035400
330.162525
330.261225
330.287575
330.410175
330.449200
330.504625
330.544550
330.714850
330.803775
330.837750
330.865400
330.922300
330.986875
331.059675
331.097025
331.214900
331.368875
331.437225
331.464325
331.495100
331.538500
331.735150
331.756800
331.816775
331.854450
331.957475
332.028875
332.055175
332.129225
332.403775
332.505275
332.546025
332.588000
332.772100
332.839950
332.875525
333.021375
333.050725
333.118725
333.196900
333.266725
333.657000
333.703800
333.752475
333.824150
333.858725
333.949925
334.014625
334.066050
334.163700
334.198725
334.261575
334.331250
334.361050
334.416350
334.502725
334.687400
334.751175
334.771800
334.806000
334.965000
334.990375
335.018425
335.065050
335.095875
335.409900
335.436850
335.519700
335.563525
335.636800
335.869925
335.897225
335.933900
336.173150
336.284750
336.311550
336.355150
336.383800
336.624925
336.665850
336.699850
336.858175
336.981800
337.103025
337.220650
337.289300
337.319225
337.380650
337.432525
337.596550
337.771225
337.966850
338.087050
338.395850
338.491150
338.676550
338.706800
338.780950
338.854925
338.998700
339.037725
339.076525
339.193100
339.232750
339.387575
339.434950
339.504850
339.639675
339.656650
339.764000
339.843975
339.884975
339.926925
339.964475
340.059775
340.076150
340.174775
340.198400
340.233125
340.278650
340.300775
340.329325
340.377875
340.550000
340.567150
340.639950
340.722050
340.799800
340.822350
340.975950
341.034625
341.125425
341.150800
341.192225
341.529025
341.596900
341.773175
341.821875
341.868325
341.897000
342.018250
342.146675
342.290075
342.615800
342.760975
342.856975
342.976900
343.037325
343.087450
343.448975
343.546400
343.582650
343.625650
343.767175
343.816375
343.841800
343.864950
343.924575
343.992275
344.081475
344.239625
344.430450
344.456500
344.588250
344.785575
344.844550
344.926275
344.968675
345.036025
345.159250
345.192000
345.265475
345.281075
345.332950
345.453550
345.478975
345.715900
345.838600
345.906575
346.248550
346.267900
346.473500
346.525650
346.552375
346.950850
347.008350
347.082200
347.153200
347.188525
347.290575
347.366100
347.386800
347.420625
347.493425
347.653625
347.715400
347.758900
348.034850
348.062950
348.103100
348.211750
348.282100
348.314225
348.338000
348.362850
348.550050
348.593375
348.613800
348.657500
348.687625
348.720575
348.859575
349.027225
349.050550
349.116350
349.155650
349.229300
349.322450
349.352075
349.423575
349.452325
349.626325
349.813150
349.854450
349.885575
349.958300
350.472875
350.533750
350.677400
350.706250
350.883600
351.087500
351.369900
351.420075
351.491000
351.598000
351.774750
351.890325
352.109250
352.146725
352.444700
352.502650
352.541375
352.591450
352.947550
353.264075
353.299200
353.446200
353.643850
353.716625
353.910775
353.943550
353.984050
354.040200
354.290050
354.320500
354.622050
354.799575
354.851250
355.020525
355.127250
355.283250
355.420550
355.545750
355.594625
355.665125
355.711375
355.758875
355.925850
355.966500
356.092425
356.414600
356.480875
356.545925
356.644825
356.841725
356.891700
357.052325
357.142175
357.166125
357.213125
357.312675
357.351975
357.469025
357.538875
357.558325
357.646700
357.709200
357.742175
357.865250
358.033000
358.156700
358.248425
358.284650
358.346200
358.529500
358.678700
358.850150
358.882700
358.935025
359.066325
359.198875
359.282650
359.319800
359.348775
359.459450
359.497475
359.523150
359.691000
359.729075
359.748075
359.780275
359.832750
359.882975
360.127775
360.179925
360.223675
360.314250
360.344825
360.467150
360.496050
360.543325
360.592900
360.631750
360.676600
360.820000
360.860525
360.997700
361.064025
361.153475
361.302475
361.407825
361.489625
361.631575
361.748925
361.941150
362.017800
362.100800
362.127025
362.160100
362.218700
362.374875
362.396975
362.423425
362.473200
362.518050
362.601200
362.662150
362.687050
362.801850
362.845975
362.905825
362.943450
363.116925
363.161150
363.230775
363.305300
363.439400
363.624350
363.637650
363.659350
363.738525
363.753850
363.816575
363.930550
364.088400
364.220625
364.256150
364.335225
364.378625
364.396475
364.441750
364.482750
364.593125
364.759250
364.797550
364.876175
364.975550
365.085225
365.178675
365.262125
365.310900
365.510975
365.536675
365.552825
365.661125
365.725525
365.749475
365.801900
365.835950
365.920150
365.968700
366.053025
366.088975
366.157550
366.258975
366.292625
366.350800
366.431925
366.476950
366.542850
366.764225
366.789875
366.849725
366.911275
367.160325
367.234350
367.280700
367.442850
367.479575
367.615775
367.776525
367.808250
367.884350
367.952225
368.099600
368.136225
368.157400
368.224200
368.495475
368.555625
368.588500
368.619125
368.656800
368.783200
368.822000
368.906400
368.948700
368.976750
369.016750
369.137850
369.272650
369.376925
369.527975
369.531700
369.555750
369.564650
369.570250
369.578825
369.590600
369.603100
369.614800
369.620300
369.637975
369.655025
369.663375
369.748675
369.762250
369.784750
369.850775
369.888500
369.931450
370.022375
370.034700
370.043050
370.048150
370.055025
370.070575
370.074950
370.097225
370.113625
370.121025
370.129600
370.140450
370.169450
370.181600
370.198475
370.238125
370.247700
370.253325
370.319350
370.331400
370.341050
370.347175
370.364575
370.369700
370.384825
370.394050
370.401800
370.415725
370.429825
370.443825
370.449325
370.472025
370.484875
370.500075
370.517375
370.528275
370.606800
370.618150
370.645825
370.652925
370.662050
370.705925
370.711850
370.724025
370.753775
370.765575
370.781125
370.794400
370.818475
370.828600
370.855225
370.867025
370.876400
370.892350
370.915550
370.927675
370.940100
370.981975
370.991025
371.082600
371.097175
371.115625
371.140225
371.155025
371.177050
371.200050
371.286850
371.317250
371.330425
371.337075
371.353225
371.371550
371.432000
371.444925
371.698400
371.734300
371.770450
371.785300
371.809125
371.829150
371.850625
371.891225
371.963150
372.010225
372.151050
372.161425
372.171900
372.183650
372.189575
372.213625
372.224800
372.234250
372.241975
372.260675
372.275825
372.287700
372.300400
372.319575
372.331450
372.463625
372.500950
372.591950
372.639075
372.656275
372.664000
372.675950
372.706425
372.711150
372.735650
372.783450
372.845625
372.892275
372.997350
373.021525
373.046925
373.057900
373.068350
373.076650
373.087450
373.135700
373.142550
373.185925
373.197725
373.210375
373.242575
373.275725
373.373175
373.387575
373.397350
373.407700
373.422125
373.431000
373.452000
373.462225
373.483525
373.498650
373.520325
373.529175
373.543075
373.568475
373.652575
373.675850
373.682750
373.700375
373.711425
373.721825
373.729725
373.739850
373.768350
373.775825
373.788300
373.811225
373.829600
373.907175
373.984150
373.993075
374.017900
374.025775
374.037100
374.045900
374.050775
374.063750
374.072850
374.093975
374.107525
374.127625
374.148350
374.259200
374.334850
374.353275
374.363350
374.372750
374.380725
374.395075
374.418550
374.456850
374.464850
374.481825
374.494475
374.501625
374.512475
374.536600
374.586450
374.662300
374.671150
374.680150
374.688425
374.696700
374.713750
374.729850
374.740475
374.746700
374.763025
374.791900
374.804975
374.820825
374.852075
374.860750
375.052500
375.077850
375.090325
375.132100
375.142825
375.152425
375.180700
375.191175
375.204775
375.218050
375.231375
375.240725
375.270750
375.305275
375.363325
375.436075
375.480675
375.497425
375.540875
375.557675
375.566300
375.586125
375.655875
375.682700
375.691525
375.733050
375.767125
375.854425
375.878725
375.898175
375.910325
375.929550
375.955550
375.994325
376.014350
376.028100
376.039700
376.059200
376.171375
376.196500
376.206375
376.217125
376.227125
376.279650
376.297300
376.322425
376.329825
376.349500
376.391150
376.407000
376.458225
376.503100
376.549600
376.558950
376.570300
376.589350
376.594075
376.620675
376.630525
376.645800
376.661350
376.689200
376.704075
376.737725
376.749450
376.756600
376.777225
376.787750
376.799725
376.810125
376.866400
376.887325
376.936425
377.001575
377.029325
377.036125
377.064200
377.128150
377.209300
377.306175
377.329450
377.347975
377.365150
377.445225
377.471350
377.493600
377.504700
377.516025
377.538050
377.547175
377.560900
377.573750
377.580925
377.616200
377.632375
377.645225
377.788750
377.804200
377.820000
377.862475
377.875500
377.896000
377.905825
377.915450
377.928075
377.937950
377.959675
377.979775
377.985025
377.993725
378.010725
378.050800
378.063825
378.076050
378.088775
378.098100
378.122800
378.133525
378.239000
378.288625
378.321900
378.347500
378.359375
378.392950
378.427950
378.524400
378.530900
378.550825
378.559625
378.588425
378.598225
378.615100
378.626600
378.635150
378.642250
378.655425
378.663650
378.673725
378.688025
378.701225
378.709800
378.779250
378.791650
378.811350
378.820125
378.889175
378.919875
378.925325
378.932775
378.944300
378.962275
378.972925
378.992900
379.002375
379.015900
379.036600
379.053900
379.062350
379.074775
379.083400
379.089075
379.100150
379.113625
379.123025
379.133100
379.221800
379.249375
379.269450
379.283700
379.307800
379.317150
379.331975
379.346525
379.357375
379.373375
379.386125
379.417400
379.444350
379.454850
379.468325
379.477250
379.511675
379.518100
379.623175
379.662650
379.973300
380.052600
380.134400
380.215725
380.252650
380.289050
380.339875
380.371175
380.412825
380.431450
380.652125
380.729850
380.755200
380.922375
380.963300
380.998150
381.027250
381.060825
381.264225
381.330300
381.401550
381.434725
381.459725
381.515700
381.571325
381.637625
381.679100
381.713825
381.779000
381.910275
381.948125
381.998425
382.203700
382.312650
382.400325
382.524575
382.616350
382.693325
382.711225
382.820400
382.837525
382.863500
382.881825
382.905150
382.940200
383.013775
383.067750
383.127575
383.249225
383.282100
383.326300
383.346625
383.449800
383.622625
383.672025
383.717375
383.765550
383.867125
383.901875
384.145700
384.199250
384.222650
384.336425
384.442000
384.472625
384.562050
384.611900
384.635600
384.692575
384.826550
384.941225
384.975500
385.033375
385.120200
385.286600
385.362800
385.392800
385.428300
385.684800
385.722300
385.850925
386.127200
386.192675
386.251800
386.297900
386.380300
386.783800
386.820975
386.877175
387.203700
387.222125
387.280475
387.366150
387.432950
387.511625
387.721325
387.742925
388.018825
388.092225
388.151100
388.211000
388.326500
388.379925
388.483275
388.752675
388.781775
389.022450
389.099650
389.139275
389.186775
389.216625
389.252950
389.417875
389.553350
389.593250
389.765075
389.799700
389.888900
389.916750
389.951600
390.263600
390.436925
390.579475
390.754950
390.787925
390.847875
390.903000
390.949250
390.975700
391.136650
391.191075
391.236725
391.294900
391.446800
391.511175
391.571650
391.661900
391.961725
391.984550
392.363775
392.451250
392.590425
392.619000
392.718725
392.786300
392.906900
393.093700
393.155850
393.231675
393.364425
393.454475
393.468750
393.509025
393.582350
393.612175
393.645175
393.686775
393.754775
393.801400
393.855350
393.928875
394.011425
394.088700
394.129400
394.155575
394.239925
394.251125
394.269925
394.340825
394.391575
394.501250
394.538800
394.592000
394.610900
394.708125
394.825675
394.939275
394.972500
395.065275
395.099700
395.167900
395.206650
395.232625
395.306325
395.328000
395.343775
395.377550
395.444300
395.522550
395.679725
395.711225
395.822400
395.849400
395.990025
396.038725
396.135250
396.175475
396.265100
396.355775
396.393750
396.531000
396.584875
396.661750
396.677425
396.720325
396.870050
396.941450
397.094150
397.114825
397.208900
397.238075
397.262475
397.311050
397.646775
397.718875
397.799800
397.857025
398.056200
398.263850
398.400050
398.450925
398.517375
398.697000
398.735725
398.764350
398.833150
398.892575
399.068300
399.256375
399.415425
399.467000
399.558975
399.782025
399.828950
399.910550
400.182225
400.345250
400.435400
400.546775
400.617225
400.670275
400.979625
401.105225
401.255250
401.343425
401.421725
401.630375
401.674350
401.744725
401.974400
402.037000
402.165400
402.432875
402.652925
402.749725
402.830725
402.901125
403.149425
403.201900
403.519275
403.624550
403.683225
403.912900
403.977075
404.049950
404.103875
404.292000
404.313300
404.362025
404.425050
404.544500
404.627125
404.663050
404.705150
404.789675
404.875250
404.957275
405.114800
405.147875
405.254950
405.291275
405.504200
405.599125
405.658275
405.704000
405.755200
405.815950
405.870625
405.891325
406.052050
406.207500
406.309600
406.543300
406.962700
407.092800
407.235600
407.269600
407.314400
407.349075
407.426925
407.615550
407.700000
407.734450
407.793875
407.935750
407.963900
408.038050
408.108225
408.149900
408.339075
408.381525
408.439650
408.551400
408.582400
408.760575
408.810825
408.834025
408.871775
408.999675
409.038400
409.105125
409.187775
409.343675
409.371175
409.437000
409.491475
409.583400
409.770675
409.795675
409.860875
409.880550
410.032300
410.058650
410.073525
410.127925
410.160225
410.179250
410.198425
410.235400
410.438950
410.517750
410.855550
410.910550
410.943375
410.969275
411.046650
411.074225
411.126750
411.195400
411.299800
411.341300
411.419675
411.531375
411.566225
411.617525
411.763250
411.935275
411.979275
412.123700
412.168500
412.198250
412.247550
412.290150
412.318375
412.459800
412.551475
412.624350
412.646750
412.698875
412.872800
412.949025
413.032450
413.074300
413.151650
413.165450
413.222800
413.440825
413.481600
413.530475
413.662350
413.721025
413.767350
413.824525
414.111500
414.162850
414.223500
414.284900
414.318125
414.522625
414.600825
414.709025
414.732150
414.859650
414.916175
415.019175
415.071500
415.259425
415.488225
415.526175
415.642925
415.828825
415.878200
415.938250
416.135375
416.204025
416.253375
416.285700
416.368650
416.409250
416.469275
416.588675
416.844575
416.890950
416.997600
417.052850
417.093850
417.187375
417.258800
417.278450
417.312800
417.366725
417.551125
417.589275
417.611625
417.639575
417.858225
418.149125
418.363725
418.483175
418.509975
418.556475
418.735725
418.776850
418.814850
418.919250
419.137400
419.174350
419.208950
419.251175
419.320525
419.473775
419.487800
419.498150
419.526400
419.534350
419.538675
419.556725
419.562925
419.572275
419.583650
419.592000
419.604500
419.617925
419.630000
419.638825
419.712650
419.763275
419.772100
419.795500
419.808150
419.815050
419.827450
419.835100
419.844500
419.856900
419.872075
419.893325
419.906725
419.920850
420.022850
420.030000
420.042950
420.050300
420.059550
420.071400
420.081275
420.097900
420.107450
420.121850
420.139050
420.158600
420.174825
420.188775
420.196000
420.203525
420.213675
420.236775
420.243025
420.250625
420.260325
420.335850
420.365125
420.468375
420.479475
420.489225
420.502175
420.513575
420.527050
420.535200
420.550675
420.564300
420.573725
420.587425
420.601250
420.611125
420.627100
420.644225
420.653500
420.666825
420.676475
420.695325
420.767325
420.782725
420.858050
420.907475
420.928975
420.947625
420.966675
420.972700
420.983950
420.991675
421.002925
421.010650
421.031275
421.053325
421.071550
421.088875
421.106175
421.251750
421.280900
421.374850
421.440700
421.479750
421.488125
421.507125
421.512125
421.613875
421.778375
421.891725
421.969375
421.997575
422.023375
422.130425
422.165275
422.212000
422.239675
422.250200
422.286925
422.328725
422.350000
422.398975
422.443650
422.464475
422.478575
422.484000
422.497850
422.532875
422.541725
422.557575
422.565575
422.592275
422.607400
422.630050
422.659700
422.684325
422.714950
422.838075
422.857875
422.864900
422.875300
422.886250
422.900225
422.906800
422.931750
422.951125
422.969800
422.978450
422.985100
423.004275
423.067825
423.091875
423.104500
423.116625
423.143675
423.150625
423.176650
423.195475
423.215950
423.256100
423.269100
423.278200
423.302825
423.319375
423.356950
423.363275
423.399900
423.415650
423.450425
423.457700
423.474100
423.483550
423.498625
423.508725
423.525400
423.541725
423.566300
423.572700
423.617775
423.639925
423.651475
423.660700
423.675875
423.770050
423.789550
423.820975
423.839100
423.875000
423.933075
423.999725
424.011025
424.054025
424.066050
424.078775
424.090550
424.141150
424.203125
424.216550
424.228675
424.245800
424.254300
424.262425
424.271900
424.285125
424.311050
424.325700
424.335225
424.352350
424.365050
424.379050
424.408150
424.427400
424.444325
424.462100
424.476025
424.484600
424.496725
424.513250
424.520150
424.533725
424.552775
424.578500
424.589250
424.603675
424.616175
424.628075
424.641550
424.666925
424.677275
424.690225
424.719025
424.767425
424.788275
424.796925
424.806575
424.815875
424.832125
424.848000
424.862300
424.870350
424.882350
424.890575
424.909850
424.926825
424.938550
424.949725
424.975325
424.983100
424.990350
425.002425
425.030525
425.042550
425.062200
425.076050
425.135950
425.156150
425.168925
425.176975
425.194875
425.217750
425.232400
425.240625
425.259000
425.279650
425.285225
425.300600
425.308225
425.316650
425.336325
425.411275
425.430550
425.446175
425.468425
425.488375
425.495600
425.509275
425.516725
425.537425
425.546700
425.562525
425.579275
425.599850
425.609150
425.648125
425.700525
425.753075
425.764625
425.792000
425.800050
425.821900
425.833775
425.847225
425.855550
425.867200
425.882600
425.900525
425.910250
425.920950
426.006700
426.015725
426.036375
426.047300
426.057350
426.068925
426.083650
426.115300
426.122450
426.133225
426.148400
426.171650
426.182725
426.209600
426.214700
426.230225
426.279050
426.298375
426.334325
426.364500
426.378100
426.403400
426.413175
426.431300
426.441100
426.448400
426.465875
426.496275
426.548725
426.561000
426.575525
426.621750
426.632525
426.651525
426.683775
426.720475
426.743300
426.760800
426.769475
426.858375
426.880925
426.896150
426.907125
426.923850
426.949250
426.967850
427.029075
427.046800
427.075525
427.110700
427.124900
427.174550
427.221050
427.252350
427.313575
427.350250
427.392900
427.402225
427.412800
427.435650
427.446300
427.457825
427.473450
427.479225
427.489600
427.499100
427.513300
427.540550
427.547525
427.569925
427.625750
427.653250
427.695100
427.707400
427.724250
427.755525
427.778325
427.792525
427.826700
427.845200
427.961125
427.975125
427.987200
428.014875
428.038475
428.047325
428.057075
428.071975
428.083350
428.092725
428.111425
428.120700
428.139375
428.152000
428.161025
428.168600
428.187550
428.210300
428.225900
428.253850
428.267575
428.307850
428.327125
428.342750
428.356725
428.365625
428.459375
428.487000
428.507375
428.529925
428.555075
428.581125
428.627425
428.637675
428.644550
428.662250
428.686425
428.712900
428.728850
428.757700
428.825900
428.835625
428.845700
428.859450
428.881600
428.894750
428.924625
428.949450
428.974475
429.028625
429.060300
429.117750
429.129425
429.143425
429.154125
429.162400
429.192175
429.204900
429.216725
429.228375
429.236750
429.248725
429.268800
429.290475
429.308525
429.327725
429.438750
429.445125
429.467100
429.477425
429.487675
429.499250
429.509850
429.556550
429.628925
429.652850
429.801875
429.842450
429.878075
429.965275
430.006575
430.034725
430.064000
430.114525
430.162725
430.330875
430.395100
430.486800
430.514900
430.543950
430.649825
430.703950
430.743650
430.848100
430.975375
431.011575
431.037900
431.066575
431.147650
431.296725
431.317975
431.358200
431.396825
431.461750
431.663600
431.692100
431.748300
431.773450
431.889275
431.937000
432.004725
432.035275
432.077900
432.187450
432.205000
432.234350
432.473500
432.526075
432.577975
432.645175
432.768550
433.008975
433.037400
433.080150
433.117950
433.138175
433.171075
433.224850
433.348250
433.548375
433.662700
433.683000
433.732275
433.794650
433.845950
433.891200
433.904375
434.170475
434.190100
434.288600
434.329975
434.343650
434.484400
434.508825
434.519825
434.612125
434.698550
434.897425
435.023625
435.244650
435.307600
435.332525
435.429525
435.497950
435.592725
435.612275
435.637125
435.721150
435.780500
435.813700
435.839900
436.041825
436.064800
436.098150
436.644100
436.692200
436.803850
436.845475
436.997500
437.063750
437.109600
437.214250
437.317850
437.417450
437.490975
437.559250
437.803050
437.820925
437.917150
438.159025
438.721900
438.803875
438.846125
438.901150
438.934600
439.110875
439.143525
439.197025
439.283450
439.369050
439.413825
439.520025
439.589650
439.853400
439.867375
439.916475
439.960400
440.198100
440.260925
440.308000
440.365100
440.435075
440.520100
440.548700
440.581325
440.744225
440.828875
440.898650
441.096175
441.148850
441.175925
441.207675
441.245125
441.359650
441.391225
441.454550
441.685350
441.717575
441.749250
442.065575
442.137325
442.217900
442.353125
442.383425
442.434200
442.521500
442.594100
442.688275
442.707650
442.729150
442.742475
442.802250
442.827825
442.860600
442.886700
442.956700
442.978875
443.075325
443.100400
443.116800
443.149300
443.165925
443.203600
443.239600
443.259825
443.297525
443.327075
443.376725
443.474375
443.490525
443.506400
443.537275
443.557050
443.607700
443.620700
443.646450
443.673250
443.817750
443.854225
443.928675
443.956225
443.989100
444.011775
444.133875
444.387025
444.466700
444.535025
444.593100
444.607225
444.664025
444.748575
444.763475
444.808150
444.861475
444.899550
444.987175
445.005575
445.021700
445.051150
445.070000
445.118825
445.176625
445.223075
445.278875
445.382625
445.474900
445.555475
445.622475
445.649700
445.901200
445.931425
445.956575
446.018275
446.082025
446.288700
446.325675
446.354350
446.382450
446.423450
446.450825
446.478275
446.537750
446.577275
446.614575
446.708150
446.762725
446.830425
446.919425
446.960475
447.007800
447.035450
447.078025
447.115100
447.182100
447.306500
447.363350
447.400675
447.447650
447.464950
447.488925
447.543300
447.661025
447.672775
447.796875
447.852725
447.872925
447.982400
448.101550
448.158475
448.205475
448.225475
448.249100
448.317375
448.356650
448.659950
448.868625
448.944175
448.970325
449.081475
449.141850
449.335525
449.410075
449.465200
449.495400
449.536150
449.560150
449.720175
449.734900
449.766775
449.779675
449.827375
449.882225
449.940600
449.985775
450.040325
450.102550
450.112025
450.177850
450.254375
450.283900
450.303425
450.373775
450.389550
450.479025
450.510750
450.643900
450.757325
450.879225
450.913625
450.981400
451.043750
451.084900
451.114125
451.215075
451.268725
451.287700
451.326375
451.435000
451.460650
451.581925
451.634525
451.670300
451.702325
451.770900
452.040475
452.087125
452.149125
452.212450
452.254225
452.447725
452.466975
452.573650
452.605550
452.732650
452.823125
452.864725
452.901850
452.963525
452.996425
453.019375
453.109825
453.219075
453.340650
453.399800
453.429800
453.671250
453.702125
453.775550
453.861200
453.964975
453.999850
454.333800
454.500100
454.592050
454.714375
454.957125
455.056150
455.081175
455.150950
455.260300
455.455625
455.516750
455.536900
455.611675
455.638475
455.670475
455.829325
455.943225
455.992775
456.042225
456.151450
456.192750
456.375700
456.529275
456.593800
456.718475
456.749750
456.856300
456.897700
457.364975
457.433800
457.467450
457.581050
457.631025
457.691775
457.746900
457.987575
458.009275
458.054475
458.123925
458.156025
458.283100
458.354700
458.424300
458.449025
458.474325
458.597875
458.614425
458.690600
458.737075
458.810600
458.840275
458.892450
458.940725
458.976175
459.187400
459.229575
459.328475
459.421400
459.468175
459.535675
459.785050
459.820800
459.853875
459.905550
460.048175
460.147075
460.176500
460.208200
460.269150
460.303950
460.326100
460.387600
460.473750
460.592025
460.638625
460.753125
460.847500
460.868825
460.899500
460.950300
460.983800
461.025325
461.114150
461.180325
461.212850
461.236225
461.265425
461.346400
461.497775
461.646050
461.706475
461.798600
461.824375
461.865775
462.176900
462.217750
462.238900
462.403550
462.527700
462.603975
462.972325
463.014100
463.045475
463.116600
463.138225
463.252375
463.542750
463.667650
463.758800
463.791150
463.818850
463.982600
464.031225
464.125200
464.163900
464.205100
464.278300
464.314500
464.374150
464.442725
464.487075
464.516600
464.630025
464.666050
464.732400
464.785850
464.834600
464.995350
465.127425
465.165350
465.315025
465.487400
465.528625
465.617700
465.661975
465.710825
465.745575
465.841850
465.869750
465.967850
466.070300
466.102550
466.165650
466.403575
466.457350
466.985925
467.197975
467.264225
467.330475
467.391650
467.424625
467.471450
467.486400
467.536625
467.594850
467.738825
467.769300
467.891525
467.933725
468.146625
468.181700
468.220300
468.245325
468.290325
468.337750
468.605975
468.678075
468.692100
468.741475
468.783350
468.846100
468.914350
468.957500
469.021750
469.052475
469.209550
469.302775
469.341600
469.415575
469.472225
469.515300
469.519425
469.526775
469.548050
469.558550
469.596325
469.611875
469.624975
469.633525
469.650150
469.672100
469.684075
469.698100
469.717450
469.727825
469.732675
469.744050
469.759175
469.763100
469.767950
469.780675
469.795975
469.818325
469.829250
469.842250
469.857750
469.863575
469.883150
469.891600
469.900150
469.958825
469.966575
469.975200
469.987175
469.999225
470.025325
470.049000
470.070425
470.093300
470.140225
470.151750
470.163425
470.173050
470.183200
470.195100
470.212125
470.224200
470.234050
470.243850
470.266675
470.273675
470.282225
470.295225
470.300975
470.310000
470.317375
470.324025
470.340850
470.368525
470.377225
470.388500
470.399125
470.426975
470.438900
470.455700
470.466750
470.476225
470.504350
470.519625
470.530925
470.559775
470.610425
470.624375
470.638425
470.647825
470.658150
470.663675
470.671100
470.692125
470.698050
470.708625
470.715975
470.731650
470.743350
470.766700
470.773575
470.791225
470.799200
470.808250
470.846700
470.902200
470.987850
470.998925
471.063425
471.093825
471.102900
471.120475
471.155375
471.206175
471.269075
471.290575
471.474050
471.488050
471.503875
471.521775
471.529575
471.587050
471.601500
471.647975
471.693325
471.758575
471.898300
472.045850
472.075175
472.123375
472.143100
472.217325
472.245975
472.290800
472.312525
472.337375
472.344200
472.353725
472.399825
472.685075
472.690800
472.706125
472.721725
472.730325
472.743400
472.751350
472.761900
472.777725
472.802950
472.817575
472.831825
472.860200
472.868675
472.930525
473.002350
473.034300
473.079525
473.103625
473.109775
473.134900
473.141500
473.168975
473.196975
473.217325
473.240325
473.248525
473.283425
473.386725
473.415425
473.431025
473.458275
473.475950
473.482900
473.499375
473.531050
473.542975
473.557450
473.568725
473.578425
473.594825
473.608700
473.623475
473.712425
473.746425
473.759325
473.771925
473.785150
473.797500
473.812725
473.823600
473.843375
473.852200
473.874425
473.883950
473.892825
473.903050
473.918375
473.926825
473.936000
473.960475
473.978850
474.010725
474.125175
474.135525
474.166350
474.175275
474.183350
474.197325
474.205850
474.212600
474.225075
474.238125
474.249200
474.256950
474.271175
474.284275
474.362600
474.389100
474.426475
474.438550
474.452075
474.461150
474.472550
474.486650
474.498075
474.507800
474.523025
474.534675
474.545800
474.559125
474.566625
474.578550
474.632950
474.640425
474.648725
474.666850
474.693700
474.716350
474.733675
474.757700
474.775600
474.798800
474.814175
474.839950
474.857225
474.865150
474.891150
474.942775
474.950325
474.966425
474.975850
474.994375
475.001750
475.015200
475.030125
475.064275
475.132600
475.165725
475.190025
475.213625
475.224350
475.247625
475.260950
475.269725
475.283825
475.294575
475.323400
475.347050
475.357975
475.427200
475.446825
475.456150
475.465500
475.479450
475.487800
475.505100
475.513575
475.538450
475.546375
475.556900
475.592250
475.619650
475.634500
475.653850
475.680625
475.728150
475.741300
475.758475
475.765825
475.777475
475.787550
475.804875
475.810425
475.819850
475.831950
475.851050
475.866975
475.874800
475.903950
476.013725
476.084900
476.138825
476.180625
476.205525
476.308400
476.325625
476.348775
476.358625
476.381250
476.422600
476.494200
476.506850
476.531850
476.542075
476.557275
476.576725
476.631025
476.688450
476.699075
476.726450
476.758925
476.769725
476.796450
476.839700
476.863150
476.886350
476.894300
476.937550
476.948625
476.981375
477.136175
477.150675
477.158225
477.180775
477.218450
477.251725
477.270000
477.279525
477.301575
477.360775
477.370275
477.394625
477.421925
477.433350
477.442050
477.452900
477.463725
477.477325
477.482900
477.496650
477.510250
477.540900
477.553500
477.571650
477.584575
477.695900
477.711600
477.731025
477.738900
477.748575
477.764125
477.771500
477.781150
477.803625
477.816525
477.824700
477.842150
477.850800
477.862275
477.870925
477.878650
477.888350
477.902100
477.923150
477.942375
477.992775
478.016700
478.045425
478.076075
478.083750
478.095150
478.112950
478.120125
478.131625
478.148725
478.178675
478.188075
478.198000
478.209775
478.224225
478.246675
478.278525
478.380700
478.387875
478.409850
478.419375
478.447100
478.461350
478.472525
478.486925
478.494775
478.504600
478.512675
478.522250
478.534100
478.544200
478.583375
478.601075
478.682475
478.703875
478.725500
478.755300
478.763525
478.772875
478.803725
478.815975
478.845775
478.858850
478.878525
478.904025
478.971250
478.997425
479.008875
479.023500
479.032525
479.042700
479.050150
479.063300
479.069625
479.079875
479.096650
479.114800
479.127925
479.142175
479.151550
479.163800
479.183325
479.212175
479.220825
479.305600
479.316175
479.328575
479.337775
479.359225
479.365525
479.374600
479.381550
479.400025
479.405325
479.477225
479.486750
479.496100
479.508150
479.549425
479.583700
479.710750
479.843125
479.886700
479.908200
480.111175
480.165450
480.202350
480.370975
480.430900
480.501475
480.564625
480.647400
480.719000
480.787450
480.829025
481.026550
481.056750
481.117575
481.187000
481.293925
481.326100
481.365000
481.418275
481.443950
481.550075
481.572825
481.587875
481.714575
481.849525
481.884350
481.955800
482.088725
482.154725
482.297475
482.311950
482.422875
482.455275
482.506325
482.567550
482.748300
482.809750
482.849000
482.872300
482.928100
482.959150
483.011725
483.111750
483.140125
483.198225
483.254400
483.323900
483.484975
483.632100
483.660375
483.702850
484.043775
484.152350
484.291175
484.303975
484.358025
484.384525
484.408950
484.447975
484.468925
484.545675
484.586250
484.636575
484.763525
484.797425
484.825825
484.904650
484.994750
485.011400
485.195400
485.260875
485.282025
485.315475
485.488925
485.829650
485.862350
485.935425
485.984950
486.208625
486.242925
486.265000
486.338350
486.397000
486.700400
486.902850
486.938500
487.089800
487.118300
487.292500
487.319100
487.358700
487.448725
487.694350
487.730750
487.780150
487.883975
488.006025
488.142125
488.404475
488.469800
488.525700
488.564400
488.633725
488.834475
488.884250
488.936850
489.086375
489.445625
489.581675
489.654575
489.704375
489.866075
489.905500
490.090125
490.114325
490.162025
490.220975
490.274600
490.390675
490.465275
490.497000
490.612075
490.727675
490.774150
490.814200
490.852150
490.907175
491.164400
491.263575
491.422200
491.568300
491.665525
491.785575
491.825225
491.922175
492.027050
492.053600
492.083475
492.230550
492.277125
492.386925
492.447675
492.541100
492.609500
492.740725
492.791975
492.852100
493.001875
493.057875
493.123600
493.148425
493.168250
493.217900
493.263125
493.456750
493.477575
493.590050
494.030325
494.124850
494.424750
494.469725
494.608650
494.699750
494.808900
494.903975
494.933475
494.991725
495.038225
495.079950
495.162925
495.390425
495.423675
495.468175
495.578550
495.620075
495.670475
495.694500
495.740225
495.812475
495.841050
496.059300
496.130625
496.309100
496.352450
496.427400
496.462975
496.502400
496.756100
496.807200
496.919175
497.014575
497.084050
497.123925
497.250725
497.282600
497.376725
497.465275
497.607050
497.706525
497.746025
497.776800
497.812050
497.848325
498.050550
498.074075
498.105425
498.220650
498.475250
498.595900
498.646350
498.781700
498.810625
498.857050
498.905425
499.154550
499.179800
499.346175
499.475525
499.534525
499.579050
499.668700
499.814050
499.832675
499.915600
499.949525
500.056475
500.210275
500.264700
500.374225
500.545725
500.610850
500.644400
500.691475
500.738675
500.792025
500.903900
500.935650
501.249250
501.406250
501.677750
501.806550
501.926100
502.156850
502.178675
502.293150
502.452575
502.505300
502.731975
502.785250
502.839050
502.888950
503.155275
503.182300
503.254450
503.366425
503.407450
503.444350
503.696725
503.752400
503.866275
503.959800
504.031825
504.231050
504.252450
504.327875
504.348450
504.373375
504.395925
504.464250
504.591300
504.619125
504.657225
504.707150
504.880325
504.932950
504.948150
504.990075
505.072150
505.293575
505.333525
505.381625
505.566875
505.596900
505.660575
505.697225
505.723150
505.768600
505.895725
505.926050
505.970800
506.106325
506.138300
506.166800
506.268650
506.311375
506.386900
506.435450
506.486100
506.511950
506.543525
506.719250
506.744350
506.762250
507.059925
507.094750
507.139450
507.170925
507.209900
507.284650
507.476275
507.504000
507.554425
507.740975
507.795825
507.821250
507.905450
508.088125
508.158075
508.292975
508.343825
508.551450
508.623350
508.723925
508.776475
508.887700
509.047300
509.078850
509.165050
509.185950
509.214425
509.342075
509.423275
509.489825
509.594850
509.682725
509.731250
509.787050
509.822275
