0.141200
0.203500
0.266950
0.296625
0.312475
0.332850
0.367500
0.417750
0.433500
0.477800
0.516150
0.582425
0.648625
0.669275
0.705675
0.723325
0.749450
0.767000
0.789650
0.809075
0.833250
0.909175
0.930750
0.954075
0.995625
1.038725
1.068075
1.157875
1.380450
1.400000
1.482350
1.548000
1.617025
1.703600
1.739925
1.781075
1.799750
1.818425
1.861000
1.939350
1.972575
2.013725
2.083775
2.099675
2.147875
2.181325
2.216300
2.252725
2.335900
2.386350
2.431550
2.448300
2.459150
2.552650
2.636125
2.668500
2.708275
2.748950
2.789450
2.846975
2.872350
2.891300
2.965675
2.992700
3.071175
3.105225
3.137425
3.207800
3.250675
3.336775
3.410500
3.449700
3.500900
3.545125
3.570650
3.627675
3.649525
3.674875
3.710625
3.740375
3.843650
3.860025
3.876000
3.911225
3.966000
3.979325
3.997275
4.030500
4.137800
4.245000
4.267550
4.361025
4.382150
4.403900
4.468200
4.518500
4.559700
4.591100
4.650175
4.680450
4.702900
4.720675
4.761150
4.782100
4.798925
4.842525
4.894375
4.930700
5.037575
5.120300
5.167650
5.202300
5.223450
5.241175
5.251125
5.257175
5.265350
5.334125
5.367825
5.495100
5.505950
5.523200
5.538250
5.547600
5.569525
5.581275
5.619350
5.660600
5.687600
5.716225
5.820775
5.832250
5.839850
5.880250
5.954550
6.068900
6.096725
6.117450
6.126875
6.207575
6.290750
6.310375
6.336450
6.390725
6.479200
6.510525
6.517650
6.530025
6.552775
6.635625
6.652675
6.701375
6.816750
6.849300
6.880450
6.901575
6.921250
6.968100
6.974425
6.990600
7.009350
7.095450
7.122775
7.194075
7.215975
7.236325
7.289225
7.339475
7.360025
7.416000
7.624775
7.659750
7.675825
7.688350
7.698475
7.709450
7.809900
7.839125
7.854275
7.863600
7.872000
7.911725
7.951475
8.084275
8.159800
8.198725
8.234450
8.249700
8.263700
8.272925
8.455625
8.485425
8.548500
8.564800
8.626625
8.673725
8.730025
8.774325
8.836450
8.850275
8.989575
9.097650
9.163550
9.238150
9.274500
9.396575
9.414025
9.436875
9.487325
9.501325
9.513625
9.522450
9.539325
9.564225
9.583325
9.649425
9.673900
9.746650
9.786050
9.841725
9.878200
9.914950
9.934000
9.985075
10.020850
10.053275
10.082125
10.106400
10.131175
10.152050
10.173700
10.204800
10.216175
10.243275
10.263300
10.360100
10.366650
10.374850
10.419400
10.445600
10.462575
10.538450
10.665350
10.682525
10.708825
10.734100
10.764975
10.782225
10.817100
10.894600
10.920300
10.959575
11.022275
11.042600
11.148875
11.168600
11.190150
11.419200
11.448075
11.475475
11.494350
11.548750
11.560575
11.582825
11.623650
11.744275
11.781375
11.817425
11.849600
11.873200
11.876150
11.890700
11.915000
11.979025
11.995100
12.079850
12.102025
12.144750
12.238050
12.305925
12.331850
12.366000
12.400400
12.429750
12.468575
12.491700
12.583150
12.600725
12.713750
12.770750
12.787675
12.826125
12.846625
13.006500
13.044750
13.109525
13.145250
13.169700
13.220800
13.264875
13.326525
13.364500
13.425600
13.467800
13.573775
13.757225
13.787425
13.791275
13.829525
13.978925
14.093050
14.213850
14.229325
14.409100
14.473075
14.491350
14.541675
14.593075
14.685350
14.721350
14.745650
14.764850
14.802700
14.849950
14.869050
14.881075
15.013900
15.027550
15.091350
15.139650
15.162525
15.236225
15.321325
15.399625
15.446075
15.539725
15.580050
15.634825
15.657975
15.706000
15.770225
15.841850
15.867650
15.976425
15.992800
16.023375
16.060450
16.113775
16.144275
16.213925
16.237475
16.282400
16.331600
16.435875
16.464400
16.499725
16.645500
16.679425
16.696325
16.766575
16.817750
16.875050
16.953725
16.971175
17.012450
17.038100
17.072550
17.183100
17.327475
17.367525
17.417000
17.446250
17.471500
17.485225
17.500850
17.533675
17.584875
17.665300
17.683350
17.706025
17.720650
17.764875
17.776925
17.799775
17.819925
17.848050
17.871925
18.004525
18.059650
18.095325
18.126450
18.149425
18.175575
18.251300
18.280025
18.339875
18.371125
18.388675
18.411575
18.442250
18.498975
18.525400
18.540900
18.597050
18.618400
18.650475
18.673800
18.743700
18.813500
18.942150
18.969000
19.037950
19.089025
19.147950
19.183825
19.210175
19.273300
19.300975
19.347525
19.424925
19.457900
19.483175
19.506725
19.569100
19.602500
19.630425
19.663375
19.684000
19.766600
19.804700
19.823200
19.846050
19.881575
19.903050
19.924925
19.956375
20.031525
20.074200
20.088075
20.131700
20.232525
20.255300
20.333875
20.352100
20.420550
20.469175
20.503700
20.529725
20.572425
20.604925
20.625850
20.803400
20.822075
20.841300
20.856400
20.871325
20.896375
20.927950
20.998975
21.034275
21.056150
21.172625
21.190925
21.300975
21.454425
21.475075
21.522475
21.548675
21.572050
21.639275
21.663475
21.746675
21.770950
21.907400
21.942425
22.039725
22.086725
22.208300
22.278000
22.317850
22.377225
22.403525
22.427625
22.472575
22.502425
22.516875
22.540500
22.585100
22.661300
22.741000
22.781200
22.836300
22.870850
22.905775
22.944300
22.959175
22.970975
23.020525
23.049775
23.311675
23.336425
23.354500
23.531225
23.580375
23.604125
23.714850
23.764350
23.779300
23.792025
23.934000
23.974375
24.070900
24.091550
24.108700
24.125625
24.143475
24.168300
24.192175
24.218900
24.280250
24.305000
24.388025
24.450925
24.487650
24.514575
24.544325
24.570775
24.606700
24.635575
24.664575
24.707150
24.744350
24.793025
24.900450
24.923875
24.945525
24.959425
24.970075
25.053575
25.131250
25.147975
25.186450
25.266125
25.320050
25.341550
25.342700
25.395225
25.489575
25.508100
25.533175
25.564725
25.583700
25.633550
25.673975
25.749350
25.784700
25.836050
25.858400
25.889875
25.919675
25.962825
26.076625
26.107350
26.115500
26.130825
26.154875
26.176575
26.196850
26.235650
26.249075
26.283250
26.300175
26.324175
26.333125
26.341050
26.363925
26.417700
26.440075
26.485350
26.618675
26.675000
26.738175
26.806425
26.856275
26.914275
26.951575
26.971200
27.087275
27.118475
27.208200
27.222775
27.244225
27.274075
27.310150
27.318050
27.329850
27.367825
27.411400
27.448925
27.483725
27.523275
27.617125
27.707125
27.736175
27.777425
27.812750
27.841225
27.926850
27.963550
28.045450
28.110900
28.189750
28.204250
28.221250
28.236150
28.257050
28.309975
28.409925
28.438625
28.489175
28.506825
28.533075
28.555350
28.576925
28.696625
28.715050
28.755425
28.757575
28.795425
28.816550
28.855425
28.944075
28.989400
29.067375
29.090525
29.099225
29.112400
29.126800
29.149075
29.226925
29.236175
29.245950
29.275025
29.307625
29.368575
29.479975
29.531275
29.639750
29.672925
29.712050
29.731425
29.749350
29.772400
29.848075
29.870775
29.909175
29.942600
29.949825
30.309425
30.340150
30.357025
30.368300
30.397725
30.549025
30.586750
30.709300
30.778600
30.829625
30.873650
30.908550
30.937725
30.965150
30.989225
31.004150
31.024025
31.039525
31.059475
31.082200
31.114075
31.138850
31.175100
31.226600
31.318575
31.414125
31.447425
31.466675
31.489600
31.515200
31.544475
31.652225
31.690075
31.721675
31.757725
31.782100
31.810025
31.830300
31.847975
31.935725
31.990675
32.122500
32.182125
32.200150
32.235300
32.255450
32.280200
32.357550
32.399325
32.416600
32.433250
32.441900
32.486125
32.516450
32.551550
32.580025
32.601250
32.620850
32.668325
32.762825
32.853400
32.878525
32.928350
32.979500
33.011450
33.053000
33.070075
33.090275
33.112100
33.133175
33.160375
33.186875
33.266425
33.322175
33.352500
33.366800
33.376600
33.397275
33.612100
33.719725
33.754850
33.803900
33.840200
33.845350
33.929450
34.011950
34.083650
34.127150
34.157625
34.189600
34.210525
34.280325
34.316100
34.534875
34.594150
34.622050
34.668675
34.755525
34.808525
34.937500
34.982475
35.066650
35.071250
35.102100
35.157950
35.185525
35.223025
35.255700
35.276175
35.307000
35.327325
35.346100
35.360950
35.382225
35.431575
35.479600
35.518125
35.555975
35.583075
35.658075
35.819400
35.880525
35.899975
35.928700
35.961425
35.990625
36.020850
36.052150
36.083000
36.117250
36.161300
36.191625
36.208350
36.229275
36.272800
36.307650
36.328225
36.344775
36.358875
36.382025
36.408300
36.437525
36.439025
36.472550
36.547250
36.579400
36.633000
36.672800
36.701150
36.719000
36.740400
36.783400
36.816125
36.866325
36.885825
36.908975
36.945900
37.030775
37.087575
37.134375
37.196025
37.212200
37.232650
37.251300
37.262775
37.280600
37.351225
37.410925
37.435850
37.451900
37.513875
37.545475
37.576225
37.702900
37.733225
37.791150
37.835750
37.885100
37.946525
37.991475
38.030700
38.093225
38.118475
38.159500
38.195275
38.218675
38.300675
38.354525
38.409600
38.440725
38.468000
38.486800
38.524500
38.606025
38.666550
38.710500
38.726625
38.759200
38.805325
38.834950
38.858525
38.881100
38.926425
38.994575
39.027850
39.117850
39.135100
39.213800
39.247025
39.305175
39.341500
39.379150
39.457400
39.478650
39.511725
39.587400
39.619125
39.788550
39.825925
39.866625
39.936475
39.955150
39.988050
40.016600
40.039725
40.071075
40.075750
40.105975
40.126500
40.149025
40.189125
40.214750
40.237525
40.277550
40.297950
40.322825
40.369300
40.399600
40.486575
40.511850
40.591275
40.614600
40.624175
40.659275
40.743275
40.768850
40.797500
40.823950
40.863050
40.885600
40.908250
40.963400
40.990125
41.041175
41.094675
41.132850
41.179050
41.236825
41.260425
41.336950
41.372050
41.400175
41.419100
41.447525
41.467000
41.491750
41.498550
41.573100
41.613100
41.630675
41.721775
41.790725
41.858300
41.888975
41.924825
41.991525
42.024350
42.055425
42.129550
42.156950
42.176050
42.199800
42.235650
42.335700
42.361350
42.377500
42.389400
42.404525
42.484225
42.518650
42.565400
42.611000
42.670325
42.716600
42.738925
42.765200
42.782875
42.812225
42.840550
42.881200
42.926900
43.046875
43.092850
43.142575
43.175675
43.333175
43.357525
43.359575
43.395400
43.434475
43.465475
43.529375
43.560975
43.645275
43.689025
43.722400
43.859775
43.878600
43.881325
43.917450
43.942625
43.971225
44.045625
44.126050
44.153300
44.203975
44.225600
44.256575
44.327075
44.453525
44.476950
44.499775
44.567600
44.601900
44.669500
44.689850
44.720200
44.787875
44.827900
44.857600
44.913225
44.956075
45.013450
45.028125
45.068750
45.095000
45.127950
45.162600
45.209925
45.216375
45.246525
45.275050
45.297400
45.327450
45.386625
45.433000
45.453825
45.481825
45.506700
45.535425
45.583375
45.634225
45.662525
45.743300
45.767300
45.797975
45.838450
45.911100
45.946225
45.970300
45.995325
46.026200
46.097600
46.123725
46.143475
46.194550
46.266575
46.341475
46.368600
46.402100
46.433525
46.449175
46.521800
46.539200
46.564450
46.625925
46.706425
46.733100
46.783875
46.910900
46.989325
46.997775
47.003750
47.030550
47.055275
47.083275
47.198575
47.223975
47.271950
47.305575
47.351650
47.412075
47.426175
47.456700
47.541800
47.589675
47.606150
47.658825
47.712300
47.752025
47.769750
47.793125
47.811050
47.818800
47.828725
47.933750
48.021650
48.039950
48.057700
48.098575
48.159750
48.167575
48.230125
48.292125
48.337950
48.471075
48.521575
48.543100
48.573175
48.653775
48.688175
48.723750
48.743775
48.766975
48.784875
48.797875
48.836925
48.860675
48.906525
48.974825
49.021625
49.028250
49.037475
49.065750
49.107400
49.163725
49.187825
49.218825
49.328375
49.412450
49.529975
49.569400
49.627675
49.643300
49.686175
49.709825
49.805650
49.823925
49.870075
49.886425
49.902525
49.914650
49.932375
49.968075
49.990350
50.119275
50.144825
50.163700
50.176850
50.274350
50.304350
50.325175
50.382550
50.403750
50.424525
50.441025
50.473425
50.494250
50.521150
50.589225
50.623625
50.641550
50.704775
50.721225
50.745800
50.796375
50.829775
50.858300
50.890950
50.917725
50.990100
51.016150
51.028275
51.044625
51.060000
51.104425
51.117525
51.135500
51.160425
51.249100
51.280100
51.373875
51.376900
51.388775
51.400200
51.440250
51.450775
51.458525
51.576900
51.607975
51.619450
51.678625
51.739175
51.780775
51.869625
51.880950
51.889150
51.922775
51.926300
51.953000
51.958075
51.991850
52.062575
52.091625
52.138500
52.220075
52.252325
52.259475
52.294525
52.316025
52.328725
52.377750
52.436850
52.466350
52.490625
52.535150
52.626775
52.672150
52.718700
52.742075
52.866475
52.945525
52.960975
52.971925
53.055100
53.103675
53.251400
53.289400
53.302150
53.344725
53.404000
53.418025
53.436575
53.509675
53.589150
53.612250
53.617375
53.680400
53.712225
53.742250
53.785525
53.823275
53.839875
53.860125
53.872425
53.889800
53.955500
54.005450
54.053800
54.096025
54.121725
54.159100
54.172250
54.245950
54.274575
54.299700
54.311675
54.384175
54.406850
54.458250
54.477950
54.524775
54.639475
54.773125
54.873625
54.920025
54.953100
55.000825
55.081125
55.128600
55.157075
55.179650
55.193975
55.212600
55.238275
55.340875
55.361200
55.370675
55.374350
55.384275
55.392000
55.398500
55.537200
55.615825
55.724650
55.777625
55.815700
55.838175
55.853350
55.868650
55.933625
55.977250
56.024225
56.095125
56.183175
56.198575
56.210600
56.226425
56.245400
56.268200
56.312125
56.329650
56.349100
56.367400
56.381975
56.416200
56.428775
56.477075
56.553025
56.585050
56.601500
56.622500
56.645575
56.662475
56.734350
56.820975
56.891875
56.905150
56.916825
56.939150
56.960850
56.995875
57.047850
57.124525
57.153100
57.184575
57.226350
57.296750
57.320075
57.332100
57.372075
57.418425
57.436375
57.471825
57.518025
57.562025
57.612700
57.646650
57.655475
57.685000
57.698075
57.707075
57.717400
57.815675
57.827825
57.849500
57.884425
57.907525
57.920600
57.942625
57.976300
58.033375
58.057475
58.072750
58.090100
58.151100
58.217600
58.237450
58.275250
58.354350
58.378125
58.414100
58.428075
58.490225
58.578950
58.625625
58.652125
58.711250
58.729775
58.759350
58.810550
58.864750
58.942075
58.957175
58.981500
58.997800
59.023825
59.052850
59.084000
59.102725
59.114825
59.127125
59.171425
59.240450
59.266100
59.301175
59.315775
59.356675
59.509125
59.527400
59.553725
59.590525
59.608700
59.643075
59.659725
59.716075
59.732150
59.750350
59.794925
59.854100
59.866650
59.869000
59.892850
59.906250
59.941425
59.961450
59.984275
60.039500
60.095450
60.157400
60.302200
60.358750
60.383550
60.403700
60.421850
60.496525
60.606500
60.699150
60.720625
60.776750
60.796625
60.808325
60.848925
61.055450
61.096525
61.114550
61.133725
61.150600
61.165300
61.166600
61.182425
61.189625
61.196250
61.214625
61.242425
61.253750
61.276500
61.317450
61.424525
61.439800
61.530625
61.603575
61.669925
61.698875
61.715775
61.736425
61.754725
61.769700
61.798325
61.815775
61.945325
61.967300
61.990800
62.015625
62.038425
62.101125
62.117825
62.185200
62.213175
62.230400
62.252025
62.306350
62.348875
62.506400
62.516775
62.640100
62.742525
62.786125
62.805500
62.826100
62.855075
62.898475
62.966150
62.995300
63.013275
63.027500
63.088650
63.141000
63.256100
63.288075
63.339950
63.366950
63.425850
63.442100
63.449150
63.470950
63.541800
63.584225
63.693275
63.737650
63.757625
63.810600
63.816600
63.825750
63.982000
64.046400
64.056600
64.108775
64.200625
64.235075
64.336625
64.395250
64.431450
64.449350
64.463850
64.524425
64.541625
64.595025
64.629175
64.692950
64.709725
64.733550
64.751600
64.777850
64.790675
64.833750
64.923500
64.952175
64.965875
64.989650
65.014025
65.066675
65.097075
65.131675
65.156325
65.180675
65.201700
65.232525
65.261250
65.283500
65.371125
65.393950
65.411150
65.422650
65.459300
65.507650
65.660375
65.783400
65.810375
65.865150
65.884650
65.926175
65.954850
65.983100
66.124700
66.149650
66.174200
66.255625
66.269250
66.299950
66.318350
66.320550
66.340525
66.368900
66.401425
66.414125
66.472600
66.677750
66.697000
66.726450
66.748425
66.762675
66.779100
66.799400
66.873350
66.903100
66.931350
66.969750
67.015375
67.060150
67.076825
67.103950
67.123525
67.132950
67.136450
67.204350
67.261125
67.277300
67.321525
67.339250
67.361225
67.429375
67.485150
67.493825
67.536975
67.577100
67.612825
67.647800
67.665825
67.775575
67.821475
67.849425
67.861250
67.870625
67.931750
67.947500
68.044825
68.152425
68.217600
68.261050
68.274800
68.288975
68.311525
68.343825
68.359750
68.382725
68.438425
68.490650
68.536950
68.569800
68.600775
68.621125
68.636925
68.713725
68.836650
68.858275
68.869225
68.935300
68.942125
68.984725
69.013100
69.027800
69.081150
69.118325
69.158575
69.174700
69.190375
69.211950
69.242425
69.402900
69.467750
69.517200
69.562300
69.693900
69.759175
69.777900
69.820725
69.848175
69.879700
69.915200
70.014100
70.049675
70.068350
70.193125
70.224250
70.263475
70.287500
70.314025
70.342900
70.361625
70.376700
70.397525
70.420050
70.439575
70.467175
70.542950
70.579925
70.609825
70.629975
70.671975
70.725825
70.745950
70.766825
70.789650
70.807475
70.820275
70.889700
70.979725
71.010425
71.038800
71.069325
71.139000
71.144750
71.164550
71.230500
71.263125
71.316750
71.334450
71.390775
71.452850
71.540600
71.592750
71.667400
71.685750
71.735825
71.757525
71.838100
71.892050
71.914600
71.934950
71.967175
71.994275
72.002125
72.022700
72.069600
72.116500
72.160150
72.170125
72.193875
72.209950
72.239525
72.335675
72.415875
72.445075
72.465575
72.511150
72.552725
72.600775
72.687550
72.800375
72.814475
72.938625
72.981975
73.107450
73.182525
73.268425
73.294825
73.310025
73.353775
73.413250
73.461275
73.482775
73.552175
73.585025
73.608250
73.622550
73.715550
73.773025
73.860750
73.890450
73.917950
73.937375
73.964250
74.088975
74.147400
74.236325
74.271325
74.343950
74.364475
74.394250
74.473575
74.536100
74.744175
74.765550
74.815200
74.874750
75.076700
75.118550
75.237325
75.288600
75.313750
75.372125
75.428950
75.535925
75.596050
75.631675
75.651675
75.710250
75.767025
75.829450
75.881700
75.908875
75.949875
75.975225
75.999550
76.021100
76.078375
76.148475
76.154050
76.169975
76.195825
76.231150
76.252150
76.264800
76.302300
76.331425
76.350050
76.413925
76.558100
76.600800
76.619850
76.682725
76.748075
76.916125
76.989900
77.062725
77.094375
77.114950
77.188650
77.208650
77.231500
77.261000
77.285375
77.454375
77.487325
77.539475
77.637475
77.658400
77.711825
77.734400
77.808425
77.853450
77.925425
77.950775
78.049375
78.065100
78.085125
78.135050
78.210300
78.233675
78.258900
78.279875
78.309825
78.424025
78.445725
78.474900
78.494325
78.525275
78.551800
78.642975
78.687275
78.688350
78.721175
78.763650
78.881325
78.950375
78.963325
78.990250
79.040825
79.048350
79.103725
79.114500
79.133625
79.171450
79.214525
79.278325
79.371275
79.407775
79.481350
79.499800
79.520400
79.538625
79.556300
79.602125
79.627875
79.644875
79.689400
79.795650
79.845575
79.925175
79.951725
79.988900
80.022925
80.102025
80.127700
80.166275
80.201375
80.223200
80.234450
80.262175
80.290400
80.378850
80.457675
80.637525
80.674050
80.788725
80.818675
80.867225
80.894500
80.948025
80.969600
80.990900
81.044150
81.073850
81.159150
81.187875
81.282625
81.319575
81.364450
81.371625
81.373750
81.385075
81.480825
81.756725
81.771600
81.813350
81.823275
81.864225
82.054750
82.119825
82.174650
82.205625
82.214850
82.260150
82.325450
82.365800
82.408350
82.413000
82.489650
82.565650
82.606275
82.650125
82.695650
82.720025
82.745525
82.804825
82.827050
82.858625
82.887550
82.946700
82.995175
83.014400
83.063275
83.149350
83.322550
83.359725
83.449775
83.486525
83.518375
83.560875
83.619125
83.642825
83.661250
83.699525
83.709575
83.803200
83.837500
83.859850
83.888350
83.925975
83.957025
83.987550
84.057625
84.073425
84.125825
84.196975
84.268125
84.372625
84.532775
84.551400
84.564500
84.617050
84.652575
84.717625
84.743175
84.773875
84.792825
84.880950
84.919625
84.973050
85.041300
85.061175
85.080225
85.117625
85.189950
85.205325
85.232750
85.248950
85.264575
85.368475
85.394300
85.423625
85.498000
85.573650
85.605050
85.642525
85.666600
85.711100
85.823750
85.847725
85.879900
85.906275
85.946250
85.964925
85.987725
86.054200
86.250650
86.317225
86.336250
86.355350
86.369700
86.393450
86.429750
86.466150
86.504175
86.583800
86.596225
86.675250
86.737275
86.756975
86.774550
86.852775
86.882350
86.989175
87.028350
87.070000
87.106575
87.140350
87.174925
87.196575
87.209175
87.221275
87.295775
87.341875
87.363175
87.401250
87.431575
87.468475
87.539000
87.559700
87.635175
87.718425
87.746700
87.895475
87.951050
87.974275
88.023225
88.065000
88.090500
88.133500
88.198650
88.236025
88.243650
88.269550
88.274575
88.382350
88.453650
88.487575
88.511050
88.517125
88.532675
88.552050
88.590800
88.639475
88.694850
88.741725
88.765150
88.879375
88.901600
88.960200
89.035850
89.067050
89.106225
89.134800
89.137650
89.158575
89.214475
89.240900
89.286975
89.325725
89.452700
89.528500
89.569475
89.618000
89.635650
89.696500
89.740650
89.753100
89.785850
89.826725
89.858350
89.878900
89.904500
89.929025
89.990900
90.026050
90.052575
90.141075
90.248000
90.285800
90.313775
90.354000
90.406425
90.418300
90.431700
90.445175
90.457775
90.589775
90.661125
90.710225
90.817950
90.843275
90.905625
90.929875
90.951350
90.975750
91.018900
91.117700
91.220700
91.257875
91.266475
91.324575
91.458475
91.492075
91.632150
91.680800
91.695600
91.709750
91.735600
91.740875
91.834300
91.869025
91.898275
91.946025
91.964225
92.024875
92.076900
92.116775
92.140175
92.208675
92.243000
92.261650
92.291325
92.321125
92.479175
92.523675
92.546875
92.591450
92.676950
92.690050
92.719675
92.881175
92.928350
93.001850
93.008600
93.013750
93.050700
93.103125
93.135975
93.194300
93.214925
93.231900
93.288375
93.304725
93.345200
93.364150
93.392050
93.416325
93.470275
93.497525
93.591300
93.610875
93.685775
93.708275
93.734550
93.748450
93.781650
93.796675
93.879650
93.898000
93.968275
94.004350
94.030100
94.105950
94.144725
94.185175
94.323175
94.343675
94.360775
94.468825
94.540100
94.669375
94.697700
94.735500
94.758275
94.777975
94.891150
94.964700
95.014425
95.033575
95.064950
95.081750
95.112750
95.138675
95.209700
95.232475
95.264625
95.310400
95.330600
95.350825
95.391925
95.437650
95.458500
95.479325
95.501850
95.528525
95.637825
95.656300
95.787500
95.898400
95.967300
96.134850
96.160125
96.249125
96.284575
96.301850
96.384675
96.471800
96.532550
96.595325
96.610900
96.760825
96.794100
96.900525
96.988300
97.010900
97.027500
97.067075
97.106500
97.123800
97.142500
97.175950
97.215550
97.343800
97.413000
97.426725
97.438275
97.460475
97.478900
97.531200
97.568075
97.634550
97.692275
97.714775
97.737900
97.807525
97.825025
97.842300
97.991425
98.026550
98.049000
98.135950
98.162950
98.183875
98.203200
98.221025
98.236800
98.254650
98.256100
98.280300
98.301000
98.320250
98.337150
98.522975
98.546850
98.567375
98.646800
98.734475
98.792975
98.841075
98.927900
99.020900
99.127175
99.147225
99.178125
99.221350
99.244625
99.266350
99.306500
99.345675
99.521975
99.600275
99.656475
99.676000
99.699975
99.819675
99.881200
99.914625
99.971500
100.042775
100.044700
100.095900
100.119950
100.152700
100.182400
100.235900
100.259150
100.294925
100.335425
100.447225
100.576925
100.597575
100.739900
100.768000
100.803950
100.837650
100.859175
100.871700
100.880600
100.891775
100.928100
100.962800
100.992350
101.014725
101.046425
101.084875
101.111425
101.143175
101.230625
101.454750
101.527925
101.568450
101.624900
101.638225
101.664150
101.679000
101.691350
101.703550
101.714700
101.747700
101.769275
101.790250
101.876775
101.901525
101.934175
101.999050
102.022000
102.140725
102.200925
102.218225
102.242775
102.266725
102.294325
102.367875
102.415725
102.457600
102.510950
102.533175
102.641600
102.687750
102.715475
102.756600
102.794400
102.814625
102.894650
102.925300
102.959625
102.992275
103.019825
103.030900
103.074200
103.110850
103.146300
103.158725
103.257875
103.277550
103.368250
103.398925
103.404675
103.427650
103.442375
103.460750
103.475800
103.566275
103.578800
103.650425
103.688725
103.731550
103.786675
103.869950
103.891100
104.033925
104.106325
104.136425
104.171850
104.205525
104.227675
104.252825
104.273825
104.286450
104.296875
104.306700
104.375025
104.402350
104.418950
104.431325
104.471550
104.512350
104.555050
104.741075
104.758225
104.782225
104.816100
104.882350
104.979425
105.092425
105.115925
105.185175
105.196850
105.217100
105.267850
105.346050
105.390250
105.463225
105.489750
105.528225
105.537850
105.615325
105.659825
105.663700
105.735375
105.764425
105.784400
105.828600
105.871825
105.961250
105.989625
106.012700
106.033300
106.071900
106.129150
106.191175
106.201650
106.226400
106.411900
106.425725
106.441150
106.489425
106.539475
106.599750
106.617175
106.641400
106.838925
106.898975
106.931250
106.955350
107.006250
107.042475
107.077725
107.124800
107.148525
107.250725
107.337200
107.357425
107.371700
107.468900
107.547250
107.575775
107.589350
107.608500
107.658000
107.672050
107.708775
107.730225
107.769900
107.839525
107.867300
107.895100
107.936775
107.939700
107.983800
108.005275
108.035900
108.051925
108.115300
108.137300
108.166525
108.202150
108.245075
108.316700
108.352925
108.364550
108.385375
108.409175
108.423150
108.460625
108.494800
108.528900
108.563650
108.609125
108.628475
108.686625
108.718125
108.754800
108.854650
108.934025
108.952700
109.054775
109.100425
109.146525
109.165500
109.193000
109.255800
109.256900
109.296750
109.326625
109.345275
109.384375
109.453900
109.474125
109.493900
109.517600
109.591175
109.623575
109.642300
109.656625
109.724250
109.744100
109.799450
109.886925
109.996475
110.017325
110.031300
110.081275
110.113475
110.137100
110.186125
110.236775
110.257525
110.278375
110.311325
110.343075
110.397725
110.426175
110.446525
110.462150
110.481200
110.496700
110.520750
110.614050
110.632650
110.650225
110.672275
110.692800
110.724650
110.742350
110.755850
110.768650
110.793125
110.843425
110.876050
110.916225
110.955250
111.014075
111.032675
111.080725
111.100425
111.115100
111.131000
111.168350
111.217500
111.353875
111.379850
111.418275
111.467800
111.506800
111.549600
111.588375
111.614300
111.627400
111.663550
111.691250
111.741875
111.745425
111.759950
111.805100
111.879350
111.888025
111.906400
111.962700
112.011425
112.038275
112.078175
112.155900
112.248825
112.255725
112.378000
112.421000
112.488825
112.532650
112.542350
112.550650
112.623150
112.691200
112.735475
112.834075
112.848725
112.871600
112.899425
112.910675
112.919000
112.927000
112.954375
113.023550
113.117750
113.141800
113.223300
113.273525
113.287850
113.327100
113.369800
113.389225
113.435925
113.459275
113.564775
113.582225
113.609950
113.624750
113.702700
113.891775
113.906675
113.923475
113.959200
114.073925
114.127075
114.181925
114.233325
114.260675
114.317825
114.333900
114.357500
114.380250
114.395050
114.427650
114.512325
114.581050
114.605875
114.631000
114.682400
114.710100
114.755150
114.772500
114.868775
114.988550
115.043675
115.058950
115.096800
115.132500
115.199075
115.222975
115.266050
115.376100
115.391125
115.402550
115.437825
115.462050
115.476700
115.520450
115.578600
115.630700
115.714200
115.731000
115.739475
115.785475
115.806750
115.872475
115.922800
115.983225
116.170825
116.200250
116.214700
116.228400
116.247625
116.281475
116.375075
116.481050
116.630925
116.743625
116.756950
116.788975
116.803125
116.836600
116.853775
116.879175
116.962700
117.014550
117.043675
117.082750
117.155900
117.201700
117.247400
117.300250
117.433150
117.454175
117.488200
117.510900
117.626175
117.690300
117.715300
117.753075
117.772350
117.788600
117.809150
117.822175
117.842100
117.880075
117.954725
117.985125
118.018050
118.034200
118.082650
118.110975
118.272750
118.321975
118.375050
118.489300
118.503425
118.641975
118.671350
118.723300
118.832125
118.857225
118.910900
118.945600
118.958350
119.006850
119.176350
119.197625
119.226700
119.360625
119.582025
119.710250
119.814075
119.840950
119.994000
120.004550
120.011975
120.027750
120.042425
120.057200
120.142500
120.208350
120.230550
120.318750
120.383275
120.418650
120.425175
120.447900
120.466525
120.558700
120.574050
120.607825
120.647650
120.796000
120.970725
121.030150
121.055050
121.076375
121.169400
121.206825
121.230275
121.262050
121.349875
121.394875
121.548250
121.615750
121.629875
121.638950
121.789025
121.843000
121.861725
121.957325
122.184900
122.244875
122.344800
122.432425
122.461150
122.479375
122.497025
122.649275
122.671650
122.719650
122.748950
122.807300
122.872575
122.898400
122.922125
123.093325
123.122675
123.217200
123.292550
123.382450
123.414650
123.544075
123.590225
123.635575
123.675225
123.718400
123.748400
123.771675
123.791600
123.834825
123.947925
124.036650
124.116175
124.136000
124.158650
124.208150
124.212600
124.279825
124.310100
124.374375
124.410350
124.429425
124.672375
124.717875
124.755700
124.774650
124.816600
124.840475
124.881625
124.918675
124.933325
124.955375
124.974025
125.010400
125.037725
125.071500
125.117025
125.204525
125.225400
125.247375
125.276525
125.326450
125.340375
125.420625
125.502500
125.600675
125.660850
125.687700
125.712775
125.800350
125.836000
125.912575
125.927500
125.934525
125.961800
125.978825
126.008550
126.016250
126.037050
126.087825
126.180775
126.195475
126.275350
126.318000
126.439525
126.456250
126.527850
126.543575
126.551700
126.616900
126.686500
126.709850
126.731975
126.787425
126.871875
126.969400
127.001425
127.022775
127.067950
127.097875
127.130425
127.162450
127.181775
127.227150
127.288200
127.293975
127.358350
127.460075
127.528750
127.555075
127.584200
127.602500
127.659900
127.667200
127.727625
127.734150
127.752700
127.835125
127.847975
127.870625
127.978525
128.050750
128.094175
128.131250
128.152400
128.199100
128.216250
128.233100
128.258350
128.264175
128.314025
128.372300
128.407675
128.526325
128.582200
128.640525
128.662925
128.710725
128.909150
128.934800
129.035625
129.079000
129.224625
129.256475
129.306200
129.334100
129.351825
129.440300
129.478600
129.517775
129.559150
129.568525
129.613850
129.676675
129.694325
129.739675
129.784500
129.799800
129.838600
129.897075
129.996925
130.034550
130.045925
130.071275
130.152375
130.211300
130.228625
130.277325
130.346300
130.363500
130.387500
130.399425
130.423450
130.489850
130.525850
130.547875
130.583750
130.609700
130.629750
130.644875
130.738700
130.798950
130.821600
130.891975
130.935125
130.968725
130.974075
130.994125
131.005900
131.046300
131.071850
131.130550
131.153700
131.186825
131.189575
131.206150
131.246425
131.322850
131.355475
131.379700
131.414025
131.469575
131.540800
131.573350
131.635125
131.696925
131.767175
131.801650
131.870875
131.894750
131.930825
131.950975
131.989875
132.097650
132.150150
132.196175
132.247550
132.328525
132.356500
132.464525
132.473450
132.510800
132.544800
132.562900
132.634775
132.717975
132.727000
132.806900
132.926125
132.965875
132.977625
133.009975
133.035750
133.116325
133.132900
133.169750
133.195725
133.211475
133.223975
133.266350
133.307125
133.389000
133.440325
133.485975
133.532450
133.549200
133.570000
133.610000
133.630000
133.648175
133.698850
133.718025
133.728950
133.746600
133.787750
133.846425
133.897900
133.993300
134.036075
134.046425
134.134900
134.178950
134.254500
134.280450
134.303625
134.371150
134.398475
134.469875
134.518800
134.541275
134.702650
134.721475
134.732625
134.738575
134.754050
134.820500
134.865650
134.885300
134.930050
134.996075
135.039875
135.066500
135.098375
135.115775
135.147025
135.164975
135.201175
135.223675
135.263600
135.298725
135.405225
135.441075
135.499000
135.554725
135.604575
135.638175
135.670950
135.787325
135.876150
135.983850
135.996900
136.011875
136.072325
136.089925
136.106125
136.169275
136.212775
136.235400
136.322400
136.387525
136.420900
136.439725
136.491700
136.510900
136.646950
136.668125
136.714675
136.735775
136.816675
136.839600
136.877225
136.958850
136.982025
137.034950
137.051100
137.112275
137.150200
137.165050
137.182400
137.222425
137.241375
137.258950
137.279200
137.432500
137.461025
137.475050
137.529750
137.543925
137.565350
137.646200
137.671650
137.713850
137.819675
137.837325
137.913900
137.951075
138.052950
138.073800
138.118175
138.164125
138.197725
138.216250
138.389400
138.426275
138.438125
138.469525
138.512025
138.581325
138.604450
138.690775
138.718000
138.733100
138.784225
138.848950
138.899475
138.921250
138.996450
139.014475
139.033050
139.062500
139.080625
139.096800
139.100275
139.152750
139.241975
139.296200
139.328975
139.372900
139.401300
139.431275
139.446875
139.549775
139.593400
139.612950
139.630600
139.749300
139.777000
139.811900
139.931550
139.956625
140.033975
140.121750
140.168050
140.187100
140.218100
140.324775
140.347700
140.375150
140.449700
140.463150
140.508650
140.556825
140.585625
140.623925
140.641625
140.689225
140.995525
141.158150
141.207600
141.242125
141.254075
141.263700
141.468700
141.566550
141.576775
141.664875
141.716475
141.813800
141.971225
141.994975
142.072100
142.153075
142.200850
142.238900
142.345725
142.394750
142.472450
142.548025
142.596375
142.616625
142.637375
142.655725
142.742450
142.767325
142.799800
142.860875
142.892400
142.913125
142.969325
143.085775
143.117925
143.223350
143.246425
143.329850
143.347350
143.391075
143.436025
143.511000
143.544775
143.564525
143.605325
143.644825
143.856850
143.876775
144.000050
144.019875
144.178825
144.334650
144.383175
144.403875
144.443225
144.457325
144.473100
144.490675
144.506700
144.521400
144.553875
144.684075
144.702350
144.727600
144.762075
144.849625
144.881800
145.081275
145.109250
145.132400
145.297900
145.313500
145.375150
145.399900
145.523875
145.569675
145.590500
145.621425
145.622850
145.707625
145.733075
145.787150
145.986425
146.044125
146.102225
146.130775
146.193650
146.197850
146.215700
146.235475
146.317700
146.337450
146.380725
146.452875
146.479175
146.491850
146.510825
146.530350
146.551350
146.657675
146.744600
146.806000
146.865425
146.907900
146.980725
147.028850
147.081050
147.160475
147.185600
147.233375
147.256400
147.282800
147.329675
147.375575
147.393900
147.422500
147.515875
147.572875
147.605225
147.630475
147.718600
147.744625
147.759125
147.795700
147.847000
147.905850
147.931525
147.951050
148.015925
148.081350
148.102900
148.159675
148.340700
148.361325
148.396900
148.425975
148.597075
148.663550
148.702650
148.731875
148.769800
148.807175
148.881400
149.017875
149.036950
149.091325
149.117625
149.153325
149.175975
149.194475
149.299925
149.354950
149.427025
149.435750
149.446175
149.463150
149.513275
149.604825
149.626925
149.651950
149.673750
149.700175
149.728575
149.840900
149.861250
149.878450
149.976475
149.989850
150.017225
150.035275
150.070450
150.086800
150.167675
150.291725
150.305300
150.453375
150.491475
150.546975
150.581550
150.635100
150.823725
150.866725
150.884325
151.006300
151.030725
151.079475
151.207125
151.219775
151.239150
151.264725
151.322800
151.377925
151.392650
151.412350
151.446300
151.506350
151.564325
151.603575
151.671125
151.696425
151.722225
151.765150
151.810950
151.831075
151.998150
152.018100
152.053400
152.145550
152.157875
152.198800
152.251275
152.273700
152.343925
152.370025
152.422975
152.571425
152.593600
152.732125
152.767800
152.834375
152.839375
152.853650
152.866325
152.881375
152.914450
152.932200
152.991750
153.008125
153.069525
153.186850
153.232150
153.237300
153.247750
153.260375
153.426100
153.521575
153.531500
153.541775
153.586550
153.616750
153.635900
153.706925
153.735625
153.780950
153.854950
153.894375
153.913200
153.930575
154.006125
154.024950
154.081375
154.114925
154.151350
154.295975
154.328025
154.381325
154.452200
154.485075
154.531275
154.543675
154.558725
154.582100
154.615500
154.799775
154.866550
154.907375
154.923575
154.972450
155.101100
155.127000
155.207975
155.223400
155.287325
155.348000
155.387550
155.409650
155.433425
155.456525
155.475625
155.541700
155.577975
155.627450
155.654525
155.710450
155.799625
155.815725
155.854575
155.903175
156.032100
156.069725
156.232200
156.255600
156.332775
156.380750
156.395525
156.400450
156.421825
156.503675
156.565775
156.624750
156.669300
156.689850
156.840050
156.857825
156.886150
156.931750
156.953550
157.004600
157.127250
157.213800
157.269225
157.325725
157.439575
157.473350
157.489000
157.503500
157.581000
157.598150
157.668650
157.916000
157.936150
157.957425
157.966650
158.000150
158.032800
158.087775
158.134500
158.151925
158.182675
158.288550
158.315800
158.426275
158.490550
158.517100
158.626300
158.644275
158.683400
158.713900
158.742550
158.760025
158.809350
158.860475
158.898450
158.999000
159.025350
159.064775
159.098050
159.272200
159.318400
159.339800
159.381875
159.399100
159.430400
159.448575
159.490925
159.515300
159.638225
159.648450
159.746100
159.788025
159.796975
159.906725
159.955375
159.959700
159.994300
160.092575
160.169900
160.237525
160.271525
160.307475
160.377250
160.414425
160.448875
160.474275
160.561850
160.620325
160.665825
160.736275
160.800575
160.830200
160.874400
160.913875
160.975550
161.045175
161.118675
161.172125
161.219450
161.262600
161.309700
161.326675
161.353325
161.376100
161.396775
161.553200
161.572875
161.602325
161.653375
161.695900
161.735150
161.758275
161.782225
161.832075
161.854750
161.873250
161.920825
161.939425
161.958175
162.046800
162.050625
162.076675
162.102175
162.212200
162.232675
162.275350
162.327975
162.364050
162.407975
162.576850
162.622525
162.720750
162.747050
162.776875
162.815975
162.866875
162.915550
162.990650
163.046375
163.092025
163.136000
163.155900
163.179275
163.247025
163.375050
163.470150
163.516950
163.539150
163.541825
163.568650
163.603100
163.633500
163.666000
163.724525
163.737525
163.765400
163.817550
163.838025
163.858175
163.909125
163.969750
163.985950
164.004050
164.042025
164.050450
164.102525
164.137150
164.293700
164.323250
164.350425
164.378500
164.485325
164.523350
164.560800
164.586850
164.650075
164.682625
164.721650
164.773700
164.792975
164.811275
164.834625
164.913125
164.969275
164.996800
165.040750
165.073100
165.092725
165.168200
165.296500
165.357500
165.390600
165.444450
165.470550
165.516775
165.599400
165.615450
165.650300
165.691300
165.747650
165.779000
165.826950
165.867875
165.898925
165.940100
165.974900
166.023500
166.033650
166.042675
166.062600
166.075750
166.079750
166.174975
166.192025
166.260525
166.312625
166.331350
166.367850
166.390375
166.479550
166.525200
166.542925
166.685950
166.706775
166.749275
166.772625
166.783950
166.845300
166.863400
166.911200
166.920550
166.976500
166.999175
167.021950
167.091000
167.228850
167.335250
167.392150
167.498900
167.587925
167.658650
167.761400
167.782050
167.962025
168.002525
168.052950
168.101225
168.202700
168.261825
168.308200
168.396550
168.524575
168.602050
168.618875
168.655200
168.693850
168.701925
168.881175
168.913575
168.992925
169.011675
169.050150
169.202250
169.225075
169.294425
169.405350
169.428850
169.466925
169.491150
169.545050
169.589975
169.634900
169.664800
169.725300
169.760450
169.778225
169.808000
169.849975
169.867050
169.880775
169.900975
169.928675
169.955125
170.095625
170.109950
170.141025
170.151700
170.170650
170.202800
170.245900
170.377925
170.421475
170.444325
170.494200
170.569450
170.584100
170.601175
170.654400
170.665075
170.675250
170.752850
170.768575
170.819800
170.829825
170.845800
170.911925
171.005450
171.070375
171.094125
171.156300
171.340800
171.364075
171.394375
171.449900
171.481275
171.668650
171.683600
171.685675
171.704925
171.757900
171.796625
171.955700
171.971000
172.055250
172.076400
172.107975
172.137200
172.163550
172.169850
172.220975
172.225025
172.242125
172.344800
172.412700
172.438075
172.513900
172.621475
172.833675
172.885175
172.912100
173.006000
173.148575
173.193350
173.229975
173.279725
173.291375
173.383950
173.461325
173.493950
173.512100
173.560150
173.580875
173.667575
173.726275
173.746725
173.790975
173.840750
173.880600
173.904525
174.032250
174.138950
174.221975
174.322725
174.355400
174.379000
174.428150
174.545925
174.581425
174.599075
174.614450
174.753325
174.780050
174.848375
174.920000
174.968600
174.987825
175.010450
175.035200
175.101375
175.143425
175.161000
175.224475
175.245200
175.283850
175.294775
175.350525
175.365475
175.436950
175.487775
175.514600
175.592325
175.640700
175.664925
175.754650
175.843250
175.874650
175.892350
175.916050
175.934875
175.960750
176.043375
176.074150
176.101575
176.133400
176.224325
176.272150
176.301250
176.323600
176.333400
176.482875
176.510925
176.527325
176.560900
176.580850
176.625550
176.681775
176.690200
176.740500
176.868450
177.009100
177.024200
177.106400
177.136925
177.153875
177.182375
177.199150
177.242100
177.269225
177.309225
177.334350
177.357200
177.372400
177.396500
177.420875
177.514375
177.540875
177.608300
177.623175
177.728550
177.746875
177.842025
177.875075
177.914275
177.952475
178.019425
178.041700
178.121425
178.142450
178.171925
178.220900
178.270300
178.311025
178.369600
178.422600
178.447850
178.516175
178.580125
178.694175
178.729950
178.752975
178.822125
178.903350
178.926300
178.943475
178.979600
179.000900
179.036875
179.102475
179.112925
179.131800
179.261175
179.304225
179.334425
179.356575
179.378475
179.425725
179.438975
179.455900
179.463050
179.468925
179.484425
179.496800
179.518400
179.542100
179.605700
179.619400
179.807125
179.849600
179.851350
179.877150
179.927550
179.951675
180.015600
180.032900
180.046275
180.066450
180.179700
180.228075
180.264325
180.302125
180.314975
180.357100
180.379125
180.449550
180.499300
180.521150
180.532300
180.602225
180.623775
180.724725
180.773975
180.789525
180.869200
180.945175
181.005200
181.050425
181.064000
181.095775
181.160700
181.211275
181.243050
181.279050
181.306125
181.327800
181.350850
181.381250
181.418275
181.442375
181.500425
181.543625
181.600875
181.614925
181.629550
181.672250
181.695875
181.700225
181.732675
181.812375
181.828750
181.855000
181.884225
181.903150
181.939600
182.054825
182.134800
182.210750
182.274225
182.318825
182.404700
182.428125
182.448800
182.462800
182.490275
182.515575
182.527500
182.545775
182.618900
182.698575
182.729375
182.815575
182.857925
182.889600
182.908525
182.945150
182.967300
182.988325
183.005550
183.027350
183.060800
183.081500
183.165150
183.248250
183.261875
183.466075
183.512725
183.571475
183.678825
183.718125
183.803225
183.933500
183.958725
183.971175
183.992825
184.033250
184.104650
184.120875
184.127325
184.133375
184.160025
184.349925
184.431550
184.434300
184.454900
184.481550
184.606800
184.662625
184.684200
184.744525
184.768500
184.918650
184.987725
185.017125
185.091075
185.141875
185.161175
185.201175
185.397975
185.511800
185.528625
185.582275
185.608325
185.628950
185.730800
185.800675
185.903575
185.970575
185.992525
186.017275
186.052475
186.070825
186.116975
186.132300
186.229050
186.241900
186.714875
186.773925
186.884700
186.947950
187.006825
187.021225
187.057850
187.089775
187.164600
187.176325
187.183050
187.245500
187.326275
187.410400
187.435175
187.466075
187.504750
187.541075
187.632750
187.654050
187.668200
187.693050
187.741225
187.821950
187.898950
187.947875
187.964800
188.044850
188.063300
188.116950
188.144125
188.189125
188.248575
188.275100
188.301075
188.328725
188.353175
188.372800
188.403675
188.425450
188.449075
188.477500
188.506525
188.664900
188.728925
188.750550
188.831275
188.864375
188.904300
188.949900
189.186075
189.240550
189.258450
189.317225
189.398000
189.467000
189.495125
189.676750
189.727350
189.743725
189.767150
189.788450
189.812200
189.840475
189.879575
189.891225
189.939350
190.041300
190.126100
190.169600
190.212400
190.220775
190.240950
190.365075
190.387550
190.477650
190.545675
190.604500
190.624475
190.638925
190.657875
190.674450
190.685525
190.693350
190.753550
190.898350
190.935700
190.956650
190.968975
190.991675
190.993350
191.003300
191.069225
191.078050
191.096775
191.228700
191.268925
191.378800
191.412975
191.526725
191.534425
191.729675
191.761000
191.955300
191.987600
192.044000
192.063750
192.113100
192.147650
192.182125
192.189200
192.209300
192.377950
192.469875
192.493475
192.543300
192.603600
192.757775
192.778725
192.794950
192.959000
193.084075
193.118550
193.135450
193.212350
193.269250
193.304300
193.314100
193.321500
193.333900
193.367900
193.384050
193.472800
193.494400
193.575525
193.634175
193.683200
193.708675
193.711725
193.729775
193.765725
193.782300
193.841800
193.948950
194.089600
194.124825
194.160100
194.190175
194.335250
194.352250
194.392550
194.456500
194.519400
194.618500
194.659350
194.730850
194.754350
194.773025
194.837800
194.907400
195.056525
195.086225
195.161350
195.186675
195.203250
195.247275
195.277900
195.343925
195.451700
195.464725
195.483950
195.578325
195.657750
195.712250
195.742500
195.816225
195.845675
195.986425
196.021925
196.084350
196.221775
196.246275
196.352975
196.440050
196.490150
196.662250
196.681600
196.718200
196.753450
196.971700
197.203050
197.231450
197.281300
197.299525
197.484675
197.642025
197.745750
197.765075
197.856975
197.871075
197.917900
197.939825
197.978125
198.024275
198.132475
198.323825
198.370725
198.426700
198.438475
198.532750
198.598300
198.693625
198.729950
198.780400
198.792700
198.808350
198.857800
198.952125
199.081000
199.096975
199.240850
199.271500
199.339775
199.402625
199.436375
199.441625
199.457925
199.467000
199.616425
199.659900
199.874650
199.908225
199.954100
