0.093400
0.254375
0.378200
0.618875
0.823225
1.062375
1.180075
1.380725
1.437600
1.571325
1.700425
1.734275
1.896925
1.966550
2.039775
2.133175
2.147250
2.314625
2.474750
2.654300
2.799625
2.836825
3.124575
3.311150
3.467200
3.704325
3.747825
3.935825
4.061600
4.148175
4.441550
4.551050
4.583050
4.613550
4.642125
4.786600
4.898125
4.959175
5.048500
5.082400
5.128125
5.238575
5.320100
5.415400
5.956025
6.145000
6.228700
6.269200
6.339650
6.430450
6.590875
6.736075
6.823450
6.902950
6.998075
7.155050
7.178725
7.414150
7.540175
7.609050
7.700800
7.753275
7.845600
7.853125
7.996450
8.041350
8.083400
8.103300
8.201550
8.271500
8.314175
8.368050
8.527775
8.672400
8.782525
8.799825
9.162275
9.215900
9.368725
9.522800
9.627200
9.683250
9.962075
10.045600
10.202750
10.286800
10.430925
10.558625
10.777150
10.796275
10.913525
11.059425
11.197050
11.214600
11.290175
11.307975
11.552400
11.752600
12.161550
12.282650
12.469125
12.653225
12.780650
13.097150
13.239275
13.475875
13.580250
13.741150
13.832700
13.870450
13.956475
13.982450
14.162850
14.285875
14.382725
14.610500
14.688350
14.720025
14.927025
15.049650
15.387875
15.616725
15.721350
15.830625
16.007075
16.038125
16.110750
16.169575
16.188125
16.259250
16.425500
16.480775
16.563775
16.590100
16.770125
16.867750
16.915575
17.076775
17.138100
17.294725
17.337575
17.354900
17.470775
17.517650
17.569025
17.623300
17.681125
17.886800
18.334825
18.602725
18.862175
18.870125
18.976175
19.045025
19.129800
19.378675
19.686050
20.292025
20.325400
20.608225
20.739325
20.759125
21.093075
21.265200
21.392325
21.736500
21.764925
21.998975
22.035150
22.089875
22.165275
22.322175
22.601175
22.778250
22.909150
22.940625
23.067075
23.102175
23.217450
23.236150
23.314600
23.760550
23.850600
23.956250
24.046175
24.235050
24.440175
24.745775
24.772450
24.936775
25.037800
25.073825
25.084675
25.150075
25.387700
25.435725
25.518950
25.578600
25.668825
25.826900
25.891325
25.909525
25.935425
26.042975
26.077825
26.153575
26.305875
26.378925
26.470350
26.613200
26.725475
26.911350
26.965350
27.084500
27.091725
27.264150
27.309675
27.321275
27.472425
27.572600
27.700675
27.793825
27.845075
27.979325
28.044575
28.082725
28.155850
28.274125
28.375800
28.539025
28.647975
28.702300
28.908950
28.945775
29.364875
29.568400
29.678025
29.844550
29.984100
30.073750
30.213625
30.270500
30.391450
30.640525
30.700950
30.802000
30.911650
30.987250
31.211200
31.286250
31.463100
31.474675
31.575125
31.651375
31.826525
31.880800
32.450450
32.618025
32.692825
32.905925
33.022100
33.124100
33.192425
33.312750
33.663975
34.065025
34.232175
34.242025
34.393600
34.606550
34.766900
34.976600
35.149275
35.289850
35.522225
35.580150
35.701175
35.725850
35.813050
36.329100
36.425800
36.637475
36.717100
36.779675
36.845025
36.882400
36.966850
36.978550
37.175250
37.393800
37.570550
38.121950
38.216625
38.384825
38.547025
38.587575
38.746000
38.895175
39.117175
39.285900
39.370000
39.552975
39.577100
39.646675
39.860750
40.048350
40.238200
40.380500
40.723525
40.724975
40.824450
40.943950
41.090125
41.320900
41.585725
41.780325
41.906400
41.953725
42.132225
42.292075
42.333275
42.408700
42.553375
42.760350
42.768525
42.815550
42.889450
43.343650
43.415950
43.714475
43.863800
44.076275
44.308700
44.412700
44.568000
44.616800
44.784150
44.857750
45.083125
45.115775
45.179875
45.327325
45.577225
45.696200
45.790825
45.910175
46.043500
46.488675
46.527400
46.624425
46.684800
46.762625
46.845100
46.873325
46.899350
46.997600
47.007425
47.265925
47.475950
47.725675
47.807125
47.906875
48.054025
48.124450
48.262225
48.297200
48.463400
48.511400
48.721400
48.884125
49.012025
49.068400
49.082000
49.175875
49.274950
49.430500
49.557900
49.622650
49.884275
49.936775
50.069425
50.190725
50.360975
50.420550
50.602300
50.642375
51.018100
51.421800
51.623725
51.657175
51.658750
51.712000
51.740750
51.810425
51.854625
52.659850
52.736225
52.831475
52.841700
52.972225
53.151475
53.298350
53.466125
53.535650
53.661500
53.758400
53.831075
53.857250
53.928875
54.000950
54.017150
54.018975
54.098275
54.185575
54.199900
54.257350
54.538775
54.704350
55.010850
55.059100
55.198650
55.292850
55.584875
55.695125
55.821675
56.091000
56.195525
56.315150
56.394350
56.758875
56.898500
56.982575
57.382550
57.528475
57.617300
57.659175
57.665025
57.806975
57.922425
58.000150
58.201750
58.381500
58.523500
58.551175
58.880350
58.964725
59.127300
59.187825
59.246625
59.465125
59.507600
59.686400
59.702325
59.728025
59.813575
59.902900
60.119600
60.126350
60.284450
60.332750
60.379850
60.607975
60.738000
60.743450
61.401975
61.487850
61.756500
61.971825
62.022375
62.139250
62.224250
62.348800
62.366100
62.513450
62.563100
62.612300
62.742675
62.954275
63.163600
63.382975
63.414900
63.829450
64.165425
64.232400
64.351175
64.483400
64.692575
64.880250
64.927725
64.981900
65.058150
65.166825
65.197550
65.294500
65.602850
65.958450
65.974800
66.104100
66.381750
66.695525
66.830475
66.890175
67.098950
67.252875
67.298950
67.481200
67.601325
67.723600
67.824225
67.915425
67.949025
68.152000
68.350925
68.513225
68.578125
68.601000
68.860050
69.143350
69.150275
69.276400
69.624700
69.891900
70.039575
70.116975
70.245975
70.423600
70.560600
70.883150
70.958125
71.086525
71.187275
71.360925
71.450775
71.594050
71.690775
71.830600
72.143575
72.219650
72.322325
72.374600
72.669750
72.776150
72.857225
72.922925
73.097625
73.162100
73.589575
73.789650
73.996075
74.104675
74.163575
74.376475
74.452375
74.569625
74.711475
74.780800
74.864875
74.958325
75.026625
75.087975
75.174275
75.831850
76.075875
76.166650
76.259550
76.320325
76.481775
76.911900
77.167400
77.240800
77.320175
77.450050
77.599150
77.633350
77.861200
77.972225
78.254800
78.732050
79.022275
79.081450
79.209625
79.284650
79.359875
79.781950
79.929625
80.118725
80.240850
80.341000
80.620575
81.176100
81.301275
81.375050
81.489675
81.573400
81.687700
81.776425
81.800050
82.246900
82.338175
83.320675
83.587825
83.776625
83.882025
83.883750
83.943075
84.093050
84.396800
84.498250
84.574850
84.626625
84.779800
84.819925
85.003425
85.034775
85.103525
85.258425
85.403250
85.463800
85.483250
85.535050
85.542500
85.848950
86.123500
86.296700
86.414325
86.430350
86.603275
86.854275
86.912625
86.952450
86.953950
86.961725
87.012550
87.049100
87.083450
87.114250
87.266675
87.616000
87.623125
87.832425
88.539075
88.952275
89.014125
89.243700
89.381025
89.513975
89.566175
89.654250
89.691600
89.829075
90.091850
90.218700
90.233825
90.360050
90.464925
90.507400
90.803125
90.880750
90.937250
91.060350
91.158150
91.319725
91.451450
91.523200
91.623325
91.671175
91.822475
92.296775
92.580575
92.726750
92.824150
92.973125
93.175600
93.251300
93.376425
93.603075
93.707400
93.793100
94.026575
94.118475
94.195250
94.223500
94.326800
94.349925
94.499150
94.635275
95.009550
95.436400
95.563075
95.816150
95.878775
95.909350
95.969150
96.003375
96.096300
96.195575
96.359350
96.600125
96.791025
96.801700
96.925650
97.016275
97.248750
97.302950
97.637900
97.946575
98.192450
98.381850
98.526575
98.729350
99.001250
99.118525
99.457925
99.863025
99.979900
100.023575
100.081025
100.221075
100.459800
100.572050
100.740425
100.868200
101.243225
101.372450
101.515700
101.713725
101.734425
101.834975
101.910450
101.931150
102.018575
102.081750
102.128275
102.313100
102.429775
102.522350
102.580525
102.669125
102.777750
102.797650
103.140650
103.243500
103.370725
103.563025
103.770375
103.821000
103.838425
103.956850
104.157100
104.315725
104.469425
104.522875
104.619575
104.635525
104.761500
104.970650
105.570600
105.679425
105.859525
105.977475
106.180775
106.345950
106.416400
106.588800
106.726925
106.852950
107.117150
107.170450
107.179675
107.276600
107.309375
107.403000
107.449575
107.509875
107.573025
107.658975
107.729350
107.805700
108.306550
108.404025
108.587400
109.036400
109.059700
109.221050
109.342325
109.402600
109.459900
109.496050
109.650700
109.813450
110.002275
110.269375
110.587400
111.062150
111.128525
111.159150
111.622725
111.830875
111.885775
112.023325
112.226950
112.287350
112.529750
112.607950
112.700050
112.778525
112.813375
112.919125
113.094100
113.385125
113.590975
113.732800
113.954625
114.157750
114.293800
114.573325
114.745050
114.991050
115.144850
115.361875
115.553250
116.204525
116.413000
116.504550
116.581925
116.774250
116.993850
117.017025
117.158200
117.445000
117.491675
117.965775
118.055500
118.432900
118.514075
118.592000
118.677925
118.852775
118.919725
119.399125
119.546425
119.679925
119.857525
120.093925
120.138200
120.158675
120.219200
120.590525
120.644350
120.811375
120.981575
121.060875
121.189725
121.337675
121.471825
121.943625
122.068525
122.177775
122.286025
122.311475
122.388025
122.524175
122.644875
122.786075
122.856650
123.251350
123.310175
123.357175
123.424475
123.520225
123.562175
123.635875
123.655250
123.818250
123.986125
124.127025
124.171275
124.275125
124.488450
124.551725
124.795925
125.137350
125.324250
125.824250
125.938325
126.111650
126.344600
126.387400
126.661850
126.754175
126.759950
126.828325
126.893350
126.975900
127.003825
127.113350
127.189700
127.261275
127.493000
127.593800
127.741275
128.022400
128.196275
128.238925
128.475775
128.607400
128.801875
128.964275
129.217800
129.276600
129.346300
129.376900
129.627425
129.748225
129.750300
130.358100
130.427200
130.562875
130.755975
130.868300
130.948925
131.087600
131.117625
131.143200
131.167300
131.277875
131.314600
131.349175
131.386850
131.522600
131.615825
131.904575
131.951500
132.209100
132.260625
132.412300
132.534675
132.703125
132.805975
132.875675
133.034875
133.275950
133.434250
133.512350
133.682550
133.890900
134.112750
134.163850
134.287475
134.407050
134.642650
134.779575
135.016200
135.104075
135.273100
135.313075
135.479750
135.520800
135.627250
136.009700
136.132025
136.218325
136.432800
136.574475
136.612100
136.655175
136.659525
136.764975
136.814925
136.888725
136.992425
137.062075
137.137300
137.267950
137.353500
137.504150
137.746275
137.870425
138.005800
138.109700
138.144525
138.376625
138.684000
138.826550
138.984050
139.084375
139.453175
139.765600
139.820225
139.962250
140.046900
140.157275
140.258650
140.319275
140.379200
140.447275
140.744175
140.787000
140.907700
141.200075
141.357775
141.697050
141.865650
141.954975
142.082425
142.343925
142.408125
142.520350
142.637500
142.732075
142.829600
142.943875
143.084425
143.126025
143.318575
143.443325
143.584050
143.820000
143.953575
144.044950
144.247150
144.389950
144.438825
144.581675
144.679950
144.873475
145.001875
145.313550
145.403525
145.470075
145.582075
145.830425
145.991900
146.087050
146.105250
146.151300
146.500000
146.901000
147.051525
147.150700
147.246175
147.341175
147.342750
147.382475
147.551650
147.631875
147.663950
147.765475
147.822400
147.877125
148.251575
148.503950
148.647550
148.766200
148.828250
149.113750
149.204925
149.253050
149.431325
149.606300
150.041800
150.168000
150.321800
150.385475
150.473125
150.544400
150.613125
150.810400
150.959775
150.968150
151.065925
151.239750
151.257525
151.377425
151.573650
151.800050
152.003475
152.125275
152.507050
152.824175
153.271025
153.361950
153.465900
153.716450
153.849800
153.939825
154.169500
154.256850
154.347950
154.365000
154.657075
154.860600
154.980500
155.074950
155.199600
155.513875
155.658575
155.828750
156.059825
156.174450
156.259550
156.284600
156.410300
156.460700
156.510325
156.595275
156.624000
156.714400
156.867000
156.935350
157.038575
157.100100
157.270775
157.945525
158.187050
158.253050
158.360775
158.458075
158.662750
158.842275
158.877925
158.954575
159.126775
159.163450
159.284475
159.307025
159.328475
159.441075
159.453600
159.544200
159.636425
159.825075
159.947800
160.368900
160.565250
160.834300
161.467275
161.648675
161.801650
161.926300
162.006750
162.179700
162.372300
162.411000
162.434425
162.489200
162.513250
162.739950
163.093250
163.214725
163.376025
163.418550
163.638925
163.690650
163.733475
163.820875
163.971025
164.071850
164.082950
164.104325
164.142950
164.206275
164.274050
164.424125
164.721575
164.932175
165.028350
165.056600
165.172100
165.216225
165.274875
165.363625
165.599300
165.617725
165.763525
165.912475
166.044725
166.087075
166.157850
166.319050
166.580850
166.606500
166.742325
166.802850
166.845300
167.064075
167.149200
167.477925
167.592500
168.008100
168.075175
168.545950
168.587600
168.902650
169.197550
169.305800
169.354200
169.625300
169.759225
169.837600
169.931950
169.976350
170.121000
170.181850
170.259625
170.296825
170.484775
170.861375
170.990350
171.139225
171.389025
171.500000
171.569700
171.644075
171.696075
171.901525
171.913975
172.026425
172.137125
172.216000
172.744325
172.845475
172.965150
173.053025
173.137900
173.148600
173.203725
173.252175
173.292825
173.451075
173.554400
173.566900
173.653350
173.680625
173.777275
173.888775
173.962825
174.256350
174.675950
174.934650
175.074000
175.190850
175.454950
175.581850
175.953450
176.036950
176.119950
176.233550
176.297375
176.352050
176.617650
176.727000
176.773075
176.901550
177.191125
177.579975
178.006775
178.070000
178.092050
178.131100
178.296775
178.507250
178.541875
178.738775
179.024275
179.118225
179.212925
179.594500
179.894450
180.118175
180.209375
180.220325
180.331550
180.353025
180.430875
180.445900
180.631325
181.199500
181.385800
181.594075
181.722850
181.789975
181.862400
181.959625
182.268000
182.381975
182.728875
182.967925
183.008400
183.020325
183.151525
183.222975
183.373025
183.399325
183.833700
183.905250
183.984000
184.081625
184.191900
184.368225
184.547050
184.710000
184.886825
184.958500
185.313925
185.451375
185.485550
185.557750
185.700225
186.128475
186.259775
186.414050
186.501850
186.594175
186.649350
186.716900
187.292375
187.586625
187.774800
188.075825
188.122225
188.293925
188.302400
188.481500
188.605750
188.720450
188.732350
188.744550
188.834700
188.952500
188.971200
189.006525
189.084475
189.166300
189.357425
189.425500
189.444925
189.517775
189.566300
189.918175
190.025025
190.142175
190.210325
190.305800
190.409950
190.595200
190.817525
190.885250
190.979175
191.020450
191.040125
191.099725
191.238000
191.471650
191.506500
191.750725
191.835525
191.898800
192.018200
192.066075
192.458650
192.716800
192.799400
192.965025
192.976575
193.061000
193.078475
193.121850
193.207000
193.259975
193.333725
193.504300
193.564100
193.603375
193.674450
193.732575
193.862000
193.966875
194.066150
194.089750
194.149700
194.176375
194.324275
194.518525
194.581325
194.660325
194.706225
194.744775
194.852975
194.883375
195.024075
195.184250
195.221650
195.340550
195.429750
195.649925
196.022450
196.092600
196.312000
196.463275
196.751500
197.059325
197.226325
197.283675
197.555525
197.567100
197.608275
197.664175
197.805550
197.889775
198.094475
198.519500
198.717525
198.828075
198.865975
198.970275
199.153575
199.354025
199.467625
199.493975
199.548325
199.622875
199.738075
199.845775
199.959225
199.975500
200.238500
200.261625
200.448100
200.536725
200.992850
201.343575
201.438100
201.519500
201.819275
202.034800
202.050725
202.104150
202.222525
202.412650
202.498125
202.692825
202.732975
202.812700
203.310525
203.681925
203.818150
203.984400
204.068400
204.270200
204.373250
204.522600
204.595025
204.703825
204.705500
204.751775
204.801300
204.982200
205.057375
205.154825
205.214625
205.366525
205.405800
205.413550
205.567025
205.588525
205.834050
205.962575
206.070725
206.406225
206.812875
206.882925
207.062050
207.186625
207.237375
207.364875
207.427275
207.631475
207.802450
207.842500
207.937175
208.001500
208.105475
208.207825
208.304525
208.330550
208.340825
208.381750
209.002700
209.197925
209.432700
209.615925
209.703925
209.705350
209.775200
209.838850
209.892950
210.039125
210.074175
210.144675
210.209150
210.292400
210.432650
210.531725
210.771675
210.816975
210.863250
211.151200
211.390550
211.856300
211.947750
212.015800
212.136425
212.350075
212.706625
212.835575
213.526750
213.603250
213.798050
213.884850
214.081150
214.082750
214.246550
214.343025
214.393950
214.638075
214.880375
214.987775
215.115000
215.290575
215.364100
215.444750
215.512125
215.578800
215.940550
216.059725
216.377950
216.442875
216.529100
217.047375
217.174500
217.350875
217.465150
217.595925
217.923575
217.997925
218.067800
218.107300
218.217000
218.539475
218.751375
219.018425
219.262625
219.512425
219.795000
219.959150
220.112025
220.359750
220.517750
220.736100
221.132100
221.195725
221.267875
221.323625
221.637225
221.738500
222.430075
222.553625
222.754150
222.966175
223.354325
223.510525
223.609350
223.816325
223.912675
223.981375
224.061250
224.166325
224.234275
224.439325
224.587000
224.672675
224.777700
224.826875
224.947700
225.055500
225.548250
225.729600
226.082000
226.258625
226.405200
226.528200
226.661800
226.993500
227.139275
227.205025
227.331875
227.406475
227.418250
227.512975
227.629475
227.717200
227.791050
227.956050
228.110050
228.388075
228.623700
228.708825
228.864425
228.910675
229.038875
229.228350
229.278300
229.513550
229.586175
229.601450
229.667650
229.838175
230.049750
230.100275
230.298450
230.344675
230.487175
230.977675
231.003750
231.238775
231.423000
231.598325
231.803600
232.270350
232.575450
232.818375
232.966875
233.084725
233.192150
233.710100
234.552175
234.621825
234.731850
234.814975
234.878150
234.958350
235.191725
235.205175
235.247275
235.333075
235.408125
235.514475
235.655350
235.783800
235.995975
236.014475
236.074650
236.186950
236.253525
236.431275
236.513150
236.651425
236.665100
236.736300
236.862525
237.269925
237.341375
237.486250
237.546850
237.676775
237.737125
237.938800
238.203000
238.315575
238.349975
238.538075
238.607375
238.750750
238.806350
238.842350
239.052250
239.083375
239.366225
239.518800
239.713000
239.853425
239.916550
240.021875
240.069350
240.088125
240.234700
240.278475
240.348200
240.402825
240.442600
240.535750
240.587725
240.819325
240.923225
240.978575
241.029075
241.151650
241.222675
241.708850
242.178150
242.533675
242.755825
242.887600
242.888800
243.037775
243.082900
243.129925
243.218850
243.268775
243.337800
243.417700
243.777975
243.938950
244.146925
244.328325
244.488300
244.602300
244.729800
244.909875
244.992250
245.077475
245.221525
245.244975
245.374050
245.470200
245.536175
245.711900
245.904175
246.051125
246.196650
246.499625
246.560675
246.710200
246.776825
247.015275
247.369975
247.410550
247.529800
247.709200
247.825825
248.050175
248.101850
248.187150
248.379400
248.446600
248.465350
248.549625
248.718275
248.761325
249.000000
249.083775
249.170825
249.236850
249.305875
249.487250
249.552900
249.616850
249.837300
250.123925
250.230875
250.369150
250.395850
250.541275
250.863325
250.971650
251.008450
251.080400
251.381475
251.424175
251.545775
251.589825
251.623050
251.676150
251.885375
251.942925
252.140850
252.182700
252.365425
252.372050
252.862025
253.062550
253.160850
253.545650
253.672425
253.986675
254.061875
254.170700
254.330925
254.392025
254.475700
254.555700
254.602175
254.627225
254.747925
254.939000
254.985675
255.087400
255.156625
255.323225
256.074650
256.286125
256.478150
256.538025
256.598925
256.685200
256.849150
257.203400
257.339800
257.435625
257.482550
257.660125
257.895025
258.077325
258.390950
258.515025
258.780625
258.872825
259.281725
259.432675
259.434300
259.509700
259.729650
259.819750
259.983950
260.019150
260.087700
260.261625
260.413700
260.748275
261.049825
261.852100
261.900000
261.982775
262.040500
262.327400
262.405500
262.571025
262.805025
263.483925
263.967175
264.215550
264.324000
264.421800
264.644225
264.751825
264.832075
264.988675
265.112650
265.159000
265.336550
265.365700
265.464400
265.643075
265.777150
265.923375
265.995150
266.020050
266.094750
266.200050
266.681000
266.816525
266.916350
267.006275
267.214525
267.392850
267.620825
267.779250
267.820000
268.023025
268.093000
268.218675
268.301375
268.415225
268.574300
268.713000
268.795525
268.923625
269.095325
269.326300
269.471050
270.497375
270.621700
270.731400
271.047850
271.121225
271.292925
271.575525
271.778400
271.888525
272.162625
272.218575
272.373825
272.456175
272.679250
272.759975
272.870400
273.166175
273.597575
273.791500
273.929925
273.988225
274.045500
274.223875
274.271700
274.375450
274.444925
274.482100
274.562275
274.640850
274.659975
274.819825
274.983325
275.058400
275.131700
275.320075
275.353725
275.714475
275.903625
276.184350
276.398600
276.540100
276.783100
276.829675
277.196400
277.522900
277.589100
277.709500
277.869350
278.017450
278.231875
278.432775
278.676775
279.062675
279.308150
279.378475
279.439400
279.592125
279.693125
279.869100
279.925100
280.039200
280.140575
280.284250
280.338575
280.466900
280.541600
280.753525
280.996275
281.127850
281.253900
281.310525
281.602450
282.240675
282.319150
282.357950
282.673850
282.771050
282.841900
283.411025
283.492650
283.641050
283.808525
283.854300
283.945300
283.956975
284.005850
284.215750
284.339175
284.413250
284.538300
284.763700
285.002800
285.215950
285.314775
285.448175
285.566000
285.649600
285.777650
286.038050
286.106675
286.108275
286.174900
286.295875
286.506000
286.546575
286.583675
286.638700
286.675750
287.067625
287.259675
287.584875
287.916725
288.040425
288.096375
288.409000
288.424575
288.502275
288.666925
288.896600
288.983425
289.033375
289.201350
289.513675
289.715425
289.793625
290.151875
290.483900
290.593375
290.864550
291.126650
291.190200
291.357700
291.484625
291.493300
291.774150
291.868800
292.098750
292.307175
292.477600
292.655025
292.675225
292.737425
292.904225
293.084075
293.524075
293.765150
293.908500
294.014200
294.337275
294.366725
294.496625
294.552875
294.662075
294.732500
294.774225
294.797925
294.907100
294.968700
295.103950
295.151575
295.271375
295.377700
295.450025
295.573250
295.675050
295.714100
295.789200
295.813425
295.846150
295.979150
296.136075
296.360525
296.425725
296.659100
296.741525
296.859350
296.951075
297.045500
297.096900
297.177250
297.406175
297.742250
297.857425
297.905875
297.927150
298.103900
298.293275
298.374625
298.401650
298.563925
298.589875
298.656100
298.836875
299.099850
299.747975
299.924775
