0.002425
0.026950
0.038075
0.055500
0.074000
0.077850
0.114800
0.145100
0.153425
0.201100
0.226775
0.274600
0.521475
0.532550
0.582200
0.586550
0.590925
0.618200
0.626650
0.641900
0.653950
0.682550
0.740300
0.902000
0.949850
0.998875
1.082125
1.182225
1.234050
1.310825
1.342775
1.366225
1.405975
1.423750
1.430400
1.448725
1.452575
1.485075
1.525225
1.716525
1.760425
1.805825
1.844400
1.880650
1.900250
1.954475
2.055650
2.096025
2.230950
2.303200
2.414025
2.441275
2.464950
2.469900
2.491625
2.522525
2.559600
2.616850
2.663550
2.928825
3.000250
3.013775
3.024150
3.213500
3.440625
3.459525
3.481525
3.495600
3.515125
3.540825
3.606175
3.704975
3.898075
3.906225
4.069500
4.118800
4.156850
4.176825
4.190675
4.212800
4.243450
4.300125
4.355350
4.554250
4.624950
4.664450
4.690600
4.712150
4.727450
4.740475
4.755325
4.795650
4.808925
4.834025
4.844650
4.857600
4.862975
4.880750
4.908900
4.953225
5.029550
5.094475
5.159925
5.345525
5.369550
5.412650
5.437225
5.480825
5.502600
5.516050
5.549800
5.583200
5.612400
5.628950
5.655125
5.676950
5.720925
5.747825
5.788000
5.895050
5.929650
5.964275
5.998925
6.039350
6.093000
6.131850
6.179925
6.248875
6.369000
6.565925
6.619925
6.647200
6.689725
6.750900
6.810375
7.018975
7.030875
7.050975
7.066975
7.087825
7.095100
7.120725
7.164775
7.604375
7.650300
7.675825
7.691650
7.715325
7.802925
7.907625
7.988925
8.083475
8.196225
8.281975
8.357400
8.413850
8.429775
8.455350
8.488075
8.539275
8.577225
8.920500
9.028100
9.067625
9.095225
9.121600
9.145775
9.156250
9.207825
9.339275
9.369350
9.693450
9.742675
9.761750
9.801950
9.815475
9.832275
9.867350
9.885125
9.888525
9.911700
9.976175
10.370075
10.394775
10.414475
10.426150
10.445825
10.482100
10.713600
10.761975
10.834575
10.851525
10.867700
10.902625
10.933850
10.953400
11.028250
12.147525
12.255350
12.272700
12.317050
12.342700
12.361375
12.378725
12.400575
12.444325
12.496050
12.524325
12.576900
12.594525
12.660775
12.687950
12.703050
12.801675
12.925075
12.971675
13.021025
13.210350
13.231325
13.273500
13.336175
13.405450
13.429350
13.447250
13.475550
13.520475
13.558075
13.566100
13.668750
13.718925
13.803100
13.849225
13.907575
13.936775
13.969500
13.993550
14.017200
14.026300
14.047450
14.095550
14.176075
14.343600
14.382650
14.435750
14.466250
14.488475
14.509450
14.520775
14.545825
14.555400
14.568350
14.586925
14.607625
14.642625
14.662475
14.666975
14.714900
14.758525
14.820225
14.869200
14.973625
15.007675
15.072250
15.131475
15.160100
15.189925
15.214275
15.238075
15.257450
15.268875
15.290600
15.315525
15.339100
15.378275
15.389825
15.418425
15.439275
15.445025
15.495925
15.556900
15.586075
15.640200
15.671275
15.713200
15.725025
15.773450
15.823675
15.832975
15.859900
15.906050
15.933450
16.008125
16.048900
16.180600
16.239175
16.253450
16.288475
16.328600
16.359925
16.373400
16.395850
16.459500
16.530475
16.570325
16.597825
16.702175
16.739200
16.753975
16.783025
16.806900
16.859325
16.875775
16.929025
16.978050
16.996875
17.046225
17.122750
17.164225
17.209125
17.222850
17.252400
17.278750
17.291700
17.331575
17.386200
17.405950
17.449675
17.460750
17.482925
17.551975
17.622325
17.726625
17.779175
17.834950
17.864175
17.877125
17.892850
17.907600
17.935875
17.948700
17.989025
18.007700
18.041250
18.095025
18.141325
18.316375
18.429250
18.447150
18.471725
18.482025
18.519925
18.539000
18.588150
18.638625
18.680425
18.720975
18.750575
18.797000
18.846000
18.937675
19.037650
19.116425
19.170850
19.236425
19.280900
19.322450
19.409675
19.492275
19.541450
19.577125
19.640675
19.672175
19.717275
19.752625
19.798950
19.855275
20.038125
20.081775
20.124950
20.161625
20.216325
20.227600
20.233650
20.246550
20.269375
20.286975
20.321025
20.387600
20.431700
20.584275
20.619550
20.662950
20.735525
20.765000
20.796725
20.843250
20.862475
20.879025
20.900275
20.964400
21.004650
21.042750
21.097100
21.146625
21.206025
21.275800
21.315300
21.402700
21.450800
21.494200
21.528850
21.557300
21.596825
21.626200
21.653625
21.688675
21.763750
21.802450
21.832350
21.851350
21.877050
21.889075
21.916900
21.940400
21.958700
21.976350
21.997600
22.023650
22.032950
22.047825
22.062100
22.088950
22.096200
22.125100
22.143475
22.162600
22.180625
22.189125
22.243925
22.261175
22.268550
22.301650
22.339800
22.365750
22.381725
22.407850
22.426775
22.464975
22.523225
22.571300
22.572825
22.601200
22.632500
22.656650
22.692625
22.703300
22.723375
22.740475
22.762725
22.774625
22.813400
22.879200
22.908275
22.948600
22.977000
23.040950
23.140475
23.170050
23.206025
23.244975
23.286300
23.297550
23.340000
23.384575
23.456200
23.491625
23.535250
23.622125
23.655700
23.761975
23.798750
23.813700
23.836275
23.870825
23.912800
23.968775
24.025500
24.162925
24.196625
24.211800
24.230300
24.236625
24.257675
24.272875
24.283675
24.292100
24.298675
24.306700
24.311375
24.321075
24.333050
24.361700
24.383075
24.394600
24.406425
24.432900
24.461900
24.487900
24.509850
24.539400
24.561225
24.603000
24.622425
24.636650
24.667975
24.722025
24.792450
24.824150
24.847250
24.868650
24.884125
24.914000
24.937675
24.954350
24.979425
25.019475
25.051300
25.082200
25.128325
25.147275
25.178050
25.209100
25.233250
25.255250
25.290325
25.313600
25.374275
25.451700
25.469450
25.485750
25.493375
25.526750
25.551075
25.584725
25.601825
25.641775
25.677875
25.703700
25.738300
25.753225
25.768125
25.785700
25.816825
25.850275
25.891400
25.930725
26.033025
26.073350
26.132600
26.181825
26.227850
26.267375
26.283250
26.302825
26.316025
26.336675
26.355350
26.374100
26.385875
26.425650
26.441200
26.459300
26.504375
26.520400
26.564775
26.639875
26.666150
26.694500
26.707500
26.741075
26.743725
26.757825
26.764075
26.781450
26.793100
26.810825
26.831575
26.864700
26.929200
26.954450
26.994300
27.033525
27.064200
27.105400
27.138550
27.312250
27.352725
27.396175
27.469400
27.498100
27.522125
27.538000
27.560975
27.585825
27.601225
27.653900
27.700850
27.729925
27.761175
27.791625
27.810825
27.835675
27.864650
27.895900
27.939775
27.980900
28.058225
28.116000
28.171775
28.229250
28.264750
28.294925
28.330200
28.342350
28.353775
28.367400
28.386950
28.409725
28.433950
28.496425
28.546625
28.578250
28.646625
28.703725
28.748300
28.786150
28.807700
28.847475
28.866775
28.883625
28.915475
28.937975
28.953550
28.975225
29.001700
29.026775
29.078025
29.118675
29.163650
29.299300
29.370625
29.408550
29.418850
29.440525
29.455575
29.478400
29.503050
29.529675
29.556825
29.573925
29.614975
29.632125
29.667300
29.693725
29.707175
29.730975
29.769200
29.815900
29.858375
29.889325
29.909300
29.986250
30.065775
30.093725
30.120400
30.145950
30.184650
30.213900
30.309925
30.386275
30.463500
30.488250
30.504825
30.516675
30.550600
30.578600
30.634450
30.739600
30.814425
30.844700
30.893875
31.012950
31.043975
31.101025
31.137000
31.171825
31.235950
31.312625
31.354575
31.379850
31.401575
31.414450
31.428700
31.443925
31.465525
31.494425
31.527625
31.549775
31.627425
31.730925
31.783100
31.807650
31.887675
31.961300
32.006250
32.039125
32.097750
32.167050
32.197600
32.300050
32.344275
32.378875
32.399150
32.443025
32.462975
32.495575
32.529000
32.563225
32.603325
32.661125
32.717400
32.771700
32.887775
32.992200
33.121850
33.171500
33.226425
33.257725
33.275250
33.331575
33.345450
33.394575
33.443375
33.487400
33.518275
33.590825
33.644550
33.773025
33.870950
33.941425
33.988675
33.999175
34.027925
34.049275
34.060500
34.073500
34.094975
34.112575
34.143800
34.196000
34.212500
34.241275
34.278050
34.460400
34.557375
34.586200
34.602475
34.620025
34.642000
34.656100
34.679400
34.697025
34.722175
34.756150
34.809775
34.856700
34.907525
34.939275
35.003325
35.066900
35.211275
35.300925
35.392950
35.503625
35.568000
35.625525
35.650525
35.700750
35.817525
35.846425
35.880400
35.920125
35.941525
35.975675
36.007400
36.012250
36.033075
36.064000
36.103025
36.130975
36.219525
36.263150
36.297225
36.320775
36.437525
36.466025
36.504625
36.528075
36.627950
36.675625
36.741875
36.755075
36.788350
36.808425
36.852200
36.854000
36.892225
36.906275
36.940875
36.981000
37.031650
37.054075
37.110900
37.151250
37.192550
37.211000
37.267900
37.289625
37.332800
37.367550
37.383175
37.413375
37.434375
37.464875
37.513250
37.534825
37.584950
37.626425
37.658275
37.692950
37.730400
37.761775
37.778200
37.781775
37.798725
37.835000
37.875750
37.923275
37.942550
37.982000
37.996775
38.026150
38.048750
38.067200
38.094925
38.145050
38.187500
38.194675
38.233525
38.268725
38.300800
38.335450
38.356650
38.376325
38.424225
38.471675
38.488750
38.541625
38.582500
38.612250
38.642625
38.659250
38.712900
38.766375
38.857250
38.873500
38.884275
38.910075
38.938650
38.947000
38.955400
38.979825
39.029150
39.043675
39.087800
39.089300
39.143700
39.216900
39.259875
39.308875
39.341325
39.381425
39.442450
39.454125
39.480600
39.519725
39.556400
39.592175
39.617150
39.668800
39.717750
39.741975
39.791025
39.861175
39.904450
39.957300
39.996275
40.022075
40.031800
40.060425
40.087050
40.128325
40.152075
40.167500
40.195700
40.228150
40.248350
40.278525
40.301825
40.329175
40.352775
40.380450
40.407550
40.434100
40.448300
40.459125
40.495500
40.548400
40.604475
40.629825
40.667075
40.705225
40.733350
40.749375
40.775150
40.797175
40.841575
40.852250
40.893150
40.917400
40.966225
41.004825
41.019650
41.042050
41.071275
41.107975
41.149600
41.198225
41.228300
41.272675
41.281775
41.302275
41.335200
41.359700
41.389425
41.430300
41.503750
41.542100
41.566200
41.606500
41.622800
41.640000
41.684475
41.735925
41.761225
41.787725
41.842200
41.875600
41.901800
41.948150
41.959525
42.004800
42.047500
42.066975
42.112275
42.138250
42.162700
42.200025
42.218850
42.260075
42.300475
42.322375
42.351675
42.402075
42.424550
42.464775
42.498525
42.534075
42.565625
42.623375
42.648075
42.676700
42.710675
42.737775
42.763800
42.796075
42.828000
42.852225
42.879850
42.910250
42.930850
42.950850
42.978425
43.010150
43.029950
43.047450
43.091575
43.110250
43.130950
43.155300
43.179425
43.216175
43.260425
43.311300
43.344500
43.386925
43.405625
43.425125
43.452850
43.480750
43.519525
43.535775
43.553500
43.575025
43.600075
43.625275
43.642850
43.703450
43.748850
43.778800
43.798750
43.832400
43.855175
43.874350
43.896525
43.933625
43.974975
44.033075
44.083000
44.096250
44.124075
44.173900
44.198825
44.220450
44.248325
44.260275
44.282075
44.336225
44.360225
44.407825
44.422525
44.434750
44.460450
44.473300
44.490275
44.516750
44.553925
44.579625
44.601700
44.623100
44.650175
44.685300
44.709250
44.738325
44.759125
44.777275
44.798475
44.816600
44.848225
44.869525
44.889100
44.914900
44.945175
44.960925
44.989075
45.008650
45.027325
45.044375
45.064925
45.075075
45.099525
45.113625
45.169700
45.198450
45.210475
45.226625
45.244075
45.261725
45.280000
45.325250
45.346250
45.365575
45.389900
45.426100
45.439675
45.462150
45.471925
45.495600
45.519675
45.546650
45.559800
45.576025
45.610700
45.642125
45.662300
45.680325
45.701650
45.758700
45.808050
45.823775
45.843400
45.883675
45.900575
45.913475
45.943725
45.968800
45.990375
46.026800
46.055900
46.072450
46.091500
46.125850
46.155100
46.192725
46.227225
46.228800
46.252600
46.280125
46.325750
46.347625
46.371775
46.394950
46.418500
46.436700
46.440975
46.468625
46.487600
46.505800
46.522625
46.537075
46.550475
46.567950
46.593300
46.611500
46.627200
46.653600
46.676825
46.693775
46.714800
46.731950
46.753650
46.782500
46.803150
46.810450
46.824150
46.837700
46.862500
46.869625
46.887175
46.911150
46.927850
46.939700
46.962625
46.996525
47.016575
47.038300
47.058775
47.084350
47.111800
47.137275
47.190525
47.221550
47.258500
47.287100
47.323475
47.349575
47.375825
47.392800
47.418025
47.448775
47.476150
47.491375
47.517775
47.528325
47.553375
47.578925
47.605850
47.637475
47.655875
47.686650
47.719350
47.731300
47.763950
47.777325
47.790675
47.800000
47.817275
47.871300
47.908425
47.941350
47.964125
47.992650
48.005425
48.040025
48.055075
48.071300
48.108775
48.128050
48.145275
48.167375
48.216050
48.279975
48.342025
48.375700
48.418150
48.457225
48.485050
48.501400
48.515975
48.525500
48.542750
48.559000
48.576675
48.600325
48.618175
48.654100
48.692225
48.723825
48.751150
48.804700
48.835850
48.873025
48.907125
48.940175
48.968825
49.016700
49.043375
49.068525
49.086850
49.123550
49.162350
49.204675
49.239875
49.273100
49.293050
49.333025
49.382850
49.407875
49.434075
49.484650
49.516350
49.546775
49.579775
49.606450
49.623850
49.646300
49.679225
49.717050
49.762400
49.775175
49.797725
49.824650
49.863600
49.895050
49.932125
49.955300
49.992625
50.006600
50.041675
50.069450
50.116300
50.140350
50.167900
50.232000
50.246800
50.269825
50.299150
50.309075
50.343650
50.367950
50.405050
50.425800
50.462750
50.487100
50.535225
50.571575
50.586900
50.605625
50.633250
50.667525
50.696850
50.752250
50.776450
50.785975
50.823525
50.856525
50.897300
50.930725
50.963150
51.007925
51.039150
51.070200
51.086100
51.102275
51.147725
51.168350
51.196450
51.217525
51.265725
51.295900
51.323075
51.353775
51.379025
51.421400
51.448875
51.517550
51.584825
51.626500
51.668000
51.683150
51.696600
51.722650
51.737625
51.743200
51.766325
51.803300
51.835525
51.859800
51.892500
51.951825
51.988000
52.027925
52.050775
52.114150
52.150125
52.185800
52.230425
52.285750
52.325050
52.347975
52.373350
52.405350
52.433375
52.459275
52.475150
52.526200
52.583900
52.638425
52.717900
52.770775
52.800325
52.838950
52.863750
52.888900
52.899300
52.924350
52.942125
52.975675
52.999125
53.053675
53.089925
53.133275
53.160275
53.194225
53.222925
53.237525
53.275900
53.312850
53.346075
53.417050
53.444950
53.467175
53.482275
53.501300
53.538375
53.564050
53.616225
53.692075
53.723675
53.852250
53.875625
53.953325
53.988000
54.030050
54.138975
54.232025
54.282675
54.321825
54.366675
54.416300
54.471025
54.494300
54.519575
54.530050
54.552975
54.593700
54.619125
54.643950
54.659575
54.747000
54.886500
54.912675
54.924975
54.942500
54.971875
55.008250
55.044650
55.080725
55.145075
55.187100
55.203875
55.283050
55.378325
55.395825
55.416750
55.511675
55.536375
55.577475
55.617925
55.670875
55.723050
55.774875
55.835100
55.860400
55.891525
55.909650
55.987700
56.067500
56.118750
56.163825
56.240500
56.295550
56.331350
56.377175
56.438275
56.467625
56.540075
56.568200
56.586900
56.606250
56.651675
56.689675
56.710525
56.763225
56.891050
56.996825
57.046350
57.060300
57.093850
57.133050
57.174275
57.204175
57.230750
57.270475
57.323300
57.345800
57.399000
57.447075
57.510200
57.567475
57.601350
57.643075
57.683375
57.724875
57.756625
57.848800
57.882425
57.948475
57.966925
58.004550
58.028125
58.055675
58.072925
58.092600
58.162225
58.169750
58.216400
58.250050
58.287275
58.308650
58.337525
58.380550
58.408300
58.438225
58.478275
58.515000
58.540175
58.553275
58.600700
58.671425
58.717100
58.763500
58.802725
58.915275
58.950725
58.982250
59.009500
59.057300
59.100700
59.125075
59.159850
59.188875
59.220750
59.313750
59.316675
59.347825
59.399075
59.419475
59.485050
59.558375
59.579700
59.621600
59.686225
59.727450
59.750025
59.803200
59.828450
59.855200
59.887950
59.901550
59.945475
59.957825
59.974275
59.989375
60.007425
60.037575
60.058175
60.097975
60.133525
60.201825
60.224050
60.261650
60.297325
60.341400
60.370575
60.394250
60.417000
60.446950
60.466900
60.498850
60.551025
60.620325
60.701650
60.760150
60.807775
60.873325
60.922450
60.952000
60.981700
61.010725
61.024825
61.050725
61.100075
61.124275
61.177300
61.190100
61.236050
61.261350
61.284250
61.340225
61.368825
61.399450
61.422725
61.489625
61.520125
61.576075
61.598550
61.661025
61.699425
61.734225
61.782100
61.833250
61.860800
61.900400
61.933875
61.952675
61.982275
62.017900
62.067675
62.112100
62.155925
62.184350
62.221875
62.293075
62.331900
62.408025
62.447350
62.463775
62.506050
62.534775
62.575375
62.593175
62.611175
62.645025
62.681775
62.711175
62.752075
62.800200
62.837875
62.901500
62.935325
62.994300
63.018950
63.060075
63.151825
63.193600
63.230050
63.260575
63.293200
63.323325
63.351900
63.376275
63.412125
63.456175
63.485900
63.526425
63.553300
63.573200
63.599550
63.628325
63.649425
63.681825
63.717975
63.760925
63.796050
63.832000
63.873325
63.911250
63.938150
63.972175
64.019450
64.053850
64.107100
64.151025
64.168025
64.211425
64.249350
64.291225
64.327925
64.368875
64.385850
64.416875
64.436700
64.462075
64.489600
64.505250
64.523175
64.559925
64.602325
64.664800
64.686375
64.718725
64.746675
64.774275
64.795300
64.807225
64.872025
64.891725
64.952400
64.980625
65.015250
65.033450
65.043625
65.068475
65.114050
65.147325
65.170300
65.202275
65.224225
65.247325
65.285925
65.306150
65.327125
65.341525
65.375450
65.397975
65.491575
65.520400
65.562675
65.601775
65.618125
65.637475
65.671975
65.687100
65.708375
65.736625
65.747975
65.787875
65.820450
65.851925
65.867875
65.910950
65.949500
65.988325
66.006675
66.030025
66.052500
66.063050
66.085950
66.120150
66.157175
66.188150
66.236000
66.266325
66.281650
66.326300
66.359200
66.393300
66.404300
66.439500
66.456875
66.498750
66.525800
66.559725
66.575525
66.598650
66.623925
66.677350
66.687650
66.722425
66.748050
66.771225
66.788550
66.808025
66.832450
66.862475
66.886250
66.904400
66.936600
66.957550
66.977450
66.986525
66.994075
67.029800
67.062150
67.079950
67.101100
67.115825
67.149400
67.176775
67.192450
67.212775
67.245125
67.265500
67.300275
67.329775
67.352600
67.376575
67.386975
67.404050
67.451075
67.461450
67.489225
67.505675
67.522600
67.537850
67.567475
67.569825
67.591575
67.606900
67.629050
67.660350
67.695500
67.717000
67.737800
67.770425
67.811200
67.833175
67.863450
67.897900
67.941525
67.966975
67.998500
68.028950
68.065750
68.096350
68.123325
68.144150
68.182375
68.204925
68.230450
68.254525
68.273825
68.309300
68.355900
68.381275
68.406525
68.433375
68.450025
68.465825
68.532800
68.571900
68.651975
68.705275
68.728925
68.771300
68.882375
68.930025
68.942750
68.978975
69.001100
69.090425
69.160225
69.214850
69.269225
69.316075
69.387525
69.455825
69.496125
69.548950
69.573125
69.608825
69.629500
69.638425
69.662000
69.701950
69.786600
69.806400
69.829000
69.931400
69.986050
70.006375
70.027800
70.038750
70.043925
70.054075
70.067025
70.080125
70.088750
70.097700
70.116300
70.132125
70.152300
70.179925
70.209775
70.225200
70.254500
70.278550
70.295000
70.315675
70.333525
70.374475
70.402650
70.437850
70.467625
70.498900
70.539700
70.562250
70.598450
70.661425
70.700650
70.766500
70.796025
70.812225
70.834425
70.856050
70.884175
70.902775
70.922250
70.951200
70.976800
71.006125
71.033600
71.069550
71.084150
71.123275
71.143550
71.182350
71.218775
71.250400
71.279625
71.299925
71.324800
71.349325
71.388550
71.418150
71.437650
71.519000
71.554100
71.595750
71.615675
71.668275
71.723775
71.765625
71.834775
71.908975
71.959700
72.001200
72.016550
72.077675
72.125025
72.143550
72.176350
72.222375
72.255900
72.284275
72.339575
72.376500
72.437050
72.502275
72.543950
72.562650
72.590500
72.629000
72.666575
72.703150
72.741250
72.767875
72.789625
72.808150
72.834650
72.856100
72.880625
72.915775
72.945950
72.992825
73.030950
73.072300
73.135025
73.192150
73.207750
73.233650
73.266750
73.296025
73.362175
73.395225
73.447150
73.502200
73.563700
73.600325
73.653000
73.673000
73.710625
73.721475
73.742975
73.760675
73.786325
73.813050
73.838875
73.865600
73.884050
73.902975
73.921575
73.928125
73.948575
73.957525
73.966800
73.993800
74.008625
74.051225
74.073450
74.098775
74.119600
74.130275
74.140800
74.142050
74.149200
74.166550
74.184050
74.199575
74.205475
74.222075
74.238275
74.285825
74.295325
74.330950
74.345975
74.364700
74.376175
74.396150
74.415700
74.455350
74.479250
74.526350
74.548975
74.577625
74.594150
74.613200
74.640450
74.664850
74.678525
74.700200
74.719575
74.733300
74.758100
74.771625
74.791500
74.801650
74.817625
74.845700
74.860525
74.893675
74.937950
74.951900
74.990475
75.010875
75.028225
75.075450
75.089825
75.109225
75.132550
75.152300
75.172400
75.203100
75.234650
75.257575
75.273000
75.295600
75.316050
75.333350
75.361825
75.384775
75.413000
75.430150
75.463625
75.480900
75.507400
75.524850
75.538300
75.554475
75.571675
75.588275
75.607875
75.625900
75.645475
75.657450
75.686625
75.716275
75.740100
75.769800
75.787725
75.801475
75.829075
75.870300
75.884275
75.907000
75.926150
75.946250
75.978225
75.998025
76.025100
76.054750
76.089700
76.133600
76.161325
76.203100
76.244475
76.283100
76.331450
76.352700
76.369850
76.404300
76.431050
76.512550
76.625350
76.666250
76.720050
76.738975
76.756875
76.768450
76.797725
76.807075
76.849250
76.945375
76.990700
77.071675
77.120500
77.226050
77.252725
77.296075
77.523525
77.569750
77.604650
77.619025
77.632875
77.660350
77.672675
77.688750
77.706350
77.723325
77.758075
77.781600
77.813075
77.823200
77.851325
77.908750
77.935375
77.969000
78.016675
78.060075
78.110000
78.151225
78.205475
78.244775
78.287375
78.320125
78.359475
78.422225
78.456550
78.480275
78.496425
78.505525
78.547100
78.580450
78.622150
78.685500
78.773750
78.838250
78.888925
78.908750
78.944725
79.074125
79.116800
79.146525
79.177575
79.222675
79.284300
79.349675
79.439600
79.565800
79.670550
79.713275
79.726175
79.734475
79.739475
79.763175
79.778050
79.785500
79.819550
79.963525
79.987700
80.007875
80.044100
80.076825
80.127450
80.210900
80.247025
80.278175
80.313825
80.330150
80.339200
80.349425
80.365350
80.391175
80.412000
80.436900
80.557175
80.679525
80.741575
80.979100
81.027800
81.154225
81.273525
81.291750
81.297550
81.341550
81.387550
81.424150
81.445000
81.495325
81.548225
81.607725
81.671900
81.740625
81.804125
81.839375
81.856075
81.885225
81.903675
81.936700
81.961075
82.006950
82.034475
82.133725
82.182000
82.198125
82.208325
82.294850
82.337400
82.389975
82.429750
82.457750
82.478675
82.563100
82.597525
82.651500
82.686825
82.717650
82.769300
82.793500
82.834775
82.868325
82.936725
82.962675
83.001100
83.033475
83.112150
83.140050
83.277175
83.312750
83.333825
83.357400
83.380750
83.436100
83.476375
83.518800
83.548750
83.588975
83.618575
83.668950
83.714500
83.749025
83.785025
83.813100
83.880475
83.934150
83.982400
84.028575
84.031000
84.042200
84.076850
84.106300
84.142325
84.186900
84.233425
84.255350
84.298900
84.347450
84.389750
84.465550
84.503325
84.532400
84.589800
84.642025
84.725200
84.796600
84.848425
84.885650
84.956900
85.023400
85.146550
85.169100
85.213775
85.292650
85.364500
85.413550
85.483400
85.546050
85.604725
85.645175
85.709325
85.763975
85.811450
85.852550
85.877425
85.905725
85.946600
85.978725
86.008425
86.059350
86.107925
86.176650
86.267000
86.294350
86.331950
86.378775
86.418725
86.453475
86.499250
86.532250
86.568400
86.599250
86.649625
86.674200
86.711175
86.748875
86.791200
86.825300
86.859925
86.887700
86.934650
86.951650
86.995400
87.052100
87.292750
87.866525
87.972400
87.988250
88.013425
88.040700
88.068825
88.087350
88.106100
88.134375
88.149650
88.187150
88.209475
88.252475
88.284200
88.325900
88.387850
88.457400
88.495275
88.519150
88.541700
88.576750
88.595125
88.685225
88.771725
88.896975
88.959475
89.055925
89.152675
89.206525
89.270400
89.317925
89.418575
89.548275
89.587450
89.645400
89.896125
90.163075
90.345575
90.686850
90.807900
90.841550
90.885375
90.907975
90.941175
91.009375
91.175400
91.211575
91.392200
91.626125
91.670500
91.698225
91.725500
91.757125
91.826650
91.908650
92.028625
92.085125
92.192325
92.259625
92.297400
92.345075
92.394800
92.424675
92.508225
92.577450
92.642000
92.708325
92.790625
92.832425
92.892450
92.949175
93.013225
93.087950
93.225775
93.290150
93.316925
93.348200
93.381200
93.422475
93.462200
93.487200
93.537800
93.591525
93.615875
93.640725
93.686200
93.773300
93.812400
93.873050
93.972650
94.040050
94.072550
94.089775
94.116375
94.157125
94.227775
94.261900
94.324000
94.377975
94.466350
94.488925
94.523675
94.546200
94.583200
94.624875
94.650550
94.695975
94.749150
94.753650
94.790875
94.820175
94.843925
94.890700
94.957625
94.977550
95.008550
95.085075
95.139475
95.223050
95.241800
95.298500
95.327075
95.380950
95.413800
95.481050
95.537525
95.603150
95.663775
95.702275
95.755075
95.791400
95.822475
95.884775
95.990025
96.064325
96.126400
96.150750
96.202625
96.241650
96.293650
96.349400
96.409525
96.492325
96.545100
96.592325
96.630400
96.666150
96.699625
96.774675
96.825000
96.878450
96.899325
96.930350
96.981400
97.020350
97.064750
97.098875
97.131000
97.190425
97.215900
97.304700
97.338475
97.407700
97.442550
97.471850
97.506025
97.530800
97.554075
97.578025
97.634100
97.681150
97.712525
97.758475
97.788325
97.815725
97.847525
97.876800
97.922725
97.984600
98.019000
98.048325
98.089875
98.110875
98.158725
98.203350
98.249075
98.295850
98.339500
98.395575
98.416450
98.457075
98.486000
98.524200
98.560050
98.596900
98.630100
98.678475
98.780200
98.813825
98.840125
98.883250
98.923100
98.946275
99.011225
99.034900
99.057850
99.071300
99.118900
99.162600
99.204375
99.227250
99.268075
99.319400
99.387275
99.412225
99.462750
99.518825
99.591175
99.638175
99.684725
99.712500
99.790900
99.844125
99.881350
99.910150
99.967750
99.996800
100.034525
100.074825
100.117800
100.155600
100.223500
100.242050
100.287225
100.333800
100.358850
100.419150
100.510975
100.556875
100.577325
100.629800
100.737375
100.784550
100.851325
100.934350
100.986300
101.015850
101.053525
101.080450
101.124225
101.169150
101.185700
101.210825
101.264150
101.343100
101.371125
101.414750
101.447500
101.467400
101.507750
101.575850
101.608150
101.626550
101.713950
101.744950
101.781450
101.794450
101.837875
101.870025
101.897525
101.929425
101.963150
101.990900
102.018525
102.039050
102.075575
102.108875
102.127550
102.148875
102.200775
102.230750
102.270675
102.335675
102.347125
102.371275
102.418700
102.461125
102.490375
102.544075
102.594725
102.629950
102.669325
102.697525
102.721125
102.740825
102.768225
102.852575
102.876875
102.909800
102.944175
102.964300
103.010525
103.029725
103.063900
103.111550
103.197200
103.215175
103.272375
103.294775
103.323000
103.356925
103.412450
103.463125
103.523175
103.563975
103.630525
103.659975
103.690525
103.714975
103.913825
103.936325
103.960525
103.976900
104.016725
104.065450
104.199475
104.265775
104.299500
104.315175
104.329775
104.351100
104.371875
104.400725
104.437375
104.471975
104.513000
104.558225
104.588950
104.601225
104.663800
104.690825
104.723475
104.752825
104.942050
104.975050
104.999325
105.024900
105.068350
105.085575
105.127200
105.155300
105.170225
105.188075
105.225175
105.258450
105.353025
105.378675
105.410375
105.445275
105.466450
105.526350
105.572000
105.648050
105.683200
105.764050
105.793125
105.831825
105.859950
105.897725
105.928150
105.951550
105.998900
106.020300
106.053400
106.108500
106.141325
106.174775
106.248375
106.331875
106.359925
106.441225
106.526250
106.616325
106.691300
106.742475
106.804250
106.874575
106.942300
107.003825
107.031500
107.064400
107.099375
107.116900
107.144125
107.158025
107.185800
107.215000
107.249725
107.295250
107.339225
107.378050
107.406125
107.447825
107.485900
107.530925
107.589275
107.624050
107.638225
107.670525
107.713250
107.737150
107.768325
107.797225
107.810125
107.842050
107.873550
107.920300
107.977000
108.005250
108.090775
108.249650
108.325650
108.414375
108.451225
108.510975
108.550450
108.595800
108.631975
108.756450
108.794000
108.826400
108.927125
108.983525
109.060625
109.088150
109.119550
109.134100
109.159600
109.187850
109.247850
109.317675
109.384225
109.460025
109.479300
109.500025
109.510100
109.523275
109.535025
109.553700
109.571100
109.603050
109.629475
109.647075
109.666900
109.705000
109.729950
109.786875
109.836200
109.894550
109.923275
109.966800
110.007275
110.040375
110.120675
110.135975
110.180175
110.210750
110.305975
110.337150
110.355250
110.398775
110.441575
110.503025
110.531250
110.566275
110.597625
110.629150
110.683400
110.726875
110.765650
110.823575
110.869175
110.945900
111.010900
111.078800
111.131000
111.205050
111.340500
111.395450
111.450750
111.476750
111.536925
111.563750
111.599025
111.633825
111.682675
111.716375
111.770175
111.917725
112.067925
112.111550
112.249925
112.273300
112.321725
112.381625
112.425775
112.469900
112.556725
112.626575
112.709750
112.754450
112.824200
112.992125
113.043525
113.143125
113.332200
113.403700
113.447375
113.552950
113.563575
113.590100
113.711125
113.750150
113.773950
113.792000
113.844050
113.891300
114.019175
114.080675
114.133400
114.159150
114.187125
114.244925
114.261050
114.275025
114.309175
114.406100
114.503500
114.520225
114.537300
114.580100
114.635375
114.732950
114.755425
114.780800
114.851000
114.915775
114.952225
114.980550
115.052675
115.112975
115.145800
115.193825
115.223775
115.258700
115.290425
115.349825
115.464850
115.551950
115.613350
115.637475
115.670950
115.705075
115.731475
115.753725
115.803725
115.826425
115.862675
115.905825
115.940150
115.988475
116.060000
116.077750
116.101250
116.160500
116.187175
116.207875
116.234675
116.303325
116.338100
116.376975
116.433775
116.463850
116.513675
116.555550
116.582250
116.611300
116.654925
116.678000
116.713775
116.755150
116.790950
116.856250
116.891900
116.949750
117.002075
117.037550
117.057050
117.098325
117.200400
117.271525
117.337225
117.359500
117.387200
117.409200
117.448225
117.469750
117.504225
117.583100
117.636225
117.702550
117.715550
117.758025
117.861025
117.886175
117.929250
117.985625
118.018625
118.092200
118.108750
118.168375
118.194250
118.244625
118.271450
118.294375
118.380600
118.464100
118.502450
118.594750
118.648775
118.669200
118.686775
118.701750
118.712550
118.752800
118.771425
118.788850
118.810025
118.918075
118.994000
119.037725
119.091800
119.121250
119.197425
119.246175
119.267275
119.308550
119.332900
119.367275
119.402625
119.429200
119.455975
119.495000
119.522550
119.673250
119.779700
119.861575
119.894325
119.909475
119.922025
119.942175
119.953975
120.013550
120.074100
120.187975
120.215375
120.263875
120.406850
120.707825
120.754275
120.837475
120.898175
120.918800
120.950000
120.979575
121.024775
121.068775
121.132825
121.210400
121.286150
121.440300
121.484900
121.525200
121.553000
121.581125
121.606450
121.688375
121.807475
121.826525
121.913425
121.947950
121.967200
121.988575
122.011775
122.043750
122.090525
122.128975
122.246000
122.296025
122.351350
122.376225
122.407700
122.482725
122.582725
122.629900
122.669725
122.731175
122.747500
122.771450
122.793775
122.826750
122.871550
122.896650
123.014725
123.078775
123.093625
123.121800
123.162875
123.207250
123.232775
123.274150
123.296200
123.325625
123.364625
123.457650
123.527825
123.570375
123.589325
123.615800
123.634900
123.664775
123.719000
123.768400
123.814550
123.906600
123.973875
123.979425
124.005675
124.061050
124.097500
124.126600
124.153700
124.197800
124.257750
124.299725
124.327850
124.370250
124.456500
124.504150
124.650825
124.694375
124.719100
124.747350
124.764800
124.792550
124.880300
124.965450
125.006700
125.058875
125.098425
125.144275
125.178075
125.201100
125.229775
125.278000
125.302200
125.331925
125.372475
125.386700
125.412250
125.442275
125.470950
125.502950
125.536150
125.592925
125.607750
125.658925
125.692325
125.755875
125.811550
125.842900
125.859950
125.879750
125.895550
125.928675
125.990950
126.058225
126.106175
126.162525
126.193775
126.252425
126.274550
126.300475
126.311450
126.349500
126.386575
126.406550
126.456950
126.493075
126.552875
126.604950
126.615875
126.641575
126.699700
126.735050
126.907125
126.963725
127.020700
127.034800
127.058750
127.094750
127.112150
127.143650
127.177425
127.249050
127.291675
127.341000
127.441150
127.460050
127.476175
127.488725
127.516275
127.554050
127.593100
127.639550
127.664200
127.700225
127.755275
127.806475
127.851325
127.877500
127.906950
127.976575
128.029750
128.071250
128.097425
128.125700
128.178100
128.244650
128.302600
128.440425
128.468450
128.565025
128.617025
128.636375
128.686675
128.707925
128.871875
128.972975
129.027050
129.089425
129.130075
129.154925
129.187250
129.278650
129.362675
129.464325
129.498900
129.543375
129.569175
129.610300
129.635825
129.698975
129.747725
129.787975
129.825300
129.907075
129.959975
129.973925
129.988725
130.003100
130.019950
130.038200
130.119325
130.214575
130.274975
130.321625
130.353500
130.372525
130.394375
130.455700
130.526275
130.564425
130.597975
130.707100
130.837900
130.866675
130.957400
130.989025
131.014175
131.041650
131.095650
131.143925
131.171850
131.194625
131.213875
131.236500
131.333500
131.415075
131.437050
131.533350
131.579375
131.685750
131.705975
131.735325
131.771375
131.803950
131.829925
131.850925
131.930550
132.016400
132.056675
132.080850
132.108375
132.121975
132.137450
132.151850
132.178775
132.209975
132.338475
132.378700
132.418300
132.464925
132.516825
132.560500
132.604150
132.672950
132.714450
132.789475
132.897375
133.030700
133.070975
133.102975
133.149425
133.177800
133.222600
133.245925
133.395075
133.419875
133.436025
133.453725
133.509975
133.546550
133.573375
133.638150
133.727600
133.772025
133.825875
133.890700
133.945125
134.022800
134.113475
134.149375
134.227075
134.315475
134.363775
134.389825
134.425975
134.447625
134.473750
134.508000
134.656125
134.717875
134.842525
134.865250
134.903175
134.935275
134.962175
134.987150
135.078175
135.118450
135.238525
135.484100
135.569925
135.586475
135.615350
135.629400
135.656450
135.713375
135.751825
135.773825
135.812275
135.848475
135.876800
135.988025
136.034050
136.074650
136.157875
136.225825
136.258800
136.336950
136.390250
136.423200
136.443925
136.468775
136.487725
136.508450
136.548550
136.600650
136.623675
136.632850
136.669650
136.730300
136.792975
136.863675
136.870675
136.908700
136.923075
136.948825
136.989825
137.066600
137.191125
137.246550
137.275475
137.297050
137.311175
137.346575
137.364975
137.382375
137.401900
137.592025
137.659500
137.753900
137.788950
137.800650
137.832825
137.845550
137.863525
137.897300
137.931425
137.957825
138.057950
138.091925
138.150200
138.205400
138.238500
138.325750
138.419250
138.442550
138.477525
138.490375
138.551050
138.591600
138.605700
138.623075
138.653275
138.683075
138.704975
138.743475
138.779300
138.793300
139.030925
139.105900
139.172300
139.379000
139.422250
139.480675
139.525225
139.528125
139.558950
139.644800
139.748625
139.832250
139.881375
139.914800
139.979700
140.028650
140.200975
140.250900
140.309700
140.358550
140.393125
140.437725
140.479925
140.542525
140.578925
140.757400
140.782800
140.810800
140.831400
140.957350
141.036750
141.051900
141.092025
141.134525
141.198575
141.224350
141.263000
141.314250
141.380450
141.709075
141.794325
141.836450
141.868325
141.891750
141.964150
142.033325
142.087400
142.119450
142.151275
142.233450
142.257700
142.295475
142.336300
142.356750
142.405800
142.428025
142.454250
142.474400
142.520500
142.563100
142.668525
142.756400
142.811675
142.924425
142.993900
143.157300
143.233075
143.395025
143.411475
143.425825
143.457075
143.490600
143.531150
143.580375
143.649975
143.698625
143.772925
144.109450
144.294000
144.321275
144.361475
144.403650
144.448400
144.633125
144.656050
144.732825
144.757225
144.777875
144.834500
144.942675
144.979950
145.087100
145.137525
145.161300
145.189100
145.205500
145.229125
145.246200
145.262650
145.277275
145.298100
145.339175
145.380350
145.440650
145.471200
145.606125
145.753525
145.792200
145.820625
145.843250
145.866550
145.918325
145.982100
146.017200
146.061225
146.189800
146.227000
146.271950
146.303550
146.324775
146.345350
146.359900
146.530750
146.593300
146.642625
146.810950
146.849250
146.861800
146.944950
146.969925
147.055250
147.104825
147.136000
147.231625
147.289150
147.316625
147.340075
147.400675
147.450300
147.499375
147.630375
147.700825
147.775750
147.821225
147.975275
148.042125
148.097175
148.119725
148.148150
148.196825
148.281300
148.323250
148.484125
148.536525
148.581000
148.612425
148.640600
148.668375
148.684600
148.723150
148.766175
148.837950
148.844600
148.863725
148.905900
148.937800
149.033600
149.159750
149.240625
149.275250
149.343275
149.395500
149.486250
149.597000
149.665975
149.709975
149.750100
149.784425
149.865325
149.889275
149.951925
149.967650
149.992900
150.010950
150.068675
150.118050
150.158450
150.186150
150.250425
150.322350
150.358325
150.383075
150.399500
150.441450
150.463650
150.485700
150.556050
150.729650
150.788850
150.836200
150.893200
150.932975
150.965875
151.057375
151.081800
151.172325
151.266900
151.319100
151.510875
151.657500
151.718125
151.797725
151.859150
152.205700
152.264950
152.291625
152.345075
152.390675
152.432150
152.451075
152.509550
152.551350
152.613925
152.726800
152.890700
152.917650
152.939125
152.963075
152.985625
152.994525
153.026800
153.067975
153.135050
153.175650
153.353125
153.414100
153.507675
153.638650
153.697425
153.732975
153.758400
153.815350
153.851750
153.867400
153.897475
153.959675
154.025275
154.068500
154.170575
154.234225
154.283575
154.350075
154.409475
154.459400
154.473600
154.491475
154.517525
154.572750
154.716200
154.759225
154.789200
154.958575
154.987125
155.060900
155.113600
155.176550
155.251425
155.293275
155.326725
155.388450
155.466725
155.565800
155.600100
155.628800
155.690900
155.765800
155.809675
155.849925
155.888650
155.915550
155.957600
155.993850
156.033850
156.067675
156.112575
156.207100
156.277150
156.392175
156.456625
156.495025
156.527175
156.567475
156.641750
156.675775
156.681750
156.741300
156.810000
156.957075
156.988250
157.010275
157.026800
157.055750
157.091925
157.128150
157.315475
157.354350
157.384625
157.448825
157.484025
157.567150
157.603950
157.725350
157.805700
157.865075
157.886325
157.988125
158.057575
158.091350
158.115850
158.166225
158.215825
158.239450
158.271400
158.309975
158.360700
158.423325
158.461975
158.496325
158.544675
158.603875
158.682600
158.719400
158.755375
158.793050
158.843325
158.926775
158.947850
158.987750
159.017300
159.042825
159.074300
159.148950
159.245650
159.264350
159.303675
159.368975
159.391175
159.449650
159.475250
159.508000
159.528700
159.560175
159.598450
159.613000
159.716175
159.759975
159.787725
159.825100
159.918200
160.004175
160.080500
160.115375
160.171425
160.190250
160.219250
160.246400
160.298950
160.347400
160.367250
160.398550
160.422950
160.463575
160.497825
160.552050
160.585200
160.651775
160.684300
160.706025
160.727700
160.753825
160.783425
160.809450
160.849925
160.916775
161.032425
161.062075
161.087250
161.104650
161.143825
161.197325
161.262700
161.293350
161.328150
161.354350
161.376000
161.408600
161.446350
161.496250
161.554175
161.595650
161.626850
161.676650
161.714575
161.734125
161.809500
161.866875
161.923375
161.984625
162.016225
162.065050
162.119925
162.154225
162.185750
162.225450
162.272400
162.323950
162.387825
162.427300
162.491825
162.586225
162.618625
162.697750
162.726750
162.817400
162.874425
162.917225
163.009650
163.042800
163.134075
163.177900
163.239450
163.265225
163.496625
163.564825
163.640025
163.663775
163.685625
163.702575
163.771950
163.847975
163.909325
164.036075
164.086850
164.172175
164.209900
164.241000
164.285075
164.326700
164.425075
164.485325
164.513800
164.532725
164.549625
164.576650
164.625750
164.674300
164.722725
164.843650
164.883775
164.895750
164.950875
164.998925
165.133550
165.224725
165.246325
165.289325
165.376800
165.547425
165.607375
165.655375
165.719100
165.813375
165.911900
165.964275
166.029425
166.126600
166.220425
166.275650
166.315250
166.351150
166.408750
166.450050
166.483275
166.516750
166.567925
166.620075
166.700300
166.736400
166.944625
166.981975
167.010750
167.042050
167.087500
167.175325
167.229400
167.267225
167.308675
167.347400
167.422925
167.439225
167.521625
167.556575
167.578475
167.605750
167.734450
167.767200
167.802475
167.870225
167.958650
168.067200
168.144825
168.176250
168.223150
168.266075
168.295375
168.312075
168.334825
168.472425
168.523050
168.608025
168.666100
168.720250
168.746100
168.783200
168.837575
168.870300
168.925300
168.955525
168.982175
169.029125
169.043700
169.086550
169.119550
169.153400
169.310725
169.383125
169.444900
169.466350
169.680650
169.744350
169.789875
169.850150
169.884650
169.928925
169.975300
170.035775
170.069900
170.104475
170.132275
170.343000
170.403750
170.493325
170.587700
170.625350
170.648450
170.739125
170.810250
170.911525
171.003675
171.035825
171.085000
171.136025
171.229525
171.296600
171.359675
171.428575
171.496175
171.591150
171.625975
171.661625
171.665150
171.700650
171.739250
171.760300
171.795475
171.853925
171.920775
171.981875
172.021500
172.061525
172.082975
172.114925
172.196575
172.249725
172.274500
172.308100
172.334500
172.386800
172.464950
172.498825
172.527000
172.576275
172.593350
172.625325
172.660850
172.697100
172.758025
172.819475
172.866975
172.883225
172.923800
172.996050
173.033925
173.070275
173.106200
173.213875
173.235575
173.291275
173.317650
173.401700
173.478475
173.518775
173.553125
173.585500
173.672425
173.718800
173.743800
173.798475
173.830200
173.886050
173.911375
173.920375
173.961025
174.046900
174.132175
174.181050
174.229600
174.314425
174.370875
174.437600
174.479125
174.507325
174.613775
174.668950
174.691800
174.769850
174.803325
174.830200
174.887400
174.955400
174.983550
175.012600
175.044075
175.269600
175.321875
175.401525
175.422500
175.443050
175.463850
175.498550
175.530875
175.554325
175.589975
175.668050
175.705750
175.724950
175.752775
175.786500
175.806700
175.871100
175.945450
175.979775
176.012550
176.027875
176.076275
176.098300
176.161025
176.248925
176.301200
176.334700
176.358425
176.389425
176.429300
176.477975
176.519075
176.576900
176.589125
176.611875
176.639800
176.656525
176.670150
176.771500
176.828900
176.866975
176.885575
176.930950
176.960125
177.043175
177.072650
177.195300
177.274725
177.301275
177.316050
177.346975
177.542075
177.616600
177.822500
177.921850
177.971975
178.076150
178.104100
178.221900
178.250775
178.375125
178.409600
178.441100
178.494975
178.558700
178.636750
178.744725
178.814950
178.838575
178.947600
179.016600
179.088650
179.197350
179.262950
179.293850
179.572150
179.627825
179.678925
179.756775
179.799775
179.907375
179.999675
180.037250
180.059300
180.086075
180.155425
180.195325
180.285075
180.370650
180.447700
180.451350
180.487550
180.507550
180.563175
180.687725
180.745400
180.763275
180.813725
180.898150
180.929525
180.966025
181.013150
181.082425
181.140625
181.246875
181.350825
181.437400
181.555800
181.627475
181.728900
181.777350
181.847150
181.873375
181.968600
181.979100
181.998250
182.048975
182.077550
182.091000
182.109150
182.148050
182.169050
182.430375
182.468800
182.516450
182.545725
182.564800
182.663725
182.724475
182.777000
182.880475
182.907975
182.957375
183.047550
183.106650
183.108450
183.150525
183.305300
183.470200
183.492900
183.531550
183.754900
183.794250
183.866725
183.892700
183.924325
183.995375
184.031600
184.060775
184.081200
184.101000
184.130425
184.148275
184.252800
184.280550
184.323575
184.445225
184.466125
184.480875
184.545900
184.574800
184.727550
184.870025
184.908925
184.962050
184.995700
185.115550
185.153200
185.183000
185.226900
185.335025
185.355075
185.376075
185.399850
185.545050
185.637100
185.668750
185.676475
186.822925
187.078250
187.157625
187.180275
187.220225
187.364125
187.403525
187.471475
187.756550
188.009925
188.281450
188.307300
188.340975
188.406925
188.521900
188.665525
188.720575
188.737925
189.066200
189.323375
189.364875
189.511375
189.541825
189.733500
189.914525
190.004300
190.180750
190.214175
190.327800
190.396900
190.479000
190.555300
190.672475
190.731225
190.864950
191.091250
191.467025
191.643350
191.662100
191.708825
191.805575
191.850500
192.092225
192.153800
192.372225
192.441175
192.664050
192.693250
192.718600
192.802625
192.848825
192.918425
193.205000
193.483350
193.669050
193.838650
194.033975
194.082050
194.163150
194.346900
194.408550
194.522325
194.810850
194.907600
195.000600
195.158875
195.199850
195.296575
195.385750
195.460400
195.568300
195.600475
195.843725
196.002725
196.128725
196.374175
196.534025
196.609850
196.823075
196.865500
196.900950
196.980800
197.014475
197.231100
197.262875
197.393400
197.489500
197.542875
197.574150
197.723900
197.736425
197.806650
197.882900
198.086300
198.270775
198.519450
198.733225
199.192175
199.249050
199.292400
199.345175
199.658250
199.686625
199.765625
199.867950
200.032700
200.105850
200.209325
200.320500
200.562150
200.687900
200.898525
201.003750
201.112000
201.240550
201.270725
201.286300
201.515100
201.618900
201.739900
202.063400
202.113200
202.345775
202.459300
202.520050
202.597025
202.619525
202.769025
202.836975
202.878350
202.932275
202.976225
203.061375
203.181400
203.698375
203.991925
204.556200
204.599625
204.734375
204.942800
205.279400
205.517000
205.568950
205.599000
205.632000
206.982925
206.987400
207.875975
207.989000
208.354275
208.361600
208.890050
209.004850
209.712075
209.919850
209.983525
210.797625
211.064575
211.190525
211.229525
211.262975
211.856875
211.992525
212.598025
212.787050
212.954425
213.112100
213.211400
213.264300
213.351500
213.866425
213.914800
214.028225
214.276500
214.417850
214.452200
214.766450
214.945150
215.134275
215.405575
215.620450
216.130500
216.240525
216.459925
216.524175
216.760975
216.804775
216.875300
217.209325
217.393300
217.464800
217.590850
217.762800
217.909350
218.117025
218.161425
218.704350
218.887675
219.067800
219.122875
219.835800
220.210825
220.275400
220.790525
220.945025
221.131775
221.539025
221.784975
222.194275
222.636825
222.872000
223.212575
223.309025
223.658450
224.005000
224.250750
224.395875
224.631325
226.268275
226.678900
227.513625
228.728800
228.977400
229.331375
229.435025
229.576000
229.687725
229.869700
230.119325
230.153550
230.287000
230.466800
230.622000
230.688225
230.921150
231.000150
231.042850
231.100450
231.201675
231.509225
231.681375
231.876100
232.015500
232.057850
232.158700
232.225300
232.391775
232.524750
232.585650
232.748500
232.763175
232.806375
233.175775
233.365300
233.557800
233.592400
233.640225
233.907200
233.998825
234.221500
234.311000
234.366625
234.447050
234.507600
234.614700
234.650725
234.878250
235.064775
235.184850
236.074950
236.304975
236.746500
236.871700
237.324625
237.509300
237.668675
237.983075
238.539875
238.790775
238.819650
239.040650
239.940975
240.330525
240.727850
240.895500
240.929850
240.950400
240.980575
241.263325
241.581725
242.064250
242.442050
242.646300
242.833825
243.045350
243.145600
243.202700
243.342300
243.459975
243.931825
244.048475
244.133450
244.181600
244.353125
244.859375
245.058850
245.127575
245.633725
246.391825
246.689275
246.873800
247.172050
247.484700
247.836650
248.124925
248.874750
249.059175
249.448425
250.166725
250.269400
250.870875
250.952200
251.151175
251.570150
251.869400
251.984200
252.134125
253.481550
253.594625
253.686475
254.329275
254.473300
254.638675
255.439150
255.532700
256.289300
257.530450
258.663325
258.989075
259.088900
259.448825
259.670825
259.738975
259.773525
260.049475
260.337875
260.478075
261.315250
261.752125
263.153800
263.610075
263.798025
263.906450
264.246325
264.622875
264.694225
264.932350
265.375950
265.802400
265.923700
266.971500
267.308875
267.586025
268.010400
268.096425
268.189475
268.374400
268.728450
268.781525
268.991225
269.221000
269.268975
269.370350
269.400900
269.432400
269.913525
269.931100
270.163050
270.646775
271.442125
271.474875
271.497700
272.051325
272.962150
273.233875
273.285125
273.610875
273.852775
274.192350
274.679975
275.965750
276.047800
276.612350
276.798325
277.727875
277.788575
278.632350
278.658475
278.890925
279.470525
280.636175
280.671125
280.977250
281.313750
282.725400
284.018000
284.169550
284.268200
284.292725
284.466600
285.001725
285.208225
285.430725
286.055525
286.205000
286.276925
286.498075
286.634175
286.840500
286.930350
287.351250
287.540800
287.562475
287.717325
287.833675
287.856525
287.896200
288.195075
288.271225
288.732400
289.466675
290.012475
291.049350
291.453300
291.634550
291.916050
294.164350
294.384775
295.181625
295.566075
296.206000
302.847225
303.606450
304.031850
304.239975
305.175300
305.657575
306.278075
307.774825
308.638250
309.980600
313.247950
313.990425
314.973475
318.918200
319.693900
320.809325
321.246350
322.114050
322.674700
322.758625
