0.085600
0.090775
0.193625
0.238500
0.347325
0.386200
0.436000
0.468950
0.496350
0.498975
0.534375
0.666475
0.714075
0.744175
0.809450
0.873325
0.919375
0.973975
1.003650
1.083750
1.130275
1.175275
1.203925
1.317050
1.337825
1.365775
1.413875
1.449600
1.473625
1.499725
1.509025
1.530300
1.563075
1.685900
1.722825
1.724875
1.746850
1.821875
1.947275
1.982025
2.017375
2.051875
2.116175
2.137825
2.139200
2.175900
2.182350
2.247850
2.271400
2.293350
2.340850
2.370950
2.423275
2.463775
2.478450
2.539025
2.623425
2.667750
2.709975
2.744900
2.762950
2.804950
2.829725
2.866175
2.923525
2.964900
3.069875
3.165025
3.176825
3.193400
3.202300
3.215350
3.223800
3.240825
3.244150
3.316950
3.362725
3.373800
3.386050
3.434650
3.448250
3.458050
3.512950
3.547850
3.562950
3.588225
3.633350
3.677150
3.697600
3.716775
3.725575
3.763025
3.778050
3.798625
3.822325
3.875100
3.927975
3.966675
4.044700
4.064100
4.085925
4.095550
4.124250
4.193075
4.200725
4.205225
4.273250
4.309025
4.368950
4.459325
4.465425
4.485725
4.526925
4.555800
4.558000
4.660300
4.713925
4.784700
4.848125
4.858850
4.906225
4.932375
4.952400
4.964675
4.987225
4.998700
5.067400
5.100175
5.103300
5.134825
5.156775
5.182125
5.212300
5.285225
5.336350
5.402050
5.425425
5.435575
5.476475
5.578775
5.609925
5.611600
5.652800
5.668175
5.721250
5.753175
5.794100
5.830800
5.845100
5.859800
5.936850
5.940275
6.027075
6.030125
6.050775
6.146325
6.158275
6.173975
6.247725
6.259625
6.303275
6.328525
6.346775
6.380150
6.455975
6.498500
6.531100
6.560450
6.586525
6.655275
6.689875
6.756575
6.767725
6.769850
6.812150
6.858925
6.884075
6.934950
6.994650
7.045425
7.130325
7.189925
7.260250
7.329300
7.376625
7.395400
7.490075
7.507575
7.561700
7.615400
7.673750
7.750125
7.802500
7.951475
7.955125
7.988400
8.017550
8.020550
8.064675
8.119675
8.141825
8.305925
8.365575
8.376500
8.400825
8.433650
8.447675
8.513100
8.535900
8.549475
8.607075
8.671325
8.710450
8.751950
8.897550
8.909275
8.919600
8.974050
9.023475
9.102375
9.131725
9.195200
9.229075
9.259300
9.299750
9.334625
9.407025
9.442025
9.524100
9.563825
9.605125
9.643650
9.666200
9.717100
9.720475
9.798325
9.834000
9.859975
9.883400
9.900500
10.114650
10.146625
10.152000
10.193525
10.261775
10.378525
10.446325
10.477600
10.560725
10.585375
10.610475
10.651475
10.661200
10.712275
10.741600
10.747025
10.778200
10.804575
10.846800
10.852325
10.883825
10.905325
10.935425
11.020900
11.066150
11.156075
11.228200
11.384300
11.385875
11.439600
11.503350
11.552350
11.601200
11.624675
11.675725
11.844075
11.867825
11.980225
12.120550
12.141575
12.174250
12.241025
12.252175
12.320400
12.365650
12.412750
12.457475
12.473275
12.475150
12.530075
12.592250
12.599950
12.794450
12.863800
13.038275
13.070400
13.123725
13.137225
13.232825
13.265625
13.309550
13.401800
13.492850
13.539100
13.591725
13.632075
13.698850
13.723875
13.768375
13.917350
13.930100
13.968350
14.004200
14.016425
14.070900
14.129025
14.239800
14.259675
14.345175
14.420250
14.525600
14.581700
14.632725
14.714000
14.746025
14.773350
14.794375
14.819025
14.855525
14.865000
14.905500
14.957175
14.970325
15.014275
15.018725
15.050500
15.085175
15.098725
15.120125
15.143725
15.205900
15.246850
15.268975
15.326300
15.340450
15.358000
15.406475
15.410750
15.440850
15.463400
15.467125
15.542150
15.599925
15.635275
15.692825
15.772125
15.817675
15.832925
15.864300
15.923775
16.000400
16.031025
16.081275
16.088800
16.131750
16.149800
16.166675
16.261750
16.289900
16.392200
16.405350
16.425225
16.474425
16.492775
16.541125
16.623200
16.671850
16.784150
16.826400
16.836500
16.851025
16.872225
16.887650
16.900100
16.935250
16.954650
17.001300
17.046425
17.055250
17.067300
17.091150
17.096525
17.108600
17.138450
17.272575
17.277100
17.304900
17.411350
17.437350
17.477550
17.507250
17.582425
17.644125
17.707775
17.745450
17.878200
17.907175
17.954575
17.966150
17.976450
18.023075
18.027400
18.051750
18.110225
18.140000
18.190425
18.289875
18.338125
18.391025
18.448600
18.455875
18.496325
18.578675
18.633750
18.662925
18.686125
18.722600
18.844400
18.862125
18.869150
18.905325
18.995650
19.001900
19.023450
19.091825
19.158625
19.188750
19.206950
19.220850
19.238050
19.332125
19.371375
19.397200
19.415575
19.485275
19.547575
19.663225
19.687750
19.696025
19.754850
19.756400
19.769025
19.782550
19.802350
19.812725
19.874325
19.939275
19.949875
19.991150
20.042125
20.098175
20.134075
20.215350
20.265200
20.271975
20.370850
20.420275
20.503525
20.535575
20.537150
20.560575
20.568425
20.605000
20.652800
20.772850
20.806375
20.861050
20.876025
20.911025
20.938775
20.975075
21.040275
21.046075
21.085950
21.088200
21.106750
21.109650
21.135450
21.182200
21.216050
21.251375
21.307225
21.314975
21.378575
21.400150
21.424250
21.429450
21.452950
21.486575
21.528675
21.539400
21.564375
21.605975
21.625550
21.683950
21.689900
21.712150
21.717025
21.735275
21.770750
21.771825
21.800150
21.840825
21.872550
21.964325
22.018775
22.038075
22.039575
22.047750
22.080625
22.135250
22.146975
22.227250
22.321775
22.354325
22.398525
22.426650
22.451825
22.514025
22.601150
22.624950
22.650900
22.728350
22.734975
22.736250
22.795900
22.818600
22.839400
22.846075
22.865400
22.925525
22.960200
22.963675
23.038400
23.070500
23.078800
23.100550
23.105150
23.114850
23.152175
23.169200
23.187750
23.253100
23.264800
23.282475
23.310950
23.344000
23.366100
23.372050
23.435050
23.491125
23.524900
23.581200
23.613525
23.657175
23.679150
23.695125
23.712875
23.732325
23.757450
23.834725
23.972450
23.990925
24.042225
24.057000
24.093200
24.142275
24.187400
24.210900
24.212900
24.312025
24.349200
24.385125
24.465800
24.593175
24.655975
24.714600
24.719600
24.760050
24.843250
24.844400
24.876100
24.905775
24.962050
24.978250
25.043250
25.071500
25.094675
25.148800
25.194525
25.245950
25.254875
25.274775
25.286375
25.326600
25.348650
25.367075
25.389075
25.414800
25.423500
25.488575
25.538250
25.579825
25.621575
25.664975
25.686425
25.780450
25.790900
25.812250
25.854075
25.961975
26.030025
26.143425
26.161725
26.164700
26.194650
26.253075
26.325950
26.361975
26.368375
26.408400
26.431225
26.498700
26.518225
26.551925
26.578700
26.609200
26.631925
26.649975
26.665300
26.813850
26.840800
26.849450
26.867900
27.031125
27.130125
27.178700
27.232425
27.240550
27.333700
27.385500
27.417925
27.450375
27.523225
27.552850
27.564725
27.577850
27.601950
27.650025
27.669200
27.781300
27.793050
27.820325
27.856150
27.935250
27.965150
27.972300
28.034250
28.065725
28.077950
28.107325
28.175150
28.211000
28.256525
28.281175
28.306325
28.361300
28.397150
28.429150
28.472725
28.502150
28.505400
28.534275
28.557750
28.626575
28.634250
28.748325
28.786050
28.817150
28.894775
28.916200
28.975075
29.024650
29.061675
29.096750
29.133975
29.160525
29.208475
29.270425
29.303925
29.331050
29.361575
29.394975
29.423250
29.462375
29.467275
29.511725
29.516075
29.572925
29.653300
29.693200
29.733925
29.785800
29.850625
29.945650
29.973900
30.015325
30.044100
30.066225
30.115400
30.139275
30.182250
30.228150
30.353650
30.376475
30.406550
30.428075
30.461400
30.526500
30.542575
30.603700
30.711800
30.825950
30.886400
31.004250
31.048600
31.118050
31.155525
31.169775
31.213600
31.229425
31.266675
31.308300
31.352425
31.406600
31.503125
31.537300
31.569125
31.617050
31.639025
31.664750
31.707500
31.741675
31.785375
31.834850
31.865725
31.945825
31.989750
32.012550
32.013900
32.132700
32.140550
32.153950
32.157325
32.173025
32.201925
32.262875
32.296300
32.326450
32.449075
32.503675
32.555000
32.576100
32.582900
32.643400
32.670250
32.714250
32.729800
32.818575
32.820450
32.897725
32.941275
32.983900
33.017975
33.028325
33.108700
33.143375
33.178825
33.239950
33.284750
33.349325
33.352100
33.372525
33.404600
33.412425
33.593600
33.628850
33.663475
33.740325
33.836025
33.838550
33.847725
33.888425
33.902225
33.943300
34.023800
34.072425
34.148725
34.169650
34.182175
34.202475
34.317075
34.361750
34.445950
34.470075
34.471950
34.499375
34.547275
34.622775
34.625525
34.701575
34.724575
34.792800
34.821275
34.860800
34.898100
34.936525
34.977550
35.009200
35.015600
35.020600
35.059575
35.094500
35.149750
35.166000
35.203600
35.232975
35.388100
35.395300
35.424475
35.481950
35.530225
35.533075
35.536425
35.553500
35.600175
35.639050
35.676300
35.731100
35.833675
35.878025
35.923675
35.961975
35.970525
35.973375
35.997325
36.014375
36.026550
36.093075
36.138775
36.151575
36.274425
36.312050
36.438750
36.482675
36.533325
36.593650
36.640650
36.693200
36.735125
36.769300
36.783800
36.805925
36.843900
37.032000
37.076075
37.114475
37.180600
37.292750
37.379275
37.393725
37.394875
37.410550
37.472825
37.511975
37.614400
37.622525
37.674250
37.788025
37.850300
37.875075
37.900975
37.902550
37.943225
38.019375
38.071575
38.124350
38.161675
38.285650
38.327850
38.387525
38.399525
38.426800
38.439300
38.466675
38.512775
38.535675
38.671800
38.739375
38.761500
38.791375
38.889800
38.899650
38.959825
39.074250
39.155225
39.244150
39.315225
39.344250
39.378450
39.410250
39.427075
39.438250
39.534025
39.598700
39.691325
39.806875
39.877300
39.990850
40.026875
40.080700
40.126825
40.162300
40.167450
40.193075
40.202000
40.325950
40.334850
40.395850
40.431750
40.456400
40.517700
40.523325
40.576250
40.621225
40.667175
40.690400
40.701650
40.782500
40.868300
40.919725
40.927500
40.970000
41.012950
41.049450
41.148700
41.227625
41.262750
41.295850
41.296875
41.336025
41.372500
41.591150
41.638525
41.647700
41.658700
41.690650
41.711625
41.753075
41.773150
41.818675
41.855250
41.933600
41.982950
42.025975
42.057075
42.120475
42.122075
42.227625
42.242575
42.252500
42.323675
42.342625
42.366100
42.390275
42.410900
42.411675
42.446775
42.484025
42.502100
42.534125
42.553950
42.604450
42.766350
42.810750
42.835750
42.935125
43.004400
43.031875
43.080025
43.214625
43.255225
43.313025
43.334700
43.341475
43.363525
43.389875
43.423000
43.433900
43.583175
43.683900
43.703750
43.791400
43.812700
43.858575
43.868700
43.991450
44.029425
44.082050
44.140050
44.150100
44.172375
44.204175
44.300375
44.352475
44.387950
44.391300
44.447525
44.495175
44.519950
44.631325
44.675875
44.710875
44.736600
44.788200
44.822725
44.853325
44.898950
44.977750
45.020450
45.095775
45.152050
45.179875
45.237550
45.333900
45.371325
45.424125
45.469125
45.529800
45.690525
45.727500
45.789350
45.864525
46.044225
46.193125
46.218400
46.256025
46.290950
46.484900
46.581275
46.623875
46.636625
46.659775
46.705375
46.756050
46.763725
46.829500
46.864550
46.867450
46.917100
47.091000
47.140875
47.166175
47.226500
47.301600
47.305800
47.318550
47.355925
47.394125
47.406325
47.455700
47.569200
47.609025
47.712550
47.836000
47.861950
47.899500
47.962550
48.003700
48.026725
48.103800
48.142575
48.362850
48.496725
48.544550
48.639150
48.668875
48.672375
48.674950
48.690700
48.759050
48.809900
48.942850
49.036275
49.116250
49.267350
49.328600
49.357725
49.392675
49.479600
49.550225
49.572175
49.616625
49.618975
49.619700
49.646450
49.698325
49.730600
49.777050
49.795525
49.849450
49.909400
49.921150
49.967450
50.058000
50.140825
50.209100
50.258575
50.262900
50.307125
50.320500
50.385225
50.404675
50.464425
50.488525
50.514075
50.551525
50.575975
50.628175
50.710450
50.730350
50.815625
50.822600
50.857150
50.933150
51.007175
51.102375
51.112050
51.146150
51.157175
51.218425
51.224400
51.249275
51.256875
51.328250
51.377200
51.394375
51.448425
51.453900
51.500975
51.511575
51.677450
51.735750
51.764000
51.899175
51.948025
51.971850
52.030650
52.096175
52.174525
52.196100
52.225850
52.276875
52.282550
52.440150
52.485225
52.524000
52.575200
52.650050
52.700250
52.702200
52.740850
52.782875
52.848200
52.941675
52.978500
52.983650
53.014525
53.053425
53.082775
53.099425
53.153750
53.158500
53.162775
53.190325
53.196775
53.250925
53.272525
53.289175
53.298575
53.314925
53.329200
53.376225
53.478375
53.493175
53.529925
53.553725
53.590050
53.629025
53.673825
53.766850
53.804275
53.891650
53.917275
53.942100
54.069925
54.094075
54.147075
54.169200
54.180225
54.213750
54.270750
54.417075
54.478250
54.525525
54.536900
54.546525
54.633625
54.660525
54.698850
54.740700
54.785500
54.803600
54.829150
54.874225
54.877825
54.915275
54.921550
55.001850
55.088950
55.141500
55.358675
55.392025
55.397550
55.475975
55.499125
55.541200
55.562450
55.589875
55.621275
55.681050
55.754325
55.769325
55.792550
55.877375
55.878675
55.883950
55.905125
55.927700
55.942725
55.962850
56.002650
56.021525
56.052000
56.060650
56.154550
56.239725
56.241700
56.375900
56.440275
56.524425
56.588350
56.590675
56.610750
56.655775
56.696850
56.735250
56.757650
56.790700
56.949425
56.982450
57.008550
57.046150
57.142800
57.158925
57.410400
57.477300
57.511600
57.523725
57.579825
57.604175
57.753525
57.952350
57.983050
58.026925
58.139300
58.166875
58.254225
58.440300
58.562775
58.699200
58.750875
58.815075
58.903950
58.962375
58.976475
59.043000
59.095325
59.175300
59.260075
59.277775
59.286400
59.290025
59.299575
59.424675
59.460725
59.494575
59.565700
59.572350
59.590250
59.652675
59.813075
59.830325
59.833400
59.861900
59.886975
59.969650
59.976325
60.031725
60.041525
60.059800
60.090450
60.208800
60.294825
60.442375
60.481275
60.568550
60.623075
60.650975
60.654075
60.665975
60.686825
60.711975
60.721775
60.732075
60.782625
60.827400
61.001700
61.026625
61.260650
61.286525
61.298575
61.348100
61.359975
61.390800
61.477625
61.613950
61.632950
61.688375
61.770750
61.777950
61.825825
61.852300
61.927700
61.957075
61.992050
62.033275
62.054375
62.106150
62.174275
62.214025
62.335050
62.519425
62.652000
62.744800
62.795725
62.815400
62.821125
62.890750
62.998800
63.037750
63.082525
63.177075
63.245400
63.346775
63.431200
63.528225
63.702575
63.737350
63.866000
63.951800
64.104675
64.197050
64.198800
64.246650
64.296950
64.368025
64.548450
64.672775
64.707425
64.847575
65.022875
65.060825
65.093350
65.131825
65.138400
65.156750
65.313450
65.342075
65.362350
65.404450
65.474625
65.524450
65.596150
65.677150
65.916625
65.936800
66.008675
66.063175
66.117800
66.193975
66.279850
66.287050
66.312925
66.352075
66.518600
66.526025
66.552850
66.604100
66.811625
66.854525
66.871975
66.899600
67.220100
67.288050
67.292600
67.340050
67.342825
67.398925
67.436950
67.509150
67.635850
67.705825
67.780100
67.827800
67.881875
67.916550
67.933475
67.935350
68.052925
68.081725
68.147225
68.224050
68.369825
68.373575
68.404275
68.429250
68.457775
68.498375
68.522525
68.540475
68.546925
68.576475
68.597600
68.650950
68.659175
68.865350
68.963650
69.004075
69.015825
69.224500
69.265075
69.284450
69.429200
69.432200
69.593650
69.615525
69.656100
69.665800
69.924525
70.110050
70.245425
70.251225
70.281625
70.364625
70.417800
70.490700
70.522925
70.535200
70.578100
70.614300
70.619400
70.695875
70.759450
70.791550
70.828000
70.845525
70.849675
70.878475
70.911675
70.944950
70.978300
71.076100
71.214475
71.231500
71.251125
71.348500
71.381100
71.480525
71.518425
71.521450
71.710250
71.736600
71.981775
72.022650
72.053525
72.107150
72.201800
72.236550
72.282425
72.355050
72.385775
72.580175
72.610825
72.829550
72.855325
72.906425
73.001625
73.010175
73.035775
73.078775
73.169450
73.222650
73.257025
73.272775
73.320600
73.352125
73.407450
73.539900
73.614675
73.625925
73.658850
73.662700
73.695950
73.718875
73.816075
73.945575
74.123100
74.154625
74.198450
74.237675
74.240575
74.281425
74.366550
74.552300
74.664700
74.799675
74.822700
74.913650
74.980100
74.996000
75.016800
75.152675
75.261100
75.295025
75.335975
75.354200
75.359950
75.367450
75.509700
75.584500
75.596075
75.620850
75.661725
75.749025
75.787275
75.853675
76.065825
76.225875
76.305450
76.348175
76.359025
76.519775
76.549100
76.596125
76.649125
76.779675
76.831300
76.841200
76.884800
76.964850
77.046925
77.319300
77.331775
77.517475
77.611475
77.620725
77.705950
77.708675
77.754200
77.847825
78.163700
78.263425
78.336575
78.407425
78.473400
78.499450
78.602275
78.742575
78.787625
78.855325
78.994200
79.102725
79.179850
79.215700
79.246875
79.487650
79.512250
79.542275
79.735675
79.784700
79.845225
79.856550
79.881975
80.021175
80.031425
80.137475
80.255600
80.333650
80.519625
80.543400
80.653875
80.720725
80.741825
80.777150
81.020900
81.159075
81.288750
81.348275
81.369775
81.515550
81.659800
81.684550
81.739475
81.851550
81.872925
81.953000
82.297725
82.544975
82.554375
82.617875
82.768375
82.810475
82.833150
82.853700
82.933025
82.989075
83.046325
83.164200
83.282350
83.284675
83.376600
83.442925
83.444375
83.616675
83.684350
83.769000
83.788275
83.849875
83.883300
84.085300
84.133725
84.189900
84.551050
84.618925
84.654450
84.655975
84.712825
84.885575
84.956975
84.963475
85.003100
85.032475
85.246075
85.282725
85.391925
85.405100
85.441200
85.506125
85.535525
85.661750
85.719475
85.756325
85.775200
85.809775
85.949050
86.177150
86.232225
86.339200
86.422475
86.629350
86.676750
86.678350
86.768800
86.812425
86.849650
87.043000
87.079425
87.083700
87.180625
87.210950
87.257400
87.320900
87.373450
87.380400
87.415575
87.475900
87.519200
87.641150
87.648775
87.694450
87.786275
87.823775
87.897825
88.046400
88.078325
88.373700
88.416325
88.439150
88.533500
88.578425
88.601625
88.776050
88.932100
88.998150
89.019925
89.355475
89.395150
89.467150
89.520575
89.541400
89.585900
89.620875
89.623600
89.721625
89.730625
89.775775
89.921750
89.999950
90.023475
90.070975
90.213500
90.231425
90.236075
90.311950
90.396275
90.420150
90.524650
90.567050
90.572525
90.621575
90.680250
90.828950
90.891150
91.038050
91.158125
91.261675
91.405950
91.440850
91.495500
91.683025
91.872775
92.056950
92.163925
92.205950
92.328225
92.397850
92.495500
92.531475
92.538700
92.569875
92.603350
92.817200
93.017075
93.038725
93.069375
93.146275
93.173075
93.227000
93.533175
93.558900
93.605825
93.638150
93.639350
93.656300
93.676275
93.732625
94.199525
94.371300
94.389675
94.456475
94.684750
94.758850
94.761400
94.807325
94.817600
94.921750
94.929925
94.988525
95.040725
95.051350
95.329700
95.433650
95.558200
95.584300
95.603350
95.708375
95.777625
95.838300
95.857500
95.895125
95.914475
95.929275
95.978225
96.095275
96.124100
96.321350
96.376000
96.421075
96.461050
96.489775
96.532675
96.648925
96.685375
96.729075
96.774925
96.890175
96.924800
97.011875
97.025750
97.109325
97.197275
97.255125
97.264925
97.267350
97.292000
97.367150
97.397750
97.418975
97.428725
97.475775
97.506375
97.676625
97.715775
97.749625
97.775450
97.810475
97.943350
97.962250
98.035500
98.092025
98.177650
98.183150
98.208225
98.247425
98.347925
98.396625
98.400675
98.412625
98.514325
98.556700
98.618775
98.685525
98.836825
98.855775
98.871900
98.877100
98.900575
98.941850
99.124325
99.164375
99.183125
99.248950
99.259300
99.261925
99.334500
99.484400
99.499225
99.516125
99.531100
99.802625
99.854900
99.871525
99.897075
99.913875
99.989425
100.034625
100.043100
100.067900
100.273600
100.306925
100.328275
100.456350
100.472550
100.526675
100.532425
100.597375
100.637625
100.666100
100.810750
100.827125
100.847275
100.964100
101.002075
101.050000
101.105500
101.151075
101.402750
101.506475
101.541900
101.765800
101.768000
101.817000
101.863925
101.963575
101.989650
102.009775
102.084700
102.088600
102.132575
102.155725
102.277050
102.322975
102.386300
102.458975
102.470125
102.519250
102.553850
102.815400
102.823350
102.933750
102.972900
102.993200
103.054500
103.215200
103.537325
103.612575
103.671575
103.703550
103.732800
103.762825
103.792850
103.819675
103.865350
103.901125
103.930500
104.050275
104.096475
104.311525
104.384300
104.396100
104.429500
104.500375
104.502650
104.631075
104.695700
104.756500
104.796425
104.818650
104.829850
104.837750
104.866100
104.976100
105.116425
105.213725
105.324300
105.336575
105.439225
105.809325
105.881075
105.922350
106.139000
106.205475
106.271250
106.314475
106.321500
106.336800
106.345525
106.678650
106.749475
106.785875
106.816250
107.207025
107.248150
107.384850
107.423925
107.468050
107.621350
107.662475
107.746525
107.778800
108.039825
108.162000
108.405900
108.466625
108.531625
108.565725
108.637825
108.643550
108.690625
108.734075
108.893150
109.022725
109.055400
109.075800
109.181450
109.200775
109.518775
109.535325
109.731550
109.879950
109.919725
110.089375
110.267150
110.325275
110.537850
110.892475
110.967325
111.055600
111.299450
111.479825
111.532375
111.557025
111.748825
111.810475
111.880850
111.948925
112.018925
112.365200
112.601500
113.019100
113.381525
113.403175
113.484625
113.669975
113.731400
113.757600
114.006300
114.189550
114.223975
114.323100
114.324625
114.497625
114.590325
114.660575
114.789375
114.880650
114.920650
115.454275
115.576450
115.584650
115.885875
116.087025
116.103000
116.327550
116.511425
116.665800
116.724350
117.046925
117.243250
117.363050
117.800450
117.844725
117.857200
118.031700
118.232025
118.293575
118.518100
118.690450
118.912275
119.084500
119.092225
119.126825
119.291125
119.497575
119.512800
119.518225
119.565700
119.586250
119.609950
119.849075
119.927000
120.108600
120.366350
120.391075
120.589300
120.833150
120.920700
120.958350
121.021050
121.078375
121.120500
121.337150
121.339150
121.388050
121.523825
121.539850
121.645200
122.104875
122.135025
122.579350
122.608325
122.666400
123.061800
123.339075
123.356750
123.733375
123.768725
123.804750
124.298675
124.397600
124.559500
124.650700
124.823875
124.826950
124.936075
125.002075
125.256225
125.616150
125.726875
125.735400
125.754350
126.309025
126.340325
126.451925
126.475300
126.658725
126.763600
127.010475
127.071425
127.130175
127.453075
127.579700
127.655450
127.901450
127.906675
128.162650
128.441575
128.609725
128.771800
128.904075
128.962525
128.981175
128.989700
129.002400
129.046100
129.100050
129.235700
129.286825
129.335325
129.373575
129.380950
129.464575
129.490100
129.536775
129.602075
129.614550
129.627325
129.654500
129.704200
129.776225
129.777250
129.854375
129.860775
129.949975
130.003950
130.105825
130.268325
130.290400
130.523225
130.562650
130.649075
130.681500
130.850825
130.868525
130.908700
130.927100
130.953850
130.986450
131.184775
131.230500
131.256800
131.287575
131.300575
131.325375
131.524600
131.536975
131.584675
131.615275
131.661100
131.666050
131.730225
131.763450
131.832025
131.915525
132.082850
132.154550
132.338700
132.375050
132.393100
132.431225
132.446650
132.616825
132.635550
132.658425
132.831225
132.897800
133.045425
133.141850
133.204225
133.228450
133.326475
133.378125
133.390575
133.400650
133.461300
134.001400
134.018350
134.082450
134.269150
134.270350
134.370950
134.410050
134.440325
134.497025
134.538550
134.632375
134.640275
134.745350
134.821625
134.868600
134.918425
134.942875
134.993000
135.002275
135.122425
135.315225
135.461375
135.523700
135.604450
135.620650
135.677575
135.731300
135.763350
135.784400
135.790700
135.808000
135.868450
136.056225
136.154800
136.455125
136.564025
136.696725
136.738025
136.775475
136.901850
136.927375
136.976075
137.102200
137.140575
137.144375
137.164775
137.168225
137.182475
137.212100
137.225925
137.234150
137.280950
137.316825
137.344875
137.353500
137.362075
137.618725
137.685150
137.839225
137.899525
138.081675
138.121300
138.252650
138.360425
138.493125
138.767475
138.817425
138.892400
138.983375
139.119200
139.210225
139.229700
139.278800
139.480500
139.507725
139.556950
139.642850
139.660575
139.675100
139.710550
139.753200
139.771825
139.958050
140.003250
140.036275
140.166375
140.169350
140.182725
140.402400
140.465550
140.574425
140.576075
140.587075
140.607300
140.622325
140.848850
141.170550
141.208700
141.271100
141.421275
141.511975
141.721650
141.752350
141.775700
141.856500
142.011700
142.282425
142.293100
142.296125
142.301075
142.522650
142.530475
142.666875
142.721475
142.736850
142.749975
142.778675
142.794300
142.852275
143.008250
143.138150
143.283700
143.335450
143.355450
143.507425
143.564450
143.610525
143.645600
143.649400
143.699950
143.724575
143.752325
143.803000
143.867500
143.876600
143.932150
143.956875
144.029550
144.103750
144.183300
144.271900
144.276800
144.306825
144.389575
144.459375
144.461525
144.593825
144.609900
144.630500
144.649450
144.793550
144.819050
145.009325
145.104775
145.149775
145.320800
145.351050
145.470475
145.539200
145.542650
145.665125
146.025800
146.120775
146.220425
146.260125
146.387025
146.549175
146.589475
146.689225
146.814525
146.869575
146.906075
147.104475
147.221850
147.308550
147.353650
147.378100
147.407775
147.448425
147.556550
147.583800
147.642700
147.677625
147.748000
147.815600
147.995200
148.030900
148.126150
148.207925
148.373425
148.375900
148.469000
148.529200
148.534675
148.725050
148.743675
148.816425
148.829850
148.914125
148.930825
148.944575
148.979450
149.086475
149.193825
149.235250
149.731125
149.959800
150.031550
150.103600
150.120300
150.175875
150.236450
150.299875
150.513700
150.626150
150.638125
150.959875
151.056900
151.264300
151.320550
151.333900
151.367375
151.562925
151.769400
151.779725
151.820425
151.928775
152.167575
152.274875
152.447150
152.501150
152.667925
152.692700
152.844625
152.872250
152.897025
152.912750
152.924325
153.117825
153.271950
153.330025
153.340950
153.346150
153.410250
153.661950
153.832775
153.870800
153.910200
153.958500
154.070875
154.079500
154.144600
154.234950
154.260575
154.262200
154.285250
154.367075
154.443150
154.472325
154.507150
154.597250
154.623150
154.684450
154.828075
154.948250
155.164600
155.334300
155.354725
155.387225
155.397100
155.436450
155.467500
155.582450
155.827000
155.999675
156.038825
156.108175
156.302225
156.466700
156.605200
156.678075
156.732700
156.887475
156.897850
156.927350
156.929600
156.943700
157.008275
157.065225
157.202000
157.327375
157.588775
157.705050
157.785450
157.801625
157.822400
157.922575
157.923875
157.967450
158.150200
158.189250
158.210925
158.224725
158.237100
158.395500
158.457600
158.476475
158.712700
158.829175
158.873850
158.916725
158.979775
158.986150
159.241825
159.307700
159.483125
159.486975
159.517500
159.613125
159.619975
159.790125
159.818175
160.062200
160.199775
160.410425
160.702000
160.832175
160.918650
160.936725
161.062000
161.100900
161.132950
161.221575
161.287125
161.321475
161.350800
161.445375
161.526325
161.630875
161.642125
162.073325
162.106950
162.394900
162.453725
162.517675
162.544000
162.577825
162.720425
162.973375
163.123375
163.299450
163.345125
163.385225
163.531850
163.610750
163.617500
163.780625
163.805325
163.858150
163.952100
164.059375
164.208725
164.314975
164.637650
164.639400
164.671100
164.845700
164.953150
165.263100
165.289525
165.351825
165.352950
165.424850
165.585275
165.785925
165.903950
166.014350
166.151650
166.233200
166.254550
166.821850
166.875625
167.054325
167.074300
167.279600
167.325750
167.367425
167.388475
167.420575
167.427100
167.843650
168.028775
168.083800
168.154475
168.262700
168.370375
168.456975
168.545625
168.655275
168.665775
168.857750
168.902025
168.934625
168.958900
169.041075
169.043400
169.127275
169.149925
169.228775
169.278150
169.370025
169.427900
169.473800
169.496200
169.801500
169.856550
169.885775
170.042650
170.067600
170.127025
170.195900
170.406450
170.480875
170.546675
170.668600
170.877025
170.902575
170.989225
171.053075
171.113150
171.193375
171.390200
171.391550
171.503775
171.670750
171.703625
171.965525
171.967475
172.000800
172.060700
172.251275
172.381150
172.433150
172.712500
172.958825
172.976125
173.000850
173.457950
173.492750
173.566650
173.632825
173.681550
173.769450
173.875950
173.891850
174.095300
174.175350
174.407450
174.496900
174.652050
174.686100
174.699300
174.743000
174.787950
174.898700
174.924275
175.081975
175.317375
175.474450
175.533525
175.540200
175.648375
175.797625
175.901450
175.971125
176.141875
176.267725
176.275175
176.339250
176.443800
176.516600
176.604750
176.749650
176.897150
176.934000
176.955475
177.025450
177.050075
177.053900
177.127050
177.165725
177.253000
177.265150
177.278500
177.352175
177.444150
177.557500
177.952675
177.994250
178.056100
178.095950
178.107900
178.272050
178.441375
178.754500
178.918150
179.097325
179.180025
179.202525
179.281800
179.493025
179.616575
179.741225
179.825325
179.940650
180.113450
180.191175
180.265000
180.308725
180.344100
180.362025
180.545725
180.718550
180.798325
180.818300
180.984475
181.083675
181.098675
181.108175
181.183900
181.246625
181.311700
181.555650
181.627225
181.779950
181.888075
181.899550
182.140875
182.243300
182.329950
182.348475
182.806325
182.850075
183.099650
183.495850
183.759825
183.804125
183.838675
183.873575
183.945275
184.098000
184.161750
184.195250
184.224750
184.338325
184.375175
184.440625
184.543650
184.657575
184.672950
184.757875
184.836975
185.006925
185.038175
185.043025
185.092950
185.242225
185.564075
185.622525
185.677650
185.687900
185.778150
185.836475
185.869725
185.899225
185.973300
186.003325
186.057300
186.323525
186.364775
186.409425
186.471900
186.499750
186.677650
186.815775
186.868400
186.994150
187.048900
187.072125
187.372775
187.903725
187.940600
187.977525
187.999400
188.062875
188.264050
188.500100
188.534425
188.597325
188.638875
188.702800
189.051400
189.162325
189.167875
189.211325
189.240425
189.469225
189.553450
189.632300
189.649575
189.679150
189.802575
189.946800
189.971225
190.042900
190.130025
190.218325
190.308025
190.385900
190.409600
190.431650
190.445000
190.603150
190.611375
190.633375
190.659775
190.740775
190.789925
190.865675
191.144025
191.339625
191.391275
191.460200
191.563150
191.587450
191.598675
191.779375
191.903325
192.035325
192.053800
192.154225
192.165625
192.309950
192.348250
192.528825
192.619125
192.703650
192.719725
192.748925
192.826325
192.829075
192.951400
192.990325
193.369425
193.399875
193.606200
193.712950
193.730225
193.778175
193.790850
193.984300
194.003925
194.038100
194.085375
194.133050
194.167725
194.186175
194.224975
194.316450
194.457475
194.624775
194.703900
194.722175
194.746100
194.808900
194.935275
194.981050
195.128350
195.140200
195.171600
195.337150
195.790600
196.098975
196.101900
196.341325
196.472250
196.749150
197.130100
197.174350
197.353500
197.370650
197.386200
197.404775
197.525825
197.544525
197.876000
197.950725
198.020200
198.276025
198.299625
198.314425
198.349075
198.610525
198.612475
198.613800
198.635275
198.832600
199.042575
199.122150
199.162825
199.271950
199.382525
199.462400
199.510600
199.553650
199.946975
200.018125
200.043925
200.099200
200.114050
200.146325
200.149175
200.243825
200.284325
200.566800
200.727250
200.839975
200.961375
201.038225
201.336350
201.536450
201.779900
201.785350
201.828475
201.899725
201.958975
202.080500
202.106300
202.135000
202.281000
202.489800
202.496075
202.591925
202.593750
202.750650
202.769225
202.785325
202.833275
203.162975
203.214125
203.227725
203.476350
203.525750
203.555175
203.698175
204.129750
204.187075
204.231925
204.328250
204.386250
204.475275
204.582550
204.596850
204.721450
204.818825
204.851275
204.911625
204.954875
205.131800
205.282200
205.293475
205.320300
205.681750
205.795750
205.872650
205.907275
206.030025
206.130150
206.680575
206.707975
206.830975
206.864000
206.890050
206.993450
207.093550
207.276275
207.663100
207.724950
207.728850
207.804850
207.884225
207.943225
207.972000
208.242800
208.326775
208.347875
208.486000
208.620525
208.647075
208.755050
209.194300
209.218450
209.487250
209.611350
209.890450
209.989975
210.031175
210.046200
210.188350
211.048150
211.081225
211.457400
211.535325
211.556025
211.628850
211.750175
211.843250
212.041650
212.264500
212.293675
212.338300
212.466525
212.704200
212.725825
212.843100
212.850325
212.938500
212.973025
213.054425
213.105900
213.156250
213.279125
213.291675
213.363250
213.411525
213.418675
213.542700
213.761325
213.902200
213.907975
214.137675
214.185750
214.404125
214.427500
214.597250
214.660100
214.843375
214.991425
215.150725
215.386550
215.488600
215.687625
215.845750
215.979100
216.027200
216.118600
216.177150
216.217650
216.331600
216.410475
216.779400
216.858975
217.043775
217.304100
217.745275
217.829775
218.101875
218.223350
218.340350
218.425425
218.441425
218.693775
218.850250
218.966975
219.113325
219.185000
219.259975
219.984675
220.135275
220.235925
220.245625
220.248300
220.401650
220.433950
220.459750
220.515925
220.545500
220.564300
220.777025
220.824350
220.941100
221.184200
221.406850
221.506775
221.559425
221.655975
221.759425
221.955550
222.015900
222.116275
222.139325
222.320575
222.536550
222.612125
222.753825
222.787825
222.830400
222.858950
222.861350
222.876450
222.916250
222.942350
222.954300
222.960250
223.128600
223.155600
223.304925
223.332675
223.413550
223.436325
223.501975
223.537775
223.557200
223.659700
223.687650
223.785300
224.008625
224.010350
224.115925
224.129575
224.191900
224.263150
224.351325
224.386850
224.487300
224.513025
224.583675
224.591500
224.613450
224.694900
224.790750
224.826350
225.061575
225.071700
225.179725
225.194800
225.236100
225.327600
225.482250
225.681625
225.697800
225.732725
225.819400
225.886075
226.095500
226.201875
226.369275
226.422300
226.493075
226.532900
226.544000
226.650725
226.760150
226.803275
226.808225
226.945450
227.073900
227.113100
227.250525
227.252725
227.320825
227.509500
227.683625
227.783850
227.887525
227.945000
228.021425
228.163625
228.282050
228.437675
228.491950
228.626250
228.633000
228.728375
228.873425
228.906900
228.961800
228.998200
229.168450
229.337050
229.441075
229.514125
229.533625
229.650475
229.668500
229.719175
229.744300
229.851050
229.917275
229.932850
230.120100
230.151425
230.533450
230.551200
230.639300
230.684775
230.811250
230.882675
230.905075
230.914075
231.004250
231.073400
231.233200
231.279350
231.328475
231.358350
231.359400
231.484250
231.767225
231.888250
231.936375
231.951400
231.972650
232.060075
232.154625
232.177275
232.223900
232.325900
232.501475
232.852025
232.854225
233.100425
233.132700
233.141325
233.647450
233.719650
233.723475
233.861275
233.886500
233.958575
233.983100
234.017075
234.042875
234.132650
234.182650
234.249025
234.362525
234.484750
234.584250
234.696500
234.834600
234.863025
234.883350
234.971575
234.986800
235.079100
235.090150
235.117300
235.123875
235.146550
235.194375
235.284925
235.304250
235.340100
235.486775
235.515475
235.549125
235.566400
235.606725
235.634075
235.749200
235.920075
235.938975
236.178175
236.310575
236.363200
236.548775
236.613950
236.661375
236.693925
236.759000
236.932825
237.035650
237.241500
237.266075
237.278525
237.398650
237.443825
237.638075
237.714225
237.770625
237.778300
237.795050
237.834800
238.024925
238.084775
238.121300
238.167250
238.230075
238.298250
238.387600
238.506200
238.641950
238.702025
238.795125
238.886500
239.062800
239.117650
239.150100
239.520175
239.677150
239.754725
239.876825
239.880675
239.965300
240.056500
240.235525
240.253900
240.296700
240.337300
240.345600
240.592825
240.632850
240.648800
240.689775
240.707025
240.721275
240.961925
241.037475
241.104875
241.226050
241.246500
241.274375
241.315925
241.350925
241.490325
241.541325
241.586725
241.676025
241.683975
241.704350
241.746475
241.863800
241.956325
241.979750
242.088075
242.106050
242.180450
242.375775
242.435725
242.464100
242.656150
242.873825
242.984575
242.988025
243.123900
243.425075
243.458000
243.589825
243.677600
243.692600
243.774525
243.891525
243.906200
243.952500
244.189525
244.338525
244.394825
244.439300
244.466525
244.651250
244.716600
244.874750
244.956250
244.991825
245.519025
245.631850
245.866400
245.884125
245.926350
246.188650
246.261700
246.369000
246.507575
246.755000
246.805900
246.999100
247.303325
247.377000
247.396575
247.425275
247.623675
247.645575
247.727000
247.798675
247.914750
247.939725
247.997825
248.056050
248.230825
248.284700
248.517225
248.561150
248.686500
248.706800
248.720850
248.754300
248.758475
248.919850
249.206450
249.292675
249.397775
249.462875
249.674650
249.706475
249.751600
249.810450
249.842825
249.927550
250.074025
250.523050
250.832325
250.845600
251.078250
251.095125
251.143450
251.482400
251.602325
251.996050
252.026600
252.201325
252.252975
252.539725
252.628525
252.670950
252.763325
252.802275
252.845650
252.947500
252.966400
253.117675
253.153600
253.181325
253.201050
253.237650
253.334375
253.363525
253.411875
253.727450
253.933300
254.058900
254.100800
254.167200
254.265375
254.504100
254.583075
254.640775
254.668100
254.706400
254.731900
254.745300
254.815900
254.863300
254.891925
254.954775
254.989375
255.029625
255.067425
255.397425
255.696750
255.703100
255.815975
255.872850
255.929650
256.205475
256.379750
256.405975
256.554375
256.688550
256.727975
256.734625
256.834500
256.894400
256.965725
257.060150
257.125775
257.162625
257.240925
257.330500
257.345575
257.623700
257.666125
257.932825
258.117750
258.178575
258.316175
258.357925
258.410900
258.440275
258.817275
258.935725
259.080300
259.124775
259.141625
259.225625
259.254875
259.406025
259.438025
259.519825
259.553125
259.634750
259.657375
259.734300
259.813050
259.970375
260.081625
260.210000
260.295650
260.374750
260.429050
260.480000
260.498500
260.521500
260.588125
260.637150
260.846600
260.891575
261.082450
261.121000
261.129900
261.134150
261.221400
261.513300
261.856800
261.892500
262.002175
262.046475
262.174875
262.203775
262.212975
262.253650
262.296000
262.301425
262.566200
262.598175
262.706425
262.735300
263.171175
263.187750
263.221325
263.254875
263.421875
263.453925
263.455550
263.474625
263.496725
263.574600
263.641975
263.749575
263.805800
263.820000
263.831175
263.983275
264.095325
264.153675
264.243875
264.294175
264.572425
264.630925
264.820975
264.833100
264.863400
264.864475
264.972925
265.122725
265.155250
265.295975
265.343050
265.396525
265.492275
265.589600
265.805875
265.895200
265.918775
265.953900
266.034050
266.114475
266.163500
266.208675
266.223625
266.332025
266.360000
266.404925
266.560425
266.627325
266.837800
266.901775
266.946300
266.997400
267.018350
267.254225
267.273550
267.290300
267.328125
267.334700
267.363200
267.585625
267.752675
267.756875
267.936800
268.015300
268.089575
268.145425
268.201650
268.213275
268.277550
268.287675
268.421700
268.539975
268.563875
268.631575
268.709475
268.754425
268.767400
268.781300
268.802825
268.838975
269.046000
269.052025
269.068200
269.093550
269.141100
269.223925
269.388900
269.423750
269.495225
269.497750
269.521400
269.587700
269.629150
269.651950
269.674925
269.765000
269.783350
269.941925
269.999600
270.073475
270.094350
270.145350
270.251525
270.261350
270.359400
270.374250
270.419025
270.585825
270.628525
270.653800
270.810400
270.916225
270.961325
271.022325
271.070450
271.224100
271.236025
271.246500
271.282600
271.347075
271.360450
271.454350
271.524900
271.693475
271.909800
272.260350
272.334300
272.364425
272.489100
272.517800
272.563550
272.650550
272.711200
272.727150
272.771225
272.777025
272.943675
273.086525
273.208350
273.277600
273.336325
273.374725
273.462650
273.566425
273.585400
273.593025
273.616075
273.722600
273.749800
273.798375
273.892000
273.934025
273.966725
273.995725
274.056700
274.167375
274.196250
274.244750
274.269250
274.307000
274.464125
274.496175
274.598350
274.671825
274.693675
274.741225
274.808550
274.881875
274.908800
274.922525
274.928000
275.036550
275.147025
275.444000
275.469600
275.509150
275.640375
275.913975
276.065900
276.174700
276.210475
276.234500
276.307575
276.500500
276.802700
276.916425
276.985825
277.059075
277.165525
277.177175
277.246950
277.283300
277.384250
277.403475
277.471150
277.568400
277.593175
277.601675
277.719300
277.844125
277.917275
277.969125
278.025350
278.056400
278.161050
278.189475
278.276125
278.300750
278.365850
278.416825
278.443850
278.522025
278.553025
278.561675
278.684325
278.692200
278.723175
278.745875
278.806725
278.817825
278.856100
278.908475
278.962500
279.077400
279.186950
279.280000
279.325225
279.357700
279.770825
279.867225
279.888025
280.046300
280.155600
280.184650
280.263000
280.308175
280.355725
280.693600
280.783800
280.790025
280.803425
280.929750
281.042650
281.146800
281.166550
281.226450
281.245625
281.335300
281.453550
281.460050
281.751825
281.873200
281.894725
282.005125
282.076650
282.108975
282.264900
282.388375
282.401400
282.411675
282.465800
282.513650
282.621600
282.866150
282.911100
282.933975
282.970250
283.074125
283.112250
283.206475
283.332250
283.384325
283.498700
283.571025
283.606525
283.840225
283.880625
283.947775
283.979475
283.995750
284.071625
284.117625
284.129125
284.213625
284.232150
284.257850
284.372150
284.661725
284.736075
284.786775
284.825300
284.857525
284.955275
285.033400
285.149900
285.245125
285.280600
285.344075
285.362750
285.428475
285.612775
285.640950
285.726900
285.795850
285.934225
286.048650
286.081400
286.108200
286.150750
286.167950
286.223825
286.342000
286.525400
286.547575
286.625400
286.687300
286.751575
286.903650
287.212775
287.256100
287.316525
287.338075
287.431275
287.482900
287.504525
287.571550
287.626225
287.740950
287.769225
287.799425
287.843575
287.994150
288.018600
288.027975
288.175450
288.192725
288.242850
288.328475
288.364025
288.382800
288.460475
288.723375
288.831050
288.865950
288.934375
289.041950
289.277175
289.400350
289.463675
289.569625
289.625675
289.756800
289.805175
289.868000
289.974025
290.085825
290.163875
290.179050
290.187425
290.226175
290.318750
290.347350
290.503375
290.613950
290.646325
290.850700
290.949800
290.953975
291.027650
291.165725
291.169300
291.199750
291.372325
291.410350
291.503975
291.505500
291.564125
291.623550
291.706900
291.757225
291.877025
292.125700
292.127075
292.273725
292.485775
292.521625
292.654375
292.662925
292.925575
293.126550
293.193350
293.208575
293.230775
293.348050
293.396400
293.412100
293.428725
293.445500
293.468875
293.543550
293.557225
293.576150
293.636925
293.831150
293.854000
293.896825
293.913200
293.950975
293.996525
294.066025
294.322700
294.328700
294.446925
294.478000
294.577300
294.634900
294.688850
294.791325
294.914475
294.954950
294.969825
294.974700
294.995700
294.997725
295.012250
295.018675
295.035600
295.195000
295.233625
295.508450
295.564675
295.915500
295.935500
295.998700
296.046750
296.139600
296.143725
296.193200
296.232075
296.252800
296.370725
296.413750
296.474050
296.507925
296.531075
296.581750
296.600075
296.679350
296.715325
296.728975
296.742725
296.882650
297.007375
297.017100
297.120525
297.166200
297.170800
297.224200
297.481200
297.504000
297.594100
297.676050
297.829375
297.893600
297.976400
298.174275
298.210350
298.232975
298.334975
298.403600
298.492150
298.645475
298.659400
298.725025
298.836500
298.859225
298.889925
298.946075
298.953450
299.044050
299.058975
299.118850
299.162275
299.220850
299.248575
299.276875
299.385475
299.404525
299.532550
299.563025
299.580950
299.591550
299.604400
299.640150
299.654225
299.714175
299.934250
300.022825
300.063575
300.082050
300.170275
300.202025
300.228400
300.285925
300.342475
300.421875
300.443275
300.477000
300.572100
300.582900
300.666375
300.900500
300.902025
300.914250
300.940800
300.955200
301.043975
301.069450
301.123550
301.156675
301.158375
301.211850
301.260025
301.286325
301.350300
301.417700
301.567750
301.624325
301.788400
301.859550
301.935200
302.037300
302.119975
302.261325
302.344100
302.389700
302.393175
302.422700
302.614175
302.648225
302.748175
303.041375
303.091900
303.182075
303.264575
303.291825
303.301775
303.659875
303.669900
303.849800
303.895050
303.952825
304.015600
304.192650
304.345300
304.365925
304.383550
304.425725
304.539925
304.551475
304.633325
304.663475
304.688900
304.707000
304.737550
304.842100
304.883325
304.893275
304.996300
305.112525
305.197675
305.241250
305.284000
305.320100
305.358275
305.471900
305.523850
305.620150
305.641525
305.651600
305.680700
305.733400
305.820650
305.907650
305.942600
306.105625
306.179100
306.203325
306.261650
306.302650
306.345275
306.409550
306.638300
306.739975
306.794600
306.832500
306.963625
306.983825
307.017750
307.068150
307.175250
307.195650
307.397375
307.464550
307.502150
307.537550
307.544325
307.624425
307.809700
307.895175
308.076875
308.116800
308.199525
308.311000
308.339100
308.345825
308.366175
308.440575
308.711900
308.718575
308.750425
308.844100
308.966950
309.060925
309.100350
309.193525
309.401300
309.688175
309.863550
309.925050
309.948475
310.046725
310.062625
310.170950
310.176350
310.224075
310.440225
310.476650
310.537725
310.646600
310.673450
310.794575
311.074175
311.193200
311.196350
311.287525
311.394475
311.408025
311.543075
311.578350
311.777925
311.926000
311.937925
311.988700
312.013850
312.042050
312.168600
312.173150
312.198125
312.208475
312.211625
312.403200
312.557150
312.640175
312.706200
312.785875
312.876975
312.903975
312.966450
312.970450
312.991050
313.037475
313.280175
313.306425
313.324850
313.399325
313.579600
313.690350
313.814800
313.883375
313.948000
314.180875
314.348475
314.381475
314.415550
314.464900
314.487950
314.538275
314.540475
314.569650
314.612075
315.022575
315.208650
315.230450
315.233925
315.301425
315.377275
315.484050
315.499300
315.670125
315.868875
315.937450
316.076925
316.104800
316.150975
316.180850
316.317075
316.370900
316.405350
316.432250
316.448925
316.470075
316.485775
316.526450
316.556175
316.684225
316.714850
316.734425
316.739675
316.774750
316.852825
316.938575
317.038625
317.087375
317.102625
317.167550
317.294900
317.317500
317.384400
317.414450
317.552375
317.611125
317.726925
317.893450
317.904700
317.945825
318.071875
318.340775
318.426600
318.449100
318.510400
318.692225
318.697225
318.817800
318.838075
318.864225
318.953050
318.958100
319.031725
319.039750
319.085300
319.128825
319.168500
319.235250
319.251975
319.267925
319.340975
319.396625
319.426275
319.443400
319.487425
319.554175
319.694075
319.731025
319.850425
320.037900
320.048800
320.133925
320.135375
320.187575
320.372425
320.573425
320.595225
320.667250
320.838725
320.910225
321.152375
321.212050
321.311175
321.409000
321.593800
321.650475
321.705750
321.713300
321.808525
321.835225
321.857875
321.900975
321.928300
321.952550
322.026125
322.033725
322.078025
322.119825
322.180425
322.249675
322.285450
322.349425
322.380025
322.448850
322.618500
322.637675
322.736450
322.826450
322.873725
322.894950
322.969925
322.987600
323.021150
323.077950
323.099900
323.355050
323.401550
323.409050
323.487800
323.565150
323.645775
323.650300
323.833725
323.911025
323.956250
324.009150
324.230175
324.301825
324.356475
324.423850
324.453825
324.490500
324.521025
324.542350
324.566175
324.594325
324.619425
324.671850
324.683250
324.718950
324.797900
324.822450
324.915175
325.028175
325.087400
325.093850
325.420025
325.431150
325.455425
325.555800
325.584200
325.615925
325.635600
325.687225
325.723425
325.740325
325.779400
325.853675
325.980075
326.011250
326.023400
326.057025
326.071800
326.269325
326.319400
326.403225
326.477150
326.507025
326.509400
326.588050
326.705675
326.737375
326.762850
326.791400
326.994800
327.098575
327.241875
327.637800
327.674775
327.697325
327.703475
327.737550
327.794025
327.874725
327.878875
327.927400
327.953925
328.021075
328.053950
328.118975
328.120550
328.171500
328.264850
328.284225
328.335375
328.353750
328.569900
328.637025
328.683750
328.705550
328.896700
328.914875
328.970325
328.996275
329.063225
329.128725
329.162050
329.241150
329.252525
329.284275
329.485925
329.500000
329.578300
329.635625
329.940400
330.006975
330.009075
330.025650
330.146400
330.228800
330.233925
330.250875
330.328000
330.399350
330.459300
330.517175
330.551100
330.610575
330.757425
330.890675
331.140600
331.197900
331.285250
331.309125
331.331675
331.351100
331.394675
331.442500
331.598950
331.629200
331.774100
331.775975
331.833800
331.870425
331.909100
331.936175
331.970100
332.105525
332.204975
332.230075
332.299375
332.385500
332.467550
332.509800
332.569700
332.669375
332.735775
332.782625
332.946400
333.083750
333.125150
333.152400
333.226550
333.244100
333.259675
333.325450
333.401425
333.472725
333.494825
333.566325
333.589750
333.631900
333.690775
333.694950
333.728000
333.867000
333.984450
334.030300
334.069525
334.158325
334.176925
334.210350
334.230950
334.275600
334.281750
334.337575
334.383425
334.441350
334.485200
334.501600
334.536375
334.544975
334.573325
334.596225
334.631525
334.651975
334.704075
334.873450
334.888975
334.946875
335.067525
335.153200
335.167500
335.178175
335.262250
335.327150
335.403925
335.463675
335.556725
335.616275
335.637850
335.798775
336.046200
336.094975
336.132100
336.148300
336.198475
336.272325
336.295575
336.326975
336.372950
336.401200
336.503125
336.563075
336.638075
336.695925
336.739675
336.811850
336.918675
336.926500
337.096650
337.207825
337.237275
337.346850
337.375425
337.392925
337.544200
337.567975
337.676625
337.809100
337.845825
337.907675
338.050850
338.083525
338.099575
338.125175
338.143675
338.231075
338.283250
338.295200
338.313800
338.374950
338.400150
338.410400
338.510475
338.537675
338.653500
338.679700
338.729700
338.801800
338.862775
338.888050
339.027750
339.224300
339.283825
339.308275
339.333200
339.376125
339.393425
339.447650
339.478925
339.502100
339.601950
339.616550
339.640475
339.750950
339.793325
339.809150
339.883600
339.886000
340.026850
340.044400
340.053475
340.079150
340.285350
340.465625
340.529600
340.595500
340.691000
340.703950
340.935050
341.044225
341.197925
341.242950
341.346175
341.360375
341.471450
341.536700
341.558275
341.667475
341.680700
341.687600
341.722100
341.814225
341.852400
342.104075
342.131500
342.190575
342.221850
342.251550
342.267125
342.298675
342.476250
342.512825
342.583250
342.600650
342.727925
342.761925
342.788225
342.910775
343.000325
343.040975
343.092925
343.105025
343.167250
343.446750
343.695025
343.825875
343.957825
343.978200
344.080625
344.132025
344.231625
344.267000
344.325125
344.357200
344.367275
344.383600
344.468950
344.478125
344.549300
344.637100
344.683550
344.706825
344.742300
344.747450
344.816500
345.014700
345.270600
345.392250
345.452950
345.552150
345.781800
345.803100
345.850125
345.871175
345.942125
346.043150
346.069300
346.084225
346.089675
346.114650
346.129775
346.255600
346.292525
346.323625
346.474250
346.517875
346.577725
346.642975
346.673300
346.778750
346.914625
346.990050
347.081625
347.112850
347.114675
347.152050
347.259425
347.341325
347.535475
347.572775
347.689975
347.713375
347.857950
347.903175
347.999825
348.019725
348.147300
348.210375
348.284250
348.332625
348.366950
348.390700
348.497600
348.508775
348.536550
348.556750
348.583525
348.604225
348.677900
348.730300
348.863700
348.879875
348.999575
349.030675
349.090425
349.114275
349.200150
349.218625
349.229825
349.318000
349.700900
349.796525
349.815075
349.974175
350.038000
350.187525
350.191250
350.208200
350.361125
350.409900
350.481650
350.495875
350.502675
350.692475
350.763325
350.825875
350.832750
350.859075
351.036325
351.076600
351.406875
351.442750
351.478075
351.503125
351.514575
351.567575
351.593800
351.653450
351.684925
351.792175
351.815275
351.843525
351.856425
351.897050
352.014425
352.097075
352.113150
352.248375
352.264625
352.295375
352.321650
352.414400
352.620500
352.656750
352.820000
352.856450
352.891000
352.913250
352.953675
352.999525
353.131975
353.137175
353.173725
353.198575
353.336800
353.352300
353.394075
353.513850
353.533625
353.594600
353.652350
353.772175
353.786725
353.799100
353.852875
353.939200
353.948800
353.999700
354.039800
354.159025
354.213700
354.250950
354.362325
354.454000
354.489700
354.526025
354.566875
354.681350
354.774075
354.848650
354.864775
354.913100
354.936675
354.993800
355.069225
355.105925
355.163575
355.214100
355.472550
355.521775
355.552850
355.575050
355.628025
355.647600
355.728350
355.752325
355.848425
355.943375
356.076350
356.135950
356.179225
356.213900
356.243400
356.254625
356.277425
356.342925
356.470450
356.479050
356.574750
356.621425
356.634350
356.660150
356.681550
356.789325
356.828725
356.893850
356.938600
356.979975
357.056425
357.181100
357.193700
357.206250
357.221525
357.231675
357.312200
357.330950
357.345300
357.361650
357.399025
357.566775
357.637500
357.654825
357.683000
357.688600
357.882500
357.954775
358.006000
358.032325
358.093075
358.200525
358.231725
358.266225
358.388375
358.616325
358.694700
358.787900
358.841500
358.964375
358.981500
359.035400
359.129300
359.164475
359.236900
359.283250
359.335175
359.401325
359.541150
359.637150
359.673425
359.691175
359.773200
359.826450
359.863700
359.905200
359.996625
360.067500
360.099675
360.239600
360.302300
360.308975
360.356675
360.376125
360.458300
360.515475
360.583700
360.680650
360.745600
360.767225
360.792850
360.845650
360.876675
361.013300
361.131700
361.145675
361.228875
361.309850
361.347025
361.382450
361.443650
361.651075
361.724275
362.093325
362.236550
362.398300
362.419600
362.457575
362.496825
363.070325
363.112550
363.200100
363.247625
363.297200
363.303875
363.400300
363.525800
363.582675
363.635950
363.676075
363.789950
363.803375
363.843000
363.864400
363.933875
363.943075
363.985175
364.001500
364.044650
364.126025
364.162450
364.230050
364.240200
364.252525
364.295850
364.472825
364.504250
364.568775
364.635075
364.647325
364.744175
364.778550
364.801075
364.836125
364.999625
365.083400
365.147475
365.181125
365.216925
365.324200
365.464775
365.617425
365.621425
365.659800
365.707025
365.789500
365.795500
365.899150
365.921475
366.044400
366.085200
366.110100
366.180750
366.256575
366.285225
366.318525
366.497900
366.535275
366.582575
366.718500
366.738125
366.935275
366.975075
367.176825
367.219375
367.297125
367.367750
367.583525
367.681675
367.753250
367.852650
367.864425
367.904125
367.991975
368.186300
368.212875
368.351200
368.539350
368.747250
368.888800
368.968150
369.047475
369.194275
369.255650
369.383800
369.461850
369.543925
369.648725
369.701475
369.724725
369.805825
369.820300
369.852650
370.025525
370.050800
370.088550
370.127650
370.132425
370.154700
370.182150
370.433650
370.445325
370.452975
370.571000
370.601075
370.620775
370.687600
370.712600
370.756125
370.826825
370.898875
371.015650
371.114250
371.158150
371.213625
371.338825
371.440175
371.472750
371.604900
371.636175
371.662175
371.681300
371.931800
371.955950
372.001725
372.020475
372.103200
372.147125
372.214475
372.243825
372.315300
372.381775
372.407825
372.421225
372.445525
372.486975
372.567850
372.692625
372.727175
372.732125
372.900050
372.937525
373.031275
373.164100
373.234925
373.331600
373.386025
373.418100
373.758375
373.817175
373.910225
373.991900
374.045600
374.048350
374.061875
374.152525
374.156775
374.364525
374.450400
374.479050
374.493000
374.552800
374.554425
374.569575
374.586150
374.597250
374.639050
374.712775
374.743525
374.816725
374.819775
374.854375
374.924775
374.943050
374.962125
374.977550
375.039950
375.142575
375.248550
375.279850
375.305525
375.341750
375.436500
375.441000
375.629200
375.687175
375.760575
375.858400
375.945525
375.988100
376.035725
376.109875
376.154900
376.299100
376.360900
376.365975
376.552675
376.595725
376.763075
376.798475
376.821650
376.843825
376.865550
376.932350
377.028750
377.111350
377.128800
377.164825
377.275450
377.311750
377.331725
377.398650
377.441150
377.468250
377.558325
377.573125
377.613375
377.645900
377.648150
377.755575
378.002225
378.041325
378.119475
378.215600
378.220625
378.257600
378.613075
378.649100
378.708400
378.741750
378.771575
378.822625
378.852525
378.908675
378.925375
378.940925
378.980575
379.046750
379.073200
379.091825
379.219675
379.331950
379.416900
379.531425
379.713625
379.812700
379.820800
379.912750
379.925925
380.022175
380.073300
380.118225
380.159450
380.203750
380.257075
380.273950
380.288125
380.354425
380.397050
380.523500
380.657600
380.712050
380.736450
380.821525
381.107475
381.155475
381.256075
381.309150
381.332250
381.512900
381.536900
381.582400
381.628875
381.647425
381.676350
381.770800
381.881350
381.902525
381.927125
381.958825
382.063525
382.205525
382.212825
382.240325
382.335900
382.405950
382.484575
382.535150
382.553550
382.623150
382.754525
382.859900
382.958275
382.992150
383.067925
383.120925
383.160450
383.449300
383.535250
383.556775
383.609075
383.645250
383.664650
383.672325
383.873975
383.965175
384.098700
384.147175
384.185875
384.273075
384.382275
384.484300
384.485950
384.509225
384.593000
384.638350
384.691850
384.802800
384.824450
384.901925
384.905075
384.965250
385.051625
385.070575
385.110225
385.131125
385.279950
385.396250
385.427275
385.470750
385.479475
385.535000
385.575525
385.607525
385.731125
385.861500
385.880100
385.890675
385.934225
386.036625
386.117925
386.139525
386.232675
386.271875
386.319400
386.438875
386.498675
386.526300
386.538500
386.604650
386.630225
386.650750
386.680950
386.764600
386.829350
387.027200
387.039500
387.055875
387.107800
387.142800
387.167475
387.253800
387.258300
387.374900
387.450000
387.469925
387.502500
387.530550
387.579325
387.610125
387.655400
387.660200
387.686425
387.717350
387.740125
387.762025
387.781900
387.796975
387.835650
387.874425
388.227375
388.273500
388.420225
388.476425
388.519550
388.537675
388.563375
388.657000
388.756750
388.768275
388.773600
388.798800
388.895775
388.943875
389.007750
389.024025
389.053175
389.116200
389.162300
389.172500
389.205300
389.250325
389.275425
389.293325
389.481075
389.529775
389.591500
389.623775
389.716775
389.903525
390.112625
390.175875
390.193600
390.199575
390.203600
390.227500
390.331325
390.352025
390.439725
390.552825
390.560975
390.587325
390.658450
390.703625
390.727550
390.838375
390.860425
390.874250
390.970350
391.080275
391.113400
391.208300
391.392500
391.394925
391.446875
391.471550
391.487625
391.552175
391.627225
391.775100
391.788850
391.818475
391.923225
391.924600
391.949475
391.966450
392.071725
392.273575
392.341875
392.359075
392.657900
392.667100
392.692400
392.806675
392.932175
393.001100
393.056250
393.121050
393.280475
393.333775
393.517550
393.633300
393.681975
394.088950
394.183075
394.192925
394.260750
394.275875
394.339600
394.380425
394.549400
394.606500
394.624025
394.650725
394.735625
394.774225
394.802100
394.900075
394.907750
394.975275
395.089400
395.108675
395.134175
395.156500
395.214800
395.225225
395.267375
395.532800
395.590200
395.622950
395.670425
395.691175
395.720725
395.797450
395.822450
395.832175
395.883350
395.930550
395.980675
396.013150
396.073800
396.111950
396.145100
396.247950
396.470950
396.485050
396.536675
396.732725
396.820200
396.853275
396.923000
396.995950
397.011750
397.050825
397.122475
397.152300
397.175875
397.212250
397.264250
397.292075
397.297350
397.394075
397.400925
397.487950
397.529850
397.585925
397.694375
397.878400
398.025750
398.048400
398.068025
398.146100
398.203075
398.237925
398.375025
398.410825
398.430550
398.521800
398.529850
398.546125
398.567050
398.576525
398.660025
398.677525
398.721200
398.800600
398.809050
398.838925
398.859275
398.896275
399.005875
399.074625
399.106775
399.161575
399.196225
399.240100
399.338175
399.426175
399.479800
399.609900
399.663125
399.690150
399.713450
399.747275
399.783150
399.800000
399.874800
399.905950
400.024025
400.041200
400.138450
400.158075
400.184300
400.239500
400.273500
400.310650
400.373425
400.466150
400.511275
400.537350
400.597050
400.643150
400.744050
400.771550
400.816300
400.900675
400.952625
400.973000
400.999475
401.088200
401.110050
401.162825
401.169900
401.214250
401.397325
401.435750
401.512950
401.544300
401.626675
401.651175
401.667275
401.710350
401.818650
401.896575
401.991025
402.064050
402.078625
402.097200
402.135775
402.166700
402.272475
402.372875
402.578450
402.713025
402.761200
402.839350
402.891525
402.986150
403.167250
403.342475
403.411050
403.452100
403.501700
403.536675
403.631950
403.651825
403.710450
403.743275
403.750900
403.766725
403.870450
403.976675
403.983150
404.066725
404.296025
404.380325
404.392625
404.416225
404.446450
404.463700
404.525075
404.597650
404.676175
404.739450
404.750550
404.764650
404.788350
404.810800
404.851550
404.890850
404.905400
404.927050
404.959325
405.018050
405.058375
405.077350
405.204750
405.236825
405.250100
405.270925
405.300325
405.321775
405.337875
405.347925
405.393400
405.406775
405.437350
405.463625
405.477150
405.544500
405.562500
405.578425
405.598600
405.629625
405.654775
405.670975
405.718125
405.768075
405.852200
405.868425
405.888050
405.928800
405.950725
406.071475
406.085600
406.110350
406.198875
406.215025
406.223725
406.254825
406.284725
406.321650
406.333375
406.345400
406.359825
406.405075
406.527600
406.561500
406.580250
406.622600
406.647900
406.665975
406.678125
406.709125
406.864475
406.984400
407.007075
407.023175
407.047900
407.078625
407.161500
407.185100
407.206000
407.234975
407.311775
407.324050
407.388550
407.447950
407.468075
407.516975
407.598475
407.654600
407.702150
407.738325
407.806275
407.823350
407.834300
407.878575
407.915675
408.027075
408.049350
408.075750
408.137800
408.170225
408.221775
408.227375
408.390650
408.405525
408.516550
408.585550
408.588200
408.659425
408.686475
408.709325
408.842250
408.875800
408.987300
408.995500
409.012825
409.056950
409.062700
409.074350
409.101375
409.248425
409.315125
409.335475
409.347850
409.386700
409.422150
409.513825
409.664825
409.696200
409.808325
409.826925
409.992100
410.004725
410.066800
410.131025
410.156650
410.197000
410.209050
410.223150
410.235575
410.248100
410.298025
410.311700
410.331100
410.389275
410.447425
410.473275
410.484875
410.519250
410.565875
410.780175
410.795100
410.849525
410.880075
410.949150
410.959725
411.026125
411.175225
411.183100
411.207325
411.304725
411.344900
411.362800
411.378000
411.404325
411.470175
411.498050
411.697075
411.806875
411.909350
411.969475
411.988275
412.083350
412.095100
412.120350
412.139900
412.151175
412.189825
412.220950
412.238650
412.249350
412.271075
412.383800
412.396450
412.493375
412.588975
412.622425
412.680800
412.703250
412.712675
412.972425
413.013525
413.065425
413.163600
413.208875
413.226475
413.249325
413.270850
413.298700
413.314000
413.375700
413.461325
413.479775
413.522100
413.570550
413.644100
413.659225
413.685150
413.707375
413.743675
413.756900
413.773400
413.805875
413.821425
413.857575
413.927925
414.000825
414.040075
414.138775
414.217650
414.254650
414.277125
414.316075
414.388825
414.448775
414.535175
414.621875
414.698175
414.707025
414.854725
414.928200
414.969225
415.079925
415.082450
415.115250
415.201575
415.274775
415.409675
415.463050
415.552475
415.830150
415.903975
415.998950
416.018700
416.041850
416.048000
416.113850
416.130525
416.168100
416.177050
416.194400
416.434775
416.607400
416.618725
416.635175
416.716825
416.761800
416.784950
416.868900
416.989125
417.009875
417.057625
417.074325
417.098400
417.148400
417.218700
417.333700
417.422075
417.624300
417.629475
417.660450
417.718625
417.729400
417.750650
417.796625
417.897200
417.929650
417.984050
418.029225
418.125375
418.235025
418.251900
418.293125
418.302000
418.386150
418.416750
418.425975
418.477150
418.671700
418.722675
418.744275
418.761400
418.776725
418.866400
418.989200
419.040425
419.115200
419.259100
419.261375
419.419550
419.521825
419.546000
419.617900
419.634450
419.722325
419.824025
419.878225
419.923525
420.064550
420.089150
420.149050
420.228500
420.257300
420.277875
420.338825
420.434050
420.479450
420.544900
420.554850
420.636850
420.683650
420.729550
420.795225
420.959750
421.006800
421.030275
421.031050
421.083375
421.108625
421.382450
421.459050
421.517250
421.545925
421.574950
421.619825
421.639875
421.722950
421.729175
421.740500
421.750000
421.765475
421.774575
421.787275
421.790050
421.851575
421.913500
421.978250
422.016275
422.029875
422.068225
422.102900
422.158975
422.462375
422.492275
422.516375
422.565100
422.682375
422.730800
422.733175
422.759850
422.807025
422.853950
422.860850
422.941400
422.957275
422.983050
423.014050
423.020200
423.063725
423.114350
423.294725
423.351200
423.374500
423.391900
423.448100
423.490500
423.565675
423.643225
423.769675
423.830075
423.874925
423.917275
424.005425
424.032700
424.056825
424.102250
424.153350
424.168800
424.208425
424.232125
424.267600
424.287050
424.354825
424.376925
424.612325
424.706800
424.885650
424.914475
424.945475
424.959425
424.965775
425.022600
425.061450
425.215025
425.220625
425.253875
425.270750
425.403275
425.453175
425.526625
425.625075
425.712525
425.867025
425.890575
425.961525
426.012625
426.038125
426.065325
426.150775
426.188075
426.220100
426.249525
426.287175
426.307425
426.334400
426.359200
426.380500
426.413025
426.510800
426.732000
426.735200
426.819175
426.958100
426.964475
426.995675
427.075650
427.144325
427.178175
427.281050
427.379550
427.407000
427.423125
427.445550
427.518275
427.573425
427.610600
427.619500
427.829050
427.951925
427.973375
427.982625
428.033575
428.046275
428.102975
428.165400
428.202575
428.278075
428.303450
428.321250
428.396575
428.453150
428.491325
428.527600
428.566075
428.568500
428.712425
428.840575
428.908950
429.003600
429.020025
429.046175
429.198975
429.282325
429.343450
429.404625
429.437425
429.493900
429.522125
429.565000
429.640175
429.675100
429.750850
429.798700
429.842200
429.870450
429.897975
429.945550
430.055300
430.081450
430.235975
430.285000
430.300725
430.372725
430.440350
430.565550
430.603025
430.662575
430.697175
430.705300
430.730625
430.864950
430.930275
430.969750
431.019000
431.168250
431.200550
431.240325
431.310500
431.445425
431.471650
431.494900
431.557175
431.578825
431.658500
431.721425
431.741875
431.756000
431.860575
431.888025
431.906950
431.926675
431.956850
431.961600
432.000625
432.058200
432.081675
432.105825
432.124125
432.162175
432.197675
432.321200
432.375750
432.410550
432.457450
432.476925
432.610075
432.657500
432.686200
432.751900
432.822075
432.898850
433.018900
433.059475
433.094550
433.124900
433.135700
433.203625
433.275150
433.310350
433.320925
433.353025
433.363150
433.450150
433.472775
433.561325
433.600825
433.680000
433.712525
433.857875
433.876575
433.940575
433.981850
434.014100
434.035750
434.066825
434.070125
434.179600
434.197900
434.215500
434.268100
434.365050
434.418800
434.476350
434.582600
434.599175
434.615150
434.641225
434.651700
434.698625
434.742600
434.820525
434.833175
434.842000
434.859425
434.882575
434.908950
434.934875
434.950775
434.973175
435.030750
435.083600
435.113375
435.208325
435.222350
435.266450
435.288925
435.313425
435.338425
435.615000
435.664875
435.701400
435.788400
435.810400
435.944050
435.995525
436.064075
436.200325
436.262375
436.299400
436.315225
436.388925
436.586575
436.603125
436.638400
436.657600
436.673725
436.676900
436.747375
436.774150
436.803375
436.829075
436.867850
436.884625
436.907150
436.927050
437.018575
437.057675
437.095525
437.130050
437.221725
437.262175
437.280725
437.311425
437.406075
437.494725
437.560800
437.698200
437.777700
437.802700
437.826050
437.831000
437.967000
438.037350
438.133475
438.263275
438.287750
438.352925
438.373350
438.419275
438.451150
438.473525
438.499350
438.608050
438.652400
438.750375
438.775050
438.800250
438.829425
438.833650
438.911350
438.973850
439.009900
439.027100
439.050275
439.073225
439.108000
439.132525
439.151575
439.170925
439.195100
439.211125
439.236000
439.298050
439.314750
439.358400
439.528900
439.544500
439.565400
439.607350
439.625150
439.673450
439.694525
439.713025
439.756650
439.930500
439.935800
439.964050
439.980050
440.014975
440.032025
440.042475
440.100575
440.199575
440.219325
440.315325
440.346125
440.381350
440.545275
440.643450
440.681350
440.715625
440.779175
440.784275
440.811900
440.840500
441.054500
441.083800
441.215050
441.238175
441.273175
441.373750
441.422325
441.440350
441.570550
441.648425
441.726675
441.752150
441.798300
441.841550
441.871150
441.885550
441.931150
441.996000
442.014150
442.064500
442.080225
442.103775
442.232675
442.292275
442.383325
442.431275
442.441300
442.590525
442.611400
442.627550
442.651950
442.678625
442.724550
442.749025
442.831275
442.862875
442.879075
442.925375
442.958500
443.010425
443.044175
443.076675
443.099300
443.164100
443.184050
443.211225
443.319950
443.353550
443.416975
443.515750
443.544775
443.571675
443.619825
443.693675
443.695075
443.833150
443.888175
443.913225
443.939725
443.997975
444.063800
444.108850
444.148075
444.261550
444.269950
444.295525
444.326075
444.475925
444.518925
444.744625
444.774625
444.870800
444.896975
444.977875
445.025900
445.049850
445.135750
445.218300
445.230250
445.234525
445.280950
445.336850
445.353575
445.453825
445.517350
445.541550
445.735650
445.785750
445.826300
445.833775
445.859625
445.887850
446.012550
446.036775
446.097625
446.132975
446.205250
446.227350
446.326025
446.422750
446.446075
446.463675
446.532925
446.552375
446.680575
446.742525
446.799325
446.868900
446.957425
446.985375
447.017950
447.031800
447.124325
447.165675
447.182450
447.204450
447.240050
447.286625
447.310475
447.326675
447.360850
447.419675
447.471850
447.525750
447.573650
447.586550
447.689725
447.718275
447.737150
447.740225
447.766650
447.808800
447.833325
447.943600
447.993600
448.056125
448.109700
448.131300
448.147775
448.159150
448.202975
448.228600
448.275300
448.353250
448.448925
448.467275
448.508950
448.526925
448.586900
448.714075
448.736175
448.758550
448.816525
448.900500
448.946925
448.973800
449.014725
449.022400
449.155450
449.194700
449.241425
449.321175
449.368850
449.390500
449.419950
449.448350
449.466875
449.485150
449.552550
449.590075
449.615475
449.693275
449.714325
449.794050
449.860125
449.915050
449.948900
449.976250
450.087600
450.108100
450.115250
450.126775
450.184850
450.231200
450.268850
450.288600
450.394225
450.516450
450.560700
450.573275
450.587775
450.654125
450.669425
450.700750
450.818675
450.831175
450.855900
450.885425
450.915575
450.923025
450.933575
450.939825
450.966425
451.003425
451.020225
451.057625
451.095325
451.217825
451.265075
451.281375
451.297075
451.307725
451.339800
451.349075
451.373325
451.395300
451.416525
451.431250
451.453825
451.526800
451.585550
451.661075
451.704100
451.720925
451.817525
451.870575
451.903075
452.020950
452.099450
452.149650
452.267775
452.282150
452.384025
452.410550
452.427725
452.474850
452.529650
452.601425
452.619500
452.640075
452.653150
452.664000
452.699675
452.722675
452.741975
452.819875
452.858625
452.887500
452.931675
452.947275
452.956850
452.971375
452.987850
453.001000
453.022075
453.046800
453.079625
453.094750
453.108475
453.156525
453.219225
453.236175
453.249175
453.271600
453.363825
453.381775
453.459675
453.483075
453.509800
453.523950
453.538925
453.600350
453.614725
453.630300
453.643850
453.666200
453.684800
453.700375
453.719525
453.727325
453.741175
453.785575
453.799300
453.813950
453.840375
453.901050
453.916950
453.929300
453.965775
453.981250
454.003325
454.071700
454.143550
454.160925
454.197400
454.245625
454.257475
454.291600
454.332575
454.356275
454.421300
454.449650
454.487900
454.514150
454.562950
454.675850
454.716300
454.787175
454.810900
454.877500
454.941275
454.964300
455.045300
455.079100
455.109325
455.197375
455.215975
455.239475
455.259250
455.384950
455.410275
455.485150
455.672825
455.705600
455.779000
455.806075
455.864275
455.883450
455.948325
456.001900
456.025025
456.037950
456.054625
456.067975
456.124350
456.140700
456.197450
456.233875
456.254825
456.320950
456.335375
456.383800
456.433325
456.496100
456.509025
456.528900
456.545600
456.590300
456.641775
456.654750
456.671775
456.723050
456.820200
456.833275
456.901250
456.936425
457.003575
457.029250
457.077650
457.143225
457.167325
457.224075
457.280750
457.296850
457.328325
457.381150
457.433175
457.450900
457.470025
457.488800
457.513850
457.568950
457.617775
457.630575
457.674525
457.755550
457.777775
457.847100
457.866700
457.915250
457.963425
458.014625
458.099950
458.121500
458.215975
458.266825
458.303275
458.319250
458.334150
458.389850
458.413175
458.489300
458.524975
458.620775
458.746875
458.775575
458.832975
458.852350
458.875750
458.921200
458.944625
458.965300
458.983150
459.180475
459.209900
459.296775
459.354425
459.380950
459.430975
459.463375
459.530425
459.653250
459.793550
459.796850
459.805875
459.831050
459.861800
459.896750
459.926425
460.021475
460.074475
460.212150
460.255450
460.331325
460.470350
460.502500
460.637650
460.663625
460.686600
460.720750
460.753000
460.809725
460.886950
460.914175
460.950950
460.965450
460.983350
461.066800
461.160475
461.215900
461.248775
461.268875
461.336950
461.398975
461.477375
461.520725
461.565675
461.599825
461.709125
461.867325
461.916325
461.939125
461.967625
462.036525
462.057925
462.105275
462.120425
462.207250
462.356550
462.441300
462.460925
462.576125
462.722725
462.747500
462.782400
462.804775
462.807200
462.967625
463.051300
463.071050
463.108850
463.221525
463.260875
463.313075
463.357875
463.359475
463.427125
463.475925
463.533750
463.573675
463.592025
463.853875
463.907075
463.986100
464.020300
464.031525
464.138450
464.188175
464.207175
464.215875
464.326075
464.345175
464.410400
464.545400
464.602025
464.687300
464.716050
464.719625
464.759850
464.775800
464.840900
464.885475
464.961725
464.989900
465.201475
465.247475
465.400200
465.515975
465.528925
465.622825
465.643850
465.686200
465.719275
465.784800
465.786350
465.858975
465.898275
466.049325
466.081075
466.111600
466.173825
466.236600
466.306500
466.311375
466.326750
466.353650
466.387675
466.441800
466.481800
466.532800
466.535375
466.575600
466.598875
466.602675
466.641750
466.697975
466.766050
466.780200
466.794550
466.887400
466.929175
467.011700
467.095225
467.114050
467.222000
467.382825
467.515425
467.537800
467.567625
467.605400
467.667725
467.824775
467.872225
467.957700
468.002500
468.016125
468.025025
468.027725
468.041275
468.118050
468.227350
468.410500
468.428850
468.430375
468.525625
468.555850
468.608375
468.631725
468.682425
468.723525
468.778325
468.906525
468.931575
468.949975
468.984450
469.010275
469.045950
469.053875
469.134725
469.154000
469.278025
469.368450
469.389600
469.415575
469.436850
469.478350
469.590525
469.697850
469.795000
469.900775
469.905325
469.955875
470.015950
470.035100
470.054975
470.066850
470.162950
470.223250
470.283350
470.368300
470.391525
470.433775
470.475425
470.525525
470.563750
470.570000
470.646150
470.665575
470.711750
470.727825
470.771025
470.802025
470.827575
470.932375
470.948425
471.002050
471.028350
471.088575
471.132325
471.164375
471.179325
471.279450
471.372850
471.472375
471.507075
471.527600
471.534800
471.571400
471.646875
471.652325
471.754900
471.782475
471.828025
471.839375
471.920125
472.016300
472.050750
472.176775
472.228775
472.361275
472.446575
472.484325
472.503875
472.553550
472.566175
472.593725
472.636350
472.670600
472.687075
472.690875
472.702875
472.730800
472.753350
472.799225
472.936950
473.031725
473.058625
473.127025
473.182200
473.241150
473.360650
473.399475
473.419800
473.450050
473.482950
473.513600
473.571400
473.689825
473.728650
473.732025
473.933700
474.038475
474.108625
474.121050
474.138000
474.162450
474.250375
474.278675
474.370450
474.384175
474.400475
474.446825
474.452925
474.458650
474.488500
474.510825
474.517375
474.551450
474.675875
474.738100
474.757625
474.841600
474.890450
474.943375
474.958350
475.098650
475.149625
475.189000
475.241650
475.254750
475.268500
475.309125
475.321850
475.367425
475.414400
475.472650
475.525500
475.553075
475.598675
475.735925
475.745825
475.899925
475.929075
476.005550
476.039000
476.074900
476.084200
476.094475
476.169500
476.198775
476.225625
476.243975
476.249900
476.375925
476.401550
476.418075
476.459400
476.581375
476.628075
476.643150
476.663975
476.710400
476.719800
476.787275
476.791050
476.839925
476.892575
476.935325
476.987400
477.013550
477.031100
477.055925
477.083600
477.140900
477.176775
477.206850
477.226325
477.287975
477.311775
477.388025
477.404325
477.473550
477.556325
477.577375
477.626600
477.647450
477.670050
477.863725
477.934125
477.955925
477.973700
478.019525
478.041025
478.075950
478.093850
478.122000
478.126225
478.220325
478.246875
478.317100
478.359750
478.360825
478.397150
478.441575
478.470750
478.577175
478.612825
478.633225
478.743425
478.807175
478.833475
478.839975
478.844100
478.941350
478.984575
479.018300
479.045025
479.070025
479.073150
479.116875
479.150575
479.172275
479.227350
479.260375
479.294150
479.358500
479.410025
479.549100
479.608125
479.733150
479.753875
479.793825
479.847775
479.929675
479.931400
479.987275
480.020925
480.049975
480.080775
480.100000
480.133300
480.137450
480.162325
480.211775
480.239250
480.267375
480.307700
480.414900
480.468425
480.476500
480.525850
480.603750
480.636375
480.663525
480.680075
480.727000
480.761950
480.828525
480.830325
480.856725
480.879825
480.903175
480.938325
480.977775
481.042950
481.069175
481.133250
481.157400
481.181525
481.193425
481.257075
481.296675
481.322100
481.350200
481.376700
481.389025
481.429050
481.504225
481.601425
481.654100
481.671125
481.693225
481.733025
481.790675
481.850750
481.871400
481.890650
481.966750
482.036975
482.082750
482.099725
482.118500
482.159750
482.337275
482.395850
482.427775
482.518325
482.619750
482.679000
482.789600
482.823025
482.849725
482.870200
482.905100
482.936775
482.983725
483.014775
483.162050
483.237325
483.285175
483.295775
483.369275
483.473250
483.586275
483.628875
483.655700
483.715075
483.731450
483.836000
483.863750
483.877425
483.907775
483.935450
483.959250
483.993875
484.019000
484.024500
484.051725
484.140925
484.159900
484.172275
484.302250
484.326025
484.352300
484.419225
484.444475
484.454425
484.481700
484.516500
484.596400
484.640300
484.656700
484.677725
484.689025
484.727175
484.742250
484.770725
484.852575
484.853875
484.867800
484.926500
484.942375
485.075375
485.167025
485.212025
485.239525
485.263500
485.319575
485.337650
485.357275
485.374375
485.421675
485.453200
485.469800
485.489425
485.500950
485.518625
485.538400
485.549750
485.562500
485.599025
485.623225
485.684575
485.700025
485.712400
485.737725
485.763725
485.779100
485.831350
485.934025
485.943600
485.978175
485.994275
486.045150
486.083350
486.096000
486.114675
486.145900
486.273375
486.291500
486.311800
486.312925
486.330125
486.380800
486.397425
486.417800
486.457475
486.470950
486.485425
486.543950
486.559525
486.583050
486.593950
486.621375
486.623350
486.640675
486.692750
486.701700
486.792375
486.842150
486.855225
486.889975
486.905575
486.968050
486.985275
486.999175
487.030750
487.050000
487.087650
487.139750
487.193125
487.229425
487.259425
487.299250
487.323725
487.329325
487.360300
487.420775
487.444475
487.492650
487.512900
487.587100
487.613425
487.633400
487.649000
487.681525
487.710700
487.728625
487.850775
487.906725
487.939900
487.981375
487.994350
488.009650
488.019425
488.045625
488.062175
488.100950
488.115500
488.154325
488.185825
488.235900
488.370475
488.404300
488.407500
488.436600
488.487825
488.525475
488.584050
488.596600
488.631925
488.653600
488.670525
488.711400
488.748500
488.791875
488.831250
488.854525
488.927750
488.941300
488.955500
488.988525
489.001975
489.015500
489.102125
489.183700
489.236825
489.269800
489.290675
489.321300
489.337800
489.357725
489.379875
489.398750
489.442475
489.478900
489.498475
489.518250
489.576125
489.623050
489.637100
489.670725
489.684000
489.722050
489.778725
489.830775
489.868850
489.892300
489.907650
489.928725
490.033450
490.053700
490.059075
490.143325
490.153150
490.213775
490.243975
490.274925
490.346800
490.391000
490.418500
490.489150
490.509600
490.575375
490.611150
490.634100
490.718325
490.747925
490.790475
490.882825
490.899025
490.966425
491.005425
491.024950
491.073325
491.087275
491.107975
491.123900
491.139350
491.156275
491.194250
491.206250
491.219575
491.234275
491.248825
491.263500
491.287225
491.326500
491.343950
491.417000
491.436425
491.482100
491.600850
491.657475
491.680950
491.724275
491.852100
491.895900
491.915875
492.015925
492.052875
492.140325
492.177425
492.195850
492.225825
492.243375
492.291075
492.305000
492.344025
492.360050
492.455925
492.533325
492.584650
492.677075
492.718375
492.731775
492.745000
492.777950
492.846450
492.887650
492.911125
492.948000
492.960025
492.985825
493.076775
493.113550
493.177350
493.236775
493.353575
493.456575
493.483225
493.504425
493.521825
493.548400
493.605625
493.619700
493.657350
493.734850
493.789625
493.794275
493.814575
493.829025
493.973550
493.991125
494.019275
494.033775
494.068650
494.079950
494.147825
494.177325
494.219150
494.259750
494.277975
494.352600
494.428225
494.457225
494.473975
494.520275
494.538600
494.553350
494.583650
494.618925
494.748275
494.811975
494.910325
494.967275
495.073175
495.104200
495.133125
495.161650
495.187950
495.274550
495.317625
495.383225
495.402075
495.503150
495.535750
495.552275
495.597550
495.626325
495.703700
495.721550
495.741550
495.815600
495.828650
495.860125
495.900275
495.930700
496.009300
496.024825
496.190175
496.206625
496.227125
496.376425
496.453500
496.549425
496.604350
496.627450
496.644025
496.667825
496.685875
496.701475
496.753300
496.892175
496.911875
496.987425
497.018000
497.096725
497.120625
497.157050
497.195050
497.222375
497.241000
497.384975
497.404075
497.451150
497.472250
497.528700
497.542750
497.612575
497.631200
497.746000
497.765800
497.822875
497.842375
497.866375
497.881075
497.889925
498.063625
498.089300
498.130375
498.147175
498.175650
498.196050
498.209075
498.257525
498.450850
498.453725
498.571625
498.650450
498.696925
498.698250
498.704275
498.756200
498.766100
498.801900
498.841775
498.860725
498.884675
498.961525
499.010600
499.100725
499.103275
499.129875
499.165075
499.201200
499.233625
499.300100
499.328375
499.401550
499.404700
499.419400
499.435600
499.532825
499.646225
499.737975
499.775650
499.776875
499.894750
499.909200
499.967950
500.035625
500.100625
500.125725
500.147975
500.235100
500.266025
500.283425
500.307225
500.325200
500.347575
500.358200
500.399725
500.424025
500.444000
500.556025
500.574000
500.635525
500.642975
500.651925
500.705525
