0.725700
1.605000
1.917875
1.998625
2.135650
2.461875
3.602425
4.398750
4.532600
4.981100
5.703475
6.324700
6.404375
6.476900
6.588450
6.624375
6.910800
7.101100
7.331100
7.399575
8.285150
9.369725
9.385900
9.584225
10.913775
11.044750
11.481725
12.026100
12.315475
12.776100
13.140800
13.182025
13.642850
14.011675
14.334150
14.424250
15.163075
15.467300
16.000825
16.656875
16.868850
16.910050
17.506400
17.603225
17.660300
17.721550
17.810625
17.952450
18.000700
18.728500
18.795275
18.890800
18.918050
19.083150
19.966675
21.080950
21.646075
21.869525
22.147275
22.239300
22.782800
22.910000
22.935575
22.989325
23.151075
23.238000
23.280175
24.226350
25.046600
25.139275
25.160675
25.507275
26.831675
26.899100
28.001025
28.909500
29.022350
29.533600
30.438100
30.493350
31.898575
32.041400
32.374450
32.839500
33.961025
34.392000
35.069350
35.074150
35.817900
35.847000
36.232425
38.009750
38.330800
39.722000
40.282925
41.452250
41.515425
42.243425
43.377725
43.750400
44.034700
44.105875
44.113775
44.221900
44.843525
44.948450
45.798100
47.304850
47.555525
47.818850
48.064325
48.158600
48.236425
48.350175
49.540450
49.959150
50.693900
50.818525
51.030675
51.076350
51.426150
51.919225
51.985950
52.340975
52.512850
53.767000
54.019450
54.150525
54.554100
55.308875
55.741000
56.611300
56.776950
57.094725
57.848700
58.332700
58.629775
59.080800
59.376300
59.416575
60.030425
60.322050
60.626050
61.947725
62.030625
62.110225
62.240725
64.097925
64.125050
64.733600
65.278800
67.452550
67.530250
67.994875
68.434150
68.478125
68.700050
69.312975
69.515125
69.949850
70.280700
70.765300
71.154625
71.404900
71.762725
72.041175
72.678850
72.802700
73.081650
73.430550
73.456025
73.591525
74.372050
75.365000
75.531275
75.637025
75.920125
76.374700
77.244225
77.484200
77.691775
77.843400
78.409150
78.921950
80.329350
80.519050
80.565200
80.841675
80.932075
80.966600
81.365550
81.435150
82.041750
82.155100
82.199800
82.755900
83.096225
83.406500
83.492225
83.603375
83.979100
84.092000
84.272125
84.300025
84.461350
85.151575
85.799225
86.089350
86.339200
86.434375
87.604950
87.987650
89.007625
89.073325
89.294425
89.383200
90.670900
90.903750
90.949625
91.614575
91.720175
92.362800
92.505000
92.696075
92.829000
92.986250
93.127225
93.502050
93.622350
94.019925
94.273650
94.463650
94.569975
94.625175
94.913875
95.035325
96.051925
96.456250
96.808650
97.021800
97.207550
98.161300
98.178100
98.274700
98.762350
99.042375
99.787150
99.943175
99.977450
100.559950
101.944850
102.289925
102.301600
102.828800
103.102400
103.309775
103.660975
103.767800
103.815725
103.938250
104.744750
105.131975
105.196450
105.498825
106.902975
107.020275
107.246350
107.741050
109.024400
109.373250
109.915250
111.074050
111.647750
112.599400
113.800475
113.853575
113.909625
113.952450
114.162125
114.195375
114.330750
114.775975
114.810250
117.171625
117.196700
117.625750
117.992100
118.213900
118.253850
118.348875
118.599750
118.667425
119.013825
119.031000
119.167050
119.397600
119.759125
119.823875
120.219025
120.586450
120.672300
120.690900
120.766100
120.891450
121.158000
121.449850
122.583200
122.662350
122.725950
122.803675
123.412200
123.662125
124.058975
124.840875
125.392500
126.198150
126.497550
127.179625
127.394525
127.627550
127.971775
128.003500
128.662000
128.663675
129.173650
129.557550
129.676125
130.066475
130.296025
130.402675
130.488625
130.535025
130.796900
131.335625
131.952325
132.111975
132.428350
132.441800
132.502125
132.573925
132.628625
132.894275
133.148775
133.423350
133.435775
133.778000
133.811150
134.031600
134.458975
134.606200
134.884525
134.995125
135.658075
136.014500
136.061975
136.214350
136.220100
136.268200
136.304525
136.966850
137.018200
137.836875
138.003300
138.247400
138.912000
139.098550
139.164325
139.915850
141.632025
141.670550
142.065950
142.406800
143.141300
144.173925
145.126250
145.463825
145.527525
146.152475
146.167850
146.212600
146.326025
146.919050
146.986800
147.189475
147.333775
147.635975
148.327925
148.993600
149.361925
149.790100
151.125775
151.201800
151.269775
151.463800
151.542650
151.821325
152.112950
152.123900
152.139250
152.267050
153.160850
153.610675
154.055725
154.083725
154.232525
154.559275
154.605250
155.186850
156.010050
156.814100
157.091900
157.165100
157.211900
157.373275
157.742100
157.922075
158.218700
158.468575
158.633225
158.921350
158.928625
159.092825
159.277025
159.688275
159.749750
160.264400
160.351675
160.472900
160.941000
160.986825
161.572625
161.606100
161.680875
161.845950
162.101900
162.588850
162.837025
162.915425
163.168625
163.754625
163.812575
164.030975
164.071925
164.235575
164.257800
164.568225
164.646775
164.757275
165.411075
165.646500
165.759550
166.103825
166.444650
166.894200
167.306900
167.491200
167.770325
168.185900
168.248850
168.477675
168.499300
169.061500
169.232600
169.468675
170.410850
170.706125
171.020550
171.074350
171.288925
171.566050
172.929800
173.179475
173.723075
174.075850
174.804325
175.077675
175.223975
175.361225
175.375600
175.488675
175.588300
175.757625
175.769950
176.874600
177.053925
177.615700
178.069850
178.693900
178.937200
179.234850
179.300325
179.451025
179.470850
179.658325
179.740525
180.461675
180.479225
180.629700
180.675100
181.015500
181.384400
181.646800
181.800775
181.830200
181.846425
182.018675
182.289825
182.799075
182.830925
183.337375
183.428950
183.525900
183.790800
184.296850
185.012575
185.059125
185.521500
185.742525
186.174225
186.304525
186.395275
186.431825
186.445050
186.457750
187.428375
187.820875
187.826325
188.364575
188.521900
188.580550
189.117250
189.203125
189.223000
189.294300
189.418400
189.757225
190.020100
190.096425
190.157650
190.219025
191.488600
191.593050
191.909100
191.952775
191.971350
192.320975
192.472150
192.648775
192.712425
193.001700
193.130150
193.369350
193.797550
194.158375
194.222525
194.334225
194.607850
194.865775
195.501375
195.731450
195.927000
196.042250
197.082025
197.196975
197.465650
197.959275
198.086750
198.322900
199.711875
200.068550
200.077175
200.667900
200.923100
201.125350
201.193575
201.264400
201.307100
201.670050
202.206200
202.348600
202.515425
202.809125
203.283925
203.436025
203.501250
204.301400
204.478675
204.737000
204.901600
205.271325
205.352825
205.366775
205.372200
205.911525
206.047525
206.376525
206.508275
206.579175
206.910575
206.953825
207.029600
207.256875
207.382275
207.393125
207.741900
207.982900
208.241375
208.378375
209.162100
209.699700
209.978075
210.377050
210.554600
210.599075
210.892575
211.142725
211.152250
211.323775
212.558675
212.803075
212.873775
212.902300
212.938925
213.076000
213.417450
213.982925
214.399200
214.491925
214.528100
214.824500
215.083425
215.663450
215.699650
215.752375
216.441875
216.506725
216.537300
216.555650
216.577975
216.737350
216.777875
216.784525
216.875175
217.059625
217.300350
217.391250
217.408375
217.504325
217.565425
217.621150
217.784250
218.037400
218.093475
218.173600
218.386975
218.495600
218.703975
218.838225
218.874150
218.878425
219.086900
219.615100
219.682575
221.201450
221.674200
221.710850
222.121875
222.402025
222.838175
223.023575
223.150625
223.258425
223.578550
223.605575
223.666225
224.490925
224.715825
224.919225
224.981125
225.324000
225.366350
225.688425
226.067500
226.086175
226.210400
226.431425
226.478925
226.663525
227.309275
227.357050
227.410625
227.572675
227.828450
227.882275
227.905850
227.921775
228.031150
228.255650
228.317600
228.585400
228.788850
228.903800
229.406125
229.421100
229.439000
229.546625
229.819075
230.008325
230.274100
230.407650
230.427625
230.469750
230.501250
230.966625
231.316525
231.890275
231.971950
232.692150
232.728825
233.510200
233.555875
233.900725
233.935200
233.979250
234.375050
234.431875
234.517950
234.985225
235.012800
235.345100
235.387200
235.489475
235.977175
236.193325
236.271275
236.556975
237.091175
237.375025
238.358750
238.452425
238.582100
238.927000
239.240450
239.434900
239.585600
239.878825
239.980675
240.070875
240.122400
