# # All spikes for Neuron
0.013425
0.112350
0.210050
0.234625
0.347525
0.392150
0.420050
0.422725
0.586600
0.625375
0.642075
0.671150
0.717675
0.735100
0.807875
0.825400
0.903900
0.934375
0.961425
0.999950
1.025375
1.055425
1.076475
1.102800
1.124325
1.246525
1.439275
1.496275
1.508150
1.522625
1.533350
1.628300
1.657100
1.836300
1.941025
1.980250
2.002500
2.028125
2.056375
2.113450
2.123425
2.165975
2.228150
2.257775
2.324875
2.376775
2.394325
2.437875
2.486275
2.555800
2.594900
2.624925
2.661525
2.827575
2.861050
2.871150
2.932175
2.965175
2.978925
2.994675
3.040000
3.160125
3.187375
3.280725
3.310625
3.345850
3.389775
3.421200
3.493475
3.522325
3.576425
3.696125
3.813550
3.844150
3.901400
3.954650
3.981750
4.024775
4.089025
4.105200
4.187400
4.370525
4.420650
4.444800
4.466825
4.553250
4.691375
4.714300
4.795175
4.814800
4.827725
4.906125
4.929075
4.978925
4.991475
5.025275
5.046150
5.066525
5.101600
5.118575
5.132675
5.307000
5.401850
5.519150
5.608500
5.699225
5.856200
5.912675
5.931975
5.953650
6.003925
6.018825
6.038325
6.070975
6.134375
6.320725
6.419100
6.563775
6.570750
6.658300
6.686550
6.746675
6.809600
6.836325
6.849025
6.929325
6.947550
6.982875
7.060325
7.080625
7.177200
7.221775
7.238450
7.263900
7.361600
7.465550
7.494400
7.523500
7.545950
7.583975
7.633900
7.677175
7.706275
7.770875
7.811125
7.897325
7.968375
8.027450
8.068650
8.088975
8.203475
8.287525
8.334850
8.367650
8.437175
8.483300
8.494775
8.521225
8.550725
8.691550
8.715350
8.728050
8.738425
8.752100
8.768825
8.786525
8.799975
8.835875
8.854450
8.887550
8.930225
8.995700
9.014100
9.052125
9.076825
9.104150
9.142975
9.147650
9.151400
9.180575
9.209200
9.267800
9.289925
9.346625
9.370450
9.387175
9.412925
9.431925
9.446200
9.449175
9.468200
9.483950
9.516250
9.556600
9.599125
9.637125
9.692425
9.707725
9.746375
9.784975
9.818550
9.976400
10.079050
10.116700
10.151550
10.179625
10.189950
10.218150
10.235800
10.301625
10.330750
10.356675
10.381300
10.432925
10.443725
10.447100
10.453750
10.511925
10.574775
10.583250
10.608550
10.657500
10.727025
10.841975
10.856750
10.884625
10.922300
10.976225
10.997925
11.024250
11.047000
11.150675
11.168300
11.205725
11.220725
11.262325
11.330250
11.424075
11.563750
11.590950
11.622875
11.643150
11.671425
11.758675
11.888725
11.898325
11.911650
11.959300
11.969100
12.044800
12.086925
12.148950
12.167700
12.186675
12.248975
12.290075
12.322150
12.346725
12.525625
12.585750
12.614600
12.627300
12.653050
12.760175
12.819300
12.863625
12.906675
12.979775
13.037300
13.056575
13.108100
13.142100
13.173950
13.184125
13.226250
13.241675
13.296175
13.332225
13.369725
13.373825
13.382075
13.427225
13.496550
13.539300
13.601775
13.620425
13.641400
13.660775
13.675325
13.701525
13.710950
13.753050
13.790125
13.807100
13.833325
13.849975
13.891500
13.902425
13.930675
13.953150
13.965575
13.970750
13.989625
14.018350
14.112600
14.192600
14.216350
14.260900
14.304325
14.359675
14.369775
14.391275
14.452275
14.463025
14.478900
14.538825
14.643050
14.650225
14.669075
14.724500
14.752275
14.786550
14.923900
14.964675
15.035325
15.070675
15.075325
15.111300
15.130425
15.133525
15.147775
15.286625
15.304475
15.312900
15.325175
15.331150
15.384825
15.430950
15.448100
15.469525
15.500425
15.526025
15.554375
15.601675
15.635375
15.685550
15.708075
15.716725
15.757775
15.770025
15.885625
15.957150
15.996525
16.029475
16.052875
16.085350
16.108250
16.140625
16.162350
16.187000
16.192075
16.249625
16.364200
16.430800
16.436800
16.443850
16.540125
16.555425
16.598725
16.631300
16.666600
16.725850
16.772050
16.779625
16.789350
16.794175
16.888150
16.993600
17.030050
17.078600
17.102850
17.114125
17.150100
17.165125
17.180350
17.213500
17.233600
17.250850
17.323275
17.431325
17.627650
17.682350
17.698750
17.742300
17.773350
17.786850
17.806000
17.841250
17.879125
17.901225
17.977050
18.020100
18.091425
18.129875
18.170850
18.189500
18.257675
18.320900
18.416850
18.484200
18.513425
18.543500
18.567150
18.587200
18.630550
18.697875
18.738275
18.761150
18.815350
18.848125
18.877100
18.897200
18.945025
18.967925
18.995925
19.008225
19.047700
19.053650
19.059300
19.070750
19.072525
19.092275
19.184025
19.197825
19.221150
19.246775
19.308825
19.383375
19.451800
19.483175
19.506575
19.540875
19.551825
19.602925
19.647800
19.690725
19.783175
19.849050
19.913375
19.946900
20.010625
20.026925
20.167200
20.231925
20.262825
20.290000
20.361175
20.543625
20.632375
20.720525
20.731975
20.820750
20.872175
20.908525
20.972325
20.986450
21.004200
21.025125
21.040475
21.058175
21.078700
21.097775
21.163750
21.181225
21.207275
21.230350
21.265700
21.297850
21.325325
21.412025
21.467050
21.499525
21.526875
21.570425
21.594175
21.691125
21.702725
21.817900
21.877950
21.903325
21.937375
21.965050
22.023450
22.036950
22.074125
22.078600
22.114150
22.143000
22.182675
22.221975
22.247125
22.265550
22.297400
22.440300
22.495050
22.517875
22.552900
22.678900
22.692450
22.704925
22.709500
22.784075
22.802675
22.893925
22.965850
23.150600
23.204825
23.291325
23.349100
23.365600
23.389425
23.424000
23.446675
23.552825
23.674275
23.697675
23.737825
23.759025
23.811600
23.820850
23.835825
23.843425
23.876425
23.907550
23.923100
23.950250
23.966400
24.000725
24.024300
24.101675
24.149650
24.270400
24.275600
24.292975
24.360550
24.389800
24.393500
24.424175
24.468850
24.527675
24.567600
24.590700
24.614075
24.655075
24.671475
24.677900
24.691325
24.701350
24.703650
24.900500
24.922625
24.932125
24.960325
25.010450
25.067325
25.136100
25.150825
25.165375
25.201900
25.209575
25.219325
25.238150
25.249250
25.278075
25.317375
25.389925
25.422025
25.521275
25.534325
25.553575
25.586800
25.600200
25.623125
25.646025
25.676475
25.733075
25.741675
25.762500
25.783625
25.845075
25.885875
25.920850
25.934200
26.019975
26.054600
26.081975
26.135825
26.166725
26.181125
26.239525
26.250375
26.300975
26.310075
26.330850
26.334000
26.339500
26.434075
26.455950
26.483950
26.502375
26.622425
26.672100
26.690550
26.776675
26.792675
26.822000
26.879325
26.911475
26.970200
27.009050
27.037400
27.063550
27.202250
27.253750
27.276200
27.303725
27.425850
27.464750
27.536125
27.567725
27.639525
27.642200
27.661725
27.691575
27.727100
27.758850
27.784200
27.848700
27.880425
28.092950
28.159950
28.220000
28.369575
28.422600
28.445675
28.498100
28.528775
28.564075
28.673400
28.691475
28.723700
28.867950
28.905025
28.927825
28.975200
29.028375
29.117425
29.123625
29.194825
29.198950
29.204200
29.232925
29.283025
29.352175
29.370875
29.386650
29.409650
29.442950
29.501725
29.553850
29.606950
29.742525
29.767225
29.786500
29.813500
29.840500
29.864100
29.890075
29.927025
29.945000
29.973150
30.006175
30.034000
30.134475
30.189800
30.302600
30.335650
30.364875
30.409625
30.428475
30.510625
30.563150
30.597025
30.632000
30.676625
30.710675
30.722750
30.744200
30.921800
30.975475
31.012200
31.124125
31.202525
31.240375
31.275025
31.291700
31.342650
31.364200
31.426225
31.442425
31.492125
31.517525
31.583000
31.659325
31.683725
31.723025
31.751575
31.858400
31.886400
31.943450
31.960225
31.991225
31.996800
32.179250
32.217075
32.336275
32.404675
32.513850
32.525350
32.563950
32.589550
32.598350
32.607675
32.648900
32.745375
33.007900
33.045000
33.107850
33.129400
33.164725
33.236875
33.250225
33.307450
33.377025
33.404325
33.423625
33.458975
33.496875
33.521575
33.535000
33.601075
33.629050
33.666950
33.673175
33.739275
33.755025
33.787475
33.804950
33.822775
33.837500
33.853625
33.882050
33.904475
33.918825
33.939575
34.054725
34.089675
34.128475
34.208125
34.216325
34.248725
34.256150
34.345950
34.508950
34.534150
34.562525
34.595300
34.650875
34.667750
34.676325
34.795475
34.806825
34.915650
34.925650
34.970450
35.018175
35.053300
35.117550
35.184375
35.205025
35.323325
35.340950
35.470175
35.482000
35.578150
35.601950
35.690350
35.732325
35.761625
35.836225
35.868125
35.879850
35.966925
35.987250
36.003475
36.050000
36.062050
36.110775
36.140650
36.337375
36.365350
36.386600
36.430025
36.486150
36.491650
36.508850
36.523750
36.530375
36.612300
36.709675
36.738025
36.766225
36.785900
36.891675
36.913875
36.943350
37.002750
37.071100
37.135725
37.164375
37.214125
37.263475
37.354825
37.401875
37.525725
37.568525
37.611425
37.618725
37.651950
37.661800
37.705575
37.799000
37.858900
37.901850
37.922425
37.979800
38.002100
38.032250
38.066275
38.103025
38.117000
38.127700
38.163000
38.202200
38.220775
38.300775
38.350575
38.453125
38.481825
38.516550
38.552275
38.565925
38.659450
38.752250
38.803400
38.809950
38.827975
38.902650
38.959025
38.970600
39.052500
39.159975
39.162950
39.165725
39.179475
39.267250
39.303975
39.314950
39.353200
39.360050
39.404175
39.452475
39.464850
39.505250
39.563375
39.702325
39.758975
39.777500
39.863450
40.006125
40.049825
40.249925
40.262450
40.459325
40.654225
40.767700
40.802025
41.057125
41.209325
41.479175
41.559550
41.577000
41.723200
41.813500
41.924225
42.051850
42.113425
42.153025
42.166850
42.614725
42.702250
42.760425
42.801225
42.811100
42.827650
42.835275
42.902700
42.915575
42.958450
43.002950
43.106775
43.159300
43.169550
43.210950
43.314800
43.357775
43.400550
43.453700
43.509700
43.656400
43.701575
43.761750
43.800400
43.855200
44.004125
44.059050
44.099825
44.106025
44.177500
44.411325
44.454775
44.471925
44.504825
44.507575
44.514175
44.559325
44.569850
44.610575
44.623375
44.664700
44.704375
44.755950
44.780100
44.833050
44.904800
44.959275
45.158600
45.212225
45.471725
45.512400
45.582925
45.658200
45.759500
45.768500
45.815025
45.826100
45.827725
45.880675
46.066850
46.103875
46.233875
46.369200
46.476100
46.518775
46.615950
46.685475
46.767050
46.906625
46.914800
46.924175
46.950700
47.005575
47.081575
47.125200
47.153625
47.206875
47.267425
47.435425
47.515325
47.524075
47.568625
47.620750
47.660275
47.682975
47.752275
47.783950
47.809400
47.881375
47.895100
48.044200
48.111450
48.137600
48.156775
48.170250
48.361500
48.389125
48.456425
48.477925
48.589575
48.697275
48.715875
48.817625
48.841850
48.869825
48.929450
48.940050
48.968575
49.047800
49.069975
49.084875
49.174450
49.261050
49.305400
49.314375
49.402600
49.416375
49.452025
49.495400
49.566250
49.614225
49.652750
49.701075
49.726000
49.949925
50.008800
50.083975
50.112875
50.144525
50.391225
50.457475
50.468975
50.518175
50.653375
50.666350
50.698725
50.741425
50.766825
50.794250
50.819000
50.869425
50.892275
50.967700
51.038600
51.096550
51.155525
51.166700
51.222975
51.286475
51.310500
51.335050
51.350650
51.418425
51.431675
51.451550
51.629850
51.710975
51.778950
51.805425
51.832800
51.936025
51.975800
52.005250
52.027900
52.052725
52.182250
52.270275
52.285975
52.301750
52.331450
52.348975
52.453900
52.642700
52.658800
52.679325
52.718375
52.757925
52.780575
52.847950
52.890350
52.894000
52.940400
53.043175
53.133250
53.152450
53.182675
53.216525
53.226075
53.234900
53.245775
53.353475
53.372825
53.434825
53.530425
53.551650
53.653800
53.666450
53.759450
53.778300
53.805250
53.843500
53.864300
53.899475
53.925150
53.985800
54.070050
54.168250
54.232225
54.264800
54.338600
54.359275
54.396450
54.480425
54.525775
54.550525
54.580025
54.662550
54.680375
54.728000
54.747875
54.803550
54.849325
54.896525
54.915925
54.943025
54.986925
54.995475
55.024450
55.057150
55.143550
55.170850
55.212550
55.231150
55.419300
55.474850
55.563050
55.742325
55.848725
55.876050
55.950675
56.159475
56.247025
56.263125
56.377825
56.405750
56.430350
56.441100
56.451300
56.489250
56.509550
56.558750
56.577500
56.591675
56.623700
56.640650
56.792500
56.854675
56.886325
56.928200
56.956950
56.973875
56.998225
57.087025
57.124450
57.345675
57.386975
57.420025
57.434925
57.449850
57.586125
57.681000
57.852900
57.890500
58.081150
58.238975
58.326875
58.374875
58.513475
58.514600
58.521600
58.788200
58.806175
59.021400
59.089225
59.167500
59.252325
59.296950
59.340200
59.383275
59.397550
59.433675
59.437900
59.442200
59.449875
59.454275
59.506125
59.538250
59.545600
59.573575
59.658050
59.703575
59.737225
59.752800
59.816925
59.845400
59.859550
59.870775
60.056900
60.155825
60.196475
60.241100
60.332900
60.386825
60.399900
60.424950
60.454275
60.473150
60.552875
60.661975
60.674750
60.685125
60.713375
60.730375
60.750650
60.777800
60.891575
60.920650
60.979950
60.988325
61.001500
61.015975
61.060725
61.096150
61.108075
61.131175
61.145150
61.157925
61.187875
61.228950
61.264875
61.290100
61.323550
61.350425
61.446600
61.489525
61.511525
61.593625
61.643550
61.664975
61.711200
61.724425
61.781550
61.883850
61.928550
61.945300
61.958350
62.031925
62.047525
62.061200
62.242100
62.265000
62.286450
62.318750
62.388350
62.440050
62.453225
62.467175
62.559050
62.671400
62.691750
62.708850
62.730375
62.763650
62.805025
62.819425
62.827325
62.831950
62.848100
62.864075
62.923075
62.927750
63.040575
63.063250
63.090750
63.105625
63.128150
63.171075
63.216925
63.309175
63.339250
63.444950
63.493225
63.522375
63.643300
63.786250
63.837950
63.885425
63.909850
63.999925
64.047000
64.136650
64.161075
64.239025
64.266350
64.309000
64.356175
64.366175
64.405825
64.448125
64.487200
64.517800
64.550125
64.580200
64.597900
64.605325
64.614025
64.770575
64.819000
64.907475
64.924100
64.968575
64.993200
65.011200
65.027575
65.062275
65.087000
65.124375
65.231525
65.293225
65.322900
65.341650
65.418425
65.424050
65.459600
65.526150
65.557950
65.619900
65.698300
65.783175
65.817875
65.844700
65.885775
65.955825
66.037425
66.092125
66.270750
66.362275
66.384250
66.422500
66.442100
66.490675
66.511850
66.539850
66.559050
66.767625
66.786200
66.830350
66.854850
66.874675
66.897575
66.918275
66.989800
67.009950
67.066900
67.075775
67.121800
67.151975
67.179125
67.208750
67.218550
67.234750
67.257425
67.274200
67.279925
67.297050
67.300700
67.312650
67.353975
67.366900
67.395750
67.446500
67.466450
67.488300
67.515725
67.546250
67.572650
67.600425
67.619825
67.637750
67.645125
67.735825
67.747350
67.765025
67.776650
67.837075
67.876750
67.900650
67.911700
67.982825
68.004825
68.053875
68.206850
68.211675
68.410575
68.525925
68.587875
68.610150
68.674850
68.699350
68.742850
68.772700
68.803500
68.811925
68.826100
68.834375
68.842800
68.890500
69.033500
69.072200
69.097700
69.207375
69.249000
69.295375
69.315925
69.331075
69.369900
69.461825
69.484275
69.497850
69.542975
69.615475
69.682225
69.701725
69.744825
69.783850
69.855925
69.902675
69.927500
69.953350
69.984800
70.014800
70.042850
70.073900
70.148400
70.188875
70.372975
70.383475
70.468750
70.478475
70.505025
70.523200
70.537425
70.560825
70.601525
70.608575
70.633225
70.657625
70.743925
70.760375
70.767725
70.786375
70.814450
70.840275
70.898350
70.938225
71.015500
71.119700
71.139100
71.241300
71.273875
71.288050
71.300100
71.467200
71.486550
71.648325
71.678475
71.747250
71.805275
71.841050
71.916650
71.927950
71.953800
71.983575
72.008750
72.028175
72.052525
72.077250
72.105550
72.145325
72.156575
72.178100
72.280225
72.317100
72.333675
72.355600
72.377375
72.392000
72.460575
72.474850
72.540625
72.582425
72.670800
72.702600
72.722775
72.767975
72.785300
72.796100
72.875225
72.949900
72.974550
73.116125
73.316575
73.339950
73.358150
73.553400
73.593875
73.619075
73.700325
73.711975
73.716075
73.876975
73.924750
73.955650
74.016175
74.046200
74.094075
74.207000
74.244825
74.304850
74.337550
74.383525
74.392175
74.478900
74.513200
74.518875
74.715500
74.864725
74.974575
75.048800
75.143975
75.260525
75.284975
75.318700
75.370575
75.446925
75.491825
75.515375
75.530375
75.579425
75.597425
75.659475
75.702975
75.764975
75.791675
75.801675
75.874425
75.898100
75.950525
75.987050
76.033350
76.066000
76.140150
76.159000
76.167300
76.171250
76.279325
76.347700
76.371675
76.400750
76.418100
76.452125
76.485825
76.528800
76.560525
76.650225
76.809000
76.849050
77.021625
77.061200
77.208500
77.278375
77.289875
77.362450
77.469025
77.491825
77.531250
77.650025
77.657350
77.856825
77.883625
77.936475
77.988875
78.114750
78.179900
78.229450
78.242850
78.324475
78.346850
78.376775
78.422225
78.747075
78.769875
78.790925
78.808925
78.829300
78.837825
78.851000
78.863675
78.896050
78.934150
79.038725
79.096300
79.151600
79.223175
79.235800
79.244225
79.259525
79.317025
79.381025
79.409875
79.436125
79.488200
79.505325
79.547525
79.564075
79.584975
79.604275
79.624000
79.672525
79.793075
79.844600
79.891675
79.999200
80.022400
80.048850
80.060275
80.173650
80.217175
80.269525
80.310425
80.432100
80.445575
80.480675
80.489875
80.515600
80.533225
80.569025
80.695675
80.790150
80.823125
80.898425
80.907250
80.948825
81.030475
81.061150
81.153025
81.191575
81.216200
81.237375
81.242400
81.263900
81.281900
81.318325
81.329125
81.350525
81.410925
81.509875
81.659175
81.663450
81.714100
81.756050
81.776025
81.812425
81.831475
81.857975
81.885475
81.897100
81.954950
81.984375
82.045125
82.073325
82.086350
82.110025
82.152625
82.229150
82.263725
82.302425
82.349975
82.416775
82.425975
82.485500
82.570875
82.578450
82.613475
82.639825
82.888200
83.010750
83.063100
83.085050
83.097750
83.115200
83.198875
83.239825
83.277950
83.288350
83.306350
83.373150
83.395475
83.420775
83.462675
83.479525
83.547325
83.567200
83.592425
83.700275
83.715875
83.757325
83.858625
83.889175
83.937075
83.954650
83.986625
84.085250
84.114275
84.127750
84.137900
84.198475
84.214950
84.241675
84.303950
84.330950
84.366000
84.408075
84.435300
84.469450
84.783375
84.857300
84.894475
85.076600
85.114050
85.169700
85.193800
85.272400
85.432125
85.435250
85.439150
85.526900
85.618150
85.642450
85.762700
85.826050
85.858125
85.982300
85.997900
86.015675
86.131925
86.247575
86.260300
86.310050
86.429850
86.537950
86.593200
86.673050
86.691925
86.721400
86.766250
86.806100
86.830650
86.978375
87.024575
87.030550
87.065175
87.203875
87.213900
87.223975
87.245825
87.264600
87.301250
87.371750
87.403550
87.446400
87.457750
87.549975
87.557175
87.564475
87.578100
87.630500
87.753350
87.799375
87.849700
87.869525
87.956250
88.000300
88.003650
88.043350
88.069525
88.112100
88.149525
88.160525
88.261675
88.309400
88.329450
88.497050
88.514675
88.549750
88.647325
88.755550
88.759625
88.766350
88.802925
88.845725
88.866875
88.928775
88.981275
89.008750
89.053725
89.101975
89.126775
89.171225
89.181625
89.191975
89.224950
89.272625
89.305400
89.321375
89.353400
89.504325
89.525400
89.561400
89.569075
89.647950
89.662350
89.700875
89.711750
89.755100
89.806850
89.913750
90.022650
90.073775
90.160525
90.297000
90.308825
90.356575
90.381325
90.402350
90.413300
90.448075
90.496650
90.508150
90.520725
90.565625
90.655100
90.755750
90.829025
90.865950
90.873000
90.879000
90.966850
91.098900
91.115225
91.130500
91.152725
91.161675
91.220700
91.248700
91.260675
91.279750
91.502575
91.549050
91.749650
91.809375
91.826175
91.857700
91.895275
91.905050
91.920725
91.954925
92.003000
92.072550
92.097800
92.120900
92.202800
92.218900
92.250500
92.262375
92.270775
92.375525
92.448200
92.473950
92.524825
92.553050
92.598300
92.608050
92.615275
92.628125
92.670725
92.701900
92.756850
92.799875
92.806325
92.814475
92.856175
92.906700
92.929750
92.949050
92.975525
93.058400
93.108400
93.155250
93.197325
93.207925
93.226575
93.307650
93.327775
93.373175
93.407675
93.419300
93.428850
93.494950
93.505800
93.570100
93.593725
93.598200
93.614775
93.646550
93.652950
93.675850
93.699375
93.709300
93.802650
93.815875
93.881125
93.901375
93.930450
93.976100
94.004075
94.012325
94.026350
94.056525
94.060150
94.101500
94.112725
94.155350
94.203775
94.216500
94.252650
94.275250
94.307550
94.365500
94.403975
94.410775
94.467850
94.506000
94.528650
94.547700
94.608725
94.660450
94.729475
94.751150
94.810400
94.820400
94.846625
94.869450
94.913125
95.007050
95.150975
95.157350
95.180925
95.202225
95.207675
95.210900
95.231050
95.277875
95.355275
95.398350
95.408150
95.449375
95.462675
95.496925
95.649175
95.670050
95.700150
95.897175
95.910850
95.968500
96.010750
96.077050
96.107000
96.123100
96.215900
96.255875
96.279625
96.302600
96.362950
96.379275
96.422425
96.446225
96.456525
96.501475
96.596700
96.604900
96.658175
96.679675
96.700100
96.761625
96.773400
96.778400
96.802675
96.806700
96.853925
96.905425
96.944675
96.953025
96.959025
96.999475
97.175575
97.230675
97.272175
97.328950
97.358525
97.375475
97.386550
97.531500
97.549525
97.585550
97.607800
97.653025
97.665550
97.675850
97.745800
97.770700
97.787300
97.823375
97.906725
97.916150
97.927025
97.934375
97.970650
98.025500
98.060700
98.183550
98.196350
98.271275
98.285650
98.303650
98.320325
98.374100
98.437225
98.447700
98.523275
98.555900
98.650450
98.683850
98.726400
98.960600
98.984875
98.999950
99.006400
99.019875
99.076775
99.196025
99.214600
99.230675
99.300850
99.365550
99.373450
99.485825
99.522000
99.552425
99.617100
99.673375
99.691875
99.738325
99.779200
99.828400
99.909400
99.996000
100.108700
100.457325
100.475350
100.485650
100.491525
100.541950
100.623325
100.701075
100.718700
100.724025
100.745825
100.768700
100.811675
100.823950
100.836850
100.868725
100.909600
100.983225
100.997800
101.004875
101.121575
101.157825
101.168275
101.197875
101.232550
101.249775
101.295725
101.334700
101.356075
101.420550
101.465400
101.538900
101.608075
101.628125
101.634775
101.685075
101.832600
101.852200
101.913250
102.033350
102.135825
102.186500
102.270025
102.283400
102.292475
102.297600
102.360325
102.385000
102.429000
102.502400
102.526800
102.604750
102.648975
102.685200
102.745250
102.797875
102.816800
102.947900
102.982900
102.988925
103.039150
103.120000
103.167575
103.239350
103.243425
103.299650
103.325200
103.327350
103.336275
103.354550
103.367350
103.375075
103.382175
103.399575
103.417400
103.444650
103.494050
103.508475
103.539250
103.603225
103.674825
103.684125
103.689425
103.698025
103.707025
103.742625
103.755650
103.816600
103.841450
103.878875
103.916950
103.940050
103.973475
103.982550
104.016075
104.046325
104.058000
104.072150
104.100375
104.128475
104.163125
104.201575
104.221050
104.271450
104.284625
104.333575
104.337750
104.350950
104.357725
104.379225
104.496775
104.514775
104.630825
104.652125
104.673025
104.686225
104.712700
104.718925
104.739275
104.760725
104.801275
104.810325
104.848425
104.930650
104.981125
104.995600
105.038600
105.057025
105.064175
105.092475
105.186325
105.226775
105.267250
105.289450
105.303875
105.346300
105.370600
105.412225
105.426050
105.462550
105.527250
105.556100
105.601975
105.646625
105.657525
105.690250
105.705800
105.712350
105.725675
105.737100
105.750550
105.845025
105.850400
105.875000
105.962300
106.050875
106.063775
106.109275
106.175400
106.214100
106.229200
106.238900
106.293300
106.331575
106.352650
106.374950
106.458500
106.511000
106.527450
106.550825
106.557650
106.599825
106.689850
106.711350
106.754600
106.788250
106.811500
106.842375
106.890425
106.924700
106.951600
106.990425
107.023350
107.034650
107.151875
107.192425
107.244675
107.251250
107.313900
107.336800
107.364975
107.386650
107.505150
107.520475
107.575850
107.601075
107.631275
107.655150
107.691325
107.741425
107.805300
107.841225
107.847650
107.870900
107.894775
107.929625
107.963950
107.973200
108.018050
108.045575
108.063875
108.103200
108.147700
108.167375
108.195125
108.220925
108.226775
108.366775
108.385975
108.429250
108.597875
108.622700
108.634100
108.657800
108.761200
108.787350
108.810325
108.879900
108.901450
108.920900
108.981750
109.032975
109.116525
109.143450
109.162750
109.193475
109.214375
109.273625
109.285375
109.303725
109.318350
109.364800
109.410700
109.432550
109.452850
109.468300
109.501800
109.520050
109.578800
109.624175
109.633525
109.642450
109.704450
109.781925
109.824175
109.839100
109.862925
109.881900
109.894275
109.907100
109.983850
109.993150
110.033600
110.104325
110.187700
110.204400
110.354725
110.389850
110.440950
110.481675
110.552275
110.573250
110.593500
110.606950
110.629000
110.675025
110.763525
110.795150
110.858075
110.936650
110.945850
110.975450
111.014925
111.104150
111.171400
111.218325
111.233025
111.268825
111.350100
111.373350
111.407675
111.421100
111.432375
111.446925
111.458725
111.466000
111.508675
111.664475
111.733425
111.807400
111.830175
111.869225
111.906275
111.970175
112.059800
112.117075
112.146400
112.161325
112.192475
112.227950
112.265275
112.309975
112.330425
112.365600
112.401475
112.458150
112.466500
112.482700
112.502875
112.551150
112.637250
112.769700
112.859325
112.930675
112.959125
113.010550
113.027875
113.037925
113.095825
113.208500
113.374850
113.472575
113.543400
113.717100
113.796125
113.826025
113.875750
113.931200
113.942450
113.950425
113.989125
114.051600
114.062050
114.142675
114.213950
114.227575
114.243900
114.311900
114.329925
114.343625
114.420475
114.517025
114.627275
114.752975
114.803925
114.925750
115.001300
115.093050
115.256725
115.290025
115.319075
115.326350
115.445450
115.597075
115.621050
115.678575
115.700775
115.975700
116.108975
116.174750
116.207150
116.246950
116.301350
116.407200
116.487225
116.541875
116.570125
116.596750
116.639325
116.709225
116.738200
116.773850
116.831750
116.886650
116.964850
116.993850
117.051125
117.076525
117.101675
117.162950
117.180825
117.200450
117.225725
117.259550
117.302000
117.338625
117.356650
117.377200
117.465725
117.480450
117.551750
117.618200
117.639025
117.662050
117.675350
117.765225
117.790300
117.799900
117.829750
117.870925
117.976250
117.979100
118.145300
118.169150
118.207875
118.374875
118.531725
118.558100
118.637850
118.687750
118.707950
118.742900
118.772950
118.824825
118.834175
118.897050
118.924400
118.967675
119.001175
119.041875
119.094725
119.142000
119.219250
119.235425
119.269875
119.279350
119.330475
119.385475
119.418550
119.428750
119.470900
119.497200
119.552200
119.636925
119.683350
119.822325
119.878975
119.925250
119.974200
119.996300
120.034125
120.047250
120.064600
120.112500
120.156625
120.160000
120.165050
120.208875
120.215275
120.282250
120.304575
120.362900
120.397425
120.453825
120.493575
120.538700
120.543475
120.583500
120.603725
120.610175
120.634025
120.674825
120.713950
120.762500
120.790075
120.838325
120.867350
120.890825
120.898075
120.903275
120.908875
120.917150
120.922950
120.935350
120.963625
120.996225
121.010025
121.051225
121.131675
121.203725
121.227700
121.248875
121.290450
121.320450
121.361050
121.386575
121.395950
121.412200
121.421900
121.427725
121.484250
121.538125
121.553925
121.564975
121.599575
121.658125
121.683100
121.713350
121.772975
121.809950
121.833250
121.851250
121.922575
121.929950
121.984225
122.031750
122.060825
122.102375
122.112975
122.221475
122.234125
122.248225
122.333825
122.434925
122.465850
122.472975
122.496900
122.526450
122.535175
122.547575
122.574150
122.605325
122.649775
122.673325
122.766400
122.853025
122.885150
122.945850
122.959950
123.004025
123.048225
123.065300
123.093300
123.127575
123.218475
123.234750
123.258575
123.274475
123.313275
123.348500
123.359300
123.438475
123.465400
123.553500
123.595050
123.675225
123.687775
123.697475
123.701075
123.741550
123.766025
123.811900
123.894475
123.927625
123.940475
123.958825
123.972600
123.978225
123.988475
124.027900
124.063700
124.111725
124.126725
124.165125
124.209775
124.265850
124.319750
124.346475
124.355975
124.485825
124.618725
124.806700
124.901925
124.918250
125.115550
125.165425
125.200825
125.241825
125.258450
125.287700
125.298050
125.306325
125.373800
125.422850
125.486475
125.682350
125.695850
125.856300
126.038350
126.163650
126.269225
126.290575
126.324200
126.340975
126.433975
126.446150
126.449600
126.455325
126.481625
126.496975
126.536975
126.593300
126.864775
126.921000
126.987825
127.051700
127.176800
127.254575
127.361475
127.434675
127.473400
127.568050
127.655325
127.706650
127.716575
127.726450
128.441400
128.535425
128.548775
128.552950
128.569675
128.600950
128.648925
128.656575
128.685825
128.745500
128.797525
128.838750
128.885400
128.914200
128.932450
129.032550
129.131475
129.151725
129.212075
129.261425
129.269050
129.324575
129.486850
129.642625
129.864475
129.869825
129.884875
129.887800
129.896975
129.902975
129.944650
129.948800
129.958850
129.967625
129.995475
130.045925
130.074250
130.104950
130.161750
130.184475
130.218100
130.222675
130.231675
130.238175
130.280625
130.304000
130.343225
130.363175
130.392825
130.415175
130.569125
130.611800
130.734775
130.767900
130.782325
130.795775
130.815625
130.855025
130.964275
130.998400
131.062200
131.097150
131.135200
131.162250
131.193400
131.266225
131.288475
131.354325
131.494850
131.503900
131.545700
131.554825
131.569250
131.579550
131.714025
131.759475
131.840350
131.858450
131.871300
131.947425
131.955600
131.960600
131.969800
131.999150
132.011425
132.046275
132.051925
132.100550
132.129825
132.135900
132.144525
132.156025
132.180225
132.194650
132.213000
132.369475
132.390975
132.417400
132.514825
132.532825
132.662925
132.870350
132.923125
132.957250
132.972475
133.039350
133.052925
133.092400
133.129675
133.139975
133.186525
133.222200
133.227350
133.248725
133.407350
133.486950
133.551475
133.574000
133.685150
133.786000
133.826125
133.831300
133.851375
133.857550
133.969675
134.018075
134.086725
134.241225
134.259150
134.269250
134.297550
134.322475
134.528825
134.575400
134.593850
134.689700
134.779350
134.797275
134.951900
134.989475
135.102400
135.195075
135.311250
135.370375
135.391025
135.393950
135.419450
135.433975
135.480675
135.526350
135.656550
135.746000
135.765875
135.785925
135.801200
135.919950
135.936875
135.950225
135.994650
136.019300
136.031475
136.139975
136.157675
136.161675
136.251675
136.272775
136.293125
136.350200
136.412575
136.447025
136.537800
136.577275
136.581100
136.610450
136.726325
136.861975
136.909950
136.916525
136.965850
136.986675
137.098925
137.213450
137.290275
137.300050
137.401400
137.444550
137.457875
137.513100
137.655400
137.700650
137.817600
137.840075
137.941325
137.952925
138.108425
138.248725
138.361725
138.421825
138.441025
138.526050
138.556275
138.658675
138.668550
138.766800
138.877125
138.895100
138.904800
138.944850
138.966400
138.995750
139.004225
139.143825
139.244600
139.255000
139.352150
139.361250
139.492600
139.507600
139.511175
139.555875
139.652900
139.725375
140.100800
140.396850
140.404675
141.023350
141.202075
142.151600
143.556250
143.785775
143.996900
144.073375
144.195750
144.456325
144.706900
144.799250
145.014225
145.221650
145.298075
145.391200
145.409375
145.423450
145.558775
145.698475
145.841450
145.851150
145.859550
146.216475
146.221300
146.251475
146.411800
146.523275
146.546450
146.642075
146.807100
146.845925
147.009175
147.014675
147.040525
147.046600
147.305800
147.327475
147.338525
147.353100
147.368950
147.438900
147.483600
147.524975
147.570100
147.644575
147.677225
147.690250
147.752100
147.768775
147.844225
147.872800
147.878975
147.903700
147.920750
147.936775
147.955175
148.005200
148.009250
148.015100
148.020350
148.083950
148.121600
148.180600
148.222900
148.315525
148.318100
148.395950
148.461050
148.485975
148.548775
148.626275
148.631850
148.645375
148.650875
148.722750
148.755325
148.825350
148.876925
148.890300
148.922125
148.995100
149.012325
149.157450
149.175125
149.187375
149.237725
149.278225
149.286275
149.316525
149.340400
149.352625
149.403850
149.443950
149.466725
149.487050
149.521525
149.541300
149.547600
149.606775
149.623550
149.653850
149.768850
149.792075
149.799725
149.807550
149.810775
149.814175
149.823700
149.836400
149.860925
149.887425
149.903200
149.944875
149.957975
149.987550
150.006125
150.027650
150.153125
150.169275
150.258900
150.303075
150.326425
150.346850
150.359350
150.397900
150.458525
150.581375
150.605900
150.622325
150.692800
150.701175
150.706350
150.716650
150.723500
150.752475
150.799000
150.919725
150.949975
150.965725
151.054350
151.072325
151.080000
151.097750
151.135650
151.149950
151.197000
151.351550
151.390000
151.459150
151.491000
151.536025
151.571775
151.766025
151.803575
152.033275
152.268275
152.294125
152.333725
152.344000
152.362800
152.373925
152.392400
152.399250
152.402825
152.489975
152.586600
152.657225
152.714700
152.722875
152.743650
152.805200
152.858650
152.872125
152.910600
152.930500
153.070725
153.086450
153.139550
153.150550
153.160250
153.178350
153.183725
153.217950
153.262925
153.288250
153.314550
153.336375
153.346300
153.368475
153.378800
153.452175
153.503525
153.552000
153.580575
153.633900
153.726225
153.757525
153.877675
154.033000
154.096250
154.129800
154.205975
154.222925
154.240075
154.252825
154.309175
154.312200
154.342500
154.351500
154.374850
154.394150
154.434225
154.500725
154.606450
154.644400
154.653500
154.674225
154.691100
154.732700
154.774450
154.788750
154.806050
154.837500
154.881275
154.923025
155.098575
155.145775
155.172475
155.235625
155.263050
155.279900
155.295550
155.337825
155.355950
155.374650
155.402050
155.451000
155.464800
155.496525
155.511700
155.611975
155.649300
155.658825
155.683500
155.800650
155.842250
155.857725
155.873425
156.027125
156.037525
156.045200
156.053425
156.146500
156.235050
156.299875
156.390825
156.440550
156.456950
156.477800
156.537275
156.579275
156.621775
156.639025
156.646500
156.658700
156.689275
156.710300
156.750450
156.811925
156.980075
156.988775
157.005625
157.010925
157.026050
157.077675
157.109050
157.114625
157.125250
157.139250
157.159275
157.193050
157.222575
157.274575
157.300775
157.331900
157.401100
157.408950
157.426625
157.437600
157.489725
157.517325
157.588500
157.599075
157.628850
157.668275
157.683650
157.725925
157.788450
157.827750
157.847125
157.924575
157.961875
157.989800
158.029500
158.126875
158.190050
158.208450
158.226650
158.304475
158.322650
158.362425
158.387550
158.450325
158.461125
158.478925
158.499450
158.512075
158.526700
158.549225
158.601525
158.684975
158.705800
158.773375
158.834375
158.868400
158.890625
158.897400
158.923750
158.937000
158.960950
158.974275
159.003050
159.027425
159.093200
159.124250
159.227525
159.268325
159.291275
159.346000
159.353250
159.431725
159.575025
159.801400
159.942100
159.968725
160.029250
160.072625
160.233000
160.366925
160.428750
160.489925
160.518825
160.758775
160.898025
161.082025
161.281175
161.322350
161.342350
161.376700
161.420400
161.486500
161.502800
161.646125
161.715000
161.804550
162.031075
162.044000
162.098125
162.168275
162.352300
162.429150
162.643275
162.742825
163.129325
163.206375
163.389100
163.410950
163.496700
163.538875
163.548300
163.594650
164.069150
164.081125
164.095500
164.128500
164.186000
164.275725
164.309725
164.419650
164.485700
164.509300
164.617425
164.716825
164.744925
164.846400
164.872250
164.925725
164.992625
165.005300
165.038625
165.068550
165.107875
165.601700
165.722175
165.808050
165.822725
165.842950
165.902225
165.920250
165.960600
166.127925
166.469925
166.737475
166.769475
166.806175
166.997900
167.020825
167.109325
167.115900
167.186525
167.231225
167.249025
167.359475
167.403025
167.420000
167.564650
167.661625
167.715750
167.750550
167.761175
167.883875
167.914600
167.926525
167.970300
168.057325
168.077350
168.092600
168.152125
168.173400
168.187550
168.246950
168.275525
168.287225
168.305350
168.359500
168.372325
168.401300
168.432275
168.449925
168.600275
168.616700
168.696300
168.712250
168.721200
168.724850
168.732775
168.746275
168.859375
168.918600
168.987950
169.211425
169.220775
169.275325
169.338650
169.381450
169.667275
170.091000
170.163500
170.246350
170.314425
170.320425
170.443625
170.462025
170.553325
170.636900
170.812275
170.822200
170.867600
171.088200
171.107000
171.122050
171.164250
171.434050
171.592275
171.649700
171.690000
171.819725
171.876775
171.930525
171.941000
171.969450
171.974775
171.988725
172.021450
172.035250
172.052975
172.229625
172.247550
172.274775
172.354325
172.375250
172.502175
172.745725
172.840375
172.857550
172.939925
173.009025
173.039700
173.069675
173.136950
173.211275
173.234575
173.306325
173.351225
173.371475
173.548550
173.634300
173.803400
173.830675
173.852675
173.865375
173.889300
173.961025
174.072850
174.118150
174.177475
174.201000
174.321300
174.401550
174.443425
174.458825
174.513975
174.567050
174.572175
174.616850
174.679975
174.690150
174.745500
174.783075
174.891000
175.015975
175.123475
175.141975
175.156575
175.312425
175.339325
175.357050
175.407100
175.480450
175.647425
175.650675
175.654875
175.695150
175.738300
175.755675
175.778325
175.797550
175.815875
175.897300
175.918425
175.942500
175.974700
176.129925
176.245475
176.270350
176.284400
176.321125
176.398675
176.415225
176.431800
176.463775
176.491750
176.505550
176.513125
176.582475
176.712150
176.772275
176.841425
176.863825
176.881800
176.913050
176.978225
177.036025
177.085625
177.101125
177.120750
177.136150
177.168475
177.219775
177.291975
177.321475
177.368150
177.381975
177.395325
177.414100
177.457925
177.468825
177.507750
177.577975
177.602825
177.654475
177.671150
177.714700
177.785975
177.807900
177.840275
177.882950
177.943475
177.987050
177.999675
178.087225
178.138550
178.143050
178.179700
178.190025
178.218150
178.315300
178.393850
178.417850
178.450425
178.506125
178.575525
178.605475
178.639025
178.658600
178.714175
178.750975
178.787750
178.901725
178.963550
178.985625
179.098250
179.169450
179.220725
179.234000
179.248725
179.310350
179.360250
179.502550
179.521375
179.547675
179.569825
179.690800
179.757200
179.781600
179.900450
180.023950
180.038750
180.128075
180.196750
180.226900
180.381825
180.426500
180.467850
180.473050
180.550925
180.720250
180.729700
180.749800
180.765150
180.778300
180.819825
180.891425
180.940650
180.999475
181.103725
181.141425
181.216625
181.278200
181.308875
181.357325
181.561825
181.633925
181.656800
181.674500
181.723925
181.747475
181.762825
181.865450
181.871275
181.983275
182.114425
182.233550
182.329150
182.478525
182.515800
182.531150
182.585675
182.646150
182.700050
182.793500
182.901725
183.016700
183.073950
183.154175
183.226850
183.240175
183.287025
183.316700
183.377775
183.426800
183.685175
183.807775
183.966725
184.065450
184.252150
184.283600
184.300975
184.335175
184.393350
184.424900
184.434025
184.483975
184.521625
184.554600
184.702600
184.724100
184.762425
184.861475
185.240975
185.554925
185.694450
185.784675
185.852375
185.857475
186.049125
186.131325
186.226675
186.241500
186.335400
186.382825
186.450600
186.464375
186.490600
186.529175
186.669575
186.771575
186.928800
186.997975
187.054125
187.154100
187.194475
187.389500
187.800200
188.044350
188.064975
188.097450
188.119200
188.185725
188.194900
188.204050
188.242300
188.368550
188.506800
188.605400
188.623450
188.646575
188.868550
189.318675
189.396750
189.510250
189.698075
189.953800
190.310200
190.341950
190.358750
190.441550
190.608825
190.661550
190.939575
191.054400
191.247675
191.496075
191.594750
191.600625
191.667650
191.692925
191.702350
191.761750
191.944000
191.945550
191.990800
192.652025
192.945175
192.995925
193.121425
193.195150
195.247600
195.548125
195.802850
196.996775
198.948875
199.184100
199.197075
199.235450
199.389750
199.534975
199.630900
199.755600
199.835150
200.007000
200.030475
200.217475
200.240425
200.316275
200.396025
200.493200
200.567025
201.168725
201.210000
201.241150
201.257200
201.288325
201.363275
201.388550
201.433900
201.454825
201.632400
201.888775
201.983050
202.010575
202.058875
202.063400
202.087650
202.302400
202.399650
202.406900
202.433175
202.550925
202.730900
202.775525
202.788900
202.813350
202.832200
202.909400
202.923675
202.929300
202.972575
203.051375
203.144800
203.225225
203.319450
203.360625
203.363325
203.389450
203.439125
203.456675
203.641550
203.731675
203.749675
203.793125
203.920800
203.958500
204.029025
204.059225
204.073975
204.104150
204.112275
204.120600
204.139100
204.360675
204.463875
204.487100
204.540950
204.550875
204.558375
204.582225
204.624675
204.659600
204.781075
204.794425
204.805450
204.826825
204.834475
204.855075
204.952225
205.034675
205.074950
205.092375
205.111175
205.177375
205.290750
205.360450
205.377300
205.400450
205.415700
205.454125
205.500350
205.608275
205.618150
205.633400
205.727500
205.772900
205.791400
205.801550
205.815650
205.878525
205.890500
205.933750
206.033125
206.178250
206.226100
206.233875
206.237000
206.254325
206.256300
206.268675
206.331575
206.338825
206.386500
206.419825
206.433825
206.450200
206.461200
206.474525
206.492500
206.517475
206.551775
206.621250
206.772600
206.789775
206.845000
206.863850
206.887625
206.899325
206.912625
206.938250
207.025025
207.045600
207.077675
207.138050
207.142825
207.181850
207.248525
207.265650
207.348225
207.410175
207.518525
207.552050
207.582700
207.660600
207.747900
207.803925
207.852500
207.964250
208.035175
208.054150
208.068125
208.085475
208.191875
208.251400
208.277025
208.288800
208.301550
208.306850
208.448500
208.574825
208.684825
208.716500
208.727025
208.756300
208.763850
208.793300
208.804400
208.833675
208.916100
209.053475
209.144125
209.158875
209.292125
209.316525
209.364200
209.394175
209.433500
209.530200
209.543075
209.572325
209.652100
209.687300
209.692600
209.697250
209.730300
209.733500
209.763000
209.801350
209.849475
209.877200
209.939450
209.955625
209.990675
210.036000
210.049325
210.055800
210.076025
210.094850
210.300000
210.306850
210.332425
210.353625
210.366925
210.444650
210.459825
210.488275
210.504700
210.558875
210.568900
210.589600
210.677950
210.719000
210.735225
210.797450
210.869475
210.890175
210.906325
210.919275
210.987550
211.024200
211.099925
211.136600
211.200000
211.219725
211.297225
211.341575
211.382400
211.394700
211.421150
211.433150
211.438325
211.452750
211.512200
211.604300
211.631875
211.699700
211.740900
211.788625
211.817850
211.854050
211.861475
211.872025
211.950425
212.107475
212.130325
212.131450
212.227300
212.237850
212.276450
212.366350
212.417125
212.510225
212.536325
212.554525
212.556500
212.573050
212.596000
212.602425
212.677900
212.682525
212.808400
212.833775
212.889375
212.904875
212.931225
212.957225
213.026600
213.070925
213.092725
213.163100
213.173550
213.260700
213.276825
213.304525
213.324475
213.378300
213.401375
213.419475
213.473750
213.480275
213.489075
213.580875
213.641425
213.656275
213.678750
213.701100
213.730100
213.740775
213.768975
213.790525
213.895200
213.918800
213.989725
214.023225
214.060975
214.078825
214.088525
214.102100
214.257725
214.284875
214.304050
214.355050
214.359525
214.367675
214.375600
214.440250
214.484450
214.494100
214.508675
214.556600
214.571650
214.647175
214.705900
214.735925
214.800125
214.827200
214.834850
214.838025
214.843450
214.852950
214.858975
214.864375
214.873525
214.891300
214.924100
214.974075
214.990825
215.014725
215.052375
215.072350
215.078250
215.135250
215.194625
215.210475
215.290175
215.312000
215.319975
215.334000
215.401925
215.408475
215.481100
215.537050
215.550250
215.553800
215.571375
215.586275
215.645050
215.691525
215.836350
215.857625
215.868400
215.988100
216.049825
216.210150
216.240825
216.246800
216.257325
216.295975
216.309050
216.349925
216.372325
216.427525
216.452625
216.496625
216.547925
216.570025
216.611250
216.639625
216.655575
216.668050
216.719500
216.789750
216.862925
216.905625
216.979250
216.982150
216.990275
217.021300
217.066125
217.087825
217.099375
217.123450
217.150900
217.166100
217.199825
217.261525
217.338450
217.382200
217.429450
217.466000
217.482350
217.532425
217.571650
217.641225
217.650100
217.686900
217.692625
217.701800
217.731600
217.739100
217.759500
217.770050
217.791750
217.798550
217.827225
217.875875
217.898850
217.916550
217.926325
217.937675
218.138800
218.158925
218.230250
218.251650
218.313275
218.378375
218.407775
218.428725
218.433475
218.444775
218.465225
218.510575
218.535500
218.582750
218.624900
218.643175
218.677700
218.701050
218.720425
218.756925
218.779750
218.785900
218.811550
218.891975
218.919475
218.952025
219.015675
219.036650
219.054925
219.102050
219.169075
219.176175
219.205250
219.209500
219.332600
219.355850
219.381650
219.394550
219.401650
219.406250
219.413525
219.429500
219.435800
219.447050
219.460175
219.467750
219.501275
219.526200
219.766525
219.806425
219.813250
219.838050
219.912825
220.028650
220.066250
220.098975
220.130300
220.163425
220.180775
220.189950
220.252775
220.260250
220.277350
220.294075
220.324300
220.360100
220.380575
220.472550
220.502425
220.602150
220.696550
220.743975
220.770050
220.784250
220.813725
220.834375
221.062025
221.079225
221.114650
221.141175
221.168575
221.192600
221.220850
221.270275
221.275700
221.343050
221.350875
221.364425
221.448000
221.500825
221.535200
221.586450
221.611450
221.652325
221.695450
221.715900
221.726425
221.737700
221.767150
221.779650
221.818500
221.845975
221.952850
222.032850
222.148700
222.152200
222.188825
222.242225
222.256850
222.282750
222.380475
222.391050
222.425400
222.452300
222.456700
222.572400
222.615525
222.651700
222.685625
222.715875
222.827350
222.851950
222.878425
222.895100
222.937500
222.967225
222.985025
223.034925
223.074750
223.089700
223.099425
223.113350
223.127200
223.138750
223.192275
223.204850
223.219275
223.234450
223.252450
223.276000
223.296850
223.394000
223.406200
223.416700
223.422550
223.430825
223.439750
223.513600
223.529125
223.573700
223.610925
223.643275
223.673150
223.718550
223.734025
223.783150
223.792000
223.813175
223.833375
223.855925
223.907925
223.914225
223.969275
223.995250
224.032400
224.072875
224.094925
224.109625
224.177825
224.203525
224.233525
224.258650
224.293025
224.302325
224.345850
224.351825
224.381800
224.401300
224.433400
224.451050
224.533550
224.561075
224.574125
224.611275
224.688875
224.696225
224.752475
224.778150
224.796550
224.802925
224.817250
224.875275
224.906450
224.917800
224.956425
225.015600
225.028250
225.036100
225.045275
225.052225
225.066975
225.076250
225.102100
225.131775
225.208975
225.256500
225.307325
225.334500
225.354575
225.379650
225.398050
225.423550
225.437750
225.456075
225.466625
225.493200
225.605700
225.628225
225.653425
225.706725
225.717600
225.726900
225.849225
225.859900
225.883025
225.892700
225.952600
225.971075
226.034475
226.038650
226.045700
226.057625
226.063725
226.110000
226.126025
226.163100
226.198275
226.241175
226.259975
226.288475
226.316575
226.324475
226.339925
226.370275
226.381075
226.398750
226.409475
226.451325
226.468150
226.486175
226.492675
226.505975
226.510975
226.572800
226.602775
226.629550
226.653300
226.736675
226.767925
226.799800
226.869150
226.880125
226.918025
226.933925
226.965875
227.000425
227.016400
227.123550
227.173025
227.237675
227.269050
227.300500
227.371850
227.387825
227.397500
227.409450
227.413900
227.430625
227.449600
227.468875
227.526500
227.572650
227.597650
227.624200
227.634175
227.642225
227.762925
227.777025
227.801850
227.848000
227.872425
228.074800
228.099550
228.138325
228.166225
228.181025
228.230925
228.256650
228.287625
228.298850
228.357675
228.383575
228.431925
228.481775
228.501425
228.535825
228.574700
228.612150
228.638425
228.647275
228.705950
228.730425
228.754975
228.768875
228.800625
228.915650
228.928900
229.031950
229.051150
229.069050
229.087400
229.156375
229.161500
229.229200
229.248350
229.265250
229.283425
229.312475
229.331775
229.381925
229.403250
229.416050
229.433200
229.462275
229.496325
229.513750
229.583825
229.603525
229.607075
229.641725
229.663975
229.673225
229.696025
229.748400
229.798675
229.810400
229.822025
229.858950
229.889750
229.930550
229.951850
229.998000
230.039350
230.056275
230.094450
230.133225
230.165575
230.194975
230.260075
230.265425
230.274925
230.292175
230.331425
230.370650
230.385450
230.404200
230.426125
230.456575
230.486525
230.500625
230.504700
230.507750
230.513475
230.529025
230.640825
230.694750
230.748650
230.824425
230.896100
231.250400
231.683100
231.694575
231.698750
231.728650
231.745100
231.766200
231.848800
231.887875
232.008875
232.029200
232.080475
232.136525
232.174850
232.205675
232.240450
232.296375
232.351700
232.448800
232.528075
232.598800
232.695850
232.720150
232.919675
232.944600
232.972100
233.008275
233.029850
233.073450
233.093950
233.130200
233.189850
233.211350
233.225125
233.281450
233.314050
233.484925
233.510925
233.622900
233.738325
233.782375
233.790850
233.823200
233.836450
233.885275
233.909650
233.955525
234.051850
234.075325
234.145250
234.157375
234.198800
234.210625
234.269350
234.359125
234.500250
234.532850
234.570250
234.605025
234.639975
234.667750
234.690975
234.713400
234.783225
234.800575
234.953250
234.960450
234.993075
235.007250
235.142725
235.188725
235.252825
235.347600
235.364400
235.421175
235.446475
235.475800
235.504550
235.553350
235.603000
235.624850
235.633800
235.642925
235.669825
235.695200
235.716225
235.741250
235.765875
235.771275
235.789050
235.832650
235.861975
235.883775
235.906925
235.963050
236.022175
236.059575
236.093825
236.116125
236.128550
236.147625
236.157200
236.179375
236.214050
236.237375
236.245175
236.266550
236.295800
236.415200
236.458775
236.479650
236.518375
236.582175
236.636850
236.659350
236.756300
236.806900
236.838675
236.844650
236.852950
236.870000
236.874300
236.921725
236.945800
236.948400
237.056150
237.107400
237.140475
237.144700
237.165125
237.239650
237.246000
237.280525
237.299675
237.307825
237.316500
237.344325
237.353475
237.380175
237.467875
237.538450
237.589500
237.609625
237.639925
237.661225
237.688425
237.698775
237.704500
237.733125
237.741825
237.834750
237.888525
237.901075
237.941100
237.958700
237.990575
238.110125
238.180850
238.202475
238.295000
238.363050
238.408175
238.460275
238.582625
238.615925
238.665400
238.710850
238.804550
238.809750
238.840450
238.888250
238.965325
239.036375
239.089475
239.158950
239.203200
239.207675
239.213500
239.255900
239.317725
239.343125
239.385525
239.394350
239.488400
239.508100
239.533925
239.539450
239.547850
239.555250
239.592050
239.597325
239.602100
239.610650
239.634700
239.646625
239.656100
239.768850
239.789525
239.892850
240.004400
240.186300
240.198175
240.210100
240.213600
240.235050
240.250725
240.261925
240.355475
240.363000
240.382850
240.437750
240.455200
240.488500
240.500600
240.594050
240.597650
240.644500
240.662025
240.665350
240.768450
240.803075
240.807050
240.832200
240.839700
240.881200
240.941925
240.989675
241.095550
241.234325
241.289075
241.313600
241.318775
241.468500
241.488125
241.542175
241.561975
241.600750
241.664750
241.730800
241.738625
241.782650
241.807250
241.843000
241.884275
241.936750
242.032350
242.043550
242.092975
242.197400
242.234950
242.245300
242.308350
242.400975
242.531825
242.549425
242.593825
242.958775
243.055675
243.098575
243.196400
243.234375
243.256875
243.439175
243.446475
243.591350
243.608850
243.668250
243.710000
243.846875
243.948400
243.988350
244.037350
244.085325
244.108400
244.246600
244.283350
244.289075
244.305175
244.357625
244.365275
244.394225
244.405750
244.752350
244.862925
244.898500
244.903225
245.084025
245.091250
245.317850
245.662025
246.692600
246.944100
247.111100
247.898600
247.976150
248.059925
248.075725
248.192600
248.214800
248.472100
248.666750
248.698700
248.735550
248.762150
248.920000
248.969625
249.118900
249.129600
249.217875
249.224225
249.280550
249.302050
249.539225
249.555975
249.559000
249.604400
249.685450
249.711425
249.737050
249.752675
249.868575
249.911875
249.935975
249.996275
250.027200
250.063275
250.074400
250.143575
250.155575
250.186875
250.203675
250.215750
250.231750
250.251675
250.269175
250.280725
250.320800
250.415725
250.655025
250.711750
250.768700
250.781725
250.826550
251.037900
251.050825
251.055475
251.064850
251.099125
251.230250
251.289975
251.374725
251.425425
251.455625
251.497925
251.520250
251.531600
251.571350
251.652600
251.676800
251.731600
251.759900
251.811200
251.822650
251.832875
251.860850
251.863975
251.876200
251.991675
252.038375
252.063000
252.077275
252.221225
252.239125
252.336625
252.421900
252.543200
252.625625
252.632225
252.660950
252.709875
252.722150
252.744150
252.791700
252.811875
252.886425
253.048525
253.052525
253.103375
253.117050
253.204125
253.290075
253.322700
253.370575
253.376100
253.380450
253.401850
253.430925
253.496275
253.543175
253.592525
253.596150
253.655600
253.736900
253.757325
253.787700
253.808125
253.860150
254.057925
254.106800
254.192475
254.299150
254.371350
254.416175
254.438775
254.543925
254.570050
254.598350
254.682750
254.709750
254.722750
254.753450
254.844800
254.874400
254.946925
254.976675
255.022225
255.050025
255.070550
255.091475
255.110775
255.157250
255.161000
255.164525
255.194300
255.218075
255.239025
255.255300
255.302450
255.312650
255.352675
255.366475
255.402825
255.422975
255.452500
255.474075
255.631000
255.636950
255.656375
255.664825
255.789125
255.923900
255.955800
255.967450
255.972600
255.977700
255.991725
256.039075
256.044375
256.049950
256.078875
256.118150
256.162800
256.288450
256.398200
256.417000
256.497275
256.523325
256.612425
256.654775
256.672200
256.694275
256.727150
256.751875
256.791650
256.840575
256.919675
256.982800
257.014875
257.071500
257.089475
257.148625
257.160125
257.208375
257.322925
257.419150
257.446075
257.477500
257.495325
257.521375
257.633025
257.678225
257.682650
257.762225
257.777925
257.974725
257.987750
258.001100
258.047575
258.062625
258.103950
258.115325
258.138800
258.186250
258.237600
258.298750
258.306200
258.342775
258.347275
258.374100
258.433925
258.488375
258.567550
258.635300
258.641200
258.693350
258.744300
258.798150
258.861850
258.893525
258.912800
258.940175
258.998275
259.080750
259.087725
259.113875
259.120325
259.144275
259.204050
259.219525
259.259575
259.326925
259.349600
259.413950
259.439725
259.469700
259.531600
259.554300
259.582775
259.617500
259.660425
259.679700
259.720775
259.736325
259.788875
259.863875
259.886850
259.896550
259.910150
259.926500
259.932850
259.949025
259.976925
260.016375
260.039300
260.061575
260.090600
260.111550
260.132075
260.196875
260.246100
260.384750
260.399025
260.568750
260.602200
260.626425
260.642325
260.664025
260.682900
260.729850
260.749275
260.779475
260.908300
260.916775
260.938200
260.974025
260.991900
261.007650
261.052375
261.093850
261.119950
261.175100
261.196325
261.232650
261.264250
261.295600
261.351000
261.397800
261.429850
261.456525
261.476950
261.527675
261.543150
261.631150
261.655475
261.697750
261.728050
261.749225
261.760950
261.789400
261.882725
261.899500
261.935075
261.953600
261.964225
262.007700
262.021850
262.032750
262.038950
262.102375
262.110625
262.126875
262.141225
262.194125
262.206525
262.231125
262.253750
262.275025
262.353225
262.378525
262.432150
262.450925
262.480900
262.509650
262.546300
262.581275
262.588775
262.622925
262.648700
262.670400
262.723100
262.746175
262.770225
262.800025
262.856125
262.873375
262.889075
262.907500
262.976700
262.993550
263.077225
263.134125
263.153900
263.168875
263.207425
263.225350
263.265575
263.283025
263.299375
263.353700
263.472850
263.503575
263.538075
263.594350
263.613575
263.714050
263.777725
263.873075
263.903250
263.979975
264.023500
264.068325
264.095000
264.102650
264.113500
264.121400
264.140100
264.262950
264.330800
264.358625
264.401125
264.492075
264.519400
264.555300
264.585100
264.603325
264.609825
264.667975
264.689350
264.736375
264.793475
264.819075
264.849650
264.864375
264.890850
264.922400
264.970150
265.010925
265.060100
265.089425
265.168550
265.235550
265.246175
265.277050
265.297525
265.307225
265.318150
265.330550
265.342150
265.356925
265.374525
265.389575
265.403250
265.413825
265.468625
265.520950
265.602250
265.617675
265.633750
265.661225
265.676750
265.702850
265.723200
265.763050
265.782975
265.805275
265.915650
265.940875
265.956550
265.993625
266.019250
266.029850
266.034850
266.070025
266.090950
266.097900
266.131375
266.150175
266.223775
266.288275
266.364900
266.385450
266.409925
266.480350
266.562000
266.582475
266.611425
266.625600
266.719375
266.758850
266.797575
266.828725
266.866800
266.941100
266.977225
267.039200
267.155175
267.213450
267.216875
267.310550
267.321400
267.329550
267.336500
267.344525
267.351325
267.376775
267.388375
267.411500
267.436825
267.473150
267.476200
267.517275
267.526375
267.536300
267.566700
267.587400
267.701225
267.765550
267.847425
267.858500
267.985150
268.105750
268.363275
268.717425
268.817725
268.938950
269.107575
269.133025
269.162075
269.251025
269.318500
269.332375
269.354450
269.371250
269.423100
269.541600
269.597125
269.734050
270.065950
270.075475
270.235900
270.334375
270.391025
270.617650
270.947050
270.961800
270.975800
271.096950
271.100550
271.115025
271.119325
271.134625
271.282625
271.344250
271.395125
271.528475
271.570325
271.798200
272.487450
272.728250
273.502975
274.005475
274.986650
275.071725
275.300450
275.430900
275.614075
275.622250
275.681250
275.929100
276.658225
277.275450
277.296175
277.305050
277.465550
278.291050
278.781225
279.291150
279.448725
279.557825
279.759500
279.780300
281.279725
281.650925
282.004500
282.652400
282.848925
282.952300
283.019050
283.081150
283.101525
283.111875
283.164400
283.198175
283.217525
283.298075
283.321750
283.339550
283.359850
283.423325
283.472650
283.524450
283.623600
283.656375
283.705650
283.717825
283.793150
283.834600
283.880900
283.924675
283.960925
284.015725
284.019825
284.030075
284.040725
284.082150
284.207950
284.375625
284.726925
284.736200
284.757775
284.768175
284.777375
284.784425
284.881925
284.915075
284.947350
284.956550
284.978425
284.989300
285.011600
285.019550
285.026525
285.077575
285.097750
285.131375
285.218825
285.294550
285.320625
285.345075
285.353625
285.374775
285.386550
285.410850
285.425200
285.580050
285.637100
285.663650
285.676600
285.686600
285.696975
285.715800
285.859475
285.906475
285.921925
285.942375
285.949525
285.955900
286.016400
286.038875
286.050950
286.111225
286.145500
286.169050
286.207525
286.230925
286.254325
286.327275
286.420550
286.541825
286.586925
286.611100
286.660700
286.668525
286.696000
286.822275
286.871625
286.898650
286.973675
286.980350
286.989475
287.009325
287.046500
287.056675
287.111225
287.141875
287.201350
287.233400
287.294475
287.364150
287.394425
287.412550
287.464400
287.485850
287.504675
287.646500
287.696200
287.787500
287.796675
287.838400
287.881350
287.935600
287.942700
288.000775
288.079125
288.108125
288.254675
288.264750
288.378375
288.411475
288.481675
288.489950
288.510725
288.735050
288.761350
288.787800
288.897825
288.951825
289.053600
289.253075
289.288200
289.390525
289.500875
289.564925
289.591775
289.709275
289.712450
289.754950
289.811775
289.829600
289.888525
289.896200
290.130875
290.213775
290.244000
290.246675
290.263175
290.284400
290.338175
290.382400
290.514600
290.556050
290.585375
290.599275
290.632200
290.645350
290.688775
290.698825
290.739125
290.749700
290.808150
290.852300
290.857525
290.903025
291.138500
291.339650
291.382925
291.457925
291.493000
291.530750
291.542775
291.613900
291.654500
291.807025
291.858100
291.878550
291.890000
291.893775
291.945050
292.044350
292.109650
292.149375
292.156300
292.190625
292.254200
292.328350
292.433825
292.477900
292.511700
292.549475
292.663275
292.693350
292.706450
292.755500
292.798000
292.888625
292.898900
292.940850
293.092475
293.242400
293.284950
293.338475
293.350550
293.401875
293.409000
293.433800
293.450200
293.487025
293.545375
293.588650
293.602250
293.645775
293.679400
293.701225
293.745575
293.851425
293.911325
294.076375
294.129350
294.195850
294.279075
294.285375
294.330675
294.338075
294.359500
294.384425
294.397400
294.405075
294.435750
294.640000
294.681500
294.712975
294.782875
294.810575
294.860700
294.933650
294.959650
294.986950
295.005125
295.010250
295.100650
295.150150
295.193925
295.229400
295.242050
295.245125
295.305325
295.333200
295.347950
295.382725
295.389450
295.431600
295.455800
295.493000
295.530875
295.548625
295.561650
295.586400
295.692300
295.891325
296.300750
296.382525
296.437800
296.537750
296.582700
296.685975
296.701000
296.708925
296.748575
296.781325
296.837975
298.102025
298.624225
299.896300
300.433500
300.441400
300.775075
301.138375
302.288150
302.326900
302.473675
302.502300
302.898275
302.990275
303.127300
303.149925
303.275450
303.761925
303.849500
304.006450
304.121175
304.237100
304.306375
304.442050
304.502700
304.521850
304.525250
304.580750
304.885700
304.895875
305.074975
305.146250
305.334625
305.383375
305.391150
305.479225
305.573525
305.717825
305.738825
305.762075
305.817550
305.894300
305.959950
306.254950
306.321125
306.324100
306.336200
306.378575
306.490750
306.590300
306.642025
306.756800
306.787375
306.798150
306.829475
306.842800
306.874175
306.927900
306.970475
306.987875
307.032475
307.101375
307.198400
307.253050
307.259000
307.266675
307.301025
307.493850
307.526400
307.567650
307.593825
307.638100
307.675775
307.715050
307.746750
307.876650
307.886400
308.075225
308.162450
308.183900
308.210075
308.212800
308.455800
308.578100
308.602075
308.618225
308.624200
308.673475
308.685525
308.715750
308.735125
308.769525
308.780275
308.789675
308.796475
308.806825
308.905325
308.921650
308.961600
308.973275
309.015275
309.203325
309.272075
309.355400
309.377525
309.387375
309.424475
309.713550
309.966125
310.037850
310.127975
310.162225
310.240575
310.344250
310.478350
310.499275
310.543075
310.552250
310.561425
310.584775
310.640700
310.666100
310.841625
310.868175
310.871075
310.877200
310.986000
311.078650
311.128825
311.190650
311.203550
311.246100
311.338050
311.449175
311.458000
311.545250
311.673025
311.699675
311.709125
311.741950
311.827050
311.858900
311.874700
311.927850
312.013675
312.140900
312.173625
312.185150
312.249950
312.268975
312.280125
312.312225
312.350800
312.355925
312.362275
312.377250
312.389225
312.418275
312.433050
312.509050
312.532525
312.587700
312.648075
312.672475
312.688075
312.694350
312.730825
312.747700
312.963900
312.988475
313.013850
313.024175
313.030200
313.036400
313.046475
313.105750
313.120850
313.125750
313.268525
313.344000
313.357800
313.379000
313.404275
313.436650
313.654275
313.762650
313.836250
313.907650
314.477425
314.485425
314.498750
314.560100
314.655750
314.826750
316.430675
316.979875
317.027825
317.036425
317.103350
317.125425
317.564000
318.374150
318.492525
318.806150
318.813400
318.815500
318.845525
319.155450
319.222750
319.348475
319.380650
319.556350
319.578600
319.615950
319.658450
319.686550
319.720900
320.070075
320.084250
320.328150
320.384000
320.695075
320.760225
320.790850
320.798900
320.802375
320.816750
320.836425
320.845900
321.014000
321.062400
321.432500
321.445350
321.462175
321.503950
321.516200
321.925425
321.929500
321.947000
321.974325
322.040200
322.262425
322.288175
322.345175
322.378500
322.726300
322.838675
322.846625
322.923850
323.035925
323.163025
323.177425
323.437375
323.458400
323.470100
323.494075
324.035300
324.406150
324.639275
324.670750
324.799725
324.842375
324.945475
324.989975
325.257825
325.347125
325.362175
325.487325
325.725525
325.745200
325.979775
326.012925
326.030400
326.038600
326.183425
326.295000
326.439900
326.467525
326.509875
326.532825
326.637100
326.646975
326.934700
326.937125
327.037350
327.058575
327.061225
327.085825
327.143325
327.167750
327.232075
327.283750
327.289500
327.344000
327.349600
327.364650
327.461825
327.491850
327.547750
327.582975
327.647525
327.689350
327.773225
327.784900
327.828825
327.872425
327.911725
328.028350
328.090950
328.131775
328.170050
328.214900
328.279950
328.350350
328.369050
328.444475
328.563650
328.740000
328.746600
328.782600
328.817875
328.867325
328.895025
328.969200
328.993725
329.235525
329.261925
329.283725
329.308375
329.331675
329.346025
329.353900
329.376175
329.388900
329.460450
329.559050
329.592200
329.610100
329.625400
329.667300
329.681850
329.707250
329.751325
329.782275
329.799450
329.936575
329.967125
329.972750
330.009750
330.020450
330.105975
330.127275
330.278400
330.300275
330.329200
330.465775
330.494375
330.525325
330.533000
330.539250
330.553900
330.559000
330.561150
330.570325
330.674300
330.689975
330.727500
330.742975
330.747300
330.757575
330.791775
330.876550
330.906600
330.975300
330.982700
330.984975
331.017725
331.225975
331.318450
331.334375
331.377650
331.421075
331.492625
331.515350
331.642650
331.654550
331.680475
331.894325
331.922900
331.935300
331.978075
332.197950
332.214925
332.276500
332.313675
332.436200
332.488925
332.497900
332.522575
332.525975
332.533375
332.562750
332.593475
332.621050
332.731950
332.750725
332.863450
332.914900
333.019675
333.072225
333.103950
333.190975
333.229575
333.281775
333.370325
333.507350
333.573675
333.662600
333.681450
333.693125
333.748450
333.799575
333.828300
333.909550
333.914325
333.946050
333.952975
333.985175
334.016425
334.037100
334.056000
334.064200
334.145075
334.184025
334.222025
334.235350
334.266125
334.269500
334.303000
334.317275
334.331600
334.400150
334.435275
334.465925
334.489550
334.541700
334.589825
334.610525
334.625925
334.635675
334.673325
334.717575
334.734075
334.747075
334.753600
334.793300
334.874875
334.887625
334.937300
334.962775
334.987625
335.020975
335.097175
335.131825
335.240975
335.251275
335.257275
335.261000
335.266900
335.342850
335.453250
335.567925
335.644800
335.648225
335.693200
335.713300
335.722825
335.759225
335.814975
335.929600
335.953200
336.035125
336.064650
336.076300
336.091850
336.147500
336.226375
336.302825
336.361225
336.410075
336.477150
336.488475
336.502450
336.522200
336.538725
336.547475
336.577450
336.593175
336.620100
336.656925
336.708625
336.735000
336.765125
336.786175
336.870350
336.881050
336.901100
336.911950
336.919550
336.935425
336.960350
336.987750
337.006600
337.036575
337.099475
337.193750
337.288550
337.327775
337.589575
337.734550
337.837125
337.906850
337.993625
338.635600
338.705500
338.738425
338.876275
338.932100
339.091850
339.332350
339.338525
339.346125
339.357400
339.488575
339.558925
339.638225
339.651150
339.728650
339.945100
339.958100
339.978350
340.228075
340.245225
340.327950
340.341575
340.389450
342.539975
343.795550
344.389300
345.701800
345.854425
346.100600
346.301175
346.542275
346.803550
347.117325
347.154350
347.185250
347.228825
347.280375
347.336025
347.540650
347.672825
347.724225
347.774500
348.072175
348.092275
348.117600
348.153400
348.204175
348.265850
348.432800
348.468925
348.477900
348.504225
348.531550
348.778225
348.808825
348.814325
348.958675
348.993950
349.002275
349.096025
349.148125
349.305400
349.331450
349.429725
349.467950
349.558500
349.578150
349.671825
349.688825
349.700350
349.719825
349.776125
349.926825
350.035075
350.115625
350.179025
350.198975
350.244975
350.314175
350.428550
350.495000
350.535225
350.762100
350.932350
351.008125
351.326650
351.367675
351.482400
351.646700
352.088300
352.401100
352.418475
352.421525
352.441525
352.463450
352.485025
352.545525
352.651525
352.700900
352.745775
352.773100
352.814675
352.845725
352.855925
352.902100
352.976750
353.001625
353.005350
353.018400
353.031450
353.258075
353.443225
353.460375
353.472375
353.485875
353.501375
353.527925
353.538750
353.564825
353.839700
353.861375
354.002825
354.231400
354.433075
354.591875
354.688400
354.779975
354.888300
355.001350
355.012675
355.024825
355.070250
355.163625
355.179475
355.199875
355.209850
355.212000
355.224225
355.226650
355.231550
355.280750
355.317250
355.323875
355.329525
355.411350
355.553475
355.800925
355.901375
355.917700
355.939575
355.959375
355.980600
356.068900
356.086750
356.104600
356.162325
356.177325
356.198350
356.205725
356.285375
356.318350
356.389475
356.426750
356.447450
356.460100
356.473325
356.486600
356.497125
356.508525
356.589800
356.606125
356.638575
356.651275
356.671600
356.809125
356.836400
357.131125
357.161475
357.182525
357.313450
357.346875
357.376450
357.466200
357.680525
357.853675
357.869975
357.985350
357.996300
358.047925
358.064550
358.087975
358.115975
358.131550
358.233725
358.282475
358.324850
358.417225
358.435725
358.446600
358.456300
358.479425
358.490300
358.877175
358.889925
358.910475
358.959775
358.982575
358.987325
359.115450
359.160425
359.185750
359.255125
359.403050
359.446625
359.496175
359.518925
359.573350
359.695325
359.769375
359.812400
359.898850
359.985800
360.011775
360.024300
360.060150
360.065500
360.104950
360.225700
360.293325
360.568750
360.655075
360.693000
360.708750
360.733525
360.837875
360.855900
360.864950
360.903650
360.919825
360.954975
360.978150
361.111625
361.195375
361.269250
361.285300
361.299975
361.369525
361.487250
361.496025
361.519900
361.565300
361.602950
361.852225
361.877775
361.930825
362.003250
362.017050
362.140250
362.162100
362.191900
362.258800
362.280850
362.311175
362.334025
362.346475
362.482875
362.512575
362.630975
362.799150
362.885700
362.995900
363.029800
363.086625
363.115200
363.127375
363.150700
363.183550
363.302950
363.360375
363.476750
363.511925
363.521275
363.550275
363.564825
363.583250
363.613225
363.662700
363.682775
363.768200
363.815875
363.835375
363.860525
363.869950
363.901175
364.048450
364.138825
364.230875
364.251425
364.256450
364.283100
364.327075
364.388775
364.464550
364.543800
364.649100
364.665625
364.674625
364.705875
364.789400
364.845225
364.931400
364.987275
365.018575
365.064775
365.187675
365.242025
365.249050
365.273700
365.400000
365.544975
365.558375
365.602550
365.775450
365.873775
365.923975
365.929450
365.959500
365.967550
365.981600
366.001175
366.025125
366.100325
366.173325
366.288775
366.342475
366.391500
366.406775
366.434650
366.480925
366.536650
366.551425
366.608100
366.674325
366.757125
366.764250
366.777075
366.897825
366.938575
366.961725
366.990400
367.082900
367.124875
367.168175
367.194500
367.208100
367.274125
367.316775
367.377050
367.392500
367.401500
367.407600
367.442150
367.480275
367.500925
367.514150
367.527425
367.538225
367.580900
367.611500
367.628925
367.734125
367.792175
367.825550
367.961425
367.977800
367.994050
368.029825
368.142100
368.150475
368.164250
368.167550
368.175850
368.226675
368.256125
368.281425
368.290775
368.303675
368.309750
368.360750
368.403375
368.481425
368.513475
368.577800
368.635550
368.645325
368.680275
368.703300
368.716775
368.733325
368.755200
368.768050
368.793725
368.835200
368.857925
368.863800
368.913650
368.943325
368.991250
369.003875
369.076950
369.135125
369.195525
369.216950
369.237000
369.275250
369.318025
369.389075
369.397500
369.400850
369.404400
369.421300
369.423625
369.473850
369.512750
369.574950
369.617175
369.635250
369.658375
369.674950
369.770150
369.810800
369.830725
369.894525
369.935825
369.973725
369.994000
370.029775
370.080900
370.122275
370.183925
370.195275
370.199825
370.216975
370.233300
370.265000
370.314425
370.333800
370.376650
370.394900
370.461925
370.529075
370.537225
370.594275
370.656825
370.860100
370.871900
370.906850
370.950225
370.996125
371.030700
371.052075
371.090475
371.113225
371.118375
371.132100
371.146250
371.167975
371.188200
371.198700
371.214375
371.239325
371.276900
371.344950
371.370475
371.447750
371.453575
371.462475
371.469525
371.518675
371.537600
371.541600
371.570825
371.609675
371.627650
371.639700
371.796850
371.858875
371.873375
371.958750
372.000400
372.020225
372.038125
372.075550
372.093950
372.127650
372.190150
372.202350
372.214725
372.226600
372.284175
372.317625
372.336300
372.348125
372.379625
372.389100
372.403450
372.431650
372.453250
372.464775
372.592000
372.611100
372.639925
372.652375
372.659825
372.675950
372.808075
372.861275
372.999000
373.046100
373.065075
373.217625
373.274175
373.281000
373.337175
373.346875
373.434450
373.485575
373.522225
373.551500
373.574725
373.617450
373.642925
373.699850
373.721875
373.836400
373.916625
373.930725
373.954575
374.013750
374.070500
374.112800
374.165225
374.264350
374.310900
374.372075
374.460400
374.465325
374.533125
374.581275
374.631150
374.721500
374.776325
374.845275
374.855575
374.864550
374.895925
374.900225
374.911075
374.947075
374.985150
375.034725
375.071200
375.110250
375.121150
375.135675
375.190600
375.230125
375.291075
375.342650
375.363625
375.392225
375.480200
375.486575
375.504625
375.554550
375.569650
375.586075
375.673500
375.725550
375.764975
375.780475
375.815525
375.905075
375.939625
375.980375
375.989875
376.016875
376.049400
376.054175
376.074050
376.083300
376.187375
376.207475
376.220475
376.262525
376.272525
376.283400
376.303500
376.354625
376.381750
376.392075
376.417300
376.500925
376.549425
376.558750
376.570975
376.581375
376.603625
376.621925
376.679725
376.699475
376.718075
376.793525
376.804950
376.838575
376.914375
376.952825
377.038075
377.117400
377.200225
377.203225
377.233725
377.254500
377.264225
377.279175
377.326350
377.330325
377.351650
377.376400
377.405675
377.433500
377.477250
377.537050
377.691600
377.702975
377.774400
377.790775
377.832400
377.911925
377.944700
377.987775
378.061225
378.082925
378.106825
378.244025
378.264000
378.300275
378.336075
378.464100
378.500400
378.516400
378.536875
378.576225
378.599050
378.643975
378.681250
378.792075
378.801775
378.819675
378.833600
378.854175
378.863825
378.877825
378.886975
378.894600
378.908925
378.977825
378.990625
379.019550
379.046250
379.080700
379.129575
379.141750
379.272825
379.282875
379.313700
379.329750
379.338425
379.366350
379.373400
379.385675
379.392775
379.430150
379.466200
379.535675
379.577225
379.591075
379.619475
379.625575
379.730250
379.814625
379.842725
379.858025
379.925700
379.962800
380.006350
380.029400
380.053375
380.105350
380.140325
380.152725
380.204750
380.272325
380.434650
380.479400
380.527650
380.678725
380.734200
380.751175
380.808875
380.822300
380.835225
380.900850
380.915100
381.021500
381.035800
381.051850
381.065075
381.077125
381.088750
381.119450
381.168300
381.241650
381.263500
381.284375
381.305425
381.362525
381.395925
381.422375
381.524300
381.580250
381.599725
381.721550
381.833975
381.865100
381.919550
381.937450
381.981350
381.999350
382.025050
382.046775
382.067600
382.078500
382.132000
382.184175
382.331600
382.380725
382.400100
382.419875
382.540800
382.576825
382.625700
382.632400
382.666600
382.687275
382.704100
382.869650
382.926275
382.947975
382.984325
383.059125
383.087250
383.116475
383.189875
383.217225
383.252275
383.266950
383.277225
383.285075
383.316175
383.347525
383.382600
383.389000
383.467925
383.476275
383.486200
383.503900
383.513000
383.521125
383.527475
383.545900
383.579375
383.606100
383.683400
383.725375
383.777875
383.870350
383.916650
383.997125
384.074925
384.143650
384.160550
384.202575
384.218050
384.263175
384.294525
384.347550
384.357475
384.378350
384.391800
384.440875
384.527175
384.545575
384.592750
384.683125
384.721950
384.833325
384.849325
384.880900
384.929425
384.953350
384.989375
384.996350
385.006100
385.024350
385.032325
385.041775
385.060175
385.138225
385.182225
385.225650
385.247075
385.279750
385.353775
385.383850
385.441450
385.463250
385.478625
385.521500
385.589075
385.614825
385.634075
385.652950
385.690375
385.702075
385.743425
385.790675
385.824825
385.862600
385.936075
385.961725
385.987675
385.999150
386.052000
386.062400
386.083350
386.089825
386.126850
386.202575
386.227150
386.285550
386.308050
386.353425
386.368725
386.399000
386.420800
386.492250
386.504275
386.540200
386.555375
386.594775
386.616525
386.624275
386.631650
386.656050
386.713025
386.815175
386.894175
386.907000
386.933125
386.942675
386.960100
386.999475
387.129150
387.149925
387.202300
387.235825
387.274650
387.304750
387.379475
387.426275
387.446025
387.479175
387.491525
387.525875
387.582850
387.601475
387.648525
387.676125
387.736725
387.740925
387.747925
387.773100
387.787800
387.791800
387.937150
387.973250
387.983225
388.047275
388.068100
388.080225
388.090075
388.124425
388.189175
388.198175
388.274000
388.287150
388.300025
388.475050
388.501800
388.575850
388.671675
388.733275
388.772625
388.794575
388.823175
388.829975
388.884150
388.892000
388.918675
388.926100
388.934275
388.939375
388.946225
389.027550
389.042250
389.051425
389.101900
389.132150
389.139000
389.172350
389.189675
389.219150
389.268225
389.284625
389.292325
389.320175
389.329000
389.371725
389.377625
389.399275
389.428650
389.470450
389.521050
389.527100
389.570500
389.727975
389.770125
389.793450
389.836675
389.843825
389.851750
389.893925
389.924600
389.941675
389.969150
389.977875
389.989300
390.033875
390.123550
390.134975
390.188175
390.222750
390.276275
390.326950
390.376425
390.419000
390.443075
390.480125
390.491500
390.504700
390.537025
390.569325
390.650150
390.726875
390.778750
390.883100
390.920225
390.942725
390.980825
390.993075
391.036850
391.047450
391.072200
391.086325
391.151950
391.185325
391.285125
391.294125
391.375800
391.531875
391.622150
391.755625
391.774650
391.779075
391.796025
391.828025
391.842600
391.845925
391.874000
391.952075
392.028400
392.037775
392.083550
392.129400
392.137350
392.144375
392.179200
392.194250
392.379325
392.521675
392.531600
392.595200
392.625875
392.793400
392.871275
392.931750
392.977275
393.026400
393.086050
393.278125
393.332825
393.450375
393.476575
393.531225
393.546375
393.602950
393.631150
393.636350
393.680750
393.692200
393.770975
393.781700
393.821450
393.923950
393.950975
393.983750
393.996375
394.035925
394.047700
394.200450
394.237025
394.370500
394.373275
394.392875
394.396275
394.429275
394.450600
394.572800
394.584975
394.626575
394.744100
394.791175
394.842525
394.944425
395.028575
395.075525
395.202875
395.236550
395.246850
395.344975
395.377500
395.423925
395.473925
395.521350
395.549825
395.634525
395.705350
395.780425
395.824375
395.836100
395.894925
395.934500
395.937950
395.986925
395.992250
396.052100
396.189500
396.230275
396.315800
396.330700
396.370050
396.501350
396.535950
396.539350
396.545425
396.577875
396.587575
396.676225
396.733825
396.779800
396.830150
396.902950
396.924700
396.978275
397.163850
397.179125
397.245350
397.326900
397.340900
397.362650
397.383175
397.461400
397.557450
397.587600
397.645650
397.659100
397.675125
397.702925
397.732650
397.767800
397.773150
397.778575
397.794000
397.834550
397.889700
397.920525
397.939550
397.962800
398.046425
398.060375
398.069100
398.130050
398.199125
398.203750
398.332725
398.341275
398.412400
398.438975
398.545850
398.591500
398.622375
398.680525
398.745250
398.753675
398.857850
398.927150
399.027500
399.052650
399.101300
399.152500
399.171125
399.237450
399.287150
399.298575
399.319700
399.332875
399.415675
399.427550
399.440575
399.472475
399.519125
399.590250
399.626875
399.667925
399.690025
399.704425
399.779625
399.811275
399.826775
399.879400
399.908100
399.961375
400.067425
400.090300
400.179000
400.277000
400.296350
400.317100
400.338975
400.389150
400.408450
400.491300
400.503075
400.540875
400.574625
400.603225
400.662800
400.705300
400.742100
400.765950
400.797800
400.817025
400.869225
400.946500
400.965875
401.022650
401.025950
401.029875
401.051675
401.078500
401.109575
401.120200
401.135800
401.148800
401.162800
401.176825
401.203575
401.209525
401.219250
401.292450
401.314125
401.370500
401.506225
401.523375
401.559800
401.576850
401.591300
401.675700
401.687900
401.716075
401.738400
401.764000
401.774050
401.778975
401.786325
401.819050
401.831600
401.844650
401.889650
401.908350
401.932200
401.939300
401.945150
401.974000
402.007825
402.014400
402.025250
402.144775
402.221925
402.254225
402.285375
402.314725
402.340525
402.379850
402.416900
402.442475
402.489550
402.564200
402.617275
402.658650
402.675475
402.713050
402.736850
402.752700
402.806450
402.888900
402.913875
402.990875
403.038875
403.044725
403.060700
403.152950
403.183475
403.222050
403.276800
403.289200
403.296950
403.373025
403.382525
403.394375
403.460225
403.481925
403.517600
403.563550
403.584525
403.592550
403.641925
403.673300
403.677500
403.682400
403.687500
403.694100
403.741700
403.759425
403.818850
403.830225
403.838775
403.846550
403.858700
403.875050
403.884025
403.888300
403.923150
403.934150
403.958525
404.048275
404.058200
404.115750
404.182300
404.226600
404.239275
404.332925
404.390725
404.400600
404.419750
404.568525
404.594475
404.639850
404.660900
404.689050
404.712625
404.777075
404.839650
404.870850
404.921800
404.947000
404.997150
405.097450
405.208200
405.231050
405.246575
405.259025
405.291975
405.315100
405.325650
405.335850
405.340000
405.362900
405.381600
405.516300
405.563275
405.637350
405.661675
405.707475
405.723525
405.730150
405.737650
405.754650
405.762825
405.776200
405.832375
405.855500
405.878650
405.914750
405.968700
406.046200
406.069600
406.090900
406.095525
406.112025
406.124400
406.155875
406.200600
406.217450
406.300550
406.312675
406.324525
406.429400
406.447200
406.471125
406.522400
406.545825
406.599450
406.605800
406.634250
406.649725
406.678950
406.736325
406.755250
406.781500
406.831650
406.891600
406.929325
406.975775
407.000350
407.021925
407.035650
407.067475
407.123725
407.159475
407.178450
407.186325
407.200475
407.264450
407.301900
407.315300
407.356400
407.415900
407.457250
407.479925
407.511275
407.558075
407.584650
407.603025
407.632350
407.672425
407.700850
407.800625
407.813550
407.823025
407.830800
407.856550
407.869825
407.906750
407.980400
408.008250
408.095850
408.116350
408.121275
408.154600
408.181900
408.214000
408.268975
408.287525
408.334325
408.350050
408.389850
408.419650
408.460900
408.491350
408.506925
408.549375
408.649550
408.696800
408.701300
408.748925
408.769675
408.781225
408.797700
408.820150
408.838225
408.862550
408.930500
409.102875
409.145350
409.178950
409.193725
409.213125
409.258800
409.274100
409.493075
409.516250
409.520950
409.524325
409.531925
409.547200
409.581175
409.597075
409.603300
409.622150
409.636475
409.662900
409.690025
409.761725
409.790750
409.867125
409.879500
409.924825
409.960800
409.965000
409.988825
410.026750
410.044225
410.070125
410.073400
410.091250
410.117175
410.131875
410.145175
410.154925
410.202200
410.335000
410.353450
410.371225
410.382950
410.450200
410.457300
410.467875
410.496800
410.548125
410.566150
410.607825
410.649550
410.656900
410.683675
410.702525
410.739975
410.751225
410.843900
410.869650
410.903925
410.910225
411.034150
411.048950
411.094350
411.140775
411.210075
411.231275
411.340800
411.362350
411.367025
411.421575
411.504675
411.535525
411.554500
411.572175
411.620600
411.633400
411.645925
411.728975
411.752025
411.804100
411.820525
411.837425
411.866125
411.876825
411.935250
411.974000
411.983050
412.080975
412.188100
412.210025
412.275825
412.309000
412.347275
412.354725
412.386025
412.390175
412.456050
412.505975
412.540950
412.685575
412.702875
412.729450
412.759425
412.818575
412.833525
412.845725
412.855450
412.877625
412.887725
412.917575
412.926575
412.945875
412.956375
413.015375
413.033650
413.058075
413.101200
413.136300
413.160825
413.203950
413.219875
413.259925
413.279875
413.302050
413.330175
413.348300
413.358550
413.377200
413.403550
413.453150
413.548575
413.567450
413.582100
413.635700
413.673150
413.784900
413.817450
413.825850
413.835500
413.850750
413.865575
413.879000
413.914150
413.934125
413.956400
413.973300
414.010225
414.021100
414.044625
414.075325
414.123150
414.154025
414.373625
414.456400
414.581050
414.599975
414.604425
414.621050
414.637225
414.662475
414.702000
414.721700
414.750800
414.770750
414.790675
414.810900
414.864950
414.872675
414.894875
414.907350
414.920850
414.958100
414.999000
415.022000
415.031925
415.072800
415.083325
415.114700
415.197150
415.247525
415.275450
415.282900
415.302275
415.324375
415.332925
415.336850
415.382250
415.417650
415.448900
415.492950
415.508425
415.535275
415.550825
415.585350
415.606025
415.628175
415.644525
415.723975
415.783425
415.852850
415.858575
415.873475
415.901225
416.065550
416.074675
416.094275
416.163600
416.202275
416.231375
416.235625
416.289100
416.303725
416.312275
416.344925
416.364525
416.384850
416.446725
416.457400
416.467750
416.477100
416.525125
416.635350
416.666225
416.725500
416.740450
416.758925
416.795825
416.842350
416.854200
416.899950
416.955200
416.974550
416.991575
417.053375
417.134950
417.336800
417.376300
417.402125
417.417125
417.491375
417.513550
417.650250
417.701250
417.761000
417.806200
417.841200
417.910675
417.952600
417.961800
418.026450
418.076800
418.125975
418.176300
418.206050
418.250375
418.255500
418.275750
418.334400
418.375175
418.397825
418.440000
418.455250
418.484150
418.568975
418.586000
418.608100
418.623275
418.631750
418.651975
418.683850
418.847050
418.857650
418.885025
418.931750
418.991550
419.007275
419.024650
419.110750
419.143850
419.361350
419.399500
419.411725
419.426575
419.464950
419.491775
419.501650
419.521625
419.546275
419.570800
419.643050
419.674450
419.777125
419.818925
419.832575
419.878325
419.903375
419.923000
419.942150
419.980025
420.016125
420.027100
420.067800
420.134450
420.169575
420.260750
420.267150
420.302075
420.373475
420.428300
420.453575
420.552000
420.601950
420.650500
420.674800
420.711600
420.716025
420.759450
420.785850
420.790425
420.799050
420.806250
420.830725
420.911625
421.024675
421.033000
421.043700
421.054875
421.076775
421.089100
421.173700
421.204050
421.251200
421.343325
421.351125
421.369800
421.383250
421.407725
421.422300
421.431550
421.461125
421.474125
421.496375
421.511900
421.555000
421.630175
421.649075
421.678475
421.697500
421.725650
421.764850
421.821400
421.833875
421.857475
421.867025
421.884875
421.913650
421.922625
421.936900
421.941650
421.967525
421.995050
422.014525
422.020525
422.041075
422.087825
422.099900
422.108450
422.151700
422.217725
422.276825
422.308375
422.348150
422.452000
422.461375
422.499575
422.527200
422.546325
422.594975
422.609600
422.623250
422.632100
422.646100
422.656400
422.665600
422.683975
422.768650
422.772300
422.778075
422.841575
422.853650
422.867500
422.902400
422.909350
422.931900
422.944325
422.992925
423.006850
423.035950
423.081925
423.135950
423.186200
423.202525
423.214725
423.243725
423.314575
423.378125
423.402625
423.415025
423.475575
423.548500
423.571600
423.626075
423.642925
423.648450
423.659325
423.732475
423.811400
423.875275
423.920450
423.950575
423.998850
424.099950
424.127675
424.157225
424.219975
424.239550
424.264950
424.319950
424.338200
424.354550
424.377675
424.393050
424.412125
424.431175
424.480650
424.538525
424.566475
424.628200
424.647025
424.660775
424.681650
424.703800
424.720850
424.787900
424.814225
424.852350
424.898150
424.936250
425.018475
425.039575
425.048775
425.059375
425.101875
425.145275
425.187450
425.207075
425.225325
425.243675
425.262250
425.293475
425.307950
425.352875
425.407250
425.455925
425.467725
425.475550
425.490000
425.493150
425.519850
425.550050
425.683200
425.728425
425.754550
425.867250
425.876075
425.878850
425.903175
426.224775
426.249575
426.322675
426.377250
426.400825
426.408250
426.443250
426.473075
426.495500
426.515600
426.539150
426.603725
426.730525
426.735025
426.848525
426.897750
426.920475
426.986300
427.064750
427.118400
427.147775
427.166425
427.188525
427.194950
427.211100
427.230600
427.269875
427.279875
427.297525
427.424625
427.464050
427.500900
427.576350
427.591925
427.606125
427.638975
427.661600
427.703275
427.730850
427.772675
427.827775
427.835850
427.838275
427.887825
427.916450
427.943825
427.953200
427.973075
428.006550
428.038050
428.078575
428.123150
428.141800
428.155875
428.172825
428.181125
428.194500
428.243200
428.318900
428.325750
428.344050
428.394075
428.401375
428.414100
428.453575
428.534875
428.566950
428.589350
428.618050
428.633675
428.648025
428.658000
428.674150
428.687200
428.695200
428.749375
428.780275
428.792325
428.829575
428.885850
428.894675
428.943250
428.961575
428.982500
429.035550
429.077825
429.154350
429.165700
429.211150
429.218400
429.237775
429.254400
429.275825
429.294450
429.358625
429.400800
429.466825
429.505750
429.576975
429.632775
429.656875
429.669525
429.717000
429.727225
429.758500
429.784350
429.788275
429.908675
429.993825
430.022300
430.047125
430.238900
430.255550
430.276275
430.340100
430.348450
430.384725
430.427925
430.484225
430.526325
430.552350
430.574225
430.578350
430.580175
430.589900
430.624700
430.636075
430.644550
430.652175
430.690575
430.702500
430.712325
430.727550
430.740575
430.808525
430.836500
430.859200
430.888425
430.941975
430.978550
430.988725
431.003025
431.015225
431.092125
431.192725
431.213325
431.237575
431.305300
431.349125
431.412725
431.426775
431.436300
431.449000
431.455125
431.481675
431.537700
431.557950
431.599025
431.625550
431.660375
431.689525
431.714200
431.737125
431.767575
431.779000
431.801575
431.837150
431.844925
431.934525
431.979150
432.002200
432.014925
432.041550
432.066200
432.173950
432.192675
432.264600
432.306625
432.318875
432.369875
432.388425
432.418075
432.449925
432.460750
432.471025
432.525575
432.542575
432.546350
432.560225
432.577275
432.592525
432.647425
432.657125
432.672075
432.716950
432.734950
432.754300
432.778425
432.800775
432.894150
432.981750
433.071125
433.115850
433.126650
433.137675
433.208400
433.239600
433.254475
433.274650
433.283850
433.308975
433.337600
433.357075
433.360500
433.364000
433.387550
433.428975
433.434650
433.451550
433.559600
433.569325
433.641000
433.683750
433.748450
433.760125
433.844975
433.868400
433.886200
433.891350
433.896125
433.899850
433.935150
433.950100
433.983825
434.126700
434.192425
434.235050
434.244875
434.256125
434.269725
434.292925
434.349150
434.359825
434.395150
434.400325
434.408025
434.411050
434.431125
434.439625
434.587700
434.684675
434.715250
434.729950
434.743575
434.759450
434.766550
434.845250
434.866775
434.908675
435.077000
435.136525
435.187300
435.212950
435.242200
435.248550
435.297925
435.315750
435.423475
435.428725
435.436700
435.491200
435.519000
435.529850
435.548075
435.571900
435.586350
435.622250
435.651725
435.670100
435.843450
435.886400
435.912700
435.963425
436.006875
436.063025
436.084625
436.091350
436.096700
436.127425
436.154650
436.178750
436.345575
436.390475
436.405625
436.459550
436.471575
436.499675
436.650200
436.679300
436.751475
436.777450
436.812800
436.873000
436.888275
436.987000
437.067500
437.085725
437.098875
437.119425
437.152500
437.264475
437.308525
437.314500
437.331425
437.392200
437.404325
437.438825
437.517900
437.588050
437.630575
437.655300
437.703550
437.761875
437.821975
437.855975
437.905675
437.953475
438.014350
438.061250
438.085050
438.098450
438.109125
438.129600
438.143325
438.219550
438.234900
438.258025
438.286700
438.356875
438.392825
438.442750
438.450025
438.477525
438.490075
438.500675
438.525400
438.531375
438.555575
438.570025
438.582100
438.655450
438.681350
438.705375
438.846550
438.873250
438.959250
438.994875
439.047075
439.064750
439.097600
439.186775
439.202600
439.210925
439.268050
439.289100
439.305600
439.371275
439.380850
439.401775
439.423450
439.428600
439.453750
439.460225
439.486600
439.498275
439.583200
439.618750
439.649325
439.686200
439.700725
439.718150
439.807875
439.841100
439.848900
439.866050
439.876950
439.897075
439.918500
439.959575
440.023300
440.031325
440.113025
440.174725
440.217050
440.234875
440.313425
440.340550
440.356050
440.373150
440.390775
440.464850
440.477525
440.492700
440.527475
440.570150
440.608900
