0.035625
0.130650
0.193050
0.303475
0.333550
0.394050
0.475175
0.548850
0.608725
0.661875
0.717325
0.779250
0.807275
0.893450
0.946775
0.982675
1.025350
1.056100
1.092200
1.126050
1.149400
1.176650
1.211000
1.250800
1.273775
1.334150
1.358350
1.429700
1.477750
1.513175
1.539600
1.577850
1.621925
1.679950
1.728125
1.762825
1.790900
1.826175
1.863925
1.896725
1.962325
2.033375
2.065025
2.099475
2.173150
2.208400
2.256725
2.334350
2.362950
2.395925
2.432775
2.461300
2.493825
2.544625
2.581350
2.610975
2.710950
2.765100
2.818350
2.889850
2.918350
2.975350
3.029025
3.110925
3.202075
3.260125
3.348475
3.420775
3.513850
3.563950
3.638150
3.672325
3.728250
3.798375
3.867150
3.934925
4.071725
4.126425
4.157600
4.224300
4.289250
4.331375
4.361675
4.411950
4.444725
4.488750
4.528725
4.574800
4.596600
4.645850
4.674600
4.724425
4.757225
4.813925
4.854825
4.911875
4.944100
4.991650
5.030350
5.076500
5.107350
5.140500
5.178925
5.213075
5.250050
5.285825
5.299675
5.316700
5.351725
5.396300
5.432950
5.470225
5.504375
5.542825
5.587200
5.626850
5.666625
5.705000
5.740150
5.802925
5.836700
5.883850
5.928150
5.960300
6.010400
6.054500
6.094200
6.150900
6.228525
6.264225
6.302325
6.404725
6.447375
6.486725
6.535100
6.577000
6.661600
6.766175
6.795075
6.859000
6.954200
6.991475
7.045075
7.070925
7.143000
7.172875
7.220375
7.295100
7.365900
7.427150
7.471125
7.552375
7.630000
7.657325
7.704825
7.740675
7.798000
7.875350
7.913050
7.935225
8.003400
8.044925
8.100025
8.194500
8.245525
8.307700
8.362475
8.485925
8.556550
8.675200
8.738975
8.833900
8.919700
8.956550
9.059325
9.103450
9.169075
9.228225
9.255550
9.306725
9.358625
9.437700
9.504000
9.574625
9.626675
9.654575
9.710550
9.742350
9.805475
9.844975
9.945250
9.983250
10.024525
10.082925
10.115800
10.158675
10.203025
10.252875
10.292650
10.328325
10.381225
10.428800
10.473375
10.527550
10.583350
10.650650
10.699075
10.765625
10.824800
10.858925
10.915475
10.995000
11.040350
11.153575
11.186725
11.234600
11.317400
11.365700
11.406925
11.448125
11.515250
11.558825
11.626875
11.676200
11.712450
11.766400
11.814400
11.869175
11.898025
11.932250
11.974525
12.018175
12.055675
12.093375
12.122950
12.156075
12.231150
12.260725
12.290200
12.320300
12.361575
12.425650
12.449050
12.491175
12.525250
12.557075
12.591175
12.612300
12.651050
12.687850
12.719000
12.763200
12.800075
12.837800
12.889275
12.922100
12.948675
13.008500
13.063175
13.106150
13.153525
13.176725
13.206625
13.242200
13.289075
13.325275
13.376525
13.463250
13.493350
13.571475
13.631875
13.767800
13.869200
13.920250
13.977500
14.048400
14.093000
14.156375
14.214275
14.282000
14.301475
14.315475
14.438000
14.489800
14.541100
14.652575
14.683700
14.748850
14.818575
14.850525
14.895425
14.948575
14.989425
15.047775
15.088250
15.114475
15.143425
15.181825
15.223025
15.258275
15.296025
15.346175
15.398875
15.431875
15.470725
15.496900
15.543250
15.582400
15.613100
15.650400
15.688250
15.724825
15.784075
15.815350
15.840700
15.866750
15.912350
15.952225
15.988950
16.027475
16.075850
16.107275
16.151750
16.214600
16.241325
16.272175
16.331650
16.381775
16.425425
16.451925
16.523750
16.594150
16.671050
16.708250
16.785150
16.868900
16.914325
16.984325
17.017950
17.066475
17.109050
17.146400
17.210825
17.295900
17.326850
17.359775
17.405975
17.437325
17.465725
17.500675
17.616525
17.657275
17.698625
17.737350
17.849425
17.877300
17.914750
17.951450
17.985575
18.061050
18.127475
18.176275
18.214200
18.243700
18.283625
18.321025
18.398025
18.454625
18.497675
18.581500
18.632400
18.678400
18.720825
18.788925
18.829025
18.899325
18.940925
19.007425
19.053925
19.098000
19.148675
19.190575
19.234800
19.291450
19.307300
19.323625
19.359050
19.412150
19.475775
19.527300
19.551700
19.619250
19.661225
19.711050
19.736950
19.768600
19.811925
19.845775
19.895175
19.927400
19.963975
20.024475
20.059625
20.102975
20.136675
20.195125
20.233650
20.287300
20.329850
20.377750
20.420100
20.468525
20.535900
20.589575
20.641200
20.690775
20.720075
20.773400
20.901900
21.008625
21.116925
21.188525
21.263650
21.265975
21.369650
21.436525
21.506650
21.551500
21.606975
21.638575
21.714475
21.835450
21.874075
22.015725
22.076900
22.121075
22.181650
22.232675
22.280450
22.318775
22.398925
22.457750
22.485850
22.536875
22.589050
22.641125
22.673400
22.708800
22.744925
22.784000
22.848200
22.878125
22.969800
22.999825
23.048525
23.089300
23.125875
23.157500
23.203075
23.245125
23.272150
23.303375
23.356100
23.389400
23.442925
23.468825
23.503725
23.536000
23.569100
23.608975
23.693050
23.754200
23.782650
23.827025
23.880325
23.924875
23.953300
23.983525
24.029125
24.142450
24.230225
24.310575
24.374700
24.457925
24.515900
24.577975
24.622725
24.675325
24.789225
24.836950
24.898975
24.959100
25.046150
25.090250
25.176000
25.221675
25.259500
25.313025
25.339900
25.391225
25.429825
25.476750
25.508350
25.542525
25.570225
25.620075
25.660825
25.687975
25.720625
25.767975
25.801600
25.849275
25.887825
25.925575
25.957450
26.075900
26.114500
26.147775
26.181500
26.212575
26.254175
26.294750
26.360975
26.390675
26.432125
26.484425
26.526475
26.571675
26.611925
26.645100
26.678200
26.726050
26.779050
26.810125
26.893200
26.933200
26.978675
27.036350
27.100125
27.191375
27.281800
27.336025
27.429575
27.523550
27.591250
27.636075
27.725050
27.767600
27.808975
27.841575
27.889500
27.920350
27.952475
27.992575
28.034625
28.059800
28.097700
28.145025
28.180450
28.219175
28.249325
28.290675
28.323625
28.353800
28.379425
28.412625
28.447725
28.470375
28.507450
28.547675
28.572850
28.602600
28.630625
28.662575
28.692150
28.765300
28.817650
28.822850
28.847100
28.871000
28.919825
28.946375
28.982175
29.013075
29.050300
29.078375
29.139825
29.186125
29.227750
29.261700
29.321875
29.367025
29.409975
29.462775
29.514075
29.581225
29.635650
29.674500
29.734425
29.776775
29.827300
29.872750
29.922650
29.960175
30.003600
30.052950
30.123625
30.187550
30.244425
30.286350
30.337775
30.416050
30.455300
30.604425
30.660500
30.699875
30.756200
30.828450
30.890025
30.932900
30.963650
31.005050
31.033025
31.101125
31.102650
31.148350
31.212300
31.254625
31.293200
31.374025
31.437400
31.482050
31.522675
31.567350
31.600300
31.683550
31.725525
31.752050
31.852225
31.906675
31.957375
32.000225
32.043275
32.071675
32.112400
32.158900
32.210900
32.252975
32.299525
32.370575
32.447250
32.527875
32.587325
32.619500
32.685550
32.800700
32.887750
32.945100
33.025450
33.239875
33.295050
33.371725
33.426300
33.555600
33.627650
33.677350
33.726250
33.761850
33.814325
33.896175
33.930325
33.970625
33.998425
34.026750
34.064325
34.125650
34.162700
34.200050
34.233250
34.260200
34.300950
34.333875
34.362725
34.407950
34.441500
34.480875
34.510900
34.534950
34.566450
34.589800
34.641875
34.674550
34.703575
34.753000
34.791175
34.867975
34.901775
34.942150
34.992850
35.024025
35.053225
35.149725
35.183325
35.213800
35.252775
35.283575
35.320125
35.372625
35.401750
35.436400
35.468925
35.513425
35.585850
35.619550
35.670675
35.719375
35.754675
35.824500
35.894625
35.948550
36.100650
36.176325
36.236250
36.322550
36.380250
36.432450
36.518200
36.564100
36.622200
36.655750
36.685750
36.774125
36.820050
36.896850
36.932150
36.988125
37.047300
37.124300
37.150050
37.189000
37.222025
37.328925
37.365200
37.396025
37.427050
37.465600
37.500575
37.540200
37.578500
37.626625
37.654250
37.683900
37.725675
37.771100
37.825925
37.864150
37.906400
37.967625
37.995525
38.022475
38.115225
38.151475
38.181475
38.225750
38.275100
38.340050
38.387825
38.484925
38.556350
38.620400
38.655750
38.658625
38.692625
38.756325
38.793425
38.826225
38.892075
38.938175
38.984075
39.026875
39.106150
39.150325
39.182150
39.223275
39.272125
39.350050
39.498850
39.534700
39.616150
39.696650
39.727675
39.801550
39.845825
39.916100
39.978650
40.028975
40.070150
40.115325
40.148575
40.208800
40.247050
40.287375
40.336400
40.383975
40.419025
40.478600
40.501525
40.576225
40.601175
40.662450
40.707350
40.758300
40.836800
40.905450
40.952450
41.014275
41.071575
41.140550
41.274650
41.317200
41.431875
41.487925
41.549200
41.650450
41.714875
41.807775
41.845025
41.897025
41.964000
41.999275
42.048825
42.078850
42.123800
42.181950
42.256850
42.290850
42.328150
42.382400
42.410800
42.446625
42.478450
42.508975
42.543500
42.580625
42.625100
42.658050
42.696725
42.730275
42.769100
42.804900
42.842325
42.870450
42.908125
42.934475
42.961050
43.007225
43.031025
43.059675
43.085975
43.111850
43.150225
43.179625
43.210225
43.241175
43.277975
43.312525
43.341750
43.374825
43.380975
43.416225
43.452575
43.483400
43.522625
43.565050
43.592275
43.624575
43.687475
43.719750
43.754925
43.788250
43.858125
43.894625
43.930700
44.024875
44.058300
44.101950
44.143400
44.219975
44.257875
44.328175
44.379525
44.423500
44.464500
44.524000
44.556300
44.600900
44.638250
44.685225
44.731675
44.786975
44.833425
44.861675
44.892600
44.992400
45.039975
45.065350
45.134100
45.194625
45.248875
45.336725
45.395600
45.488125
45.599800
45.660750
45.783050
45.849600
45.986600
46.037575
46.082775
46.167025
46.247550
46.305300
46.331850
46.375475
46.439725
46.495925
46.548500
46.634375
46.668600
46.714075
46.751075
46.797550
46.843850
46.883475
46.922425
46.969525
47.004400
47.005825
47.045550
47.087875
47.126175
47.170725
47.197250
47.252200
47.286225
47.318800
47.322875
47.352750
47.384375
47.422250
47.455850
47.488300
47.548825
47.583625
47.627050
47.658825
47.689900
47.708700
47.740950
47.784425
47.814525
47.849400
47.885950
47.930575
47.968800
47.998450
48.042425
48.081350
48.111550
48.143450
48.176750
48.216150
48.245000
48.281025
48.311100
48.355100
48.390825
48.425425
48.455650
48.530850
48.562775
48.606050
48.651075
48.718775
48.801650
48.882900
48.996775
49.101575
49.132375
49.313975
49.394750
49.454925
49.516775
49.587200
49.640875
49.706250
49.778950
49.818250
49.878975
49.925850
49.958125
50.000550
50.013725
50.039525
50.076400
50.109025
50.140300
50.200575
50.240100
50.275575
50.315875
50.351325
50.383875
50.412500
50.446050
50.486375
50.523200
50.552200
50.575800
50.598950
50.629450
50.662150
50.704925
50.741450
50.780200
50.828625
50.872875
50.901250
50.932600
50.972150
51.012325
51.056300
51.091400
51.134425
51.171450
51.212925
51.246200
51.309900
51.344275
51.389150
51.470250
51.507200
51.596300
51.649325
51.682625
51.729050
51.772550
51.960225
52.062550
52.133350
52.211450
52.307200
52.388875
52.501075
52.550375
52.600350
52.689725
52.758525
52.813700
52.895475
52.939125
52.973400
53.015625
53.027050
53.043475
53.067775
53.093925
53.112425
53.148975
53.177175
53.206425
53.232250
53.267425
53.302050
53.341225
53.371925
53.400525
53.438850
53.469700
53.498550
53.536150
53.563725
53.603725
53.633750
53.667275
53.700975
53.728000
53.761750
53.790400
53.824775
53.852550
53.898950
53.990500
54.023000
54.068775
54.108250
54.143000
54.175425
54.200725
54.244975
54.282450
54.312500
54.347450
54.377500
54.402425
54.444500
54.484875
54.730150
54.827000
54.906400
54.970550
55.053400
55.124650
55.267350
55.298975
55.327400
55.383100
55.436700
55.503125
55.576925
55.609500
55.666825
55.701525
55.755675
55.791500
55.834600
55.866500
55.901050
55.936300
56.007150
56.043100
56.114900
56.163825
56.224650
56.256525
56.292375
56.352850
56.447450
56.487775
56.532225
56.596650
56.635150
56.708500
56.749800
56.802025
56.849675
56.936500
56.999275
57.068375
57.138100
57.185050
57.234025
57.279375
57.316925
57.378300
57.409400
57.467800
57.502050
57.543950
57.566075
57.592225
57.635225
57.691600
57.726700
57.753450
57.790075
57.819275
57.849650
57.897850
57.931950
57.971700
58.007825
58.056775
58.083650
58.112025
58.150525
58.171900
58.191550
58.240750
58.266800
58.301700
58.374650
58.396275
58.453475
58.495025
58.546150
58.582675
58.626050
58.655300
58.706125
58.752875
58.789950
58.828300
58.877800
58.933000
59.005325
59.062175
59.180325
59.234900
59.284875
59.443225
59.543050
59.575400
59.712875
59.789575
59.837925
59.877900
59.942825
59.988600
60.027475
60.077450
60.111125
60.156900
60.202375
60.233650
60.267250
60.292650
60.317325
60.347925
60.386375
60.422950
60.456550
60.505875
60.538850
60.578625
60.608900
60.645700
60.689775
60.732525
60.767475
60.802325
60.846100
60.867250
60.903725
60.923875
60.957125
60.993975
61.021875
61.055725
61.085025
61.118750
61.166500
61.193975
61.231675
61.269525
61.304575
61.352475
61.382750
61.416800
61.454300
61.491450
61.524725
61.555275
61.594925
61.629525
61.668825
61.702825
61.751150
61.800375
61.882075
61.949225
62.041550
62.091800
62.134025
62.277775
62.374900
62.438275
62.493725
62.572675
62.624300
62.684475
62.719625
62.761400
62.800100
62.845200
62.889050
62.913125
62.946775
62.974825
63.019175
63.043650
63.079475
63.114175
63.140575
63.169850
63.217000
63.257100
63.289650
63.321025
63.353800
63.392600
63.427325
63.450525
63.480750
63.526025
63.575875
63.606125
63.640625
63.674050
63.701300
63.772000
63.843100
63.881650
63.938500
64.016775
64.057175
64.100900
64.165150
64.238900
64.346275
64.383425
64.507950
64.558625
64.653450
64.783775
64.852575
64.892950
64.938875
65.018425
65.093600
65.166400
65.247200
65.307350
65.369775
65.426925
65.465175
65.516300
65.559100
65.605075
65.645575
65.690000
65.730800
65.769275
65.800050
65.846825
65.891700
65.942900
65.976125
66.019425
66.064450
66.100175
66.174175
66.207925
66.247250
66.292300
66.325600
66.367775
66.396150
66.432950
66.463925
66.487875
66.522975
66.554450
66.583875
66.616725
66.660000
66.699300
66.733850
66.765100
66.796500
66.836300
66.874325
66.908275
66.942750
66.983275
67.026000
67.065000
67.101125
67.153475
67.258750
67.343725
67.408450
67.512375
67.552000
67.661150
67.730775
67.788425
67.842675
67.867950
67.904775
67.946725
67.985500
68.016000
68.060725
68.103700
68.146550
68.177500
68.209300
68.232525
68.264375
68.294625
68.324950
68.356550
68.384950
68.413200
68.445725
68.469900
68.503600
68.544725
68.570200
68.608675
68.654225
68.702550
68.744750
68.746875
68.779825
68.825200
68.869850
68.915150
68.952150
68.989050
69.023550
69.096200
69.169350
69.245750
69.306500
69.382575
69.466825
69.556675
69.598625
69.656000
69.732350
69.769825
69.834200
69.876250
69.930675
69.977800
70.015250
70.091250
70.126725
70.188900
70.229975
70.309400
70.342050
70.402625
70.456125
70.591175
70.628425
70.804500
70.873500
70.946050
71.009725
71.053250
71.108500
71.164850
71.226875
71.264825
71.330425
71.391450
71.420975
71.491925
71.516725
71.550050
71.623550
71.645450
71.705225
71.743550
71.775200
71.816725
71.846125
71.898600
71.938800
71.976750
72.028500
72.060050
72.093625
72.150875
72.193800
72.238100
72.284975
72.339175
72.367725
72.438450
72.511000
72.559825
72.620525
72.659175
72.737700
72.801700
72.891775
72.932675
73.002750
73.065700
73.090550
73.127075
73.181050
73.221575
73.247625
73.290150
73.329200
73.374975
73.407675
73.435575
73.467725
73.500400
73.538725
73.572900
73.616925
73.659375
73.722225
73.755800
73.791250
73.840175
73.879900
73.917450
73.956550
74.005750
74.074750
74.106550
74.141825
74.185650
74.258975
74.286525
74.368900
74.420200
74.474250
74.531300
74.589925
74.658825
74.705900
74.754950
74.886975
74.929125
74.990225
75.068075
75.104450
75.154325
75.191250
75.227950
75.263900
75.292975
75.323925
75.354950
75.382225
75.422100
75.451725
75.491725
75.530525
75.558000
75.594425
75.648950
75.685125
75.712525
75.749250
75.789625
75.836200
75.838425
75.894125
75.925350
75.989000
76.019650
76.052400
76.088475
76.122925
76.166925
76.226050
76.262825
76.312650
76.343525
76.389675
76.441550
76.478625
76.513050
76.569950
76.630100
76.689375
76.760525
76.834575
76.924050
76.999075
77.038075
77.086950
77.163800
77.232550
77.287150
77.330550
77.368075
77.391375
77.413950
77.457725
77.530925
77.598125
77.666200
77.732675
77.846400
77.880775
77.947650
77.980950
78.028275
78.058200
78.094725
78.159025
78.201350
78.244850
78.291850
78.323500
78.352750
78.402875
78.447300
78.488800
78.518500
78.550500
78.587450
78.661025
78.708475
78.750925
78.758625
78.783750
78.828825
78.879800
78.961050
79.019975
79.055400
79.119575
79.163000
79.258250
79.346325
79.412825
79.479975
79.551925
79.591625
79.645900
79.692700
79.767175
79.842300
79.885925
79.926625
80.009400
80.164325
80.222600
80.286000
80.311500
80.399175
80.433325
80.512225
80.567375
80.621775
80.665625
80.728700
80.794050
80.868500
80.940575
81.013275
81.072325
81.172975
81.202975
81.359100
81.404000
81.496175
81.583075
81.650900
81.690025
81.767750
81.820825
81.867525
81.908025
81.932525
81.977275
82.014775
82.042325
82.091925
82.164400
82.213925
82.257025
82.289450
82.318850
82.351450
82.393775
82.419150
82.450800
82.482500
82.511700
82.546925
82.587275
82.632700
82.665475
82.701975
82.734700
82.768250
82.808725
82.847400
82.879850
82.911450
82.939900
82.988725
83.062025
83.091825
83.136400
83.197750
83.237100
83.341075
83.372200
83.427475
83.505400
83.633450
83.700075
83.744975
83.799050
83.837800
83.888400
83.934200
83.989475
84.076600
84.126875
84.224200
84.276050
84.344875
84.419325
84.456800
84.501575
84.563975
84.622850
84.667500
84.695775
84.738800
84.801000
84.836700
84.890875
84.939025
85.005975
85.054000
85.139225
85.232850
85.263325
85.298950
85.338625
85.372075
85.407400
85.434025
85.466550
85.498500
85.527925
85.555975
85.599800
85.626575
85.656025
85.686200
85.714925
85.742250
85.777475
85.808325
85.844525
85.876050
85.910550
85.952350
85.979350
86.016550
86.046175
86.077725
86.109350
86.139875
86.180525
86.204850
86.210900
86.251525
86.293625
86.327425
86.367900
86.419950
86.451925
86.480500
86.523525
86.564900
86.612975
86.643600
86.698700
86.730300
86.792150
86.859575
86.914375
86.949500
86.977575
87.011300
87.056300
87.094425
87.135475
87.169300
87.194425
87.230600
87.269350
87.305175
87.333300
87.365925
87.451475
87.489075
87.540100
87.579000
87.615150
87.662400
87.696250
87.735050
87.773800
87.800700
87.859775
87.898200
87.949700
87.985925
88.030650
88.105100
88.138550
88.175800
88.209025
88.291375
88.393000
88.461275
88.493400
88.549700
88.630775
88.656850
88.737375
88.807475
88.885050
88.908650
88.966350
89.002525
89.037050
89.102850
89.155000
89.230775
89.318225
89.386800
89.426875
89.511700
89.624375
89.690625
89.763275
89.817375
89.877650
89.923550
89.972550
90.014425
90.065075
90.093100
90.122850
90.156450
90.194550
90.223775
90.277375
90.319125
90.351925
90.380850
90.416225
90.455200
90.495925
90.529650
90.567125
90.612350
90.658750
90.688750
90.715550
90.743900
90.757400
90.789200
90.847675
90.874775
90.916475
90.949625
90.982975
91.020875
91.052925
91.098700
91.145350
91.180625
91.230950
91.277375
91.316525
91.375650
91.474850
91.506100
91.543150
91.600025
91.659350
91.714875
91.808700
91.897775
91.932725
92.015450
92.121125
92.174600
92.243050
92.309725
92.448200
92.520525
92.645650
92.718225
92.779050
92.835250
92.910575
93.006425
93.046050
93.114050
93.192050
93.281750
93.366850
93.481175
93.511225
93.549550
93.604650
93.635775
93.708425
93.768450
93.840275
93.893800
93.953650
94.032475
94.061625
94.103425
94.137050
94.164925
94.197825
94.232500
94.262825
94.296100
94.344525
94.373000
94.407275
94.442950
94.473775
94.508500
94.541000
94.569900
94.600000
94.629600
94.659525
94.688275
94.726700
94.761325
94.792275
94.827700
94.852000
94.882650
94.926975
94.957025
94.988650
95.034075
95.063350
95.104700
95.156075
95.210550
95.235550
95.278600
95.320725
95.349750
95.399625
95.444475
95.482550
95.509375
95.556050
95.610975
95.735025
95.801200
95.837875
95.973975
96.130825
96.178200
96.254450
96.307150
96.342875
96.393325
96.406025
96.448725
96.495575
96.526175
96.564825
96.602575
96.633950
96.670675
96.714200
96.753825
96.787500
96.818025
96.853900
96.890275
96.930450
97.021525
97.071775
97.186825
97.225675
97.257425
97.291100
97.316850
97.345650
97.379075
97.410700
97.454900
97.531425
97.572500
97.607500
97.661675
97.697875
97.740425
97.792425
97.836875
97.867900
97.920450
97.965100
98.021125
98.053175
98.086375
98.131425
98.168325
98.200850
98.238750
98.261775
98.299275
98.324600
98.366900
98.393325
98.425450
98.456650
98.491775
98.528300
98.555525
98.592050
98.633300
98.695675
98.737800
98.771500
98.807400
98.841550
98.880900
98.925600
98.960200
99.037975
99.055925
99.109025
99.171950
99.234950
99.278325
99.374875
99.432350
99.535025
99.564500
99.669375
99.718800
99.788750
99.841825
99.875200
99.954050
100.012275
100.078125
100.121325
100.176800
100.227975
100.338525
100.396275
100.513600
100.591625
100.675400
100.730075
100.802650
100.843700
100.920975
100.960550
101.012575
101.052275
101.092400
101.125450
101.176775
101.218575
101.249100
101.293375
101.333650
101.373175
101.403350
101.443375
101.477075
101.502300
101.548550
101.583000
101.612650
101.643675
101.677800
101.717275
101.751550
101.796500
101.835850
101.864450
101.896500
101.940000
101.978825
102.013850
102.047700
102.091925
102.126375
102.162575
102.191975
102.237625
102.270975
102.310325
102.346100
102.375900
102.423225
102.454175
102.495625
102.529675
102.561050
102.590750
102.626400
102.668700
102.704600
102.750950
102.813375
102.865125
102.916675
102.970825
103.041100
103.144100
103.185350
103.255100
103.353550
103.417250
103.478850
103.579550
103.677525
103.769575
103.832650
103.893750
103.947200
104.008125
104.071200
104.137100
104.191975
104.227300
104.272675
104.337125
104.367625
104.401500
104.437575
104.477175
104.513600
104.556800
104.591075
104.628525
104.664225
104.701975
104.739000
104.761125
104.771125
104.801925
104.828050
104.852775
104.882925
104.917725
104.953975
104.987450
105.030250
105.059575
105.100425
105.122300
105.168475
105.200575
105.228300
105.271925
105.305325
105.355325
105.385125
105.422300
105.467525
105.502650
105.544325
105.584775
105.615975
105.647975
105.682200
105.735525
105.770550
105.821175
105.893600
105.934725
105.999325
106.053025
106.095150
106.151525
106.195475
106.264050
106.354750
106.404425
106.478750
106.548750
106.605700
106.654600
106.688050
106.717425
106.789325
106.833100
106.892450
106.939075
106.984400
107.025550
107.083175
107.159550
107.200150
107.236425
107.321975
107.417425
107.474425
107.518425
107.558350
107.621825
107.682650
107.722700
107.763425
107.806125
107.843450
107.874875
107.911400
107.946250
107.979850
108.008375
108.044950
108.087400
108.139250
108.179350
108.219700
108.265000
108.294000
108.323525
108.365075
108.404275
108.449500
108.487375
108.522950
108.562625
108.611550
108.655800
108.698375
108.739100
108.772800
108.813500
108.851900
108.903275
108.948350
108.985150
109.023150
109.052425
109.090200
109.138050
109.201225
109.233575
109.349075
109.429775
109.495075
109.546350
109.627775
109.690500
109.754925
109.839675
109.941850
110.064425
110.133325
110.188950
110.254475
110.306475
110.311175
110.357025
110.396550
110.426850
110.459650
110.486525
110.531375
110.554850
110.590450
110.625300
110.656050
110.686625
110.711675
110.739850
110.768975
110.803925
110.834725
110.874825
110.901450
110.932625
110.964000
110.999325
111.029400
111.062275
111.093275
111.124875
111.166525
111.199400
111.230400
111.263275
111.310550
111.342500
111.372300
111.385950
111.415350
111.454225
111.488575
111.555275
111.583975
111.623250
111.660400
111.706125
111.735350
111.784500
111.815800
111.854850
111.887100
111.940750
112.006250
112.071375
112.123075
112.218450
112.270475
112.340950
112.416750
112.497900
112.558425
112.618100
112.667150
112.720000
112.771000
112.831525
112.886150
112.933750
112.975625
113.018250
113.090250
113.152075
113.194875
113.259775
113.379375
113.434375
113.480925
113.511725
113.551100
113.606125
113.642825
113.677600
113.716850
113.770650
113.802825
113.838025
113.875050
113.921100
113.955225
113.992900
114.026300
114.057200
114.109225
114.155225
114.196900
114.234350
114.271850
114.316575
114.351325
114.360275
114.402350
114.466750
114.499900
114.536600
114.577850
114.614425
114.656275
114.683950
114.712975
114.753675
114.815900
114.863325
114.894375
114.926050
114.959050
115.004550
115.034700
115.069250
115.112025
115.148575
115.186300
115.226400
115.273575
115.303375
115.346975
115.416925
115.458950
115.510350
115.722200
115.793750
115.940325
116.040200
116.107075
116.176825
116.288050
116.380850
116.444475
116.521200
116.577975
116.618900
116.690100
116.727875
116.757225
116.801875
116.854225
116.886900
116.914600
116.952550
116.989450
117.032400
117.072025
117.106775
117.147550
117.181400
117.211875
117.253050
117.288675
117.329525
117.369525
117.407975
117.437375
117.483450
117.517675
117.564675
117.592100
117.621275
117.674150
117.711250
117.722800
117.745825
117.796550
117.824500
117.860775
117.890450
117.944425
117.987150
118.023225
118.058800
118.106100
118.139350
118.172000
118.233025
118.262975
118.315825
118.353225
118.395975
118.436675
118.496700
118.552650
118.598150
118.675200
118.730600
118.777525
118.833125
118.899425
119.049150
119.122400
119.212325
119.292150
119.338450
119.428575
119.528825
119.640500
119.732275
119.820250
119.856100
119.907275
119.948725
120.004950
120.055725
120.102275
120.129600
120.163225
120.217000
120.253225
120.285025
120.317050
120.359025
120.397825
120.447825
120.452325
120.483075
120.528475
120.550850
120.578125
120.639175
120.681125
120.707350
120.751275
120.790775
120.838850
120.869025
120.898650
120.943550
120.975100
121.008625
121.059075
121.093500
121.136950
121.161275
121.192975
121.238000
121.280800
121.335175
121.366975
121.415800
121.442275
121.485125
121.560400
121.620475
121.659850
121.720875
121.816900
121.887850
121.963925
122.048600
122.141600
122.197900
122.258975
122.323525
122.476650
122.545375
122.625150
122.693350
122.794425
122.871675
122.929325
122.994000
123.043925
123.093500
123.137425
123.169200
123.218650
123.253725
123.287325
123.329375
123.369275
123.417575
123.445525
123.478325
123.518825
123.552875
123.593225
123.633925
123.653400
123.681475
123.711900
123.739150
123.776775
123.806600
123.833175
123.865475
123.899275
123.930800
123.968350
124.003100
124.034325
124.069275
124.105100
124.143150
124.181375
124.202375
124.269675
124.338150
124.377500
124.417550
124.449125
124.518775
124.556700
124.615575
124.648300
124.698075
124.761400
124.809900
124.879975
124.943275
124.974025
125.008025
125.041300
125.069600
125.096800
125.126175
125.190950
125.228700
125.255200
125.282800
125.312925
125.368200
125.392675
125.448725
125.492800
125.540600
125.573625
125.601725
125.642575
125.680750
125.715325
125.764400
125.799125
125.843750
125.877075
125.925200
125.974900
126.006100
126.060200
126.091750
126.130600
126.176625
126.206325
126.247175
126.280800
126.320975
126.353875
126.385600
126.421100
126.449225
126.485125
126.520750
126.557050
126.591100
126.617625
126.660100
126.690350
126.712675
126.751175
126.787400
126.822800
126.856600
126.933075
126.981775
127.035000
127.090250
127.214500
127.265225
127.339900
127.433075
127.525625
127.614975
127.678000
127.721650
127.761400
127.810975
127.861675
127.896875
127.937350
127.977775
128.012875
128.055825
128.096275
128.139600
128.182825
128.212125
128.256550
128.294125
128.325900
128.359450
128.402175
128.442175
128.497350
128.531725
128.576875
128.617300
128.643300
128.684825
128.727200
128.752200
128.796625
128.843800
128.893025
128.928500
128.966175
129.027350
129.085475
129.161600
129.209275
129.272175
129.303350
129.350825
129.420775
129.481350
129.546950
129.658450
129.744875
129.785525
129.827400
129.867675
129.909825
129.954625
129.997575
130.026275
130.074875
130.105750
130.147825
130.198225
130.231275
130.311475
130.359675
130.391400
130.428300
130.461825
130.491400
130.527925
130.566825
130.596475
130.627900
130.696400
130.722125
130.770700
130.806900
130.842400
130.885450
130.931725
130.976075
131.023000
131.081375
131.124275
131.184275
131.234300
131.272825
131.329050
131.431025
131.471125
131.544550
131.592525
131.664850
131.747250
131.818950
131.880025
131.986075
132.029175
132.072875
132.121525
132.149075
132.189750
132.246600
132.271575
132.334000
132.361500
132.397100
132.447450
132.491325
132.529475
132.572450
132.614125
132.714725
132.743050
132.770625
132.827625
132.865500
132.905850
132.937625
132.989500
133.022350
133.069675
133.121700
133.177050
133.267200
133.304625
133.334475
133.408075
133.441900
133.471125
133.535175
133.570800
133.605625
133.644750
133.683350
133.722750
133.768800
133.812550
133.861125
133.894875
133.929600
133.971750
134.022375
134.052250
134.114550
134.185875
134.213800
134.329550
134.372675
134.380900
134.449650
134.566950
134.644325
134.690150
134.808625
134.885025
134.910025
134.945800
135.005325
135.062075
135.108150
135.155325
135.177900
135.202675
135.207450
135.235950
135.269600
135.319500
135.348250
135.379625
135.406550
135.442200
135.476800
135.513125
135.545700
135.583975
135.617700
135.665300
135.700800
135.746675
135.776150
135.813075
135.845725
135.875475
135.908000
135.914600
135.940400
135.980950
136.009400
136.046100
136.090625
136.126250
136.169125
136.213700
136.244325
136.278650
136.313850
136.344125
136.388725
136.434700
136.464750
136.507025
136.556950
136.640675
136.715300
136.781900
136.833825
136.912150
136.995275
137.054950
137.092225
137.130200
137.173325
137.236700
137.264050
137.314425
137.347050
137.384325
137.424825
137.472475
137.506250
137.540425
137.577500
137.581050
137.621675
137.652175
137.688375
137.721325
137.762800
137.810425
137.842250
137.893200
137.935300
137.968400
138.004875
138.040200
138.074200
138.102075
138.144325
138.187850
138.230950
138.268100
138.321950
138.380950
138.415125
138.483675
138.526375
138.577200
138.662525
138.744050
138.826475
138.921625
138.961675
139.031375
139.114450
139.186600
139.249400
139.316025
139.368075
139.438600
139.490825
139.558225
139.643800
139.725925
139.757400
139.819700
139.876825
139.926475
139.956475
139.984700
140.038200
140.086600
140.141100
140.188000
140.225725
140.256350
140.301625
140.334150
140.369900
140.417875
140.462500
140.496575
140.537500
140.606250
140.652400
140.694450
140.750550
140.795350
140.836200
140.888200
140.914600
140.984750
141.015675
141.053600
141.096525
141.172075
141.237300
141.310100
141.376700
141.436125
141.484950
141.525125
141.555000
141.591900
141.631050
141.681525
141.726025
141.775225
141.815900
141.847850
141.878725
141.939050
141.975675
142.015900
142.051100
142.092800
142.127925
142.204500
142.239150
142.271550
142.312675
142.345050
142.386550
142.405300
142.424800
142.455950
142.488800
142.531225
142.572525
142.601775
142.631725
142.655725
142.698125
142.754200
142.840675
142.883825
142.989675
143.039425
143.098950
143.170775
143.226350
143.304775
143.378250
143.411150
143.487150
143.558875
143.595425
143.657025
143.704175
143.742475
143.796250
143.839750
143.868675
143.914625
143.947375
143.979975
144.010525
144.045650
144.075350
144.120825
144.158200
144.202550
144.244725
144.276025
144.303850
144.332275
144.361275
144.396525
144.411550
144.424600
144.450325
144.493675
144.522125
144.555750
144.587450
144.618950
144.692050
144.731200
144.762475
144.794925
144.828400
144.863125
144.898425
144.958675
144.980750
145.012425
145.047625
145.084725
145.160100
145.214250
145.258100
145.291000
145.327225
145.364275
145.465625
145.572975
145.609500
145.721775
145.810100
145.861775
145.957300
146.028900
146.092125
146.198550
146.317375
146.394300
146.464700
146.536950
146.618225
146.654250
146.705700
146.738675
146.783225
146.814525
146.839200
146.880325
146.912950
146.946300
146.969800
147.007075
147.035075
147.070050
147.113000
147.149675
147.185175
147.209675
147.240775
147.269625
147.301500
147.331850
147.368525
147.397725
147.434925
147.461775
147.501000
147.571900
147.599925
147.647550
147.673900
147.701650
147.737650
147.782300
147.822925
147.865875
147.897700
147.931950
147.985325
148.054825
148.089925
148.122625
148.158525
148.195200
148.227375
148.268450
148.301875
148.338450
148.381950
148.412425
148.446175
148.492400
148.531375
148.580800
148.616800
148.649050
148.705125
148.755675
148.803700
149.054925
149.174300
149.226000
149.288250
149.362400
149.408000
149.439725
149.476850
149.515500
149.546625
149.570200
149.595075
149.637775
149.669375
149.708200
149.740775
149.783400
149.822225
149.865050
149.932250
149.975750
150.012125
150.043250
150.081675
150.108325
150.137175
150.171950
150.203375
150.233575
150.263975
150.298200
150.340075
150.371950
150.396950
150.427225
150.455450
150.512050
150.548850
150.579050
150.619875
150.646250
150.676550
150.718300
150.769300
150.810250
150.840800
150.872425
150.914300
150.951275
150.991575
151.032625
151.085300
151.116925
151.149150
151.189675
151.222425
151.253475
151.313050
151.362200
151.507475
151.573800
151.624225
151.738550
151.786900
151.847075
151.922050
152.039050
152.099625
152.172350
152.314825
152.397550
152.451900
152.516900
152.570450
152.625500
152.652850
152.693700
152.736225
152.765000
152.799850
152.830025
152.865925
152.901075
152.942675
152.977225
153.025225
153.067575
153.097925
153.138300
153.171075
153.218625
153.247325
153.300025
153.337525
153.376025
153.427925
153.456925
153.493050
153.531400
153.567025
153.600375
153.643250
153.675750
153.704125
153.742800
153.770250
153.778300
153.814100
153.846050
153.880950
153.916775
153.955875
153.992325
154.027325
154.063525
154.119825
154.166600
154.211000
154.303325
154.372500
154.467175
154.530550
154.634400
154.711075
154.766950
154.875425
154.960125
155.016975
155.089650
155.285400
155.337800
155.420950
155.503375
155.577125
155.638400
155.694975
155.761575
155.802400
155.844850
155.933225
156.017200
156.077550
156.130575
156.182925
156.246700
156.324275
156.386825
156.432675
156.462475
156.514400
156.553900
156.578725
156.626300
156.667075
156.717200
156.761200
156.810375
156.858150
156.922450
157.008175
157.085725
157.131125
157.184725
157.243350
157.288625
157.353725
157.466425
157.495625
157.553050
157.632175
157.668400
157.706550
157.781650
157.845225
158.031450
158.124200
158.170900
158.220750
158.278325
158.346050
158.404350
158.433150
158.489750
158.519300
158.564150
158.610050
158.658475
158.693300
158.769000
158.795650
158.833950
158.874325
158.903600
158.936175
158.978650
159.014525
159.070875
159.109775
159.145650
159.190150
159.221075
159.257350
159.298550
159.337175
159.367675
159.393275
159.419925
159.449000
159.477650
159.502300
159.531050
159.597375
159.627825
159.657625
159.685800
159.713425
159.738200
159.774825
159.803700
159.839700
159.871600
159.902400
159.932775
159.980500
160.023775
160.060700
160.098350
160.141400
160.181100
160.214825
160.251450
160.285550
160.317150
160.341925
160.383500
160.420775
160.449800
160.490725
160.523400
160.576125
160.637600
160.672725
160.728800
160.795975
160.863550
160.927900
161.046550
161.111525
161.232625
161.298600
161.326350
161.377375
161.462525
161.502500
161.577125
161.651475
161.678675
161.679850
161.736550
161.777325
161.819400
161.883250
161.920175
161.956175
161.997375
162.033350
162.072575
162.122525
162.157300
162.202850
162.225100
162.263325
162.293225
162.329450
162.382650
162.413300
162.445425
162.484200
162.511750
162.551200
162.590975
162.616300
162.653075
162.687150
162.721275
162.755275
162.793375
162.830875
162.863575
162.912475
162.969450
163.001625
163.030150
163.058175
163.095375
163.122950
163.154375
163.188850
163.221275
163.257100
163.287725
163.320825
163.344250
163.378525
163.413125
163.478050
163.516200
163.564250
163.612875
163.667375
163.737700
163.775575
163.817300
163.853225
163.867000
163.887000
163.958300
164.051050
164.158100
164.194225
164.251225
164.330275
164.415650
164.445100
164.495125
164.526625
164.650675
164.697925
164.793775
164.820925
164.869250
164.929875
164.979550
165.025425
165.058150
165.105875
165.139600
165.178025
165.212775
165.255225
165.302200
165.341050
165.376350
165.426575
165.467750
165.507875
165.550250
165.576000
165.603025
165.644050
165.680375
165.725750
165.770225
165.809325
165.839550
165.874925
165.904850
165.955325
166.012375
166.040000
166.080925
166.127925
166.181025
166.212050
166.259950
166.338650
166.394475
166.508550
166.570300
166.642425
166.766075
166.834250
166.927950
167.015175
167.086800
167.129325
167.192175
167.240350
167.267475
167.297675
167.325400
167.356200
167.411025
167.434950
167.474875
167.501700
167.545875
167.580875
167.628700
167.664675
167.699075
167.732275
167.776600
167.812900
167.843500
167.879725
167.912650
167.959775
167.994525
168.035950
168.090275
168.133175
168.174800
168.211675
168.260625
168.306775
168.385625
168.427425
168.467825
168.541075
168.674275
168.715800
168.745975
168.769250
168.796525
168.831475
168.888800
168.917800
168.949575
168.989725
169.031225
169.061150
169.108700
169.164175
169.203975
169.242175
169.281750
169.309175
169.354700
169.392900
169.426325
169.480725
169.510350
169.562200
169.619050
169.682750
169.748325
169.838625
169.903375
169.971750
170.008275
170.071450
170.103825
170.168125
170.202450
170.317975
170.350325
170.384500
170.422575
170.462850
170.493350
170.521425
170.557375
170.600700
170.624250
170.628425
170.655000
170.683600
170.720325
170.754000
170.780900
170.813750
170.839700
170.867350
170.907925
170.936150
170.964375
170.993650
171.024250
171.077900
171.106950
171.137025
171.175525
171.219950
171.255450
171.303075
171.346975
171.375125
171.406550
171.470400
171.498975
171.533100
171.561775
171.607175
171.636200
171.668625
171.696050
171.716725
171.746425
171.785525
171.812100
171.846825
171.884225
171.949000
171.982300
172.025475
172.059975
172.098750
172.132350
172.221675
172.316225
172.348600
172.439750
172.445800
172.469875
172.508325
172.614250
172.716750
172.736125
172.809400
172.897325
172.940025
173.032650
173.086875
173.190225
173.249700
173.282975
173.316275
173.356725
173.389950
173.423950
173.454100
173.500250
173.534900
173.563025
173.597175
173.621300
173.645050
173.672225
173.701375
173.725875
173.770600
173.803900
173.837775
173.866650
173.893450
173.926250
173.967450
173.999550
174.027925
174.060200
174.086450
174.129150
174.154925
174.216425
174.258325
174.311800
174.344975
174.399200
174.423500
174.452600
174.492425
174.535100
174.566025
174.599425
174.635525
174.664700
174.690300
174.728525
174.755800
174.792050
174.819550
174.857700
174.885550
174.918800
174.947950
174.986875
175.021625
175.054225
175.083850
175.107575
175.141375
175.165775
175.196875
175.239800
175.270850
175.386750
175.452400
175.499675
175.658975
175.722150
175.819700
175.913500
175.995950
176.089525
176.181625
176.239725
176.284625
176.347175
176.383450
176.418700
176.453325
176.487600
176.517950
176.564175
176.587850
176.614450
176.643125
176.679575
176.706575
176.744675
176.767875
176.792475
176.823325
176.852025
176.883525
176.913750
176.943625
176.988125
177.026275
177.123125
177.167675
177.195875
177.218900
177.254725
177.285200
177.316975
177.347900
177.376700
177.406625
177.437225
177.476225
177.509350
177.536425
177.568675
177.595450
177.622600
177.651975
177.682700
177.712975
177.738425
177.770375
177.803450
177.833275
177.866450
177.897075
177.901425
177.925025
177.962650
178.009250
178.113600
178.207675
178.311550
178.343075
178.388175
178.390125
178.414600
178.436200
178.482425
178.506525
178.543400
178.597575
178.625325
178.651800
178.688125
178.706500
178.721650
178.787625
178.829900
178.855925
178.889525
178.921625
178.948575
178.985325
179.018475
179.045025
179.076775
179.115700
179.147075
179.185075
179.217275
179.247450
179.284775
179.308275
179.337250
179.381500
179.418825
179.458100
179.488050
179.518675
179.551725
179.587100
179.626725
179.658775
179.686725
179.713150
179.755750
179.781500
179.813800
179.842400
179.876225
179.902600
179.919875
179.946675
179.974625
180.007400
180.039400
180.065500
180.096875
180.127275
180.156650
180.183525
180.214250
180.248225
180.285200
180.313225
180.341625
180.372375
180.411200
180.446875
180.476250
180.508400
180.542350
180.574325
180.606450
180.657475
180.694775
180.798775
180.835125
180.945350
180.992025
181.101675
181.145150
181.259225
181.345850
181.418825
181.544575
181.612175
181.661825
181.731025
181.801525
181.825200
181.886400
181.914325
181.954025
181.998700
182.021550
182.065100
182.089500
182.122425
182.145875
182.185550
182.216725
182.250500
182.284475
182.320575
182.364725
182.390575
182.420675
182.469200
182.500600
182.534175
182.582250
182.620350
182.664325
182.704350
182.746050
182.775675
182.810625
182.842025
182.874075
182.910950
182.944200
182.997700
183.027475
183.067675
183.113800
183.155700
183.188125
183.239425
183.293375
183.322075
183.385675
183.454625
183.524050
183.588100
183.644875
183.706025
183.747700
183.836500
183.877425
183.912550
183.999625
184.045275
184.161175
184.227150
184.294450
184.365050
184.460025
184.526050
184.588450
184.652225
184.708025
184.758300
184.796325
184.803775
184.873750
184.922250
184.973575
185.027525
185.095300
185.134625
185.209000
185.240850
185.294550
185.342075
185.396125
185.454450
185.535250
185.577100
185.698450
185.769450
185.874575
185.930075
186.002775
186.077250
186.172300
186.236000
186.290800
186.338975
186.373650
186.434175
186.503150
186.540900
186.575050
186.637975
186.663250
186.719075
186.771600
186.809350
186.848275
186.888775
186.915300
186.958700
186.990550
187.025375
187.057650
187.093125
187.125625
187.166175
187.190200
187.220725
187.269475
187.296100
187.323675
187.370750
187.397400
187.433225
187.459650
187.500425
187.536225
187.578625
187.606025
187.641725
187.672875
187.703175
187.728900
187.763125
187.783750
187.809950
187.845100
187.922150
187.964400
188.002725
188.042850
188.071550
188.109650
188.167100
188.233825
188.286050
188.337400
188.396450
188.435425
188.457875
188.514575
188.583925
188.630625
188.705400
188.753550
188.843225
188.893275
188.968075
188.998050
189.040375
189.078425
189.111850
189.138000
189.179125
189.218125
189.259725
189.296125
189.332225
189.362775
189.403625
189.432550
189.463575
189.513900
189.544350
189.577925
189.607625
189.638225
189.668075
189.705825
189.728250
189.750600
189.785850
189.821975
189.895775
189.927500
189.970675
190.022925
190.054425
190.081600
190.117000
190.152650
190.180450
190.223675
190.242975
190.292900
190.322275
190.354425
190.380525
190.413350
190.437850
190.470700
190.509850
190.530650
190.570950
190.599775
190.632100
190.667175
190.693225
190.723150
190.762375
190.791100
190.822000
190.865400
190.895325
190.928300
190.959950
190.985675
191.011975
191.039550
191.082450
191.104600
191.138725
191.169350
191.200125
191.228925
191.269925
191.302350
191.315750
191.331200
191.358025
191.385225
191.409700
191.445650
191.475675
191.508100
191.537400
191.563900
191.599300
191.625050
191.650325
191.692200
191.709950
191.726275
191.788750
191.817650
191.848050
191.903350
191.933375
191.942725
191.967000
192.009675
192.065500
192.094150
192.122100
192.149050
192.181625
192.212400
192.247600
192.273575
192.312250
192.333650
192.374400
192.405100
192.425550
192.462175
192.500075
192.585475
192.654450
192.793475
192.876200
192.994275
193.050950
193.089450
193.112150
193.157600
193.242500
193.296600
193.358000
193.387325
193.444450
193.482050
193.530150
193.585475
193.610900
193.657475
193.699775
193.756800
193.785600
193.849225
193.877525
193.906900
193.935075
193.972550
194.000200
194.032350
194.064300
194.099900
194.144250
194.181600
194.218850
194.252300
194.285050
194.316375
194.355225
194.392450
194.421700
194.451900
194.479350
194.507775
194.543550
194.568700
194.596950
194.630400
194.665600
194.694050
194.726450
194.759800
194.802700
194.836075
194.867975
194.893525
194.925175
194.961900
195.004200
195.043300
195.072100
195.102700
195.139450
195.190075
195.215000
195.255800
195.290325
195.329600
195.362625
195.397300
195.464225
195.497000
195.559000
195.639700
195.671475
195.730025
195.785625
195.829525
195.895950
195.942375
196.002225
196.073725
196.104950
196.146500
196.174150
196.222000
196.268800
196.355675
196.413150
196.484750
196.553000
196.597375
196.663525
196.713625
196.759350
196.817525
196.847875
196.936700
196.961975
197.016850
197.084575
197.152300
197.232650
197.293125
197.343475
197.425225
197.466675
197.537775
197.547900
197.626300
197.673200
197.732250
197.805200
197.834525
197.882550
197.962600
198.018350
198.087650
198.129150
198.180700
198.235450
198.309775
198.350700
198.451625
198.488425
198.577775
198.635450
198.677100
198.739750
198.791550
198.844400
198.893775
198.938600
198.975800
199.023100
199.064725
199.100475
199.139750
199.171450
199.203900
199.234800
199.268225
199.300900
199.335475
199.367775
199.402350
199.440325
199.477150
199.509175
199.544425
199.579075
199.611475
199.646200
199.684200
199.725750
199.762375
199.791000
199.825500
199.858225
199.899600
199.939325
199.984975
200.023800
200.061450
200.090275
200.121450
200.144975
200.180825
200.212725
200.240125
200.266950
200.305125
200.335375
200.373075
200.417100
200.449475
200.485825
200.519325
200.551250
200.584400
200.625450
200.668350
200.699750
200.769050
200.814100
200.886175
200.945125
201.017000
201.071300
201.173050
201.267450
201.361000
201.436775
201.475850
201.574125
201.640850
201.710475
201.756075
201.794350
201.826475
201.865075
201.901575
201.927500
201.958225
201.999800
202.028125
202.066250
202.090375
202.117975
202.148025
202.174000
202.200825
202.222700
202.249850
202.289450
202.321200
202.386025
202.422675
202.455075
202.481975
202.526400
202.568350
202.596575
202.647900
202.673575
202.712675
202.757625
202.793125
202.825950
202.856525
202.894700
202.920500
202.951025
202.984400
203.023550
203.056775
203.100550
203.127200
203.166450
203.200425
203.235175
203.262250
203.295075
203.326650
203.379625
203.408800
203.438900
203.470725
203.496375
203.528150
203.553775
203.586500
203.633450
203.660625
203.688450
203.724475
203.753875
203.810100
203.839125
203.889225
203.925500
203.981675
204.019325
204.107625
204.211825
204.268025
204.327400
204.378025
204.448575
204.545225
204.575575
204.639400
204.699050
204.792400
204.823250
204.854925
204.891075
204.918225
204.947375
204.971550
204.999350
205.027750
205.061875
205.087700
205.124950
205.154275
205.181850
205.208650
205.239525
205.267600
205.293650
205.327475
205.358025
205.391450
205.423325
205.452025
205.491150
205.531800
205.561675
205.595000
205.629975
205.667875
205.700375
205.732725
205.761775
205.799925
205.832950
205.858825
205.897200
205.942750
205.975025
206.019125
206.048150
206.081375
206.113400
206.144225
206.184575
206.229925
206.256125
206.296750
206.326975
206.384225
206.412600
206.469725
206.510225
206.560900
206.641925
206.711975
206.753950
206.783700
206.851600
206.931125
206.978050
206.997200
207.032875
207.086025
207.138350
207.308775
207.342625
207.415000
207.458025
207.508425
207.578350
207.629300
207.682975
207.744450
207.785500
207.816775
207.861875
207.905575
207.941925
207.981075
208.023225
208.060925
208.098925
208.144700
208.193350
208.228125
208.290475
208.343775
208.376125
208.432975
208.477525
208.512275
208.579475
208.611500
208.653400
208.722125
208.755650
208.814100
208.866575
208.915775
208.965875
209.004150
209.071500
209.111375
209.161650
209.199375
209.228500
209.251525
209.291400
209.295950
209.328550
209.352425
209.380475
209.413075
209.448775
209.478925
209.528650
209.566500
209.621650
209.651000
209.688950
209.716950
209.747700
209.778625
209.810250
209.847975
209.885100
209.914200
209.955625
209.995500
210.045900
210.073950
210.120350
210.155400
210.229325
210.261250
210.304725
210.341250
210.353125
210.375500
210.386400
210.418125
210.451175
210.518125
210.544000
210.594150
210.632075
210.689050
210.710500
210.745000
210.791575
210.831225
210.870375
210.916600
210.950000
210.999650
211.040400
211.075550
211.125775
211.157425
211.210900
211.249725
211.289900
211.329850
211.367050
211.394250
211.459350
211.516100
211.539850
211.575025
211.622225
211.650475
211.702800
211.743000
211.784825
211.822475
211.851575
211.914100
211.952375
211.985825
212.035825
212.078200
212.122150
212.197300
212.220675
212.278475
212.308225
212.346575
212.394825
212.396475
212.436150
212.464500
212.495300
212.539250
212.588100
212.630475
212.664525
212.706275
212.760900
212.840000
212.897800
212.943500
212.999525
213.049800
213.145725
213.242525
213.302950
213.349825
213.424975
213.463700
213.541575
213.593450
213.636425
213.687100
213.747000
213.802400
213.839675
213.871725
213.915825
213.943600
213.968825
214.001850
214.044075
214.070350
214.105150
214.147100
214.174250
214.232000
214.274275
214.308125
214.339500
214.368825
214.466300
214.492700
214.520525
214.553975
214.580850
214.632025
214.671025
214.704625
214.742275
214.768575
214.799500
214.828975
214.857725
214.885175
214.925725
214.957900
214.978050
215.006950
215.037850
215.085400
215.132175
215.180300
215.223400
215.271300
215.309675
215.344225
215.380550
215.433100
215.489950
215.551075
215.604450
215.665450
215.728375
215.777500
215.893450
215.934375
216.071075
216.098500
216.148375
216.186125
216.230900
216.290750
216.329450
216.376500
216.412800
216.503650
216.558800
216.604250
216.683800
216.744800
216.777900
216.833775
216.864350
216.896175
216.933100
217.030675
217.068525
217.128000
217.170025
217.228125
217.267550
217.301125
217.347350
217.386700
217.421100
217.457650
217.492300
217.527550
217.560425
217.608950
217.645450
217.671100
217.710025
217.753175
217.781500
217.818325
217.842600
217.878975
217.917950
217.952200
217.987075
218.031000
218.070250
218.097675
218.125250
218.167975
218.196500
218.231875
218.264550
218.297700
218.328425
218.357400
218.383775
218.414400
218.446150
218.477375
218.522875
218.562075
218.597750
218.634550
218.658225
218.696725
218.734325
218.782000
218.820800
218.876100
218.979500
219.053000
219.090150
219.152025
219.211925
219.296350
219.342500
219.381375
219.459425
219.508800
219.554225
219.606325
219.662500
219.699200
219.733250
219.753550
219.789750
219.826100
219.855100
219.889750
219.917975
219.954675
219.986975
220.016375
220.042400
220.082475
220.113625
220.140300
220.166075
220.196025
220.224250
220.254025
220.281875
220.305500
220.335325
220.373725
220.405225
220.445850
220.476375
220.502900
220.527875
220.556625
220.577800
220.584700
220.606800
220.631325
220.662475
220.690925
220.718600
220.765625
220.792550
220.819250
220.852900
220.877150
220.909675
220.937225
220.962450
220.995625
221.023375
221.046575
221.080650
221.105800
221.135475
221.159875
221.192800
221.424925
221.493675
221.593925
221.622800
221.664400
221.708525
221.757825
221.807350
221.837900
221.885850
221.918250
221.950425
221.984000
222.024000
222.050775
222.081575
222.122975
222.149200
222.177875
222.200825
222.235000
222.277975
222.306725
222.333700
222.366450
222.397400
222.430075
222.455775
222.487725
222.520675
222.582175
222.606750
222.649625
222.680650
222.712100
222.750875
222.778075
222.820625
222.846925
222.879600
222.931725
222.988175
223.020250
223.048475
223.140850
223.164350
223.189250
223.218225
223.258750
223.288125
223.317000
223.371850
223.396425
223.465400
223.508500
223.572825
223.603275
223.630900
223.680200
223.713700
223.740950
223.786800
223.825125
223.863775
223.906350
223.952150
223.988500
224.052475
224.156775
224.234075
224.320025
224.349600
224.436775
224.466750
224.526775
224.585150
224.623275
224.691400
224.733400
224.758150
224.819100
224.857925
224.921900
224.952800
225.003775
225.041575
225.087200
225.125100
225.171875
225.224775
225.265575
225.293975
225.343325
225.368225
225.392700
225.427575
225.454100
225.480275
225.512450
225.534025
225.563000
225.588500
225.614675
225.647375
225.671300
225.693200
225.717500
225.744675
225.768425
225.803625
225.845700
225.878725
225.906000
225.946125
225.980725
226.049375
226.085175
226.113275
226.145850
226.163225
226.183925
226.223450
226.250200
226.288550
226.317325
226.361075
226.388575
226.415500
226.443700
226.475375
226.498300
226.541525
226.564325
226.608075
226.639675
226.681125
226.711900
226.744600
226.789650
226.857750
226.900400
226.943175
226.985600
227.027425
227.111200
227.180900
227.246875
227.324050
227.365750
227.413250
227.451850
227.496900
227.548250
227.605375
227.652100
227.690250
227.751000
227.832575
227.867325
227.915825
227.947225
228.002275
228.033600
228.137200
228.180525
228.223250
228.261500
228.293850
228.331150
228.382525
228.451925
228.480850
228.526150
228.589100
228.623750
228.657275
228.686200
228.727650
228.782875
228.844250
228.934825
228.982850
229.019350
229.082275
229.120525
229.178400
229.226200
229.283500
229.345000
229.382225
229.431400
229.475475
229.518025
229.558100
229.595675
229.642550
229.658825
229.675200
229.712975
229.762850
229.789825
229.822375
229.860325
229.895725
229.932050
229.963825
230.001500
230.034850
230.067325
230.111400
230.142300
230.198750
230.230000
230.291575
230.328425
230.362050
230.389600
230.428175
230.469200
230.516400
230.542900
230.581475
230.631075
230.660075
230.699675
230.735450
230.765375
230.802800
230.839825
230.877500
230.913525
231.005700
231.038625
231.102200
231.162250
231.228925
231.268750
231.375100
231.433125
231.477850
231.555050
231.608275
231.739325
231.769875
231.826450
231.853875
231.914050
231.993725
232.032625
232.100450
232.129100
232.175075
232.213125
232.266100
232.334900
232.400425
232.443900
232.473775
232.518000
232.546825
232.593750
232.621450
232.654900
232.687000
232.726925
232.754600
232.784125
232.817150
232.862275
232.891725
232.919600
232.952025
232.985250
233.016000
233.059850
233.101025
233.131200
233.173650
233.227875
233.259750
233.299850
233.335800
233.366350
233.403225
233.432425
233.463450
233.495400
233.531800
233.561200
233.604700
233.632475
233.668250
233.716525
233.753250
233.799600
233.837625
233.872975
233.912425
233.944800
233.977150
234.067425
234.121150
234.203450
234.288350
234.392850
234.455200
234.508775
234.561925
234.616450
234.696425
234.766750
234.827950
234.906150
234.947400
234.984675
235.051175
235.080250
235.100925
235.142100
235.173925
235.219525
235.264175
235.301925
235.332150
235.366775
235.389075
235.427400
235.459475
235.497150
235.533575
235.565850
235.593500
235.620825
235.647300
235.681975
235.716900
235.753775
235.787850
235.819950
235.878700
235.921725
235.976750
236.025225
236.053225
236.087850
236.125375
236.131500
236.175100
236.207350
236.233825
236.275675
236.307025
236.332900
236.369475
236.402650
236.459225
236.492300
236.528450
236.559300
236.600725
236.635625
236.692875
236.723625
236.756275
236.808125
236.872600
236.911550
236.977500
237.010550
237.094475
237.191175
237.232300
237.329750
237.524100
237.597325
237.664675
237.704150
237.762750
237.810250
237.833675
237.866150
237.908950
237.940775
237.973550
237.999175
238.034825
238.073300
238.119100
238.153725
238.184600
238.214800
238.244300
238.285900
238.320000
238.353800
238.388300
238.430475
238.465650
238.501375
238.531525
238.565200
238.598300
238.625875
238.660850
238.687500
238.716100
238.747750
238.775500
238.801900
238.848950
238.883600
238.930000
238.973350
239.010150
239.042000
239.082975
239.111400
239.143775
239.163175
239.191475
239.220475
239.253550
239.284000
239.347350
239.373425
239.423025
239.461125
239.518325
239.628725
239.671325
239.714550
239.752800
239.812750
239.861750
239.909300
239.948150
239.991150
240.021225
240.058200
240.092175
240.130950
240.160925
240.196450
240.214450
240.233100
240.277500
240.311825
240.349525
240.383550
240.412800
240.444525
240.473300
240.510900
240.558250
240.593950
240.621700
240.661225
240.696125
240.728825
240.762875
240.795450
240.820550
240.850275
240.880675
240.917625
240.950725
240.986150
241.023975
241.053100
241.090600
241.124050
241.156775
241.197775
241.229000
241.275350
241.322375
241.355225
241.407975
241.442800
241.498150
241.564075
241.624600
241.674025
241.834650
241.884175
241.995775
242.030125
242.081050
242.229300
242.264100
242.349075
242.405300
242.439375
242.472150
242.504800
242.537475
242.564600
242.596500
242.627700
242.668900
242.694575
242.737850
242.778600
242.808500
242.838150
242.883075
242.920375
242.953500
243.007650
243.044625
243.075875
243.105150
243.137375
243.182025
243.215750
243.254850
243.315650
243.341600
243.381650
243.433575
243.470675
243.507100
243.536950
243.598825
243.632075
243.678525
243.740750
243.783000
243.825725
243.865825
243.901950
243.971100
244.025375
244.043025
244.061775
244.129850
244.161675
244.266450
244.313875
244.368650
244.445200
244.522150
244.569850
244.665350
244.758150
244.835100
244.906400
244.967275
245.035325
245.088850
245.129800
245.181400
245.257225
245.280200
245.319175
245.410125
245.485675
245.511350
245.554325
245.584725
245.653650
245.683725
245.717450
245.762900
245.796575
245.831275
245.862600
245.897950
245.937975
245.981100
246.036050
246.068625
246.113725
246.150650
246.198325
246.235075
246.270625
246.319200
246.353200
246.397900
246.425150
246.460900
246.499625
246.533850
246.580250
246.608700
246.655450
246.742850
246.784975
246.895775
246.964875
246.998425
247.053750
247.114025
247.207150
247.337500
247.429125
247.648150
247.803925
247.889075
247.964525
248.017850
248.072500
248.127075
248.227350
248.265475
248.313225
248.343275
248.373150
248.406450
248.456775
248.487500
248.533850
248.580050
248.608100
248.652950
248.688350
248.739200
248.776925
248.806075
248.843175
248.873700
248.904475
248.966350
248.996475
249.033475
249.079175
249.117400
249.149150
249.184800
249.234525
249.270775
249.321100
249.370425
249.399300
249.436825
249.491300
249.540475
249.608300
249.660100
249.721625
249.772550
249.833150
249.910675
249.951950
250.031175
250.115550
250.172700
250.232225
250.289675
250.409900
250.521450
250.575325
250.627775
250.702900
250.735675
250.793525
250.838075
250.871125
250.924550
250.970300
251.006550
251.040200
251.073850
251.106450
251.137275
251.178550
251.209400
251.239000
251.283450
251.325150
251.360000
251.394100
251.442075
251.474750
251.520475
251.571375
251.602225
251.638550
251.681075
251.721600
251.760950
251.790975
251.833550
251.863175
251.902925
251.941900
251.966375
251.991125
252.020850
252.043375
252.073350
252.106650
252.136125
252.180450
252.233350
252.257700
252.287375
252.311725
252.393575
252.431000
252.469025
252.497100
252.552850
252.653650
252.684150
252.733800
252.770975
252.847450
252.938475
253.028425
253.080600
253.161725
253.265900
253.336500
253.454650
253.489300
253.536675
253.630875
253.690100
253.805700
253.862800
253.972150
254.078525
254.145775
254.217500
254.279075
254.331350
254.451025
254.502125
254.534050
254.578300
254.616325
254.654425
254.706375
254.747700
254.779325
254.806175
254.841175
254.869125
254.900650
254.946325
254.987875
255.030800
255.069950
255.101550
255.147300
255.172825
255.197825
255.233000
255.276050
255.338350
255.375375
255.399375
255.431925
255.462550
255.503375
255.534525
255.566950
255.603175
255.637825
255.674175
255.681925
255.700975
255.736975
255.778000
255.804600
255.839150
255.873875
255.953475
256.009725
256.038500
256.103050
256.134750
256.178450
256.205850
256.238525
256.273600
256.312825
256.394950
256.441425
256.511775
256.598275
256.650425
256.704700
256.741900
256.824500
256.830525
256.891675
256.923575
256.986200
257.043900
257.094075
257.153725
257.185150
257.237300
257.276200
257.314975
257.365125
257.405475
257.444650
257.484675
257.515425
257.565925
257.592700
257.626350
257.657250
257.683025
257.723850
257.769775
257.800750
257.836350
257.883950
257.913875
257.957100
257.992175
258.041525
258.079300
258.109050
258.152425
258.188650
258.234225
258.285700
258.329575
258.365675
258.415400
258.472150
258.537975
258.603925
258.626125
258.630450
258.704325
258.771025
258.830650
258.876100
258.952375
259.013175
259.067200
259.126725
259.230250
259.309400
259.373100
259.439625
259.522625
259.626550
259.715925
259.763475
259.814325
259.891750
259.920300
259.957875
259.994075
260.038425
260.079325
260.104975
260.176950
260.225775
260.257250
260.293225
260.327625
260.363625
260.394450
260.438725
260.470550
260.526025
260.566975
260.603475
260.632100
260.671400
260.714125
260.752400
260.822675
260.852925
260.902125
260.937300
261.002325
261.036000
261.078925
261.118175
261.178625
261.217975
261.247575
261.304625
261.377200
261.412175
261.447850
261.484900
261.539000
261.592650
261.628650
261.667775
261.740625
261.797600
261.894050
261.935100
261.990750
262.063750
262.145150
262.238625
262.307675
262.384250
262.537850
262.606025
262.691900
262.749625
262.841550
262.887125
262.942900
263.034600
263.108850
263.164850
263.222675
263.319525
263.435950
263.478750
263.524975
263.581600
263.618250
263.709500
263.750850
263.785400
263.835700
263.900700
263.930300
263.975675
264.013600
264.064100
264.097550
264.140325
264.188950
264.234125
264.306050
264.310000
264.348950
264.409725
264.432925
264.460775
264.511150
264.575250
264.629050
264.669525
264.776650
264.812825
264.844325
264.896175
264.950850
264.993600
265.001275
265.029450
265.081500
265.116625
265.161975
265.213675
265.284375
265.337525
265.378475
265.448125
265.507075
265.554975
265.586750
265.647750
265.731025
265.770725
265.838575
265.883425
265.949000
266.011675
266.062400
266.138250
266.229675
266.261475
266.306675
266.445550
266.513175
266.573300
266.651850
266.701875
266.757900
266.806575
266.867525
266.930675
266.956450
267.007650
267.054175
267.088450
267.131525
267.188650
267.225900
267.259100
267.289075
267.332525
267.372425
267.409325
267.443875
267.494575
267.530350
267.571325
267.608000
267.645700
267.676125
267.713475
267.752850
267.781325
267.812675
267.862675
267.901400
267.940650
267.994050
268.029525
268.099825
268.131400
268.163650
268.194000
268.224950
268.258650
268.288500
268.319875
268.355850
268.399275
268.439275
268.472650
268.522625
268.593400
268.627275
268.672900
268.718200
268.760000
268.799675
268.839875
268.873300
268.914450
268.945450
269.032700
269.071225
269.105350
269.184000
269.231775
269.287100
269.373725
269.412625
269.513375
269.599875
269.669050
269.742675
269.791525
269.878500
269.917775
269.953075
270.002400
270.033900
270.078050
270.122075
270.152375
270.194200
270.226200
270.265600
270.304950
270.342850
270.380325
270.412500
270.447500
270.489050
270.519475
270.557375
270.593250
270.637825
270.668325
270.699350
270.737175
270.779350
270.837125
270.875475
270.910475
270.941175
270.987650
271.050750
271.089225
271.132475
271.207525
271.260475
271.313825
271.373800
271.423475
271.532425
271.588200
271.683375
271.762075
271.802375
271.844925
271.976000
272.022475
272.067325
272.113600
272.170025
272.301725
272.366975
272.445350
272.494225
272.545100
272.623750
272.680650
272.684075
272.748900
272.789700
272.849450
272.916525
272.991450
273.067675
273.126375
273.174925
273.212925
273.269025
273.326925
273.359750
273.394950
273.430875
273.463700
273.491650
273.519375
273.556800
273.578925
273.608250
273.634025
273.666900
273.697000
273.733075
273.766275
273.808550
273.863425
273.909725
273.950725
273.994725
274.049050
274.101675
274.146600
274.197075
274.224175
274.262550
274.295675
274.328800
274.366825
274.412775
274.450375
274.481475
274.514875
274.550275
274.589850
274.643925
274.676475
274.728075
274.774900
274.827425
274.866350
274.895825
274.934825
274.966925
275.018750
275.068575
275.113175
275.173350
275.212725
275.263425
275.364000
275.464375
275.568475
275.616525
275.677750
275.727850
275.800550
275.838275
275.932100
275.967750
276.016675
276.080125
276.196125
276.255575
276.310750
276.362675
276.386125
276.416625
276.458675
276.511025
276.568475
276.602900
276.656700
276.698350
276.762700
276.803275
276.852900
276.897175
276.935375
276.997775
277.033575
277.091600
277.164375
277.198025
277.255700
277.300050
277.350825
277.422450
277.475675
277.540275
277.565975
277.614275
277.671000
277.708000
277.772900
277.834275
277.883450
277.932375
277.969325
278.032900
278.102100
278.141425
278.229125
278.291525
278.340950
278.391525
278.444825
278.498350
278.570975
278.621925
278.678575
278.712850
278.761525
278.799700
278.836700
278.885025
278.935175
278.974875
279.013975
279.054750
279.087700
279.123300
279.163650
279.193800
279.226000
279.262850
279.292900
279.337000
279.372425
279.411575
279.450075
279.482025
279.519175
279.562075
279.599525
279.634875
279.674200
279.712375
279.755025
279.791525
279.831350
279.863325
279.900850
279.938275
279.987275
280.033300
280.068900
280.104225
280.143875
280.186550
280.219500
280.260675
280.317850
280.344850
280.418500
280.473425
280.509500
280.550950
280.609475
280.646000
280.708425
280.769850
280.834450
280.910050
280.982300
281.007850
281.083500
281.131650
281.177450
281.227300
281.304950
281.355075
281.445375
281.490000
281.540025
281.629000
281.673550
281.713325
281.777075
281.838425
281.885075
281.942500
281.986650
282.028575
282.081650
282.111700
282.157575
282.227075
282.260600
282.292525
282.338000
282.411200
282.447000
282.481575
282.529250
282.584925
282.643200
282.690425
282.749325
282.782075
282.845450
282.909475
282.938650
283.015575
283.047275
283.106025
283.164200
283.224325
283.281400
283.350975
283.428750
283.459400
283.490525
283.556350
283.614275
283.649125
283.720875
283.787950
283.832925
283.901000
283.941150
283.995775
284.032975
284.113750
284.189825
284.219700
284.276825
284.334975
284.385475
284.432225
284.484025
284.543700
284.610725
284.674225
284.726050
284.795375
284.843250
284.914100
284.982700
285.045875
285.098675
285.139525
285.178625
285.224675
285.237350
285.304475
285.339425
285.392850
285.498025
285.567375
285.614775
285.651200
285.701400
285.747075
285.802175
285.841500
285.873800
285.910725
285.945475
285.987900
286.017800
286.050875
286.086850
286.140400
286.177475
286.231800
286.272000
286.316275
286.351575
286.379675
286.421700
286.460225
286.495675
286.532025
286.574600
286.621550
286.655100
286.693150
286.728525
286.759975
286.798525
286.843475
286.873750
286.922300
286.953700
287.004300
287.038950
287.075200
287.110250
287.168800
287.214625
287.255675
287.303000
287.331450
287.397750
287.444550
287.492425
287.534075
287.573600
287.610775
287.661650
287.719325
287.790550
287.885675
288.006700
288.107200
288.194425
288.256400
288.353250
288.427350
288.494100
288.566100
288.643800
288.679025
288.738200
288.786250
288.861975
288.914025
288.951050
289.014950
289.060550
289.139775
289.207750
289.248200
289.314550
289.353525
289.416150
289.459125
289.503650
289.548975
289.613750
289.678825
289.730850
289.812125
289.857250
289.903350
289.960425
290.030325
290.086000
290.162200
290.200100
290.254775
290.311850
290.365275
290.418925
290.498750
290.538325
290.577525
290.621300
290.731275
290.804525
290.883550
290.920175
291.026475
291.100750
291.178500
291.219400
291.256900
291.372925
291.427675
291.521675
291.553150
291.609775
291.670125
291.718675
291.780000
291.829025
291.945550
291.987800
292.040175
292.093850
292.139450
292.209575
292.240575
292.288825
292.331675
292.374975
292.415900
292.463325
292.465725
292.520350
292.548425
292.583675
292.613000
292.644700
292.683225
292.707500
292.753625
292.796225
292.823000
292.851825
292.888050
292.916625
292.946375
292.991350
293.023200
293.061000
293.151175
293.199000
293.231525
293.249175
293.261700
293.291850
293.335750
293.382450
293.409600
293.472000
293.524650
293.573175
293.621025
293.668575
293.704425
293.744150
293.796575
293.824400
293.856775
293.923675
293.960100
293.990325
294.028700
294.082675
294.112275
294.194300
294.235600
294.256175
294.314400
294.375025
294.428825
294.487100
294.525250
294.584900
294.652525
294.721575
294.812200
294.858000
294.916700
294.986800
295.041600
295.117875
295.154875
295.208000
295.243975
295.287350
295.345450
295.382200
295.411875
295.440375
295.472800
295.499800
295.533700
295.575900
295.607175
295.642850
295.670400
295.730100
295.783475
295.840300
295.879400
295.931575
295.965075
296.028725
296.064075
296.110300
296.160000
296.193225
296.244350
296.298375
296.332000
296.378025
296.446475
296.493875
296.576875
296.663050
296.728800
296.756350
296.759425
296.790325
296.840975
296.890325
296.959525
297.001150
297.045950
297.080950
297.127100
297.155100
297.183950
297.219075
297.259700
297.303675
297.341375
297.379525
297.435425
297.473675
297.542650
297.612550
297.661850
297.745875
297.773425
297.837425
297.929925
297.984750
298.076275
298.169950
298.207600
298.281750
298.331600
298.379075
298.439075
298.488575
298.526125
298.576000
298.634250
298.666400
298.705325
298.770225
298.780775
298.827275
298.866025
298.898700
298.940675
298.988100
299.018875
299.051100
299.088475
299.117900
299.152325
299.189875
299.230525
299.259925
299.293850
299.331150
299.378950
299.443675
299.479275
299.527500
299.559725
299.599525
299.636200
299.674600
299.717325
299.741300
299.786425
299.836400
299.883775
299.927925
299.962400
299.987075
300.023175
300.058775
300.099550
300.138575
300.182325
300.211575
300.243150
300.285425
300.311975
300.320425
300.347675
300.381100
300.419725
300.467550
300.625450
300.657425
300.687750
300.757450
300.789700
300.832475
300.906525
300.971425
301.023125
301.062425
301.138525
301.193625
301.259975
301.336925
301.399075
301.431725
301.461825
301.497450
301.546575
301.597400
301.651350
301.697975
301.777750
301.836425
301.897650
301.946300
302.006050
302.036900
302.088025
302.153325
302.194375
302.215375
302.222700
302.272150
302.323950
302.379075
302.462925
302.523525
302.561975
302.605975
302.635325
302.677875
302.720625
302.755875
302.788675
302.855375
302.898625
302.956325
303.003650
303.005750
303.041000
303.099250
303.149250
303.192650
303.242775
303.285550
303.340550
303.410800
303.450825
303.480075
303.524375
303.613775
303.679975
303.794150
303.864300
303.936000
303.998825
304.061450
304.065875
304.123625
304.212750
304.323575
304.406525
304.468125
304.562425
304.598500
304.655550
304.701700
304.739875
304.768550
304.802800
304.836225
304.865800
304.898475
304.930350
304.964150
304.998275
305.045075
305.072275
305.075550
305.118900
305.151800
305.196700
305.232250
305.269400
305.306975
305.348025
305.383100
305.419525
305.475475
305.512250
305.544925
305.587450
305.622575
305.655425
305.690325
305.727425
305.763725
305.803050
305.840600
305.878525
305.912600
305.942925
305.982650
306.031825
306.070300
306.107200
306.142200
306.182625
306.219125
306.255375
306.294525
306.330325
306.367825
306.408800
306.448275
306.492875
306.598675
306.631025
306.686550
306.758050
306.851500
306.967200
307.019600
307.081675
307.203050
307.273950
307.336650
307.396450
307.452775
307.507975
307.554300
307.593575
307.653150
307.684900
307.727925
307.780400
307.876375
307.927450
307.937500
307.998225
308.048425
308.114625
308.154200
308.198000
308.299575
308.372325
308.402325
308.443200
308.521400
308.569000
308.618600
308.623250
308.651725
308.727075
308.770300
308.867350
308.911325
308.974800
309.027650
309.058475
309.105875
309.190025
309.219975
309.304750
309.356000
309.401875
309.473400
309.561625
309.647925
309.710300
309.792400
309.861625
309.905725
309.950675
309.989325
310.028300
310.092050
310.147000
310.217950
310.252125
310.292325
310.357575
310.422750
310.455575
310.520450
310.576975
310.613875
310.646550
310.684800
310.745850
310.781375
310.845425
310.906200
311.044100
311.100975
311.149400
311.187525
311.223500
311.282075
311.365850
311.398425
311.450150
311.476250
311.520375
311.562100
311.592975
311.627525
311.663675
311.699050
311.733850
311.787250
311.821875
311.872200
311.920250
311.997250
312.063400
312.103825
312.165650
312.253500
312.338900
312.391100
312.467325
312.530675
312.606825
312.652125
312.706950
312.780100
312.836250
312.921425
313.008525
313.044175
313.077625
313.147275
313.201700
313.247725
313.276650
313.317925
313.389575
313.418825
313.459350
313.484825
313.519400
313.580250
313.612550
313.651500
313.683700
313.716350
313.747125
313.802300
313.847200
313.886900
313.915925
313.958775
314.012250
314.050650
314.076300
314.103925
314.140350
314.209775
314.237650
314.315050
314.360175
314.422675
314.485925
314.543750
314.585600
314.660500
314.710600
314.771850
314.825375
314.877850
314.937625
315.022975
315.052775
315.123700
315.164250
315.240625
315.308025
315.339250
315.431300
315.461975
315.523275
315.542400
315.590725
315.637650
315.729100
315.799150
315.840700
315.894925
315.948525
316.013050
316.038000
316.097925
316.149825
316.172025
316.221250
316.279775
316.327575
316.395225
316.448650
316.485600
316.515475
316.590825
316.632075
316.682475
316.727425
316.776475
316.815225
316.861375
316.918925
316.995375
317.054875
317.100100
317.153875
317.206600
317.239800
317.289000
317.333150
317.367425
317.460650
317.480925
317.507325
317.534125
317.591100
317.628875
317.661100
317.718025
317.743675
317.771600
317.826600
317.859150
317.895600
317.932900
317.965900
317.996275
318.044600
318.082625
318.136600
318.184450
318.210700
318.267975
318.301475
318.359375
318.400450
318.449600
318.469200
318.496000
318.531175
318.570400
318.610225
318.656900
318.693900
318.726600
318.772675
318.808975
318.847300
318.881200
318.908700
318.939275
318.982050
319.015250
319.058325
319.094075
319.143575
319.205175
319.235950
319.302700
319.368375
319.407550
319.451125
319.479050
319.536775
319.571450
319.613175
319.647500
319.688550
319.740875
319.778150
319.838325
319.869075
319.918650
319.988000
320.052100
320.105675
320.267675
320.354025
320.474550
320.524525
320.587800
320.659425
320.725325
320.792400
320.898550
320.932050
320.967225
321.037575
321.104225
321.134675
321.186325
321.266175
321.329500
321.370450
321.420200
321.457150
321.546150
321.572600
321.632375
321.666900
321.707975
321.771775
321.802775
321.852450
321.899050
321.932175
321.974075
322.003175
322.044550
322.131025
322.165900
322.202225
322.247075
322.289625
322.360325
322.478200
322.575200
322.621600
322.682650
322.756525
322.860700
322.918450
322.985650
323.022075
323.109475
323.142325
323.201425
323.250550
323.309425
323.335950
323.378150
323.418775
323.441525
323.486250
323.512475
323.546550
323.605075
323.639325
323.685500
323.743675
323.778600
323.823000
323.866800
323.925275
323.966650
323.998400
324.037650
324.070900
324.115275
324.165850
324.233475
324.292125
324.380075
324.409850
324.445400
324.496550
324.554150
324.590375
324.690800
324.741925
324.841425
324.874100
324.926675
325.002525
325.091025
325.137025
325.217575
325.247500
325.326700
325.436500
325.491200
325.554100
325.637150
325.662375
325.714450
325.775875
325.863425
325.917025
325.984900
326.044225
326.117125
326.167800
326.224225
326.266750
326.301625
326.341600
326.401900
326.442825
326.491050
326.521700
326.571600
326.608725
326.691800
326.727325
326.765575
326.808975
326.850650
326.899475
326.937275
326.986525
327.022975
327.057775
327.112200
327.155625
327.190725
327.237125
327.280275
327.324875
327.372375
327.413375
327.488900
327.523200
327.599525
327.652500
327.701725
327.800100
327.845025
327.914675
327.947750
328.025300
328.095550
328.157725
328.211225
328.275600
328.330950
328.412550
328.464425
328.488800
328.530800
328.572500
328.609175
328.641375
328.686800
328.719775
328.755850
328.793725
328.837800
328.872275
328.911800
328.947150
328.983375
329.026600
329.060225
329.096575
329.136725
329.172200
329.203125
329.229950
329.270900
329.304650
329.332575
329.374900
329.425375
329.459150
329.496025
329.532875
329.568200
329.605725
329.635625
329.669075
329.723725
329.751500
329.785350
329.814550
329.842800
329.874125
329.905375
329.943750
329.980725
330.019100
330.056950
330.092325
330.134050
330.168775
330.219300
330.249625
330.285700
330.323700
330.410000
330.472300
330.580650
330.743175
330.835000
330.948500
331.034975
331.088675
331.172275
331.233525
331.396025
331.455250
331.511150
331.567725
331.616800
331.661300
331.698100
331.732200
331.759550
331.811850
331.853350
331.895400
331.931575
331.960500
332.004200
332.030950
332.060675
332.095300
332.132075
332.162050
332.196925
332.234175
332.267625
332.307900
332.347050
332.375900
332.414950
332.462650
332.502725
332.582975
332.612875
332.663425
332.695375
332.732525
332.756275
332.790700
332.836525
332.869925
332.916225
332.947500
332.975075
333.036100
333.085375
333.122500
333.158725
333.186825
333.236275
333.291775
333.330300
333.373550
333.417025
333.461625
333.464000
333.498475
333.527700
333.572675
333.626675
333.667525
333.705500
333.734500
333.793575
333.828175
333.956325
333.994200
334.074650
334.145550
334.230575
334.324625
334.409725
334.488700
334.546900
334.590925
334.645125
334.677150
334.718775
334.755500
334.786625
334.823675
334.866800
334.895500
334.934175
334.980025
335.010800
335.047700
335.077675
335.105925
335.132675
335.175975
335.209325
335.239950
335.287300
335.337475
335.374325
335.407200
335.447575
335.488425
335.519025
335.550625
335.599425
335.645850
335.697050
335.739050
335.833750
335.890675
335.941600
335.989825
336.025775
336.104925
336.136175
336.161650
336.258575
336.349100
336.407325
336.440975
336.526150
336.612350
336.651850
336.743050
336.829725
336.878075
336.918875
336.980150
337.047700
337.108000
337.171100
337.220550
337.270725
337.315500
337.350375
337.405600
337.446375
337.480125
337.535350
337.583325
337.631400
337.669325
337.723425
337.778550
337.810400
337.872000
337.929800
337.961725
337.993500
338.042000
338.098750
338.128300
338.174050
338.246875
338.321650
338.376700
338.428625
338.474150
338.502650
338.556375
338.594400
338.602000
338.632375
338.668300
338.713300
338.745500
338.779000
338.811925
338.858775
338.894750
338.937575
339.003550
339.045800
339.074925
339.115775
339.161550
339.198450
339.229600
339.272025
339.311950
339.351300
339.381300
339.420275
339.511525
339.536675
339.599550
339.633625
339.678300
339.729800
339.766350
339.803200
339.839925
339.875075
339.931575
339.965050
340.019825
340.059725
340.102800
340.142800
340.181200
340.263825
340.318200
340.374375
340.428300
340.459050
340.598575
340.658050
340.721450
340.807675
340.861550
340.909400
341.001050
341.065625
341.138125
341.182575
341.218750
341.250025
341.287050
341.345750
341.386825
341.417175
341.452350
341.484275
341.523550
341.557700
341.600875
341.639125
341.678875
341.708050
341.742075
341.785050
341.813075
341.841975
341.877050
341.907175
341.943175
341.994850
342.027150
342.057550
342.091950
342.134950
342.163075
342.202775
342.236350
342.282875
342.325525
342.356925
342.392150
342.508100
342.534375
342.571675
342.602400
342.629975
342.662550
342.698425
342.733900
342.774000
342.812775
342.852725
342.884250
342.923575
342.960800
343.008550
343.050800
343.082975
343.159425
343.224975
343.272100
343.337625
343.382625
343.429375
343.478450
343.555975
343.600600
343.660075
343.688975
343.747275
343.786150
343.852150
343.956475
344.000100
344.061275
344.123500
344.220150
344.331225
344.411125
344.499825
344.567975
344.613550
344.756850
344.853400
344.909625
344.944900
345.029200
345.065300
345.119575
345.179275
345.220400
345.249475
345.289500
345.330850
345.369725
345.399500
345.447950
345.476525
345.519175
345.574200
345.607750
345.644175
345.670075
345.680250
345.711575
345.738125
345.799750
345.838150
345.889675
345.926700
345.964850
346.026000
346.076500
346.118350
346.169825
346.231750
346.264675
346.314550
346.349525
346.396625
346.431300
346.462550
346.500650
346.549450
346.591375
346.635300
346.692900
346.726925
346.773700
346.820800
346.855625
346.925450
346.985550
347.066850
347.147025
347.178450
347.308600
347.383775
347.423175
347.486350
347.548500
347.597250
347.653850
347.705175
347.751300
347.798450
347.835325
347.867075
347.893975
347.933500
347.967375
348.007725
348.035100
348.070525
348.096050
348.126250
348.162025
348.202475
348.231825
348.266950
348.298600
348.336525
348.372875
348.410600
348.459025
348.500700
348.536350
348.591050
348.619000
348.656975
348.704225
348.746150
348.799325
348.853525
348.909800
348.967600
349.027525
349.096525
349.131600
349.178300
349.223550
349.254425
349.320400
349.358200
349.474925
349.565075
349.656350
349.707950
349.759900
349.837150
349.880175
349.923400
350.037625
350.075425
350.124275
350.158950
350.232575
350.279000
350.321875
350.343025
350.374050
350.417275
350.472925
350.513575
350.549675
350.581350
350.607750
350.639975
350.682700
350.757550
350.791250
350.833075
350.870650
350.913100
350.951275
350.979575
351.002450
351.027675
351.053275
351.097100
351.126575
351.170275
351.200200
351.240325
351.278925
351.331925
351.362575
351.407200
351.464675
351.499550
351.540475
351.584850
351.622600
351.697850
351.744875
351.787150
351.834175
351.900375
351.956775
352.032150
352.082675
352.119775
352.182000
352.255050
352.300225
352.334500
352.387975
352.425850
352.470600
352.509850
352.539450
352.581375
352.612725
352.659925
352.698050
352.752800
352.802925
352.867525
352.944950
353.026850
353.076875
353.122825
353.185550
353.217975
353.246325
353.326925
353.372925
353.422300
353.454225
353.519000
353.583025
353.639325
353.731400
353.787450
353.842925
353.905950
353.972300
354.033550
354.068825
354.132700
354.201425
354.249625
354.276550
354.290400
354.369850
354.415325
354.472875
354.508075
354.541500
354.578775
354.612050
354.657950
354.697525
354.725025
354.760750
354.816150
354.851850
354.889150
354.932275
354.966700
355.007275
355.035925
355.064625
355.107200
355.148150
355.182875
355.215625
355.259425
355.303125
355.338500
355.375125
355.401525
355.413200
355.447350
355.517125
355.542675
355.576950
355.609125
355.659500
355.786050
355.868850
355.918575
355.976800
356.015725
356.083125
356.125000
356.196250
356.249000
356.298750
356.370775
356.437825
356.478850
356.523975
356.571975
356.632250
356.723325
356.777175
356.840425
356.862600
356.921375
357.020575
357.061250
357.098625
357.219650
357.303050
357.391450
357.461725
357.568675
357.626750
357.681000
357.722325
357.755250
357.812425
357.852275
357.887250
357.926250
357.959100
357.994975
358.040300
358.081250
358.117225
358.157800
358.201750
358.249900
358.291700
358.333375
358.371425
358.407825
358.452300
358.484975
358.524650
358.564700
358.595925
358.635775
358.704250
358.737700
358.784675
358.816075
358.861875
358.904800
358.952725
358.999975
359.029550
359.091800
359.134450
359.172000
359.207425
359.253775
359.289650
359.346725
359.398375
359.442825
359.486000
359.522050
359.574225
359.651250
359.696375
359.736050
359.785775
359.870450
359.957125
360.159325
360.271875
360.342950
360.437800
360.519700
360.567200
360.612900
360.657725
360.719500
360.790200
360.842475
360.889000
360.943500
360.981700
361.019800
361.062975
361.093450
361.139650
361.155950
361.176625
361.214200
361.264025
361.299875
361.351300
361.390575
361.438775
361.474400
361.513025
361.547100
361.591575
361.618950
361.660525
361.709075
361.746150
361.802675
361.837475
361.874650
361.915500
361.960600
361.985975
362.031750
362.071900
362.095750
362.152725
362.202125
362.244925
362.278725
362.322200
362.358825
362.401425
362.455900
362.491400
362.531200
362.567900
362.599475
362.629825
362.664075
362.695825
362.732275
362.779050
362.817150
362.852450
362.909875
362.954450
363.037800
363.104550
363.238600
363.304675
363.490600
363.533500
363.586700
363.637575
363.690400
363.807800
363.959450
364.008850
364.055525
364.124625
364.164250
364.197150
364.238600
364.265525
364.310750
364.351575
364.387425
364.424900
364.461925
364.490800
364.524100
364.552700
364.585875
364.638675
364.673500
364.710575
364.748250
364.797200
364.839725
364.877975
364.924050
364.986700
365.018275
365.082075
365.118875
365.154600
365.188775
365.190850
365.217750
365.229075
365.258500
365.290575
365.354625
365.384525
365.423000
365.465250
365.513200
365.571275
365.679125
365.713875
365.753625
365.792025
365.819350
365.871000
365.936925
365.975075
366.016875
366.112700
366.189550
366.249850
366.346800
366.422250
366.460675
366.539325
366.580825
366.633700
366.696350
366.739300
366.784400
366.864250
366.900725
366.947325
366.983600
367.018475
367.055175
367.091775
367.116050
367.136125
367.166550
367.198250
367.238525
367.278425
367.319300
367.358900
367.395000
367.424350
367.450475
367.479300
367.515300
367.591825
367.629575
367.658825
367.694950
367.735275
367.761925
367.792525
367.852875
367.888650
367.930100
367.972375
368.006750
368.014650
368.045125
368.083575
368.128425
368.161975
368.201275
368.239025
368.285050
368.314250
368.344400
368.379925
368.408725
368.436325
368.476125
368.520150
368.616300
368.648425
368.685100
368.739250
368.784300
368.876325
368.915875
369.111275
369.171825
369.229375
369.343500
369.399625
369.455625
369.557175
369.589700
369.620625
369.670525
369.717825
369.749300
369.782300
369.819000
369.856025
369.887750
369.930325
369.959325
370.012750
370.051475
370.081550
370.145675
370.183650
370.213850
370.248575
370.290675
370.324750
370.358750
370.400900
370.437000
370.457150
370.486725
370.531575
370.580150
370.624600
370.674600
370.707925
370.751200
370.784650
370.823425
370.869900
370.906625
370.958500
371.017750
371.090400
371.140500
371.174525
371.243575
371.279775
371.345025
371.389725
371.477850
371.542425
371.579725
371.612925
371.694550
371.757275
371.811600
371.858400
371.894600
371.931475
371.982650
372.035875
372.102100
372.144300
372.197400
372.274500
372.304475
372.348875
372.389075
372.467225
372.495000
372.523450
372.569425
372.614025
372.636225
372.660725
372.690950
372.740950
372.773800
372.805325
372.844525
372.877825
372.886550
372.937425
372.994175
373.017900
373.071450
373.127350
373.167025
373.206425
373.226725
373.262750
373.308650
373.363675
373.398100
373.436100
373.468450
373.494300
373.530325
373.558900
373.581950
373.612925
373.634325
373.673350
373.696450
373.739375
373.763125
373.795625
373.818975
373.858975
373.892250
373.922750
373.968700
373.998950
374.026325
374.068800
374.110675
374.135475
374.175475
374.205025
374.228300
374.263025
374.287175
374.324900
374.350100
374.392375
374.427475
374.458850
374.513050
374.554125
374.612950
374.678850
374.729250
374.809400
374.856350
374.950975
375.007700
375.115175
375.181650
375.245300
375.279700
375.331450
375.377175
375.433675
375.482675
375.520625
375.567550
375.590125
375.625100
375.667125
375.695925
375.735225
375.775800
375.781175
375.801450
375.848725
375.881100
375.924525
375.957550
375.986675
376.036625
376.085050
376.133500
376.162175
376.191250
376.218600
376.243250
376.277625
376.314900
376.361900
376.396850
376.436975
376.464575
376.492075
376.543750
376.582775
376.664175
376.687900
376.736800
376.766875
376.804800
376.838825
376.871050
376.920600
376.957225
377.014350
377.056900
377.100100
377.138450
377.194525
377.290925
377.476600
377.516725
377.612900
377.781150
377.898725
378.023425
378.105350
378.163950
378.203600
378.260750
378.294250
378.332900
378.373750
378.407450
378.445200
378.479450
378.527100
378.562400
378.593750
378.629950
378.658025
378.694250
378.725150
378.766475
378.809600
378.846775
378.874250
378.944300
378.979200
379.007250
379.054100
379.082075
379.123075
379.157275
379.196475
379.254100
379.299525
379.332250
379.373925
379.424225
379.464425
379.497300
379.535725
379.568125
379.612100
379.649100
379.687625
379.736200
379.765375
379.807450
379.845075
379.879850
379.919150
379.977200
380.070125
380.142875
380.284900
380.370850
380.433775
380.494675
380.542825
380.547200
380.628200
380.697475
380.733575
380.787200
380.814525
380.816675
380.847375
380.887150
380.930375
380.966900
381.002050
381.024325
381.061650
381.069500
381.096075
381.123700
381.159175
381.184075
381.217850
381.258975
381.294175
381.329675
381.363450
381.391825
381.421150
381.457650
381.484225
381.519550
381.546500
381.572600
381.611650
381.667800
381.694825
381.730450
381.778750
381.816900
381.863975
381.901875
381.937000
382.002675
382.052850
382.091450
382.129200
382.183500
382.220425
382.267775
382.317025
382.370425
382.411600
382.476200
382.554700
382.631800
382.844900
382.942975
383.015600
383.078125
383.158100
383.204675
383.249175
383.306075
383.346775
383.395650
383.424550
383.455675
383.483675
383.519100
383.558050
383.590325
383.626550
383.661775
383.707725
383.761125
383.791500
383.839375
383.874725
383.905725
383.942725
384.010350
384.052050
384.086775
384.118225
384.169050
384.200100
384.225700
384.257500
384.280600
384.326700
384.350275
384.388625
384.426725
384.478400
384.512000
384.545000
384.591625
384.628025
384.678500
384.723675
384.768625
384.822925
384.865075
384.906975
384.937225
384.988375
385.020300
385.059625
385.106400
385.189225
385.225875
385.373125
385.447475
385.513550
385.559675
385.641975
385.682225
385.719250
385.800025
385.840250
385.896375
385.967975
386.012125
386.038250
386.068450
386.111550
386.140175
386.169525
386.199300
386.239325
386.273575
386.305450
386.342550
386.370600
386.399750
386.426800
386.461650
386.497000
386.529000
386.561250
386.593050
386.639550
386.669350
386.707600
386.736000
386.769050
386.798425
386.834575
386.883750
386.916050
386.967275
386.999625
387.034650
387.064000
387.108125
387.147975
387.177700
387.204375
387.235400
387.276300
387.325350
387.350775
387.379325
387.412675
387.452425
387.497525
387.522350
387.557450
387.654650
387.692675
387.751275
387.786975
387.840950
387.883300
387.936325
387.964200
388.032050
388.156175
388.225050
388.453075
388.504700
388.604225
388.661225
388.776275
388.823025
388.866075
388.902250
388.932575
388.967650
389.015600
389.055075
389.088475
389.127975
389.161525
389.198675
389.231300
389.275275
389.306600
389.335950
389.369575
389.371675
389.400650
389.443675
389.480900
389.514350
389.553325
389.585500
389.618675
389.662025
389.705625
389.733800
389.764025
389.806700
389.840000
389.874025
389.922125
389.963475
389.993875
390.029925
390.079025
390.119300
390.161775
390.198175
390.253475
390.300875
390.332025
390.362600
390.405650
390.445700
390.492875
390.539350
390.583125
390.641875
390.714675
390.767200
390.914675
391.065675
391.188850
391.222025
391.301200
391.388325
391.440675
391.539425
391.595850
391.628925
391.688700
391.720975
391.760575
391.795925
391.841775
391.874350
391.905025
391.940400
391.985575
392.023325
392.064100
392.117000
392.158400
392.198750
392.227425
392.283000
392.329350
392.412850
392.477450
392.520350
392.548200
392.602050
392.652275
392.700625
392.730450
392.781200
392.814500
392.880100
392.945875
392.991425
393.027275
393.061075
393.113425
393.161750
393.232450
393.262900
393.334675
393.401250
393.469350
393.591850
393.762025
393.818625
393.899200
393.963700
394.008950
394.098325
394.290125
394.338725
394.403000
394.457825
394.507750
394.551575
394.584625
394.608950
394.635675
394.659025
394.684225
394.714075
394.734300
394.758850
394.792000
394.793550
394.816325
394.848600
394.873950
394.897750
394.899700
394.925350
394.951275
394.979800
395.025125
395.058550
395.096475
395.131350
395.165350
395.207875
395.244850
395.278400
395.316350
395.349175
395.396425
395.432900
395.477175
395.507700
395.544525
395.602000
395.676800
395.723900
395.751000
395.783925
395.830650
395.869325
395.893800
395.895350
395.968750
396.014550
396.060550
396.091775
396.181275
396.232300
396.271350
396.311900
396.391000
396.459200
396.508050
396.551475
396.656650
396.774175
396.851475
396.926225
396.977625
397.041575
397.080625
397.116525
397.151025
397.224100
397.257000
397.315225
397.344425
397.384000
397.412350
397.441725
397.481475
397.518400
397.555750
397.600175
397.642100
397.686700
397.720025
397.758475
397.792050
397.834775
397.864625
397.895950
397.923950
397.974725
398.001975
398.037175
398.110350
398.148500
398.221400
398.251725
398.293125
398.342450
398.384800
398.441225
398.487700
398.562250
398.671550
398.734525
398.820575
398.846900
398.883425
398.929475
399.017625
399.121625
399.166650
399.227725
399.336375
399.379825
399.494025
399.535650
399.636050
399.708475
399.767825
399.831400
399.907325
399.947025
400.023375
400.082650
400.109175
400.181325
400.206100
400.249875
400.311600
400.346300
400.378300
400.413475
400.453900
400.493000
400.530425
400.566150
400.597650
400.630575
400.714700
400.744900
400.774425
400.818375
400.853875
400.886600
400.918675
400.946500
400.978300
401.015175
401.051775
401.093800
401.123175
401.152300
401.208225
401.243275
401.277325
401.328075
401.365175
401.408350
401.437350
401.468125
401.509350
401.566000
401.600650
401.633775
401.708125
401.744900
401.796775
401.861425
401.892500
401.931300
401.966900
402.088525
402.147175
402.242975
402.326425
402.380150
402.436000
402.478850
402.487175
402.564825
402.616550
402.677800
402.706025
402.767025
402.825750
402.865575
402.896775
402.939525
402.990925
403.099650
403.138575
403.187425
403.237400
403.284300
403.342375
403.374900
403.439450
403.492850
403.540350
403.587400
403.637550
403.675375
403.706125
403.742725
403.772000
403.814075
403.848425
403.913375
403.939950
403.968600
404.008775
404.036250
404.073200
404.123750
404.155350
404.188525
404.240375
404.285325
404.335000
404.360025
404.397500
404.439825
404.469575
404.524725
404.557625
404.605400
404.636175
404.670625
404.707200
404.749350
404.786825
404.842550
404.894275
404.970925
405.021575
405.095025
405.117100
405.141825
405.191900
