# # All spikes for Neuron
0.116675
0.240975
0.263725
0.436825
0.571900
0.640775
0.775325
0.851175
0.881775
1.005925
1.074625
1.196150
1.252425
1.293175
1.329125
1.376475
1.456100
1.590000
1.653850
1.692475
1.835600
1.878850
1.993600
2.119575
2.173475
2.216925
2.316750
2.399450
2.427450
2.471050
2.542325
2.624950
2.761175
2.867550
2.909150
3.007925
3.026125
3.073050
3.143325
3.228125
3.301100
3.583600
3.645925
3.701100
3.790925
3.838425
3.979950
4.018075
4.166525
4.379625
4.453850
4.478800
4.749825
4.775125
4.834150
4.876300
4.969400
5.085450
5.213550
5.266850
5.293675
5.397300
5.588625
5.797575
5.918775
5.957900
6.013350
6.134950
6.177550
6.192900
6.282150
6.447800
6.505150
6.547025
6.624450
6.653950
6.702500
6.723450
6.758600
6.811350
6.858875
7.047300
7.080125
7.119150
7.314050
7.382300
7.449550
7.482225
7.517225
7.551650
7.581650
7.647625
7.674550
7.831750
7.879375
7.926050
7.968050
8.024925
8.248500
8.269775
8.301475
8.381900
8.403425
8.493500
8.538700
8.562175
8.604650
8.656750
8.701625
8.740400
8.837400
8.877825
8.883325
8.960825
8.966675
9.037625
9.064950
9.104000
9.144675
9.303725
9.322075
9.350400
9.446475
9.568450
9.623700
9.684150
9.709600
9.792775
9.893425
9.967900
10.004700
10.043400
10.080000
10.146000
10.199325
10.268125
10.315725
10.378325
10.409350
10.487725
10.507900
10.568850
10.612275
10.677700
10.711425
10.759250
10.795575
10.929650
10.991075
11.048600
11.098950
11.163300
11.185875
11.248775
11.495425
11.563825
11.591975
11.722425
11.742950
11.830250
11.986950
12.067175
12.183475
12.246950
12.319025
12.352000
12.382400
12.424025
12.457775
12.484200
12.537850
12.575450
12.607275
12.674050
12.759075
12.778000
12.891850
12.944850
13.008300
13.103025
13.122675
13.141250
13.170225
13.226525
13.420125
13.465425
13.501350
13.626550
13.651850
13.685800
13.795975
13.983875
14.045650
14.059750
14.094425
14.137225
14.160725
14.191000
14.231500
14.293050
14.337275
14.347550
14.572400
14.634425
14.685900
14.766150
14.843525
14.885675
14.938275
14.997250
15.098275
15.177125
15.262275
15.311400
15.384675
15.491525
15.594700
15.660575
15.668700
15.702250
15.998450
16.079975
16.119525
16.163725
16.268575
16.310425
16.376850
16.429000
16.461950
16.524875
16.636600
16.682700
16.720150
16.823075
16.847800
16.879425
16.922125
16.938750
17.030050
17.082225
17.138650
17.168575
17.178150
17.289525
17.455050
17.553750
17.620700
17.677800
17.736725
17.809850
17.861250
17.872925
17.877700
18.018000
18.060075
18.180000
18.201425
18.277200
18.338525
18.379075
18.478375
18.492375
18.513775
18.681600
18.768050
18.828125
18.914375
18.955100
18.988700
19.002875
19.057225
19.104825
19.209425
19.251750
19.333575
19.469450
19.494550
19.532150
19.539350
19.592300
19.848425
19.873900
19.929500
20.069625
20.184525
20.214300
20.336625
20.544250
20.615850
20.678850
20.727500
20.772650
20.822375
20.901300
21.012050
21.134650
21.280525
21.333050
21.409700
21.512975
21.546475
21.593875
21.614875
21.641250
21.687125
21.735000
21.936425
22.031375
22.044800
22.049350
22.084825
22.211325
22.316175
22.414150
22.443875
22.493625
22.539775
22.595125
22.633950
22.852350
22.870725
22.897775
22.901950
22.913100
22.984000
23.015825
23.048900
23.078550
23.133000
23.226325
23.281050
23.344350
23.433925
23.466350
23.489200
23.653225
23.714950
23.760025
23.803325
23.854350
23.946200
24.011725
24.039050
24.083450
24.135350
24.224150
24.267125
24.302775
24.328375
24.613250
24.639650
24.673400
24.749100
24.849700
24.925150
25.171775
25.223450
25.246900
25.278950
25.325000
25.361700
25.496875
25.597200
25.710550
25.773450
25.807225
25.857400
25.881300
25.948825
25.991075
26.089200
26.129150
26.179025
26.380250
26.385950
26.404225
26.441000
26.470350
26.474750
26.520625
26.592500
26.623650
26.672625
26.693700
26.750875
26.777725
26.807575
26.850400
27.030075
27.113300
27.168025
27.259400
27.456875
27.513875
27.727650
27.853200
27.958450
27.982100
28.027325
28.102325
28.141600
28.188850
28.228925
28.268300
28.346375
28.411250
28.490300
28.509750
28.533700
28.583350
28.638050
28.689550
28.732600
28.775325
28.921850
28.987575
29.124100
29.192825
29.219275
29.250350
29.333575
29.378550
29.441375
29.651825
29.715875
29.755050
29.775750
29.833275
29.842325
29.915475
29.946600
30.006275
30.046025
30.081200
30.150475
30.195925
30.310675
30.317975
30.433475
30.526250
30.578600
30.601000
30.634525
30.639325
30.712275
30.754900
30.810800
30.885175
30.924325
31.022550
31.059525
31.080825
31.095350
31.141850
31.171625
31.335325
31.454100
31.498075
31.550575
31.581725
31.597725
31.639375
31.718550
31.847800
31.882425
31.894475
31.980975
32.077000
32.092175
32.189550
32.248550
32.510350
32.537000
32.834050
32.916025
32.919800
32.945625
32.953850
32.964300
33.326325
33.335375
33.368000
33.407925
33.434175
33.755300
33.802725
33.890975
33.950650
33.993150
34.057700
34.195275
34.427225
34.489375
34.529750
34.704350
34.740825
34.756025
34.821925
34.882000
34.925525
35.038375
35.162650
35.205200
35.332750
35.400825
35.472900
35.512250
35.557375
35.583375
35.620325
35.697750
35.752200
35.805700
35.873200
35.929800
35.978800
36.164150
36.187750
36.597025
36.640400
36.673525
36.704375
36.721700
36.764225
36.834300
36.983175
37.036375
37.093875
37.115050
37.171575
37.221300
37.388800
37.418450
37.495150
37.611850
37.641575
37.965175
38.015850
38.033225
38.378375
38.395675
38.430775
38.437150
38.480025
38.534775
38.591000
38.604525
38.663975
38.692475
38.764300
38.864025
39.097075
39.115100
39.137175
39.142050
39.190875
39.202550
39.312550
39.410975
39.543625
39.930600
40.134925
40.258375
40.329950
40.351825
40.412800
40.421550
40.551775
40.699550
40.736250
40.756925
40.897350
40.913675
40.997075
41.097875
41.136575
41.203800
41.299875
41.344800
41.416075
41.459650
41.497250
41.526350
41.661475
41.782200
41.863275
41.909200
41.936250
42.011900
42.017950
42.070050
42.187475
42.243675
42.368250
42.407625
42.542800
42.771650
42.854800
43.095050
43.705450
43.793700
44.072550
44.151250
44.437425
44.510675
44.656850
44.725450
44.866925
44.969350
45.620300
45.730850
48.972200
49.648275
49.735975
49.771150
49.859350
49.918125
50.070050
50.196250
50.249400
50.393200
50.460850
50.500850
50.507925
50.646925
50.700275
50.874925
50.970600
51.084075
51.149525
51.206825
51.262500
51.417250
51.513400
51.560525
51.629625
51.707300
51.793200
51.916550
51.939375
51.979025
52.028300
52.210750
52.460100
52.531525
52.781550
52.952800
53.249050
53.323050
53.416200
53.462750
53.523850
53.547225
53.689925
53.801075
53.844100
54.174375
54.306625
54.422600
54.468625
54.495875
54.523750
54.816300
54.868975
54.930375
55.012800
55.149000
55.336700
55.422925
55.517450
55.538550
55.644925
55.692425
55.791875
55.882600
55.940525
56.084500
56.149175
56.227375
56.472875
56.519025
56.552925
56.715600
56.857525
56.922650
56.986150
57.137500
57.221750
57.360000
57.459800
57.555825
57.643675
57.731025
57.859975
57.894425
57.901575
57.952025
57.970775
58.006200
58.179900
58.316725
58.394525
58.414075
58.434400
58.535600
58.623825
58.770300
58.793825
58.843300
58.902100
58.974475
59.148050
59.225450
59.292450
59.470625
59.572975
59.781700
59.945950
60.058875
60.092100
60.194500
60.236025
60.327750
60.443350
60.484750
60.540325
60.543900
60.601650
60.666150
60.685950
60.746525
60.760375
60.817175
60.901425
61.052025
61.076075
61.128825
61.245675
61.284925
61.334200
61.342175
61.410800
61.589125
61.673625
61.700925
61.791525
61.911225
61.940700
61.957525
62.089425
62.198125
62.264450
62.342375
62.400750
62.494425
62.533075
62.576625
62.596725
62.617800
62.656725
62.699450
62.761400
62.955800
63.118300
63.211550
63.339975
63.397650
63.467750
63.508100
63.526125
63.731250
63.798000
63.814900
63.830050
63.878375
64.194100
64.234525
64.274125
64.331225
64.352375
64.362950
64.572850
64.596200
64.962300
65.095475
65.133125
65.185625
65.258575
65.367350
65.575675
65.650650
65.670800
66.152575
66.453700
66.483450
66.554800
66.628425
66.743050
66.761775
67.018900
67.060875
67.193200
67.238050
67.392975
67.460325
67.571375
67.598075
67.661975
67.682850
67.731650
67.828750
67.847400
67.903400
68.040550
68.171625
68.209200
68.231100
68.279875
68.294300
68.367250
68.529850
68.598775
68.725575
68.785225
68.902425
68.955725
69.031600
69.095825
69.139725
69.218650
69.288300
69.441175
69.618925
70.004725
70.158225
70.277450
70.442850
70.450075
70.529175
70.561750
70.944250
70.961025
70.982075
71.004900
71.032000
71.155475
71.198350
71.214200
71.293525
71.394100
71.600525
71.813250
71.930975
71.947025
72.265775
72.270175
72.288300
72.309925
72.360075
72.506675
72.541850
72.613575
72.654925
72.720525
72.894150
73.119900
73.278375
73.390775
73.462400
73.530600
73.592425
73.624375
73.689075
73.783125
73.904700
73.947725
73.999225
74.021775
74.045925
74.071125
74.105875
74.128575
74.152200
74.287150
74.334350
74.364025
74.487100
74.505200
74.552350
74.636325
74.661575
74.825875
74.925025
75.043800
75.133400
75.165650
75.239225
75.276300
75.441250
75.551075
75.613725
75.659600
75.691375
75.698025
75.750350
75.828875
75.871900
76.195650
76.266875
76.305200
76.323400
76.446625
76.495750
76.540875
76.587575
76.603900
76.818675
76.937725
76.991200
77.081725
77.136550
77.151425
77.175600
77.215075
77.301325
77.406750
77.432925
77.483500
77.487650
77.540750
77.617100
77.865725
77.889650
77.915925
77.959775
78.064350
78.142475
78.320025
78.367175
78.471750
78.525675
78.640725
78.740700
78.841875
78.879950
78.981450
79.087850
79.103325
79.110950
79.133700
79.204600
79.218925
79.354575
79.402400
79.486200
79.556025
79.564550
79.573750
79.696375
79.918000
80.076325
80.325100
80.329475
80.351800
80.395900
80.408675
80.437625
80.489325
80.607050
80.687900
80.779150
80.797525
80.990675
81.090350
81.124750
81.492825
81.743700
81.871200
81.939625
82.044700
82.094300
82.148700
82.189800
82.212825
82.230750
82.252775
82.403550
82.517100
82.622650
82.684425
82.710375
83.028650
83.062275
83.137700
83.189425
83.282050
83.323425
83.424450
83.448625
83.512875
83.743400
83.871425
83.937175
83.945575
83.956025
83.966325
83.980375
84.070700
84.101075
84.132300
84.138175
84.181425
84.219975
84.284400
84.344550
84.382400
84.507650
84.537050
84.684975
84.872900
84.914600
84.921825
84.992100
85.151875
85.176675
85.272325
85.472100
85.482125
85.491275
85.504900
85.540050
85.665575
85.712550
85.749525
85.842350
85.853750
85.862375
85.885200
86.001900
86.024400
86.274075
86.324225
86.660975
86.679150
86.697250
86.795600
86.843125
86.888550
87.064425
87.090625
87.103125
87.108700
87.173700
87.272950
87.334975
87.387800
87.465625
87.534375
87.749275
87.770450
87.972425
88.074025
88.139350
88.221625
88.276850
88.309875
88.326600
88.450600
88.648925
88.677850
88.819075
88.876525
88.980175
89.035200
89.079725
89.149900
89.174550
89.268100
89.531525
89.558500
89.892250
89.897975
90.100025
90.170375
90.213225
90.277400
90.339600
90.397925
90.502275
90.537000
90.551675
90.605250
90.618725
90.636700
90.702375
90.729575
90.824450
90.908475
90.931300
90.975800
91.042900
91.150450
91.506525
92.033875
92.836675
92.884350
94.660575
94.982275
95.204150
95.588075
95.778650
95.859225
95.955800
96.043750
96.283200
96.303900
96.368150
96.421125
96.448550
96.517750
96.613600
96.846275
96.929675
96.993125
97.001275
97.104175
97.112475
97.255900
97.435875
97.476750
97.529725
97.720550
97.783100
97.892775
98.182450
98.192200
98.313800
98.458050
98.645025
98.677225
98.982775
99.093750
99.226850
99.629375
99.706250
99.739425
99.871200
99.975275
100.042975
100.219750
100.316725
100.574350
101.145800
101.197050
101.233375
101.341825
101.420725
101.579550
101.605000
101.933875
101.998525
102.063975
102.158150
102.196600
102.276525
102.339150
102.406600
102.468700
102.520525
102.571800
102.637300
102.688850
102.710975
102.796425
102.845575
102.924600
102.969925
102.991700
103.033300
103.127075
103.255275
103.372375
103.511700
103.545500
103.585125
103.692325
103.736325
103.813200
103.897250
103.970300
104.183225
104.191000
104.233625
104.355850
104.393850
104.487750
104.542200
104.661275
104.738550
104.799525
104.860350
104.894400
105.110125
105.194125
105.255250
105.329600
105.385275
105.493175
105.596300
105.614200
105.654750
105.709425
105.762575
105.859750
105.882375
105.909875
105.913525
105.943725
106.069050
106.241175
106.325725
106.374800
106.444550
106.508050
106.573950
106.734050
107.005575
107.089075
107.149875
107.281875
107.430850
107.498425
107.524300
107.671825
107.726375
107.899325
108.113125
108.158050
108.210625
108.219075
108.291600
108.344850
108.429750
108.476350
108.489525
108.587625
108.653375
108.803850
108.838650
108.882275
108.956100
109.033575
109.097350
109.177975
109.248900
109.369150
109.417175
109.512775
109.631175
110.031875
110.063700
110.113725
110.133525
110.156400
110.276100
110.337175
110.384050
110.480175
110.552950
110.693025
110.858425
111.063850
111.199800
111.510025
111.557250
111.608775
111.708950
111.961975
112.010500
112.083950
112.111800
112.253875
112.302975
112.452125
112.601175
112.617850
112.656025
112.782800
112.921450
112.962925
113.038725
113.104875
113.132325
113.147975
113.177200
113.205025
113.286675
113.302625
113.347050
113.354100
113.395125
113.494175
113.575000
113.676950
113.736325
113.779000
113.798100
113.839275
113.885100
114.062775
114.098075
114.169575
114.226625
114.294975
114.405200
114.476375
114.534050
114.550450
114.653500
114.700350
114.730750
114.810475
114.814050
114.944150
115.050850
115.070150
115.117975
115.156700
115.229850
115.535000
115.553400
115.731850
115.785550
115.845625
115.897600
115.909125
115.943575
115.987375
116.001425
116.049100
116.119675
116.183900
116.207525
116.233275
116.399700
116.440950
116.526650
116.618375
116.680725
116.742525
116.762200
116.774925
116.876475
116.939500
116.963700
116.973825
117.013875
117.023200
117.081200
117.218525
117.247775
117.291750
117.340350
117.385575
117.448150
117.596600
117.695150
117.760625
117.789950
117.904150
118.028100
118.252000
118.343375
118.367775
118.399925
118.520925
118.718750
118.804350
118.826975
118.886800
119.008925
119.039800
119.106175
119.188250
119.192125
119.209300
119.307700
119.418350
119.587900
119.608925
119.672050
119.691600
119.850700
119.958925
120.076525
120.098650
120.104125
120.167850
120.200975
120.292025
120.377325
120.458000
120.555150
120.567075
120.641075
120.676400
120.718425
120.874375
120.943300
121.000425
121.053775
121.093625
121.114350
121.157950
121.190475
121.213250
121.446225
121.544050
121.629125
121.654100
121.771900
121.992675
122.093325
122.126250
122.143650
122.179100
122.242200
122.453025
122.499325
122.682175
122.832425
122.934750
123.002900
123.048350
123.086025
123.185125
123.372650
123.417025
123.523525
123.561800
123.722575
123.840325
123.950250
124.107900
124.200525
124.297550
124.372100
124.392200
124.512575
124.611700
124.675200
124.715225
124.758175
124.804700
124.985525
125.072825
125.084450
125.128100
125.160950
125.209350
125.250175
125.337025
125.510875
125.615925
125.722925
125.838900
125.874625
125.963250
126.077475
126.099275
126.278700
126.295675
126.342025
126.527075
126.557025
126.625000
126.672775
126.734625
126.803550
126.915175
126.991000
127.067250
127.091200
127.134725
127.145450
127.310750
127.412575
127.551950
127.570975
127.645775
127.692975
127.840625
127.914625
127.953975
127.974125
128.020650
128.076500
128.111450
128.135150
128.183875
128.256450
128.322225
128.373350
128.417725
128.518125
128.547200
128.686800
128.777175
128.821275
128.960400
129.100075
129.310475
129.353900
129.390250
129.442875
129.536450
129.588575
129.639525
129.680800
129.720025
129.740300
129.767675
129.809100
129.972425
130.003400
130.234800
130.334625
130.420025
130.576625
130.764025
130.879925
130.892450
130.908000
130.943850
130.970725
131.040725
131.075275
131.137625
131.169150
131.197175
131.251375
131.340625
131.431725
131.491475
131.554950
131.661225
131.773600
131.786150
131.820950
131.879950
131.899675
132.135375
132.156925
132.173300
132.214375
132.243800
132.269075
132.350450
132.386075
132.392225
132.551375
132.612100
132.646350
132.677925
132.750050
132.909525
133.001525
133.055350
133.131725
133.216525
133.327600
133.346525
133.485175
133.661650
133.774500
133.850950
133.932325
134.026100
134.033625
134.114600
134.211075
134.255000
134.262700
134.287875
134.319850
134.485400
134.538500
134.581475
134.664075
134.687400
134.752675
134.831025
134.907450
135.037450
135.107775
135.162450
135.232525
135.294900
135.335425
135.406925
135.577000
135.633900
135.712075
135.799800
135.912000
135.931300
136.085100
136.233250
136.262525
136.324525
136.369925
136.387300
136.501975
136.508250
136.981725
137.055600
137.108525
137.143475
137.228575
137.256950
137.283425
137.416950
137.479175
137.538525
137.576175
137.673925
137.711050
137.827700
137.856100
137.890950
137.927475
138.057150
138.203775
138.223200
138.272625
138.319700
138.398775
138.493350
138.497325
138.579550
138.653850
138.716475
138.739750
138.787400
138.874225
139.092025
139.120950
139.182250
139.261025
139.358200
139.420650
139.492325
139.557225
139.940450
139.961850
140.034825
140.088225
140.116600
140.204350
140.303725
140.368975
140.407100
140.439325
140.480350
140.537375
140.568450
140.652625
140.689675
140.698525
140.716325
140.768425
140.887325
141.019650
141.188275
141.210800
141.294850
141.322850
141.360500
141.416900
141.580300
141.625350
141.649625
141.724100
141.813075
141.908575
141.977025
142.014575
142.036275
142.130475
142.184675
142.196700
142.276675
142.482575
142.559400
142.588475
142.646750
142.921400
143.110850
143.282925
143.375075
143.570050
143.576400
143.632500
143.664675
143.691675
143.824025
144.015050
144.047850
144.146200
144.233925
144.301475
144.424275
144.534400
144.573050
144.754350
144.783625
144.992175
145.086475
145.103150
145.206550
145.234050
145.304450
145.355475
145.460825
146.318525
146.674850
147.392825
147.755525
148.013250
148.770075
148.863625
149.050375
149.102025
149.263550
149.347650
149.425675
149.492000
149.556750
149.596650
149.603125
149.620250
149.653700
149.742725
149.820525
149.977925
150.053200
150.127350
150.148850
150.258900
150.352625
150.392550
150.579375
150.688075
150.848850
151.329475
151.562000
151.589375
151.632500
151.656850
151.862725
151.988700
152.105775
152.301350
152.367100
152.417475
152.461725
152.571800
152.626900
152.673975
152.723800
152.839300
152.936875
153.077600
153.185925
153.347475
153.393825
153.419250
153.457225
153.531350
153.605125
153.637350
153.707325
153.760150
153.885025
153.989500
154.080650
154.220400
154.267025
154.336075
154.400350
154.567500
154.663225
154.751275
154.807100
154.938300
154.957725
155.014425
155.026600
155.096300
155.137325
155.234700
155.289450
155.422500
155.495400
155.551375
155.676925
155.727150
155.760250
155.797000
155.828625
155.837350
155.876750
155.945200
156.046450
156.129625
156.238725
156.280075
156.367650
156.468950
156.527650
156.576175
156.664575
156.701925
156.768650
156.904700
156.940400
156.993625
157.053725
157.130150
157.179650
157.228925
157.271650
157.342950
157.405275
157.441500
157.481775
157.542025
157.553850
157.597625
157.647075
157.700125
157.755925
157.873700
157.961025
158.004975
158.091875
158.166975
158.214250
158.239300
158.278125
158.293325
158.348775
158.384625
158.421475
158.426500
158.485425
158.594750
158.657375
158.673225
158.737850
158.770425
158.795100
158.843300
158.901600
158.943450
158.971925
158.978325
159.040800
159.121475
159.186375
159.232025
159.298700
159.307225
159.408300
159.506400
159.539075
159.664500
159.742025
159.859075
159.873775
159.931200
159.998425
160.065600
160.249450
160.286800
160.306500
160.371825
160.445150
160.496600
160.634750
160.713150
160.770350
160.842700
160.880750
160.926025
160.968025
161.016975
161.051300
161.083300
161.135450
161.175800
161.227050
161.289525
161.317275
161.362925
161.370775
161.421700
161.627800
161.685675
161.703250
161.805600
161.875250
161.942275
161.971825
162.054825
162.091050
162.120850
162.171500
162.199600
162.220475
162.390925
162.487100
162.498425
162.567175
162.683750
162.730375
162.775075
162.842075
162.896575
162.936250
162.965575
163.058525
163.156475
163.204550
163.258925
163.414000
163.426025
163.447875
163.502425
163.634400
163.658025
163.673300
163.753900
163.773050
163.832325
163.884225
163.957725
164.119725
164.169950
164.218250
164.238125
164.270600
164.331700
164.405600
164.499475
164.525500
164.578100
164.612000
164.637025
164.768600
164.798750
164.828100
164.918725
164.951200
165.044300
165.074075
165.104850
165.117450
165.139350
165.172575
165.229000
165.239150
165.275825
165.293225
165.300300
165.348300
165.369475
165.455700
165.523925
165.591100
165.627125
165.671550
165.718600
165.807475
165.857900
165.898100
165.960575
166.050825
166.090425
166.164375
166.242300
166.306550
166.332625
166.416150
166.445750
166.518200
166.575150
166.720700
166.807400
166.843950
166.912850
166.924950
166.953075
167.204375
167.250850
167.260750
167.359450
167.380650
167.462850
167.501825
167.539950
167.640100
167.700500
167.755775
167.947925
168.012150
168.049900
168.123725
168.387600
168.427275
168.547750
168.595350
168.640900
168.673375
168.698900
168.737525
168.823450
168.927750
168.937475
169.019200
169.085750
169.419675
169.534050
169.586200
169.613150
169.653825
169.697600
169.719650
169.868850
169.916575
170.030025
170.075750
170.133525
170.177575
170.209775
170.343600
170.403325
170.558325
170.673000
170.691475
170.715675
170.761575
170.799850
170.862750
171.157100
171.221100
171.249300
171.298600
171.439250
171.471475
171.494500
171.577625
171.756175
171.791275
171.899250
172.079650
172.107750
172.140425
172.161425
172.520050
172.563125
172.650000
172.670950
172.872275
172.912100
172.947025
172.987025
173.200175
173.234100
173.316425
173.421200
173.706275
173.740600
173.777300
173.794500
173.820650
173.850975
173.939075
174.047525
174.110350
174.143550
174.169600
174.180025
174.228850
174.314325
174.371275
175.050725
175.097400
175.166625
175.204150
175.226625
175.273475
175.326375
175.364725
175.407225
175.437500
175.471175
175.715875
175.910450
175.920575
175.932250
175.963100
176.048775
176.109425
176.158025
176.328125
176.351775
176.388750
176.448525
176.475800
176.508150
176.542325
176.561825
176.721550
176.753350
176.813800
176.885075
176.901375
176.952375
176.990050
177.131150
177.244225
177.445425
177.451075
177.526550
177.639300
177.697375
177.715000
177.944325
178.026050
178.136650
178.165750
178.356650
178.403325
178.442675
178.685425
178.722125
178.780050
178.885425
178.984050
179.064700
179.112100
179.185675
179.233900
179.267675
179.284100
179.327850
179.392950
179.577650
179.677925
179.747675
179.781225
179.794200
179.868275
179.917000
179.967350
179.996250
180.015375
180.067450
180.093500
180.149225
180.241850
180.319300
180.392400
180.416850
180.488850
180.540800
180.568450
180.593875
180.661100
180.771550
180.780800
180.832150
180.863975
180.886825
180.959725
181.042625
181.185950
181.328675
181.464900
181.500625
181.581900
181.606625
181.647550
181.718300
181.801350
181.829175
181.837225
181.850900
181.945450
182.029175
182.113200
182.225675
182.277125
182.316100
182.387475
182.411225
182.416500
182.435650
182.466300
182.489350
182.565325
182.729425
182.895000
182.969050
183.109925
183.147175
183.215700
183.227075
183.274225
183.321275
183.406650
183.486375
183.561775
183.767775
183.918475
183.983250
184.015825
184.019850
184.116725
184.137050
184.161025
184.252200
184.286475
184.389775
184.462625
184.625525
184.703100
184.747025
184.845350
184.938000
184.996275
185.043525
185.063075
185.130000
185.364075
185.415875
185.438700
185.472050
185.518100
185.562850
185.625000
185.809125
185.846850
185.941275
185.985075
186.065775
186.099925
186.178225
186.198425
186.388750
186.519950
186.555750
186.613950
186.696050
186.769150
186.973425
186.994025
187.061600
187.240025
187.268625
187.303625
187.364000
187.416550
187.453500
187.483500
187.587650
187.602950
187.661025
187.690375
187.719800
187.869875
187.874325
187.970350
188.017650
188.103400
188.181825
188.274775
188.451450
188.472025
188.491875
188.545325
188.585625
188.614675
188.631925
188.732575
188.814625
188.831550
188.915025
189.113675
189.424950
189.443650
189.474150
189.534375
189.565375
189.814200
189.830250
190.133900
190.186250
190.228200
190.266575
190.296875
190.334850
190.366075
190.406100
190.483225
190.616075
190.637775
190.712150
190.793200
190.808000
190.906125
190.993475
191.038050
191.053575
191.102200
191.188000
191.264250
191.305700
191.331475
191.376150
191.415750
191.489775
191.510975
191.605050
191.741925
191.889350
191.979000
192.028000
192.107175
192.654150
192.669925
192.681775
192.921750
192.980350
193.052575
193.137600
193.198350
193.233475
193.318725
193.469275
193.524075
193.609650
193.705775
193.787625
193.887825
194.091650
194.185025
194.244775
194.466175
194.619100
194.761725
194.873550
195.041200
195.373375
195.399300
195.432800
195.465275
195.494925
195.555375
195.639375
195.702500
195.731025
195.757750
195.921200
196.016350
196.787550
196.973925
197.209875
197.327850
197.336125
197.388350
197.450625
197.579775
197.619400
198.033475
198.150725
198.255600
198.383200
198.912500
199.622925
199.654475
199.689350
199.761750
199.833225
199.955875
200.044025
200.108575
200.196050
200.295375
200.420975
200.480700
200.497700
200.666925
200.779650
200.818750
200.935750
201.185225
201.366750
201.410500
201.630425
201.972600
202.121325
202.292350
202.401650
202.523950
202.579200
202.714600
202.903025
202.963650
203.122625
203.172200
203.301150
203.528450
203.601625
203.781975
203.819800
203.889400
203.968525
204.039800
204.130650
204.225725
204.242600
204.313200
204.347525
204.458250
204.564900
204.617300
204.625575
204.882550
204.923850
205.066975
205.091150
205.152475
205.198700
205.251300
205.443800
205.511400
205.590725
205.652175
205.737975
205.803750
205.898950
205.948525
205.981200
206.049275
206.100125
206.156950
206.213425
206.326850
206.337050
206.413050
206.473075
206.491900
206.544250
206.623225
206.669750
206.706175
206.741200
206.779425
206.815275
206.881900
206.934300
206.972025
207.140075
207.160425
207.177825
207.221300
207.264375
207.290975
207.357100
207.454675
207.528925
207.635925
207.677250
207.685025
207.749425
207.835600
207.883600
207.894375
207.960950
208.197975
208.200425
208.309175
208.335625
208.461225
208.498250
208.514375
208.598250
208.651500
208.722525
208.738375
208.770050
208.880250
209.073925
209.144000
209.195725
209.243700
209.391500
209.543325
209.607350
209.677875
209.755725
209.765875
210.014675
210.104375
210.143725
210.234200
210.275775
210.315125
210.335450
210.383625
210.390225
210.450225
210.494225
210.529925
210.560075
210.629250
210.778825
210.825925
210.876350
210.906050
210.966300
211.029750
211.105475
211.173750
211.364375
211.369875
211.393900
211.452050
211.509650
211.564525
211.616350
211.635350
211.636825
211.716200
211.795000
211.842025
211.892550
211.929775
211.992600
212.029100
212.068775
212.101875
212.198350
212.262975
212.436050
212.500850
212.549675
212.602550
212.662725
212.694025
212.828025
212.848500
212.907100
212.963650
213.011700
213.073650
213.118400
213.131925
213.193450
213.242975
213.296525
213.339025
213.387525
213.425400
213.462650
213.514450
213.549800
213.596750
213.682200
213.692000
213.698475
213.767100
213.789100
213.897125
214.020450
214.035950
214.137750
214.238625
214.255650
214.435750
214.551950
214.610425
214.792575
214.821750
214.850250
214.883600
214.968850
215.002300
215.130500
215.177600
215.275950
215.356575
215.421200
215.462300
215.490125
215.556400
215.615325
215.633225
215.673525
215.755050
215.856475
215.925050
215.937675
215.995650
216.022625
216.094500
216.141375
216.233825
216.271325
216.396725
216.443350
216.585175
216.730250
216.810550
216.879125
216.904550
216.990350
217.026600
217.081750
217.138200
217.187800
217.302900
217.359350
217.373250
217.461650
217.479900
217.570700
217.632575
217.644675
217.744325
217.804725
217.844050
217.934175
217.941050
218.078425
218.165175
218.278875
218.359575
218.446100
218.491900
218.542575
218.586025
218.618000
218.684825
218.700925
218.834950
218.961975
219.095875
219.145375
219.227925
219.390925
219.401925
219.438650
219.447025
219.524550
219.647050
219.734125
219.758950
219.798675
219.847675
219.934650
219.965300
220.145500
220.300000
220.374275
220.479500
220.513425
220.614100
220.671575
220.803525
220.887025
220.984325
221.031750
221.115200
221.240700
221.315375
221.348750
221.437675
221.483050
221.575825
221.633225
221.692475
221.732300
221.775225
221.856250
222.216825
222.251750
222.279075
222.349100
222.368150
222.493875
222.591025
222.877500
222.932325
222.995400
223.043125
223.133225
223.182975
223.297725
223.333425
223.391575
223.400825
223.493175
223.497950
223.544550
223.672575
223.805050
223.838225
223.860175
223.994025
224.039625
224.123975
224.141575
224.271700
224.431900
224.492175
224.586300
224.618800
224.673100
224.755075
224.808000
224.935000
224.985050
225.059625
225.078175
225.219100
225.265400
225.294450
225.338675
225.491325
225.515525
225.537700
225.596300
225.703000
225.798525
225.906075
225.917800
225.984875
226.032350
226.106650
226.146375
226.275150
226.321375
226.341275
226.385950
226.410575
226.433850
226.491975
226.620400
226.880375
227.011525
227.057900
227.244750
227.250575
227.343175
227.416750
227.453925
227.528050
227.589200
227.656725
227.747325
227.786425
227.842850
227.903450
227.921275
227.956375
227.962175
228.046825
228.120700
228.168075
228.215000
228.302250
228.354100
228.544950
228.603250
228.609450
228.625000
228.662850
228.832775
228.938925
229.002175
229.046525
229.103575
229.181100
229.243500
229.265250
229.342675
229.452075
229.485975
229.506675
229.554950
229.832850
229.910375
229.956275
230.042050
230.189875
230.246500
230.292475
230.300350
230.355350
230.397250
230.425300
230.508300
230.554225
230.676000
230.739300
230.766225
230.922175
231.092150
231.181800
231.251825
231.425700
231.444825
231.505400
231.633300
231.651025
231.778775
231.832300
231.874350
232.075025
232.101425
232.170550
232.271450
232.324975
232.358300
232.478075
232.538350
232.640900
232.669450
232.743750
232.841450
233.044925
233.097025
233.139500
233.214400
233.242475
233.375625
233.428025
233.520300
233.593675
233.610200
233.743050
233.772875
233.827275
233.901200
234.010125
234.052100
234.164675
234.368200
234.396150
234.534400
234.544650
234.630325
234.753900
234.801825
234.852375
235.097800
235.169975
235.202200
235.205975
235.271050
235.400600
235.414750
235.465450
235.536900
235.599300
235.660800
235.780150
235.927425
236.092650
236.174750
236.345800
236.354925
236.368275
236.377350
236.418325
236.521025
236.565100
236.633075
236.702075
236.728375
236.776925
237.015125
237.140450
237.165750
237.183125
237.263575
237.323825
237.422075
237.498950
237.622025
237.677100
237.733675
237.737875
237.786825
237.805900
237.851450
238.055325
238.115200
238.330225
238.372700
238.411650
238.451025
238.591775
238.652050
238.700800
238.725375
238.740400
238.755150
238.822700
239.018025
239.353025
239.442025
239.522175
239.554775
239.571600
239.889125
240.124750
240.220450
240.267225
240.305550
240.353850
240.503725
240.538825
240.584275
240.736475
240.778800
240.893475
240.968400
241.064900
241.136125
241.183450
241.270150
241.305575
241.344175
241.374525
241.447075
241.478525
241.748600
241.842350
241.881150
241.983150
242.123925
242.198775
242.234625
242.288425
242.332000
242.414450
242.541075
242.575125
242.673400
242.782650
242.812950
243.026750
243.113500
243.186175
243.213775
243.375750
243.593975
243.631450
243.825825
244.009575
244.029000
244.139275
244.289375
244.393825
244.466925
244.535075
244.662550
244.767325
244.803550
244.951025
245.154550
245.481150
245.514800
245.559825
245.858575
246.057925
246.621100
246.721925
246.764825
246.844125
246.962200
246.985400
247.053275
248.959950
249.613875
249.657750
249.713200
249.865800
249.890925
249.941775
250.041750
250.185000
250.598600
250.733175
250.779175
250.968075
251.088150
251.185325
251.273450
251.334125
251.402050
251.444400
251.595250
251.687625
251.846075
252.018900
252.392750
252.572850
252.877450
252.912850
253.060950
253.183100
253.323100
253.620800
253.729375
253.786925
253.849400
253.923025
253.976850
254.036175
254.080950
254.140650
254.207825
254.293750
254.343825
254.417975
254.535925
254.649025
254.731650
254.807225
254.876150
254.987450
255.050200
255.269525
255.349500
255.416200
255.579625
255.598200
255.658350
255.717325
255.907225
255.946075
256.043150
256.143600
256.212950
256.275125
256.391275
256.408250
256.448150
256.528950
256.585225
256.620975
256.692375
256.751550
256.827725
256.917775
256.924525
256.988325
257.055725
257.186875
257.226675
257.307900
257.395025
257.546025
257.801425
257.843100
257.892275
257.941075
258.039525
258.159300
258.240525
258.447400
258.505950
258.578025
258.652850
258.721300
258.787400
259.003150
259.039550
259.076725
259.131925
259.154425
259.235925
259.369625
259.463700
259.623475
259.656300
259.685725
259.710500
259.739425
259.841575
259.883325
259.935800
259.978950
260.044275
260.182500
260.227500
260.310800
260.343100
260.436875
260.613550
260.648625
260.750200
260.788900
260.806000
260.835675
260.872300
260.981625
261.015725
261.075200
261.422025
261.472100
261.535175
261.609475
261.718125
261.772875
261.830500
261.862475
261.911475
261.972150
262.024225
262.101075
262.147100
262.182600
262.344775
262.401575
262.482100
262.564575
262.702825
262.779700
262.832400
262.964900
263.038025
263.331375
263.360300
263.552525
263.598575
263.630025
263.715625
263.741125
263.807525
263.871300
263.882475
263.959350
264.074500
264.125975
264.202200
264.295250
264.357425
264.408600
264.513050
264.629300
264.654600
264.686450
264.763050
264.835175
264.942175
265.022200
265.109975
265.249350
265.360125
265.421825
265.452000
265.457875
265.673900
265.723750
265.826650
265.860825
265.926600
265.969250
266.042775
266.185875
266.247800
266.281300
266.346000
266.382225
266.522650
266.588175
266.645325
266.809650
266.841525
266.894075
266.937950
266.970600
267.011500
267.048375
267.153850
267.270050
267.300050
267.363725
267.424000
267.434500
267.545000
267.573925
267.599875
267.631350
267.637050
267.757875
267.793625
267.845500
267.892025
267.938550
267.966850
268.150925
268.189675
268.278575
268.288600
268.330500
268.449550
268.498375
268.536525
268.681200
268.779200
268.811550
268.883275
268.960200
269.002475
269.043275
269.068400
269.100025
269.143950
269.163475
269.207725
269.320700
269.358400
269.443750
269.458125
269.546900
269.629975
269.659600
269.672175
269.747675
269.837400
269.906200
269.936900
270.145175
270.194600
270.304375
270.368300
270.425850
270.476275
270.482900
270.530425
270.658925
270.772050
270.858175
270.920150
270.929475
270.963725
271.022650
271.148325
271.156275
271.197625
271.231725
271.286950
271.356500
271.427925
271.617475
271.649700
271.686000
271.691050
271.730475
271.922525
271.963650
272.105875
272.128725
272.192375
272.460550
272.624675
272.645625
272.750650
272.805600
272.855450
272.888375
272.994275
273.063250
273.091625
273.147200
273.209450
273.487250
273.593525
273.624450
273.672300
273.886375
274.078425
274.261975
274.388750
274.422975
274.445325
274.529225
274.607900
274.846350
274.849900
274.863225
274.903850
274.963925
275.067925
275.289500
275.344875
275.532200
275.598375
275.636150
275.645075
275.836800
275.884525
275.942650
275.962300
276.015300
276.053400
276.113150
276.228975
276.250125
276.323875
276.533825
276.585950
276.674350
276.734775
276.741050
276.778200
276.933675
276.980425
277.156975
277.260675
277.287975
277.316675
277.352200
277.401225
277.438775
277.485225
277.532250
277.667900
277.687725
277.744300
277.813150
277.840500
277.893700
277.968075
278.098425
278.292050
278.356950
278.381975
278.410925
278.656825
278.704225
278.733475
278.767025
278.834700
278.944800
279.025400
279.064175
279.115575
279.152550
279.186650
279.235400
279.256375
279.273925
279.461375
279.545475
279.691675
279.729575
279.789050
279.882275
279.916125
279.967575
279.996725
280.014550
280.032375
280.063350
280.071775
280.264750
280.327175
280.354900
280.458550
280.485325
280.668575
280.779400
280.795100
280.808175
280.854700
280.906550
281.320675
281.363975
281.407650
281.469500
281.493975
281.558500
281.609050
281.648950
281.722625
281.837200
281.866375
281.938125
281.997075
282.108325
282.190825
282.267400
282.324075
282.383900
282.495400
282.502650
282.511750
282.604450
282.649800
282.684500
282.783075
282.910200
283.027950
283.291300
283.316725
283.323975
283.339850
283.364550
283.524400
283.598650
283.637650
283.653300
283.661475
283.895775
283.988850
284.027850
284.089425
284.210250
284.294775
284.328450
284.350125
284.375400
284.401175
284.438575
284.482975
284.510875
284.562150
284.657125
284.683700
284.973975
284.983700
284.992350
285.000100
285.064125
285.119575
285.198300
285.275475
285.337600
285.455225
285.600675
285.605150
285.628625
285.802200
285.815300
285.826425
285.964700
286.270400
286.292025
286.307725
286.314625
286.434500
286.589600
286.774450
286.795450
286.806250
286.863500
286.968600
287.048225
287.083225
287.096575
287.131250
287.439125
287.451650
287.494850
287.598050
287.643450
287.757325
287.914175
287.932300
287.955875
288.387200
288.484400
288.555025
288.594075
288.605100
288.712650
288.802775
288.815400
288.897400
288.909125
288.930075
288.996750
289.071900
289.149100
289.409950
289.471625
289.505025
289.809275
289.892975
290.153750
290.238075
290.303800
290.357500
290.398225
290.455400
290.497200
290.523650
290.569275
290.619575
290.665250
290.714925
290.799000
290.860200
290.889150
290.932050
290.960125
291.130900
291.329925
291.379100
291.466025
291.533325
291.620675
291.730200
291.781200
291.982025
292.108925
292.160275
292.279850
292.316250
292.545025
292.633450
292.803150
292.996500
293.090350
293.168425
293.218100
293.286675
293.332125
293.464775
293.753050
293.773850
293.817275
293.917900
293.965450
294.021000
294.103625
294.176025
294.288275
294.356825
294.444675
294.497450
294.542850
294.631050
295.024700
295.072650
295.252150
295.344475
295.403975
295.445250
295.516975
295.547600
295.584750
295.589050
295.797100
296.296075
297.563900
297.733100
299.602175
299.657700
299.791800
299.810525
299.919825
300.013425
300.042775
300.075550
300.088225
300.095075
300.148450
300.207050
300.283650
300.472575
300.499775
300.564975
300.711775
300.752250
300.865700
301.009650
301.082250
301.158575
301.239175
301.352875
301.465025
301.545450
301.598050
301.731650
301.811650
301.976525
302.046450
302.228075
302.326300
302.380475
302.454175
302.555400
302.600975
302.687025
302.764850
302.799800
302.882275
302.967225
303.134900
303.190925
303.248800
303.420475
303.543650
303.618025
303.826225
303.941500
304.014400
304.276375
304.343800
304.527275
304.660375
304.668050
304.734950
304.885275
305.183800
305.327225
305.377325
305.416450
305.443575
305.519175
305.572850
305.734875
305.888875
305.996200
306.018225
306.105725
306.234650
306.256900
306.317550
306.327600
306.371575
306.443175
306.465500
306.522875
306.579650
306.595775
306.672350
306.869100
306.906850
306.963300
307.064775
307.148825
307.217325
307.266475
307.342800
307.440000
307.489000
307.518850
307.609650
307.663575
307.712000
307.779950
307.830725
307.913575
307.978900
307.997875
308.029975
308.044825
308.111225
308.123750
308.301050
308.315175
308.407400
308.473825
308.497250
308.567875
308.702650
308.741475
308.955975
309.002325
309.055200
309.100450
309.185425
309.226175
309.272475
309.317900
309.365700
309.497650
309.550825
309.651600
309.734275
309.826575
309.833700
309.839400
309.983100
310.053175
310.078400
310.182450
310.218775
310.346325
310.476725
310.552975
310.599725
310.612450
310.648675
310.694750
310.762925
310.809600
310.912500
310.939975
310.952700
311.043325
311.106150
311.188000
311.224650
311.308650
311.329600
311.373750
311.407125
311.484175
311.530075
311.608850
311.683000
311.747775
311.758375
311.812950
311.860950
312.153025
312.287100
312.327200
312.381875
312.472675
312.562325
312.637800
312.642900
312.733925
312.779625
312.952500
312.989350
313.017050
313.150275
313.367775
313.399400
313.420750
313.436300
313.526000
313.538925
313.588925
313.684175
313.753150
313.783850
313.836275
313.881525
313.938675
313.990000
314.028375
314.089725
314.171550
314.209525
314.229125
314.257925
314.298000
314.362475
314.459150
314.510950
314.621300
314.714450
314.806225
314.847275
314.853125
314.911350
314.998525
315.006650
315.034375
315.121500
315.128050
315.292425
315.416500
315.499800
315.542900
315.582350
315.624075
315.653675
315.764575
315.839825
315.902600
315.907200
316.038250
316.064175
316.115875
316.121250
316.305225
316.379725
316.450150
316.675925
316.722875
316.771375
316.830625
316.982675
316.997100
317.064475
317.096825
317.211975
317.535400
317.671000
317.926175
317.977450
318.036175
318.077050
318.253900
318.399150
318.449375
318.486350
318.594025
318.770550
318.818075
318.888850
318.965250
318.980775
318.984775
319.005700
319.133500
319.170025
319.240525
319.262000
319.289050
319.360250
319.409500
319.437925
319.518525
319.631150
319.677675
319.769100
319.900775
319.930075
319.979425
320.101600
320.142900
320.180425
320.210825
320.243700
320.276100
320.313375
320.368325
320.395075
320.559125
320.634025
320.670100
320.705575
320.775850
320.845700
320.918275
321.025750
321.052800
321.087675
321.156350
321.196000
321.364325
321.410600
321.523350
321.582375
321.695100
321.824400
321.871650
322.049000
322.197225
322.225475
322.280550
322.296350
322.407225
322.458225
322.700950
322.855425
322.908075
322.915125
323.042750
323.102875
323.245175
323.326675
323.356600
323.448300
323.538600
323.638125
323.715450
323.791275
323.979050
324.088900
324.138925
324.238450
324.294000
324.322075
324.353600
324.438650
324.527575
324.546575
324.654550
324.728200
324.803150
324.917025
325.014175
325.130000
325.149850
325.265050
325.546075
325.557725
325.588175
325.614525
325.689550
325.770750
326.180550
326.370300
326.412450
326.423275
326.507800
326.547950
326.598250
326.714125
326.767150
326.840125
326.875500
326.889675
327.069500
327.101825
327.136100
327.187075
327.206225
327.317825
327.390650
327.515200
327.606000
327.638575
327.656700
327.722925
327.800525
327.845575
327.962225
327.971200
328.022525
328.111775
328.145200
328.213650
328.235525
328.306650
328.368050
328.478550
328.543800
328.778625
328.807950
328.857575
328.957000
329.016125
329.037700
329.154875
329.196350
329.386575
329.558525
329.653950
329.730125
329.741975
329.803075
329.858575
329.950475
330.189900
330.233125
330.263100
330.335175
330.377750
330.405125
330.477200
330.648775
330.687975
330.715100
330.742950
330.770125
330.786700
330.936975
331.033050
331.135025
331.360100
331.484525
331.564600
331.633225
331.770850
331.793850
331.833100
331.837550
331.916725
331.952050
331.990175
332.165050
332.202875
332.395400
332.523550
332.530800
332.651225
332.738225
332.789800
332.814600
332.920950
332.970725
332.988150
333.054575
333.097025
333.278375
333.309600
333.363875
333.398775
333.436875
333.524250
333.620650
333.694525
333.828825
333.844600
334.091825
334.280675
334.309725
334.372100
334.413950
334.600100
334.604275
334.623275
334.660625
334.941800
335.014350
335.274025
335.453800
335.508975
335.610300
335.621200
335.920300
336.206600
336.258275
336.356350
336.452200
336.503125
336.599450
336.685050
336.715625
336.768800
336.774150
336.831675
336.862625
336.903375
336.951625
336.959675
336.986875
337.223575
337.258350
337.388500
337.412050
337.472975
337.506250
337.585300
337.613500
337.629725
337.937400
337.979225
338.004250
338.053050
338.145575
338.219775
338.293225
338.472300
338.567400
338.663725
338.672325
338.724950
338.810900
338.915250
338.957525
339.055625
339.063300
339.153375
339.187325
339.205650
339.240175
339.301125
339.347575
339.468650
339.864550
339.958925
340.092775
340.097775
340.124925
340.145125
340.276400
340.344900
340.461450
340.495800
340.514525
340.595675
340.630650
340.668875
340.697150
340.737575
340.819800
340.856375
340.882850
340.996200
341.200875
341.253775
341.312475
341.337500
341.449550
341.492825
341.577375
341.664125
341.686975
341.755425
341.800125
341.897275
342.045475
342.157700
342.219800
342.314150
342.371350
342.438550
342.561750
342.574375
342.674925
342.826250
342.831350
342.936500
343.510825
343.588800
343.624575
343.662700
343.728150
344.379700
345.001575
345.216525
345.334625
345.396575
345.517675
345.633400
345.678450
345.838550
345.844775
346.085325
346.418025
346.456250
346.529925
346.563825
346.722950
346.790275
346.963100
347.082900
347.137375
347.359050
347.706025
348.113125
348.333500
348.339025
348.429825
348.509550
348.624125
348.652950
348.662075
348.806500
348.886025
349.053350
349.096675
349.286100
349.417350
349.489650
349.576000
349.602575
350.073450
350.288400
350.632225
350.701525
350.773750
350.855000
350.899675
350.950300
351.171525
351.459125
351.765375
351.965000
352.365375
352.394700
352.427550
352.711575
352.868700
353.001700
353.159675
353.234350
353.365050
353.403275
353.443925
353.561075
353.670200
353.677000
353.858600
353.886750
353.973575
353.995325
354.084275
354.418550
354.468850
354.528650
354.690625
354.930000
354.974425
355.005150
355.061000
355.151425
355.244600
355.415625
355.442300
355.524850
355.651750
355.709600
355.780875
355.804025
355.870850
355.962425
356.008800
356.088300
356.168950
356.210100
356.251700
356.378825
356.399275
356.447925
356.530150
356.540850
356.660600
356.753850
356.807875
356.848575
356.912000
356.951550
356.975750
357.071675
357.124500
357.159650
357.263375
357.300825
357.417050
357.463450
357.546075
357.662675
357.714100
357.783625
357.817750
357.835500
357.959650
358.017850
358.083350
358.211275
358.306875
358.354575
358.385600
358.420525
358.518850
358.575800
358.595800
358.642625
358.915950
359.134975
359.156925
359.227725
359.292075
359.339075
359.425275
359.535600
359.635475
359.658975
359.738325
359.786625
359.852825
359.914100
359.963500
359.989450
360.064400
360.120325
360.156000
360.204575
360.264575
360.340725
360.400875
360.444225
360.472175
360.499350
360.614050
360.662375
360.725450
360.779800
360.802925
360.861250
360.971450
361.079325
361.112600
361.256100
361.274350
361.392600
361.423125
361.499275
361.543300
361.610825
361.619150
361.733775
361.792325
361.874975
361.908950
361.943350
362.050500
362.085875
362.121625
362.154075
362.167950
362.209150
362.324550
362.391925
362.420125
362.439850
362.532200
362.593450
362.635125
362.661450
362.687675
362.767825
362.824400
362.869150
362.910450
362.960275
362.984250
363.026125
363.052000
363.059150
363.106425
363.185500
363.246075
363.304200
363.308750
363.405200
363.436175
363.454300
363.528300
363.556700
363.595275
363.636875
363.788475
363.857575
363.865100
363.897150
363.912750
364.082800
364.160825
364.189950
364.382350
364.448875
364.505400
364.551475
364.590400
364.674475
364.740400
364.805175
364.909250
364.958500
365.018150
365.126650
365.150750
365.224800
365.314575
365.357175
365.418650
365.516125
365.588600
365.617525
365.681450
365.706950
365.740075
365.797800
365.925875
366.055600
366.094525
366.149200
366.226575
366.328275
366.411275
366.447100
366.543775
366.637775
366.671400
366.704925
366.730100
366.779975
366.819125
366.889575
366.942600
366.977325
367.057300
367.095850
367.228725
367.330525
367.357150
367.474925
367.531150
367.604575
367.682450
367.763900
367.770425
367.887925
367.930600
367.958850
368.051725
368.107450
368.130200
368.169250
368.257025
368.274175
368.290350
368.508300
368.645775
368.682650
368.741700
368.919475
368.977275
369.027175
369.112900
369.118550
369.200725
369.337925
369.454325
369.542325
369.599850
369.634550
369.734500
369.947975
369.972750
370.012850
370.026375
370.062075
370.137075
370.159800
370.310325
370.397250
370.428175
370.481775
370.847825
370.879975
370.903975
371.067350
371.139100
371.205150
371.239450
371.267200
371.420950
371.509425
371.553375
371.584125
371.661075
371.683075
371.712450
371.855575
371.881875
371.914150
371.962425
372.024175
372.064350
372.125750
372.217925
372.343975
372.404825
372.431525
372.453575
372.486025
372.522525
372.530500
372.822850
372.867350
372.878725
372.919350
372.939125
372.977000
373.099550
373.119150
373.167725
373.238150
373.523675
373.525400
373.647800
373.740900
373.990350
374.045300
374.287075
374.492675
374.534075
374.568750
374.677375
374.764275
374.843550
374.923950
374.980825
374.996175
375.054825
375.129500
375.161225
375.239375
375.276000
375.331875
375.369900
375.388800
375.448450
375.514400
375.521425
375.625150
375.723425
375.786975
375.862300
375.947250
376.043925
376.143500
376.189275
376.218700
376.297275
376.390800
376.411650
376.470900
376.521550
376.606925
376.639300
376.743275
376.783400
376.894025
376.909650
377.001975
377.163725
377.234450
377.387250
377.441225
377.484100
377.553050
377.620150
377.628050
377.683900
377.816275
377.832325
377.858650
377.917450
378.126800
378.165375
378.331275
378.415900
378.460250
378.601275
378.704850
378.750325
378.776275
378.879700
378.961575
379.003925
379.080000
379.115500
379.163500
379.280925
379.328725
379.428600
379.463700
379.493925
379.672625
379.721975
379.807050
379.851500
379.889800
379.925675
379.985875
380.021075
380.035400
380.072800
380.214750
380.288650
380.309875
380.434025
380.457750
380.511800
380.524025
380.603700
380.791975
380.934275
381.003950
381.062700
381.077475
381.238775
381.522525
381.575625
381.597325
381.706550
381.760125
381.835900
381.887900
381.910925
381.946350
382.167525
382.202950
382.215900
382.280000
382.297600
382.496125
382.642025
382.757675
382.893950
382.947650
383.009650
383.030275
383.079150
383.202525
383.276300
383.335275
383.418700
383.481600
383.530150
383.644275
383.683725
383.721050
383.846675
383.958625
383.999075
384.055950
385.018600
385.158425
385.379900
385.419000
385.614950
385.732475
385.926950
386.050450
386.108925
386.290450
386.366675
386.426875
386.753575
386.834625
386.919025
387.051150
387.115750
387.161725
387.419350
387.497725
387.552525
387.587625
387.617600
387.641400
387.833150
387.885550
387.915600
387.945400
388.105775
388.134875
388.204200
388.287225
388.330950
388.399575
388.478475
388.505800
388.562925
388.603550
388.774675
388.830500
388.885375
388.905925
388.960775
389.013400
389.173275
389.278900
389.332450
389.364250
389.565525
389.757925
390.031350
390.136800
390.200275
390.270975
390.280325
390.308450
390.392000
390.476900
390.521475
390.585850
390.609125
390.723200
390.735150
390.792125
390.823050
390.931100
391.005850
391.058425
391.065825
391.132575
391.301075
391.361425
391.818825
392.026225
392.119975
392.259125
392.367775
392.566900
392.633550
392.659225
392.860975
393.226750
393.338700
393.587500
393.616675
393.636800
393.738750
393.840850
393.906225
394.000550
394.065450
394.126475
394.158775
394.265675
394.314350
394.417525
394.433425
394.664025
394.729125
394.835275
394.895700
394.968150
395.140300
395.202350
395.209900
395.382775
395.586600
395.661525
395.719825
395.917175
395.995975
396.085925
396.178900
396.245300
396.320775
396.381625
396.456000
396.528900
396.634450
396.680950
396.729875
396.809400
396.907175
397.045450
397.124125
397.193075
397.262200
397.332750
398.029600
398.143325
398.200375
398.286400
398.486200
398.554950
398.593900
398.752625
398.824100
398.943350
399.570800
399.614425
399.720800
399.960850
400.012650
400.141975
400.230875
400.310475
400.453500
400.781400
400.801000
401.169425
401.255200
401.420100
401.462775
401.713625
401.980475
402.053550
402.223700
402.417550
402.684950
402.732600
402.756300
402.794950
402.875200
402.993875
403.511800
403.600950
403.649550
403.762525
403.969175
403.986325
403.990000
404.069775
404.417825
404.575250
404.658725
404.761100
404.854725
404.910450
404.961250
405.040450
405.075375
405.096000
405.159225
405.289350
405.339200
405.439000
405.546650
405.609700
405.714300
405.753875
405.798800
405.827350
405.875175
405.989125
406.191475
406.303900
406.364300
406.416925
406.511925
406.644425
406.775675
406.834350
406.964800
407.004575
407.091675
407.174475
407.287100
407.338525
407.400075
407.430350
407.483575
407.514025
407.695800
407.765975
407.868825
407.957775
408.019300
408.092475
408.138750
408.184150
408.266575
408.313575
408.374500
408.491675
408.605150
408.677275
408.705125
408.802950
408.859925
408.883975
408.931975
408.983975
409.063825
409.147400
409.194950
409.201900
409.314975
409.455400
409.509500
409.540350
409.569350
409.586100
409.706200
409.736775
409.786400
409.805900
409.882350
409.941900
409.962350
410.006350
410.026000
410.135300
410.174850
410.318850
410.389475
410.570525
410.594675
410.659725
410.731375
410.798475
410.840275
410.923225
410.982225
411.094500
411.149000
411.200750
411.312700
411.467000
411.544450
411.608175
411.741125
411.928000
412.012875
412.067475
412.181400
412.243025
412.271125
412.503025
412.536000
412.579200
412.642825
412.781000
412.831850
412.940450
413.007100
413.037550
413.102600
413.166275
413.245200
413.303700
413.377475
413.466800
413.527050
413.583825
413.732525
413.785450
413.842725
413.912325
413.981300
414.022825
414.077750
414.148200
414.186625
414.244625
414.256900
414.307600
414.365425
414.403425
414.539125
414.567475
414.785725
414.845900
414.879950
414.929075
414.978300
415.032500
415.062350
415.123400
415.296750
415.348025
415.408500
415.415275
415.496200
415.535475
415.589275
415.640200
415.816625
415.842425
415.999100
416.116900
416.145075
416.259550
416.286850
416.378625
416.450575
416.738950
416.774675
416.825025
416.992050
417.031750
417.138375
417.174075
417.235725
417.302350
417.327625
417.451850
417.469900
417.531125
417.640575
417.819200
417.860250
417.934025
417.990000
418.092900
418.198100
418.371125
418.412575
418.498750
418.507375
418.542550
418.615625
418.640000
418.704550
418.762350
418.804900
418.853925
419.009600
419.234425
419.276325
419.348400
419.405250
419.474675
419.513100
419.520300
419.695625
419.727925
419.793525
419.915300
420.003200
420.068500
420.125550
420.249625
420.410175
420.445900
420.529325
420.575225
420.611325
420.651400
420.759875
420.774350
421.072850
421.190675
421.345125
421.457350
421.595700
421.696600
421.733450
421.770300
421.835925
421.847000
421.902200
422.101550
422.172475
422.181500
422.192225
422.212725
422.397800
422.634050
422.681250
422.732250
422.754325
422.814450
422.846900
422.884475
422.932425
423.072300
423.173650
423.196775
423.232125
423.309275
423.419775
423.453300
423.511900
423.715600
423.756675
423.857950
423.911775
423.979075
423.994725
424.256650
424.309250
424.374275
424.566950
424.638450
424.692300
424.775800
424.795825
424.855850
424.883550
424.986825
425.084775
425.151125
425.209425
425.291400
425.407950
425.419200
425.549325
425.582975
425.623150
425.661700
425.683900
425.713425
425.951350
426.032075
426.099575
426.135450
426.351025
426.483975
426.503225
426.512850
426.562625
426.589675
426.768575
426.899550
426.931200
426.978375
427.159975
427.371650
427.455900
427.473875
427.510425
427.600450
427.648025
427.666950
427.728275
427.755025
427.778475
427.807550
427.858800
427.995550
428.058650
428.127325
428.366325
428.394525
428.450000
428.523175
428.629475
428.652675
428.678775
428.716550
428.759250
428.920000
428.943250
429.051700
429.194175
429.235025
429.324625
429.362325
429.460775
429.558975
429.668200
429.704650
429.754475
429.830800
430.009825
430.061500
430.101500
430.165800
430.215950
430.380425
430.433500
430.595575
430.620850
430.756150
430.882325
430.915175
430.947875
431.106525
431.196525
431.266475
431.286850
431.315475
431.470750
431.521650
431.611200
431.653950
431.697000
431.796800
431.858925
431.924000
432.044575
432.075475
432.260000
432.404575
432.429275
432.761300
432.800000
432.837175
432.922450
432.981450
433.031525
433.133800
433.275475
433.310025
433.560150
433.665450
433.684850
433.745125
433.846275
433.875550
433.949575
433.996350
434.070325
434.104225
434.290575
434.349375
434.412500
434.495550
434.714050
434.783125
434.817350
434.947650
435.038275
435.114600
435.139050
435.154850
435.187450
435.220850
435.286525
435.420975
435.471100
435.638775
435.663125
435.716200
435.827250
436.078000
436.125850
436.197650
436.225250
436.242250
436.333975
436.442275
436.494575
436.591225
436.756100
436.783900
436.831400
436.898900
436.951675
437.000950
437.025325
437.062825
437.154300
437.301450
437.373500
437.484900
437.535850
437.658800
437.820125
438.078925
438.242875
438.268675
438.280175
438.294925
438.317825
438.393625
438.465250
438.501025
438.596650
438.703450
438.758925
439.084200
439.284275
439.387850
439.420875
439.496775
440.061000
440.095250
440.227025
440.395775
440.438750
440.484300
440.525075
440.555150
440.593875
440.768825
440.882525
440.975750
441.023050
441.100750
441.164025
441.169775
441.218900
441.229700
441.319900
441.451700
441.459475
441.510425
441.562775
441.580875
441.633050
441.682225
441.811000
441.928925
442.083600
442.153650
442.195150
442.228250
442.285175
442.353650
442.684350
442.918725
442.982300
443.538275
444.916350
445.111975
445.660725
446.268750
446.738750
446.875950
447.134750
449.381325
449.579175
449.628700
449.646075
449.829325
449.858550
449.912625
449.971125
450.030825
450.061100
450.107000
450.161225
450.229375
450.293475
450.337675
450.381775
450.436450
450.501575
450.625350
450.694350
450.758075
450.770550
450.794575
450.829325
450.938775
450.951725
450.963900
451.011975
451.070800
451.105450
451.151100
451.213125
451.407825
451.467450
451.496975
451.498425
451.778275
451.869675
451.901450
451.922900
451.970800
452.047150
452.140925
452.222650
452.300975
452.381900
452.535200
452.738500
452.830825
452.896750
452.962300
453.036225
453.056025
453.134225
453.286550
453.443650
453.651125
453.712675
453.765550
453.885675
453.928225
453.980625
454.075625
454.207225
454.266400
454.391450
454.484075
454.488575
454.684600
454.832025
454.880825
454.995500
455.035600
455.090100
455.154775
455.243775
455.281800
455.310175
455.470350
455.547425
455.632850
455.691350
455.753125
455.770825
455.832300
455.908825
455.923175
455.976350
456.036650
456.172850
456.180300
456.211350
456.270725
456.365400
456.530800
456.637900
456.682275
456.687075
456.836650
456.912500
457.012125
457.033600
457.150500
457.241725
457.311375
457.394850
457.445975
457.546125
457.666250
457.718275
457.743900
457.825250
457.940425
457.951625
458.056625
458.148275
458.225325
458.243550
458.278000
458.338500
458.381200
458.419775
458.590400
458.647725
458.678650
458.715400
458.764125
458.802125
458.857425
458.886250
458.968400
459.097975
459.173275
459.216025
459.220325
459.242675
459.264175
459.376825
459.429225
459.526525
459.600850
459.676700
459.714300
459.764525
459.911625
460.192025
460.288075
460.332650
460.348550
460.658625
460.795350
460.842600
460.868450
460.891225
460.914150
461.017250
461.073850
461.178750
461.298900
461.340950
461.374900
461.396325
461.430675
461.503675
461.691700
461.719350
461.777025
461.823975
462.243175
462.349950
462.407950
462.510700
462.568225
462.647200
462.761750
462.811450
462.861550
462.902825
462.956225
463.061850
463.203775
463.270675
463.329650
463.372650
463.389150
463.409250
463.504325
463.677775
463.772625
463.830525
463.979750
464.010375
464.048700
464.127925
464.251925
464.329625
464.390650
464.434325
464.509875
464.555700
464.583000
464.640250
464.738200
464.792475
464.811775
464.881475
464.999225
465.040650
465.046800
465.091950
465.116000
465.169325
465.245475
465.351025
465.373200
465.403050
465.427225
465.532075
465.594350
465.696600
465.712175
465.734925
465.820625
465.863500
466.007075
466.117600
466.143425
466.160525
466.558475
466.598200
466.630125
466.692675
466.754850
466.998825
467.316625
467.378400
467.460800
467.546600
467.615500
467.783075
467.875125
467.974500
467.992925
468.071025
468.153250
468.217575
468.249600
468.291650
468.309250
468.428475
468.551400
468.643200
468.728275
468.822800
469.062500
469.103300
469.134000
469.143250
469.200950
469.351500
469.400875
469.495575
469.561150
469.592150
469.676100
469.715025
469.750925
469.840950
469.906200
469.977400
470.020200
470.096175
470.111975
470.168225
470.282150
470.461025
470.476900
470.521550
470.555050
470.650325
470.768400
470.774125
471.044575
471.118425
471.287075
471.386200
471.434725
471.606475
471.681275
471.783325
471.818775
471.895150
472.000925
472.056800
472.117875
472.208775
472.414575
472.473300
472.521375
472.700450
472.815750
472.960175
473.019025
473.125875
473.132600
473.297425
473.339725
473.352275
473.371300
473.684275
473.807825
473.859650
473.995750
474.050250
474.083600
474.204800
474.381025
474.446825
474.556875
474.619925
474.707300
474.735975
474.886775
474.926350
474.978275
475.031025
475.117925
475.137800
475.406275
475.452825
475.670475
475.795475
475.820875
475.865800
475.873550
475.897250
476.015075
476.085550
476.260025
476.359750
476.380475
476.399900
476.452375
476.572350
476.656125
476.723100
476.831675
476.877800
477.019700
477.088450
477.093000
477.253800
477.349450
477.444100
477.546150
477.566375
477.848475
477.916150
477.942900
477.963775
478.006525
478.117050
478.167750
478.203500
478.224800
478.261625
478.397500
478.442250
478.490575
478.558275
478.597025
478.660350
478.695025
478.769650
478.792600
478.814675
479.142175
479.226925
479.428100
479.469825
479.581775
479.785450
480.023375
480.053550
480.087850
480.124325
480.420300
480.728000
480.884450
480.933975
480.961575
481.007300
481.117850
481.183975
481.196675
481.337875
481.419250
481.645750
481.704225
481.765250
481.787375
481.807700
481.814950
481.877625
481.972500
481.997075
482.144525
482.238475
482.254075
482.322850
482.418900
482.507350
482.561625
482.579800
482.611900
482.689175
482.742025
482.786750
482.845200
482.986150
483.050375
483.118550
483.171225
483.178575
483.384325
483.426775
483.486075
483.582950
483.689100
483.939275
483.955075
483.965650
484.124975
484.208025
484.475350
484.537375
484.713825
484.811825
484.849800
484.879200
484.907675
484.933550
485.141725
485.249425
485.346625
485.368475
485.409775
485.590125
485.630250
485.736475
485.843925
485.859300
485.979225
486.011575
486.037700
486.163425
486.180250
486.331400
486.645475
486.731950
486.880625
487.006675
487.183025
487.237325
487.361850
487.403200
487.508850
487.522075
487.626575
487.844475
487.896900
488.046775
488.141525
488.177675
488.293225
488.485125
488.537600
488.747600
488.767250
488.887150
488.912800
488.994725
489.018075
489.027950
489.339700
489.369425
489.685100
489.791800
489.824625
489.876250
489.892200
490.019525
490.117750
490.173800
490.300100
490.327275
490.459525
490.520625
490.675800
490.718675
490.778825
490.817725
490.913225
491.015900
491.288400
491.388750
491.673550
491.806925
491.862725
491.956400
492.011900
492.068775
492.152125
492.194475
492.249500
492.289800
492.297075
492.493175
492.534275
492.612725
492.913600
492.989950
493.167025
493.310100
493.367375
493.561175
493.681525
493.839825
493.943425
493.994200
494.024325
494.061150
494.111125
494.332200
494.383350
494.598150
494.694900
494.773025
494.858325
494.960050
495.010325
495.112025
495.171600
495.218625
495.481175
495.580475
495.603650
495.709275
495.734300
495.771675
495.859175
495.902525
495.925750
495.950600
496.032525
496.334100
496.406350
496.680075
496.908925
497.036125
497.072950
497.158825
497.191675
497.262000
497.384575
497.425425
497.680500
498.162100
498.206250
498.748350
498.984175
499.034925
499.160575
499.259125
499.343825
499.422400
499.479850
499.563025
499.585075
499.726825
499.806950
499.882575
499.988425
500.006375
500.134875
500.246025
500.325275
500.423500
500.536400
500.882175
500.956625
501.074950
501.264950
501.335500
501.422875
501.535225
501.603825
501.764825
501.880975
501.992150
502.117650
502.399000
502.492425
502.584950
502.622450
502.682125
502.824250
502.928325
502.990875
503.128025
503.222075
503.258875
503.386275
503.455900
503.552350
503.572150
503.707825
503.739275
503.876300
503.967675
504.020950
504.048750
504.133250
504.269325
504.339650
504.452400
504.478025
504.510625
504.572925
504.635425
504.705475
504.993100
505.059625
505.115600
505.216500
505.289450
505.315700
505.413975
505.463300
505.564750
505.626225
505.832325
505.862625
505.990425
506.074875
506.189725
506.234600
506.265250
506.314700
506.435850
506.512950
506.568500
506.654225
506.754825
506.778700
506.944025
507.050550
507.099475
507.197700
507.352250
507.444000
507.449125
507.503775
507.550525
507.630125
507.777425
507.865550
507.901300
507.931850
508.052925
508.196600
508.260900
508.349925
508.406525
508.446025
508.509850
508.634175
508.740225
508.821100
508.879350
508.909550
508.950325
509.048625
509.320775
509.345375
509.378775
509.532175
509.598600
509.683950
509.860725
509.981200
510.003800
510.098075
510.285650
510.352375
510.480450
510.524575
510.662375
510.731325
510.788425
510.906000
511.097950
511.168050
511.225800
511.295075
511.326150
511.427050
511.473400
511.507625
511.830525
511.920250
511.986175
512.029100
512.125650
512.203900
512.215925
512.279600
512.314500
512.512375
512.577100
512.713075
512.933700
513.135725
513.202175
513.285125
513.310525
513.377075
513.727125
513.806575
513.873000
513.973975
514.138800
514.161350
514.252725
514.277250
514.336925
514.396325
514.442125
514.672475
514.887375
514.924525
514.937300
515.010625
515.034975
515.087475
515.214100
515.312000
515.406400
515.466225
515.500175
515.536675
515.592350
515.626575
515.910950
515.994550
516.100225
516.114725
516.183625
516.257500
516.316850
516.410400
516.468400
516.527025
516.588150
516.731100
516.851525
516.914825
517.063150
517.104025
517.152925
517.234925
517.305325
517.503800
517.552050
517.610125
517.626900
517.667225
517.717700
517.722425
517.781525
517.905350
517.928750
517.994775
518.005575
518.039925
518.127725
518.232850
518.329950
518.383675
518.550750
518.578775
518.707625
518.766000
518.880400
518.949000
518.983975
519.040425
519.170475
519.264925
519.468375
519.512625
519.575050
519.595150
519.699225
519.717850
519.894075
520.038250
520.045150
520.072225
520.152700
520.283150
520.351750
520.384450
520.512725
520.588675
520.676025
520.725450
520.797425
520.881175
520.940025
520.985575
521.033075
521.070900
521.269300
521.344575
521.409275
521.493850
521.656200
521.743075
521.820100
521.949975
521.988050
522.139475
522.233525
522.308925
522.329975
522.409625
522.560400
522.662025
522.701525
522.843625
522.861700
522.960625
523.148675
523.168650
523.299600
523.402975
523.452900
523.537075
523.567700
523.639075
523.877175
523.894650
523.951900
524.132250
524.163025
524.425075
524.438325
524.517200
524.573025
524.833400
524.954675
525.173800
525.237625
525.350000
525.437275
525.509675
525.579075
525.683675
525.730500
525.790875
525.889800
525.962050
526.256225
526.355300
526.404175
526.523975
526.604575
526.608875
526.754525
526.820500
526.912175
526.959875
527.015350
527.185700
527.323700
527.385975
527.454375
527.621200
527.691200
527.706300
527.717550
527.767550
527.818300
527.918825
528.167125
528.223725
528.272025
528.324600
528.475400
528.783150
528.818575
528.973925
529.015900
529.075600
529.288450
529.377525
529.464925
529.518900
529.555600
529.663500
529.786475
530.007200
530.065800
530.124925
530.144875
530.201225
530.323225
530.395000
530.476500
530.513975
530.598000
530.606650
530.731000
530.946300
531.048125
531.075550
531.197425
531.228825
531.339550
531.600825
531.664450
531.917200
532.151550
532.212800
532.236225
532.327025
532.359850
532.461100
532.517375
532.600500
532.620000
532.698025
532.762350
533.063300
533.109875
533.135850
533.171425
533.202525
533.321650
533.358700
533.423400
533.471550
533.559025
533.755825
533.778100
533.783200
533.879225
534.169875
534.204800
534.503375
534.683350
534.730225
534.789525
534.826625
534.884225
534.917275
534.973175
535.001025
535.062400
535.137925
535.207475
535.233200
535.404125
535.556425
535.590200
535.641675
535.746050
535.756875
535.959150
536.135975
536.202625
536.244325
536.296225
536.316700
536.365350
536.373200
536.460325
536.531375
536.608600
536.656725
536.706250
536.720850
537.051475
537.082775
537.187125
537.303700
537.312800
537.449175
537.471875
537.621050
537.689275
537.779375
537.849075
537.875250
537.978225
538.031375
538.168450
538.238975
538.283050
538.350750
538.467875
538.636925
538.655500
538.835300
538.927925
539.067050
539.137400
539.288175
539.410775
539.496950
539.552925
539.605450
539.705075
539.860675
539.977750
540.148925
540.228300
540.329550
540.540600
540.700775
540.724175
540.786600
541.083525
541.279150
541.286800
541.375825
541.440775
541.450175
541.680400
541.774775
541.878875
541.913275
541.969075
542.207200
542.298350
542.343025
542.533025
542.544525
542.743875
542.928550
542.973375
543.035300
543.286925
543.328550
543.812600
543.844850
543.955625
544.048125
544.229950
544.274875
544.399125
544.510350
544.532175
544.574775
544.611975
544.626225
544.650775
544.671875
544.792100
544.831575
544.915875
544.961625
544.988125
545.076100
545.192925
545.394400
545.416775
545.476950
545.571450
545.616225
545.657575
545.661450
545.746675
545.866325
545.879550
546.060775
546.086975
546.146525
546.191750
546.253025
546.387725
546.683925
546.821175
546.911925
546.957825
546.983150
547.001175
547.145375
547.266500
547.407475
547.629475
547.692300
547.698450
547.722200
547.920625
548.037625
548.164725
548.195075
548.206175
548.301500
548.343750
548.423725
548.487625
548.600900
548.672675
548.808625
548.882850
549.026050
549.047400
549.082625
549.112700
549.196525
549.218200
549.265925
549.303800
549.363900
549.408950
549.498525
549.691750
549.728400
549.828950
549.954650
550.110250
550.168725
550.262400
550.314750
550.472825
550.506150
550.543075
550.698350
550.856625
550.888025
550.961975
551.034800
551.175200
551.263850
551.384300
551.410300
551.668925
551.728625
551.756050
551.775950
551.966850
552.146825
552.245650
552.426525
552.432725
552.481475
552.544650
552.577400
552.745775
552.756325
552.803000
552.870800
552.945175
552.967950
553.006575
553.028650
553.050975
553.122400
553.231150
553.276600
553.558750
553.720350
553.828150
553.868725
553.900425
553.994725
554.404725
554.462100
554.480300
554.493750
554.542625
554.578275
554.854075
555.041925
555.183650
555.300275
555.418975
555.755075
555.831675
556.176900
556.239300
556.371425
556.384825
556.521800
556.550150
556.659600
556.866700
557.015725
557.070800
557.078575
557.106350
557.125325
557.142450
557.191900
557.405325
557.506600
557.729725
557.849650
557.898775
557.917925
557.979275
558.154100
558.240925
558.344775
558.516775
558.542625
558.592375
558.618400
558.799725
558.935025
558.985000
558.991875
559.069000
559.165875
559.208775
559.260275
559.381475
559.394650
559.555325
559.760550
559.793525
559.808000
559.839550
559.863700
560.202875
560.271500
560.322275
560.555075
560.617250
560.629775
560.704025
561.065000
561.239400
561.316525
561.357350
561.439800
561.643650
561.693200
561.755050
561.824875
561.881275
562.015900
562.133275
562.210850
562.242625
562.346425
562.359625
562.479225
562.529575
562.548850
562.654550
562.703100
562.839775
562.895125
563.020175
563.038650
563.284000
563.369500
563.405275
563.540875
563.550700
563.609050
563.674075
563.708225
563.761425
563.794875
563.908975
563.938300
563.977075
564.005325
564.092475
564.158925
564.186950
564.265300
564.435125
564.479350
564.528400
564.780025
564.796200
564.835375
564.917450
564.965675
565.145200
565.182600
565.384475
565.495325
565.586275
565.903175
565.946275
566.001750
566.079675
566.244750
566.360575
566.445550
566.491075
566.999575
567.094950
567.129725
567.169450
567.303725
567.500025
567.631625
567.665600
567.722525
567.741350
567.804700
567.888175
568.264975
568.343275
568.367575
568.593550
568.640400
568.707350
568.715875
568.736725
568.746075
568.791125
568.854975
569.321900
569.360400
569.394500
569.461375
569.468700
569.571600
569.681575
569.713350
569.801425
569.823225
569.892600
570.049500
570.061100
570.104950
570.142275
570.299775
570.373775
570.389475
570.456300
570.620500
570.686550
570.742725
570.782050
570.929750
571.356800
571.403275
571.454100
571.569700
571.656300
571.687475
571.778775
571.812475
571.990750
572.027750
572.541950
572.587550
572.597750
572.619500
572.631850
572.675600
572.697750
572.849050
573.101875
573.174125
573.237450
573.411275
573.560325
573.568850
573.606725
573.640350
573.968700
574.056900
574.509900
574.550050
574.607175
574.650600
574.832650
574.873150
574.952050
575.094125
575.183800
575.195800
575.581525
575.613650
575.840600
575.946050
575.993100
576.028200
576.153075
576.399375
576.429550
576.450350
576.614275
576.649600
576.700300
576.734100
576.884300
576.893650
576.931750
576.963450
577.051800
577.222875
577.358225
577.411625
577.442150
577.456550
577.474075
577.535925
577.775775
577.809000
577.825975
577.840200
578.221475
578.260825
578.281250
578.319000
578.389125
578.467100
578.499000
578.560775
578.577425
578.583075
578.608275
578.876825
578.944025
578.950650
579.017475
579.070425
579.135725
579.230550
579.315625
579.411950
579.437925
579.470000
579.642725
579.744350
579.821300
579.907150
580.049575
580.086150
580.187575
580.367250
580.439700
580.546325
580.571425
580.635875
580.764325
580.989000
581.015850
581.033600
581.056500
581.145050
581.412350
581.439325
581.446600
581.477800
581.497775
581.620450
581.741050
581.807925
581.814325
581.850950
581.893900
581.995225
582.060700
582.100375
582.137525
582.273325
582.356525
582.460675
582.467875
582.593425
582.705950
582.788325
582.854850
582.999775
583.065825
583.240800
583.395725
583.431925
583.571075
583.995950
584.059700
584.177250
584.218950
584.308250
584.430200
584.501325
584.558025
584.568100
584.583425
584.808200
584.841950
584.874200
584.947650
585.356050
585.517500
585.553600
585.619475
585.687775
585.775350
585.788675
585.847100
585.988500
586.148700
586.352125
586.405975
586.598475
586.648975
586.765725
586.927975
587.201950
587.275475
587.345275
587.370975
587.472400
587.485675
587.578175
587.618800
587.657500
587.696450
587.714125
587.823225
587.929200
588.011800
588.064225
588.335725
588.734550
588.875500
589.211150
589.225850
589.338675
589.714125
589.759425
589.873425
589.958900
590.153300
590.165275
590.184800
590.310925
590.390150
590.487950
590.556100
590.640575
590.919200
591.216175
591.317325
591.382775
591.418000
591.648250
591.656625
591.677200
591.705175
591.979950
592.035000
592.225950
592.389900
592.700425
592.832625
592.904250
592.957775
593.047200
593.065250
593.157375
593.296275
593.345550
593.383050
593.564125
593.877125
593.914350
593.979125
593.997500
594.019975
594.272450
594.352500
594.373450
594.388000
594.418375
594.587925
594.724925
594.753500
594.864725
595.040925
595.175350
595.306700
595.330575
