1.475650
3.123925
3.236400
4.033225
4.155250
4.224800
4.818025
5.175725
5.901475
5.967075
6.207925
6.501150
6.926725
6.969225
7.063775
7.071650
7.329900
7.548950
7.936000
8.240725
8.592825
9.765600
9.873350
10.128625
10.162050
10.550600
10.590500
11.088900
11.123675
11.258875
11.393125
11.409325
11.598300
12.264575
12.481400
12.705900
12.768100
12.894050
13.181750
13.494675
13.630450
13.767275
13.905775
13.927675
14.243750
14.364325
14.503325
14.596700
14.918950
15.116400
15.273775
15.333350
15.454450
15.540075
15.822050
16.009400
16.502600
16.686300
17.484725
17.705425
17.727300
18.001250
18.048500
18.272625
19.964800
20.328175
21.364025
21.372850
21.484075
22.383550
22.448175
22.987450
23.017725
23.105650
23.230425
24.059150
24.597275
24.990000
25.106575
25.231175
25.347650
25.356875
25.417950
25.760350
26.955975
27.338725
27.431100
27.556975
27.565450
28.754950
29.099625
29.336125
29.541825
30.062575
30.076425
30.207700
30.227550
30.434650
30.439425
30.950000
31.303600
31.670825
31.769375
31.836225
31.867525
31.947550
32.043950
32.322000
32.531975
33.243850
33.821975
34.336125
34.493550
34.628525
34.756500
34.935550
35.022875
35.078325
36.033175
36.461225
36.606775
37.844600
38.515475
39.821150
40.718925
41.047800
41.195400
41.327700
41.602475
42.036350
42.406100
42.517125
42.597775
42.736250
43.073650
43.451425
43.465175
43.614475
43.655675
44.056625
44.190900
44.759375
45.157725
45.476450
46.191500
47.001925
47.775175
48.033650
48.483975
48.874750
48.967725
50.445625
50.605525
51.254925
51.339150
51.747350
51.776975
51.931700
52.054950
52.321725
52.702000
52.744275
53.724375
54.247825
54.431925
54.834200
55.154425
55.559675
55.676275
57.018575
57.030325
57.066025
57.565750
58.729325
58.840375
58.887450
58.903125
59.210550
60.182450
60.536025
60.904375
61.137825
61.630350
61.715275
61.739625
62.287400
62.517075
62.562375
62.618900
63.266150
63.543675
64.425100
65.497775
65.843125
65.854900
66.059175
66.228975
66.551200
66.641750
66.918300
67.111975
67.124050
67.655675
68.139525
68.859100
68.982425
69.237750
70.313400
71.470875
71.533850
71.621650
71.652750
71.943400
72.053900
72.430100
73.208925
73.940150
74.334275
74.693150
75.854775
76.407850
77.258200
77.382800
79.242800
79.393925
79.537650
81.006625
81.832250
81.867100
81.901175
82.580150
83.126200
84.453900
87.946050
88.510525
88.889700
92.965425
95.164350
97.066750
97.583550
97.772525
98.654875
98.750650
98.814600
99.317425
99.381050
99.470500
100.453575
105.215975
106.256575
108.024250
111.484100
111.720725
111.996925
115.709300
115.753850
116.624650
116.750175
118.688000
119.047975
119.091775
119.093625
119.597225
119.806675
120.447750
120.791900
121.129300
121.803250
125.934900
126.159825
126.972575
127.821100
128.540450
128.998275
130.931375
132.450425
132.724725
133.596975
133.599850
134.898750
135.444850
136.884500
137.663125
138.534200
138.942300
140.769100
141.418875
143.281850
143.970550
144.144350
145.443475
146.450325
146.625625
147.098700
147.863575
148.851550
150.493150
151.582875
155.138525
156.924800
158.990950
159.556275
160.608100
161.479200
161.682650
163.187000
164.083450
164.199975
165.644050
168.354325
168.728325
169.021150
169.490650
170.099025
172.734200
174.879325
175.712125
186.643600
190.190525
191.365375
191.806450
193.109950
196.776075
197.247100
201.642625
205.199125
206.113575
211.633600
212.102850
213.366775
214.035575
215.811150
220.064400
223.433625
224.477425
225.319350
227.000550
227.697625
229.277250
230.316525
230.677450
234.254850
235.972900
236.966350
238.146450
246.322325
246.481250
246.890625
248.116725
248.618450
250.070275
