0.109325
0.163250
0.221550
0.324900
0.489000
0.572750
0.735100
0.847600
1.011800
1.110550
1.208075
1.314000
1.451325
1.557200
1.620425
1.710975
1.879175
1.955450
2.217875
2.280925
2.355950
2.417925
2.581225
2.667375
2.676425
2.857900
3.555575
3.714725
3.922050
4.092525
4.139650
4.255825
4.455875
4.587375
4.678050
4.736300
4.900575
5.232500
5.332850
5.499450
5.637875
5.676500
5.972450
6.331150
6.442075
6.532175
6.589700
6.644800
6.775050
6.886700
7.130125
7.324850
7.487150
7.855400
8.143200
8.298625
8.353500
8.390550
8.435900
8.551600
8.771650
8.904100
8.997675
9.119200
9.228700
9.341650
9.483825
9.546150
9.613900
9.667150
9.711700
9.798300
10.088000
10.198225
10.468600
10.516525
10.573850
10.851525
11.448200
11.671950
11.765800
11.843675
11.966025
12.118100
12.201650
12.284600
12.412400
12.526275
12.647750
12.715850
12.845300
12.881150
12.948000
13.084950
13.249825
13.499400
13.932175
14.138025
14.217500
14.347875
14.466825
14.520675
14.575800
14.644250
14.764850
14.829075
14.970000
15.145375
15.281275
15.423575
15.533750
15.636175
15.747525
15.814550
15.990200
16.252425
16.378525
16.480175
16.635225
16.728900
16.823275
16.864700
16.953425
17.010300
17.057500
17.094275
17.332250
17.481400
17.861250
17.993650
18.113900
18.197475
18.292425
18.377975
18.520125
18.662700
18.722475
18.879600
19.128750
19.323225
19.464900
19.585950
19.859850
19.977475
20.245650
20.407350
20.602075
20.806250
21.064200
21.232950
21.438125
21.646325
21.766000
22.122000
22.228750
22.396000
22.453675
22.523000
22.631650
22.743075
22.808725
22.931650
23.051800
23.142275
23.305825
23.558575
23.702600
23.856450
23.906500
24.136325
24.270550
24.350325
24.439900
24.543275
24.632000
24.736900
24.911350
25.016775
25.102525
25.442375
25.523575
25.579900
25.653325
25.704400
25.861625
26.276600
26.429600
26.523950
26.584925
26.659525
26.699675
26.802925
26.949125
27.174925
27.349150
27.590850
27.877050
28.006325
28.211975
28.347150
28.441475
28.507475
28.609900
28.768600
28.876425
28.918900
29.019175
29.136400
29.248125
29.318550
29.479450
29.640950
29.931875
30.182550
30.507825
30.515350
30.678750
30.784700
30.878250
30.958925
31.122525
31.381400
31.595825
31.752575
31.899375
32.078225
32.650450
32.798050
32.998275
33.117375
33.352550
33.479425
33.531475
33.639075
33.738500
34.068425
34.197400
34.426000
34.706375
34.738100
34.831775
35.000275
35.398925
35.443275
35.512625
35.617300
35.766400
36.108375
36.221100
36.451225
36.503775
36.519025
36.864550
36.977400
37.096125
37.265575
37.334150
37.419675
37.579050
37.711000
37.836525
38.004150
38.219675
38.499325
38.710725
38.943950
39.058875
39.278650
39.362250
39.467450
39.660700
40.054750
40.227550
40.669725
40.721475
40.780650
41.043725
41.591650
41.976125
42.035200
42.067000
42.162700
42.332025
42.366900
42.457575
42.603050
42.722525
42.814275
42.889500
42.959975
43.089375
43.209900
43.347750
43.426125
43.514850
43.816600
43.943950
44.058875
44.418400
44.616100
44.805350
45.068550
45.157625
45.398100
45.525750
45.884300
46.004925
46.171675
46.346500
46.527025
46.596100
46.659875
46.713775
46.774625
46.852625
46.915200
47.001425
47.051850
47.177650
47.310250
47.429950
47.485975
47.750750
48.019925
48.143375
48.393450
48.487525
48.647750
48.826050
49.007275
49.109200
49.203050
49.242600
49.338825
49.501825
49.806600
49.861300
49.990225
50.120575
50.184925
50.326250
50.427025
50.497375
50.583875
50.640375
51.029550
51.118875
51.198325
51.298225
51.357075
51.438650
51.539775
51.638150
52.169725
52.281375
52.683125
52.759600
52.890500
52.990725
53.163400
53.438725
53.564425
53.653050
53.727800
53.815400
53.990175
54.069900
54.172075
54.230050
54.285150
54.351125
54.387250
54.535200
54.719125
54.831275
54.932375
55.002075
55.091200
55.217225
55.346300
55.407500
55.630050
55.697775
55.783400
55.877425
55.926500
55.988550
56.134550
56.224875
56.350050
56.498275
56.599550
56.691000
56.737250
56.845800
56.920425
57.077525
57.252425
57.360600
57.428325
57.497375
57.595375
57.673300
57.737500
57.824825
57.874875
57.941225
58.046700
58.143725
58.242575
58.373025
58.464725
58.542925
58.641700
58.671025
58.805200
58.990175
59.085125
59.152350
59.221575
59.362125
59.427125
59.489150
59.586500
59.685350
59.766000
59.847150
59.930175
60.072800
60.130125
60.227975
60.296125
60.375600
60.447825
60.586575
60.699875
60.813775
60.880325
60.955925
60.992450
61.053725
61.112200
61.175375
61.220125
61.393650
61.594700
61.741250
61.792975
61.867600
61.981325
62.066275
62.120650
62.205175
62.285900
62.345125
62.430325
62.497775
62.584925
62.771600
62.971700
63.136450
63.236550
63.328975
63.416675
63.478825
63.543175
63.627900
63.724475
63.844275
64.008375
64.198725
64.291800
64.363325
64.457875
64.535350
64.632425
64.672525
64.752525
64.792225
65.206800
65.394750
65.443075
65.534650
65.608600
65.705800
65.793875
65.860950
65.933550
65.971300
66.024675
66.172250
66.249075
66.346750
66.403175
66.563875
66.634200
66.729500
66.836375
66.889850
67.061050
67.190450
67.271975
67.370950
67.697475
67.807050
67.926950
68.014275
68.058500
68.136125
68.208800
68.277650
68.395075
68.578425
68.682825
68.776000
68.843675
68.914950
68.977925
69.001550
69.112450
69.257950
69.531400
69.607900
69.782925
69.908600
70.002925
70.056100
70.121625
70.243400
70.425300
70.621825
70.710375
70.820700
70.954600
71.059175
71.116400
71.154500
71.215075
71.288325
71.425850
71.517375
71.691300
71.784425
71.892800
72.052475
72.154200
72.235175
72.393300
72.487800
72.562050
72.804500
73.023575
73.141775
73.208525
73.296625
73.409850
73.551600
73.620025
73.899425
74.055725
74.140700
74.277700
74.375350
74.452000
74.499375
74.549225
74.595675
74.705375
74.844800
75.060300
75.198025
75.307325
75.472500
75.587100
75.702900
75.839200
75.905875
76.044975
76.101675
76.212350
76.275375
76.363300
76.422200
76.583075
76.715275
76.828125
76.908725
77.010825
77.117050
77.265800
77.389450
77.532275
77.640750
77.816125
78.074750
78.192150
78.309025
78.500900
78.679100
78.879250
79.001025
79.149825
79.342075
79.437125
79.576600
79.680925
79.757525
79.856475
79.988650
80.043675
80.215225
80.305300
80.471900
80.831375
80.957275
81.037650
81.106875
81.187900
81.236125
81.429650
81.448000
81.595700
81.665600
81.781750
81.935050
82.014700
82.048950
82.168750
82.300475
82.434575
82.540850
82.611700
82.690625
82.724975
82.794100
82.936000
83.344775
83.466550
83.625675
83.762650
84.038825
84.137300
84.316375
84.463850
84.934775
85.057875
85.113575
85.252075
85.352050
85.436150
85.603775
85.681950
85.745975
85.901975
86.079400
86.171500
86.362325
86.521500
86.869550
86.949700
87.032100
87.173525
87.284125
87.709500
87.842700
88.016950
88.215350
88.517100
88.645550
88.847725
88.930800
89.151550
89.283250
89.370725
89.477225
89.586300
89.805025
89.920025
90.064525
90.139450
90.176100
90.201400
90.265525
90.332900
90.427025
90.494200
90.646450
90.745050
90.915650
91.045850
91.161025
91.208100
91.266525
91.290800
91.339550
91.483975
91.534500
91.619250
91.645250
91.733525
91.946900
92.100700
92.202750
92.346900
92.463275
92.561100
92.678175
92.808075
92.936700
93.147875
93.400425
93.614275
93.808225
94.321375
94.407300
94.494775
94.598275
94.713475
95.019375
95.198500
95.455950
95.570600
95.646075
95.755700
95.863250
95.977875
96.084375
96.133875
96.196025
96.250125
96.332800
96.403500
96.460625
96.523550
96.598925
96.653950
96.706675
96.787200
96.881250
96.938575
97.014150
97.095975
97.214775
97.284450
97.364200
97.465675
97.560450
97.636525
97.710250
97.776450
97.869000
97.983075
98.122225
98.214950
98.397550
98.454400
98.533825
98.680100
98.728725
98.789525
98.877250
98.983025
99.089025
99.293775
99.407275
99.496325
99.659675
99.711675
99.782275
99.890725
99.953850
100.010850
100.154000
100.213100
100.362175
100.516900
101.057200
101.198975
101.360425
101.483050
101.656350
101.769425
101.845625
101.932325
102.037075
102.171175
102.393725
102.563425
102.734850
102.876400
103.114550
103.197725
103.307025
103.409625
103.502900
103.605350
103.691625
104.205750
104.316100
104.533850
104.643375
104.672550
104.813100
105.105150
105.303500
105.411975
105.565775
105.704725
105.847325
105.895000
106.032475
106.218425
106.339650
106.484600
106.590750
106.656850
106.731550
106.823875
106.862750
107.181700
107.255125
107.322100
107.485475
107.678925
107.819575
107.895950
107.970550
108.028525
108.093600
108.545900
108.732325
108.959550
109.140225
109.219375
109.287525
109.364950
109.473550
109.562425
109.637350
109.804350
109.896250
110.109025
110.230325
110.333600
110.380525
110.577350
110.672475
110.732925
110.846325
110.968850
111.099650
111.208725
111.282175
111.372800
111.472025
111.618525
111.694675
111.791350
112.148800
112.331325
112.496725
112.595250
112.670725
112.799900
112.916075
113.116625
113.169175
113.288950
113.354650
113.426525
113.626275
113.665825
113.734200
113.773050
113.894150
114.029150
114.180950
114.615575
114.782375
114.895250
114.959825
115.027550
115.073200
115.091000
115.309850
115.374950
115.447975
115.515250
115.583875
115.689900
115.778550
115.840875
115.969025
116.056550
116.133875
116.231700
116.363875
116.412675
116.472875
116.613650
116.700300
116.809150
116.906325
116.959475
116.994750
117.130775
117.210525
117.290450
117.385400
117.463925
117.719225
117.800800
117.987350
118.069975
118.128475
118.197900
118.266250
118.413825
118.495200
118.539825
118.581875
118.845875
118.956500
119.039125
119.141300
119.323250
119.423875
119.528950
119.612800
119.747475
119.890375
119.954000
120.035250
120.119900
120.212625
120.312225
120.355275
120.444525
120.675325
120.779250
120.852550
120.977200
121.159500
121.481400
121.571475
121.732100
121.899300
122.129250
122.236925
122.796725
123.050100
123.145225
123.258600
123.414925
123.578750
123.828275
123.919600
124.095300
124.201325
124.284675
124.440475
124.500500
124.604900
124.712050
124.804525
124.889525
125.071925
125.313700
125.354100
125.443025
125.490900
125.584525
125.635475
125.683750
125.731450
125.786825
125.890650
125.939125
126.056475
126.119625
126.185600
126.223725
126.330200
126.492000
126.743800
126.811850
126.883150
126.930725
126.981200
127.077900
127.178375
127.229800
127.283375
127.329475
127.574150
127.624525
127.812125
127.890250
127.957950
128.009425
128.071825
128.132475
128.166650
128.227075
128.262625
128.310975
128.361875
128.461000
128.695375
128.930550
129.042925
129.314150
129.528200
129.594475
129.680375
129.836225
130.068675
130.134975
130.235150
130.527075
130.626100
130.805475
130.897450
131.067900
131.422275
131.523275
131.639450
131.737100
131.922900
132.060500
132.305525
132.588725
132.695100
132.796100
132.920050
133.186125
133.339425
133.505925
133.605375
133.657400
133.838300
133.935900
134.070925
134.138425
134.225325
134.352075
134.396875
134.467650
134.587025
134.914225
134.990700
135.126300
135.283475
135.400675
135.492600
135.608475
135.661075
135.803250
135.902425
136.017450
136.136975
136.245425
136.389725
136.470850
136.534375
136.596475
136.700000
136.831750
137.209875
137.345025
137.694025
137.822950
137.943025
138.053725
138.131275
138.253050
138.354625
138.494625
138.551150
138.617425
138.682500
138.759075
138.860500
139.063825
139.154250
139.265400
139.452575
139.535600
139.699325
139.841925
139.894025
140.077350
140.224950
140.367000
140.497900
140.640800
140.866675
141.079375
141.161425
141.303975
141.363050
141.451100
141.496950
141.619625
141.765875
141.915525
142.023700
142.107275
142.161200
142.489425
142.560775
142.668250
142.776725
142.831775
142.972900
143.068525
143.139000
143.359000
143.425475
143.535250
143.730300
143.857650
143.908250
144.021725
144.089200
144.218650
144.361625
144.558250
144.787025
144.949000
145.045850
145.095700
145.193950
145.261075
145.364300
145.419425
145.464900
145.663475
145.801250
145.896450
146.000400
146.123200
146.357525
146.574050
146.735600
146.864150
147.031375
147.128250
147.311275
147.437150
147.527350
147.713600
147.808750
147.888025
147.951800
148.050175
148.168175
148.384900
148.648800
148.753250
148.890475
148.977800
149.130875
149.216350
149.328675
149.479075
149.561025
149.623900
149.688225
149.750275
149.857425
150.064550
150.215050
150.259875
150.370650
150.419100
150.499400
150.692650
150.800575
150.946225
151.173575
151.261775
151.324625
151.392000
151.473325
151.542250
151.651250
151.713225
151.746000
151.961675
152.009550
152.078150
152.107825
152.183175
152.396475
152.490275
152.587325
152.698150
152.783075
152.862475
152.953525
153.034225
153.268425
153.395175
153.470175
153.576525
153.635925
153.709800
153.942250
154.075550
154.182575
154.294275
154.379250
154.454625
154.517425
154.609875
154.685925
154.741000
154.810425
154.960875
155.126100
155.190375
155.291225
155.356550
155.414850
155.470750
155.526325
155.576025
155.722075
155.853150
156.093650
156.289175
156.420775
156.543550
156.677950
156.868050
156.999150
157.114550
157.215825
157.320200
157.473350
157.547850
157.666900
157.731325
158.063650
158.226825
158.510550
158.602775
158.675225
158.809125
158.881325
159.028700
159.176800
159.248350
159.313600
159.388100
159.442300
159.477425
159.533700
159.619975
159.701600
159.791275
159.867050
159.975325
160.073075
160.208250
160.327625
160.499700
160.706950
160.845300
160.960650
161.016500
161.077175
161.152150
161.249475
161.340825
161.417325
161.471425
161.532525
161.615500
161.682700
161.747200
161.856450
161.920400
161.985425
162.050650
162.117700
162.238300
162.344625
162.443800
162.539025
162.608375
162.710075
162.799650
163.115700
163.165975
163.277275
163.416125
163.550400
163.635850
163.750450
163.960050
164.116150
164.203075
164.288525
164.513475
164.593475
164.755725
164.850425
164.937975
165.060250
165.100275
165.221300
165.335225
165.471375
165.660825
165.734250
165.846150
166.009050
166.135625
166.255450
166.323875
166.460375
166.618900
166.739775
166.929475
167.039425
167.171700
167.340450
167.443825
167.596675
167.746650
168.122325
168.236375
168.417025
168.581300
168.796925
168.856650
168.938125
169.127725
169.217400
169.321150
169.476475
169.572400
169.718350
169.864975
170.086525
170.177000
170.265325
170.353725
170.429800
170.629225
170.775775
170.871775
170.958650
171.040750
171.130075
171.282675
171.388950
171.446875
171.525350
171.595850
171.722800
171.801550
171.890125
172.008775
172.162925
172.252775
172.337225
172.421450
172.496825
172.545450
172.700675
172.745350
172.815625
172.903400
173.067100
173.107425
173.174100
173.232600
173.279550
173.457125
173.915775
174.009250
174.045725
174.168300
174.208225
174.327075
174.549000
174.707325
174.888675
174.931125
174.965675
175.121200
175.914725
176.058325
176.154975
176.234925
176.304375
176.392825
176.454725
176.536475
176.612050
176.768525
176.855800
176.990400
177.199125
177.261275
177.344500
177.419625
177.496925
177.551475
177.653775
177.795825
177.930750
178.009700
178.110875
178.190625
178.307225
178.538025
178.721125
178.855850
178.958275
179.096250
179.169625
179.217700
179.362475
179.421725
179.503025
179.574075
179.737225
179.825425
179.977850
180.112275
180.441300
180.662875
180.836425
180.973675
181.104375
181.224000
181.294950
181.376925
181.456775
181.478425
181.533025
181.590825
181.666900
181.753125
181.887150
181.996925
182.073550
182.145175
182.202225
182.313750
182.403175
182.516575
182.621600
182.763825
182.920750
183.020175
183.204300
183.275550
183.330000
183.380825
183.466025
183.653025
183.995025
184.113600
184.180025
184.214700
184.304250
184.403225
184.488350
184.584000
184.630925
184.669575
184.719350
184.800000
184.961475
185.041775
185.168225
185.273375
185.325200
185.408450
185.471225
185.557525
185.608275
185.715225
185.759400
185.817450
185.931675
186.067050
186.255875
186.408700
186.470925
186.556250
186.626575
186.691550
186.778375
186.819750
186.908400
186.957900
187.015050
187.059475
187.343875
187.442375
187.576550
187.684600
187.797000
187.895350
187.982250
188.055075
188.114075
188.167375
188.213525
188.286750
188.367650
188.430075
188.513050
188.585400
188.689775
189.021000
189.143150
189.254975
189.443325
189.573375
189.697450
189.831225
189.954525
190.182325
190.236875
190.298550
190.383650
190.466200
190.517025
190.708075
190.831450
190.906925
191.012500
191.115575
191.158050
191.261050
191.366800
191.430875
191.478475
191.521275
191.579900
191.700925
191.918825
191.978850
192.009575
192.100850
192.148575
192.219725
192.352375
192.487575
192.575550
192.774500
192.937250
193.091275
193.165425
193.325100
193.381925
193.520400
193.640750
193.758775
193.888400
194.055100
194.205625
194.296525
194.359925
194.666350
194.815200
194.935825
195.136325
195.259500
195.402600
195.535625
195.616975
195.742275
195.810700
195.905475
196.043300
196.122700
196.207750
196.300425
196.375475
196.419825
196.501675
196.551250
196.654450
196.752425
196.849700
196.946875
197.120900
197.193250
197.266775
197.486800
197.572000
197.677575
197.805450
197.872700
197.977350
198.145525
198.291475
198.398825
198.516775
198.621425
198.815625
199.092800
199.228150
199.371650
199.455350
199.567525
199.678950
199.766225
199.860650
200.117925
200.187125
200.263950
200.365125
200.417300
200.469875
200.545800
200.692575
201.017850
201.085925
201.175625
201.222650
201.249650
201.327925
201.413075
201.601875
201.718150
201.830900
201.991100
202.051225
202.139000
202.231475
202.278900
202.394675
202.474475
202.610275
202.683400
202.762400
202.969950
203.143550
203.237975
203.370375
203.464150
203.644075
203.766775
203.879700
204.074375
204.171725
204.271750
204.370850
204.542200
204.695275
204.805100
204.897300
204.961525
205.065775
205.198025
205.263850
205.325975
205.389375
205.473375
205.554825
205.646900
205.779200
205.938400
206.030325
206.144550
206.263100
206.324400
206.405675
206.523925
206.645900
206.760100
206.803500
206.884050
207.006075
207.110875
207.232950
207.332100
207.508200
207.580000
207.667750
207.946750
208.112925
208.165275
208.255750
208.350450
208.429575
208.500100
208.695625
208.824250
208.920175
209.047675
209.106150
209.158050
209.198450
209.289325
209.352550
209.440975
209.574575
209.729900
209.786475
209.879350
210.092650
210.325075
210.427725
210.603950
210.682975
210.775600
210.914600
211.106575
211.185000
211.320700
211.541000
211.629075
211.694700
211.780875
211.890400
211.995075
212.087050
212.163050
212.260000
212.377850
212.472300
212.506150
212.573050
212.599850
212.666700
212.765375
212.886625
212.943775
213.082700
213.143500
213.223775
213.275875
213.421175
213.497825
213.579650
213.685300
213.801325
213.899200
214.006325
214.084300
214.155850
214.500925
214.604375
214.665250
214.727300
214.775125
215.007300
215.174950
215.274500
215.319325
215.556500
215.827875
215.978725
216.144375
216.416625
216.590875
216.674400
216.802000
216.902975
216.982325
217.060100
217.119100
217.179625
217.222375
217.321400
217.483500
217.951850
218.049175
218.137250
218.235625
218.309225
218.332850
218.438375
218.520775
218.663925
218.811000
218.931900
219.159000
219.330450
219.476050
219.862750
219.966875
