0.057525
0.714700
0.832450
0.932425
1.057525
1.160000
1.388925
1.580500
1.797175
1.899875
2.487925
2.544600
2.598050
2.839175
2.907075
3.002375
3.041050
3.050100
3.626575
3.687975
3.722300
3.915350
3.960700
4.005800
4.067650
4.131525
4.174250
4.376925
4.410575
4.454700
4.547825
4.596225
4.665050
4.900075
5.096425
5.146100
5.545600
5.715975
6.068150
6.405600
6.590700
6.639400
6.684050
6.713550
6.743525
6.750825
6.755100
6.760375
6.958850
6.988925
7.116875
7.497900
7.581725
7.647925
7.867000
8.049550
8.192975
8.326000
8.373975
8.412025
8.443125
8.633175
8.668700
8.822550
8.906250
8.970825
9.086475
9.237975
9.416225
9.731625
9.825100
9.963675
10.022450
10.774825
10.827500
10.955525
10.967600
11.124175
11.205550
11.308250
11.503125
11.654100
11.736050
11.809725
11.881500
11.987225
12.090700
12.268275
12.322400
12.391350
12.458800
12.708200
12.745100
12.879100
13.055250
13.148425
13.239975
13.346500
13.384650
13.409375
13.488625
13.501975
13.692950
13.788875
14.225400
14.354225
14.449925
14.475525
14.678425
14.933250
15.045175
15.091500
15.142325
15.212225
15.270200
15.301125
15.329275
15.344625
15.396275
15.507950
15.719975
15.934200
16.389525
16.866500
17.290875
17.431650
18.259600
18.487650
19.390650
19.717400
19.804375
19.961500
20.016525
20.036200
20.071875
20.128050
20.193325
20.288375
20.331175
20.367050
20.446125
20.469025
20.708850
20.833325
20.962400
20.987900
21.069725
21.128825
21.154925
21.341700
21.387125
21.479400
21.515675
21.596600
21.694775
21.750400
21.872825
21.933675
21.978925
22.031350
22.164625
22.226725
22.682400
22.772075
22.969825
23.081800
23.252100
23.263125
23.314575
23.344300
23.402125
23.485325
23.548475
23.684150
23.743100
23.790675
23.901975
24.056600
24.128075
24.373950
24.579175
24.607250
24.610450
24.683800
24.739425
24.789725
24.910900
25.011675
25.128950
25.202500
25.362250
25.581350
25.634375
25.714950
25.752675
25.768925
25.791100
25.842800
25.873525
26.019700
26.090500
26.321700
26.400625
26.484400
26.596275
26.720125
26.817150
26.843150
26.924500
27.036175
27.110700
27.219625
27.491025
27.546250
27.591600
27.625100
27.718425
27.798750
27.849700
27.982950
28.028025
28.172325
28.221800
28.258225
28.346625
28.435500
28.498100
28.505950
28.731300
28.775425
28.979425
29.552600
29.809750
29.995450
30.089875
30.139775
30.181600
30.261350
30.288575
30.670750
30.883325
31.042250
31.399900
31.520350
31.577800
31.647500
31.733025
31.825425
31.947825
32.041725
32.125950
32.219000
32.414375
32.543450
32.606150
32.809425
32.977775
33.016350
33.081050
33.231025
33.275200
33.350825
33.421400
33.617600
33.701325
33.994225
34.039425
34.119175
34.326675
34.439775
34.519525
34.554925
34.570100
34.595575
34.620300
34.747200
34.873500
34.935675
35.102900
35.401575
35.854500
35.868400
37.956625
38.069425
38.217525
38.680250
38.810350
38.951525
39.107100
39.248650
39.472425
39.541450
39.606775
39.624525
39.639925
39.671200
39.736025
39.893950
40.011025
40.228200
40.278300
40.355950
40.447025
40.624775
40.777625
40.853825
40.904350
40.963500
41.012650
41.272350
41.351800
41.476850
41.555000
41.649000
41.812650
41.849925
41.921650
42.028325
42.116025
42.210700
42.298925
42.386275
42.459325
42.619250
42.620400
42.643000
42.655800
42.721150
42.829025
42.920425
43.067550
43.148225
43.167525
43.241150
43.293700
43.356075
43.404850
43.520950
43.579075
43.744350
43.807975
43.849750
43.899775
43.935475
44.025125
44.143175
44.193375
44.227875
44.350775
44.403750
44.481875
44.542200
44.653225
44.724825
44.790525
44.847750
44.902850
44.973925
45.056750
45.117225
45.190175
45.378025
45.443500
45.525675
45.625250
45.708575
45.788300
45.926900
46.221200
46.272175
46.301025
46.323475
46.363825
46.387600
46.473650
46.595975
46.994750
47.069775
47.171550
47.302750
47.335450
47.379450
47.508800
47.636550
47.751925
47.883125
48.165000
48.297700
48.345675
48.458725
48.507900
48.534275
48.637775
48.740675
48.793200
48.900500
48.938000
49.046800
49.196650
49.326650
49.527025
49.656175
49.729225
49.887850
50.140150
50.221700
50.334400
50.588100
50.727225
50.874975
51.746950
51.768525
51.837175
52.009825
52.111250
52.184800
52.205925
52.336325
52.364350
52.395900
52.459950
52.532350
52.721925
52.938625
53.020925
53.085175
53.247425
53.480875
53.536625
53.693075
53.752625
53.866125
53.972725
53.993525
54.084875
54.181475
54.347600
54.550275
54.621575
55.173875
55.270250
55.422225
55.503025
55.610350
55.752500
55.768400
55.790700
55.864550
55.946675
56.028250
56.108775
56.316025
56.466125
56.608250
56.741475
56.814475
56.834975
56.840825
56.844275
56.848725
56.858800
56.913450
56.998425
57.020675
57.043525
57.086800
57.139700
57.322425
57.418575
57.587100
57.634700
57.657725
57.667000
57.776750
57.815075
57.933950
57.968500
58.036525
58.131675
58.281625
58.374400
58.464325
58.519075
58.567475
58.621775
58.650925
58.719975
58.942650
59.069825
59.168400
59.454100
59.886975
59.972525
60.151000
60.185650
60.380575
60.460525
60.539875
60.638850
60.664275
60.676425
60.683050
60.687025
60.692125
60.709475
60.721525
60.849100
60.902650
60.987375
61.082950
61.100350
61.164950
61.203750
61.273150
61.323625
61.413000
61.458525
61.518575
61.555925
61.596550
61.740075
61.785450
61.820575
61.870175
61.888600
61.953000
61.969050
62.048625
62.086950
62.213175
62.354525
62.449600
62.453725
62.530700
62.579900
62.692200
62.858075
62.924400
62.991625
63.017500
63.278300
63.384100
63.459475
63.500325
63.592875
63.674625
63.741975
63.809625
63.962400
64.049850
64.143150
64.203125
64.340925
64.445025
64.556450
64.652400
64.770450
64.821775
64.886475
64.973375
65.145450
65.201450
65.283850
65.316600
65.411350
65.485425
65.583975
65.669050
65.787200
65.894350
66.037225
66.205275
66.476450
66.826925
67.031375
68.211275
68.215425
68.226800
68.237600
68.271025
68.300650
68.390750
68.522000
68.589725
68.681000
68.824925
68.853325
68.982025
69.030125
69.159875
69.308875
69.439200
69.482525
69.660350
69.724750
69.899575
69.942775
69.964375
70.020375
70.183925
70.275100
70.323400
70.370625
70.414300
70.472225
70.479525
70.645150
70.851900
70.968875
71.078100
71.107375
71.186550
71.295525
71.327075
71.409450
71.522800
71.686400
71.835075
71.934000
72.076075
72.263600
72.472450
72.603375
72.742250
72.859900
73.094375
73.214075
73.410725
73.697525
73.938450
74.071400
74.347500
74.358425
74.405625
74.457075
74.476350
74.482125
74.492350
74.583600
75.515575
75.519450
75.542650
75.718350
75.760900
75.919275
76.320200
76.368350
76.425425
76.980025
77.058775
77.359575
77.421475
77.504850
77.886325
78.241675
78.264675
78.517325
78.931250
79.436975
79.515825
80.024350
80.067025
80.332000
80.438225
80.474025
80.525400
80.636450
80.840225
81.064975
81.154675
81.233375
81.384175
81.440025
81.547025
81.635575
81.673350
81.735925
81.891425
82.106600
82.242500
82.298050
82.358300
82.512475
82.516975
82.583975
82.692050
82.704000
82.707800
82.711800
82.717825
82.725550
82.734050
82.741550
82.751225
82.758450
82.921225
83.054450
83.117525
83.196900
83.310125
83.363800
83.427000
83.468475
83.571600
83.598075
83.628250
83.678000
83.730925
83.823975
83.916450
84.024975
84.048200
84.165125
84.258750
84.371075
84.498900
84.534025
84.564375
84.615425
84.697200
84.846925
85.052425
85.138700
85.244600
85.280000
85.531500
85.662650
85.756650
86.023625
86.128250
86.206075
86.387700
86.484900
86.578850
86.656925
86.689775
86.747225
86.834100
86.982775
87.059275
87.161525
87.267000
87.398875
87.467225
87.499325
87.646175
87.718375
87.915200
88.035175
88.218425
88.355875
88.372600
88.394725
88.474300
88.610225
88.695925
88.773625
88.847875
88.930975
88.971750
89.082300
89.224025
89.292075
89.437500
89.491550
89.529325
89.570300
89.624500
89.732325
89.762275
89.775600
89.863600
90.002375
90.126375
90.193450
90.224725
90.308450
90.343000
90.376925
90.432500
90.540425
90.598225
90.674150
90.742125
90.803625
90.919450
91.037550
91.091475
91.167225
91.247450
91.383525
91.566500
91.666775
91.758950
91.846225
91.900300
91.943825
92.028425
92.099850
92.170925
92.268300
92.322225
92.384850
92.480850
92.499775
92.604125
92.678025
92.809550
92.882175
92.923175
92.993250
93.006200
93.096850
93.169725
93.213500
93.244900
93.303650
93.335525
93.448225
93.511725
93.681925
93.757025
93.789625
93.948775
94.020275
94.178825
94.217000
94.268875
94.349700
94.453025
94.531400
94.599225
94.717300
94.831725
94.939650
94.996850
95.036250
95.099150
95.158600
95.356100
95.480725
95.556775
95.626925
95.709625
95.811375
95.856575
95.938775
96.045725
96.112125
96.183250
96.240850
96.291450
96.355475
96.417750
96.430950
96.581325
96.712200
96.836500
96.918875
97.135150
97.265950
97.451125
97.512925
97.617850
97.644675
97.685125
97.758375
97.879200
97.902125
97.976450
98.087325
98.161650
98.223775
98.283250
98.319375
98.411225
98.485100
98.562575
98.675600
98.758800
98.835050
98.928450
98.997075
99.045725
99.127450
99.252325
99.417900
99.544075
99.627425
99.663500
99.693450
99.793875
99.939425
100.081875
100.138500
100.177725
100.454975
100.543900
100.683975
100.721725
100.737500
100.783275
100.791800
101.056800
101.568650
101.660350
101.670125
101.683125
101.726600
101.752475
101.989900
102.025875
102.062475
102.070700
102.139675
102.271575
102.518075
102.794850
102.826175
102.962250
103.359150
104.453700
104.497725
104.502600
104.611675
104.685475
104.827050
105.038325
105.088125
105.139300
105.208300
105.350300
105.388250
105.522050
105.543025
105.546775
105.562100
105.596675
105.646650
105.693350
105.949175
106.000575
106.073200
106.542000
106.561125
106.621400
106.741900
106.846825
106.911275
107.290700
107.466225
107.607950
107.715675
107.734625
107.927550
107.993950
108.161325
108.286775
108.343425
108.439500
108.609225
108.666225
108.876475
108.966375
109.005425
109.018275
109.023250
109.027525
109.035225
109.042025
109.050925
109.475025
109.652975
109.766775
109.991450
110.124000
110.187025
110.232625
110.271375
110.348850
110.379800
110.384675
110.417425
110.424175
110.475500
110.508500
110.575275
110.638125
110.711100
110.743675
110.813775
110.838075
111.009450
111.045900
111.076475
111.166350
111.189625
111.374500
111.422975
111.528225
111.574500
111.621750
111.660700
111.678000
111.851725
112.231125
112.405600
112.433275
112.561150
112.597350
112.650475
112.665500
112.672750
112.723450
112.755000
112.760800
112.850350
112.888800
113.256650
113.266075
113.579450
113.677450
113.755900
113.934175
113.955925
113.987275
114.123300
114.296100
114.489550
114.497775
114.504975
114.509250
114.708000
114.771325
114.820075
114.866500
114.899800
114.932375
114.958750
115.009250
115.128475
115.234050
115.285225
115.409500
115.514175
115.592600
115.773800
115.860025
115.931300
116.032625
116.137850
116.300150
116.397775
116.520350
116.651550
117.090000
117.160400
117.193700
117.390725
117.482525
117.512425
117.538175
117.675600
117.680725
117.687500
117.861050
118.248075
118.369150
118.952000
119.110275
119.475925
119.655850
119.731375
119.805225
119.900775
119.943225
119.989200
120.063250
120.126125
120.271450
120.362575
120.407700
120.493425
120.536650
120.650025
120.687800
121.096050
121.705125
121.783150
121.812200
121.852325
121.876925
121.888650
121.897050
121.908025
121.973125
122.087575
122.130050
122.202200
122.229650
122.319250
122.349575
122.417225
122.437750
122.492150
122.673175
122.732275
122.873475
122.965150
123.033900
123.149325
123.306450
123.392775
123.992350
124.302950
124.338950
124.400675
124.541900
124.661200
124.721200
124.966225
125.621225
125.645525
127.105325
127.625075
128.137650
128.500050
128.753775
128.906900
129.019825
129.056350
129.114325
129.215250
129.237775
129.302525
129.358375
129.583425
129.779375
129.870675
130.070425
130.131050
130.193250
130.242625
130.318825
130.335125
130.342975
130.381150
130.394300
130.404475
130.421850
130.430800
130.537250
130.594675
130.625125
130.729250
130.820575
130.936325
131.094250
131.268925
131.358000
131.563725
131.633575
131.684350
131.800975
131.930625
132.251375
132.314500
132.339875
132.375225
132.425050
132.534700
132.845700
132.931025
133.095850
133.219600
133.264500
133.412200
133.471425
133.579200
133.789575
133.887125
134.030050
134.152875
134.233675
134.367525
134.579925
134.762875
134.993200
135.154575
135.318850
135.417675
135.526400
136.099375
136.264675
136.292450
136.329950
136.393075
136.466000
136.538050
136.597800
136.610925
136.614625
136.691750
136.719975
136.794800
136.841550
136.920700
136.980400
137.006950
137.065250
137.099525
137.332225
137.377125
137.423850
137.447150
137.565625
137.596100
137.686000
137.782225
137.819925
137.877375
137.916225
138.001725
138.099875
138.138850
138.364375
138.487775
138.658650
138.881175
138.895900
139.055100
139.247425
139.505725
139.507300
139.667025
139.722775
139.736900
139.762525
139.779825
139.805150
139.828325
139.871200
139.881150
139.945025
139.948925
139.985075
140.035650
140.093275
140.098425
140.269050
140.289875
140.298925
140.304450
140.310375
140.314025
140.319400
140.328425
140.336800
140.350175
140.391450
140.483300
140.512375
140.615625
140.667400
140.669250
140.698100
140.807725
140.845825
140.855925
140.880900
140.888800
140.896375
140.900875
140.906750
140.912500
140.920425
141.007575
141.019725
141.023425
141.029375
141.036475
141.200525
141.243450
141.299725
141.307550
141.479200
141.487950
141.498025
141.568400
141.672100
141.717100
141.873750
141.920400
142.129750
142.216950
142.266525
142.305400
142.412425
142.978875
143.150200
143.425250
143.701050
143.958125
144.045425
144.163275
144.244900
144.276250
144.331300
144.429250
144.510875
144.634050
144.729525
144.819925
144.877775
145.395650
145.746825
145.877450
145.936775
145.953875
145.971000
146.369750
146.497025
146.874125
146.981875
147.106575
147.409100
147.972275
148.085550
148.110100
148.133100
148.181950
148.302350
148.589200
148.721900
148.790450
148.869725
148.915350
148.952850
149.068650
149.124200
149.262750
149.313250
149.332750
149.354550
149.413550
149.571900
149.638425
149.726925
149.785550
149.899750
149.942300
150.122450
150.272675
150.369300
150.442850
150.485775
150.568325
150.657475
150.718550
150.756925
150.788150
150.811925
150.821375
150.826300
150.834050
150.854425
150.973100
151.037600
151.051100
151.103225
151.235250
151.276200
151.335675
151.474125
151.626875
151.687625
151.762375
151.785925
151.880275
151.965275
152.000275
152.034125
152.093800
152.167425
152.364275
152.427625
152.551625
152.604875
152.691025
152.816375
152.925075
152.964075
153.195800
153.680350
153.704800
153.736950
153.761175
153.788425
153.823575
153.911950
153.974850
154.061825
154.148375
154.286450
154.312225
154.640950
154.805975
154.831375
154.928225
154.996225
155.097675
155.150025
155.176750
155.323250
155.469300
155.506025
155.575275
155.668925
155.707825
155.760125
155.863650
155.964875
156.011525
156.150900
156.245300
156.354225
156.380250
156.440900
156.655950
156.709075
156.798125
156.815900
157.063925
157.218800
157.333375
157.478725
157.611175
157.734525
157.881000
157.962550
158.077575
158.170225
158.232500
158.322625
158.371050
158.448625
158.519950
158.535775
158.786450
158.976475
159.010100
159.098950
159.107900
159.176225
159.318200
159.354050
159.447150
159.518325
159.629350
159.741275
159.934850
160.152150
160.511525
160.564350
160.598675
160.663650
160.716475
160.803325
160.850275
160.947175
161.013500
161.267600
161.325850
161.356325
161.416500
161.529475
161.753175
161.900300
161.987425
162.007625
162.046400
162.201400
162.264350
162.439325
162.628325
162.680400
162.769025
162.941325
163.084675
163.381725
163.572750
163.619225
163.671850
163.751475
163.912425
163.974275
163.999775
164.139800
164.172600
164.290150
164.333875
164.535025
164.660175
164.782475
164.885925
164.976825
165.043925
165.132675
165.250450
165.296825
165.386700
165.556250
165.654500
165.758550
165.801575
165.842025
165.940225
166.029725
166.058225
166.065500
166.124800
166.171100
166.233250
166.311075
166.415125
166.457925
166.558750
166.625750
166.729050
166.788050
166.911525
167.032425
167.115150
167.203725
167.240725
167.340925
167.366000
167.500900
167.577075
167.634400
167.813775
167.889200
167.917750
168.002450
168.118275
168.178350
168.329425
168.459175
168.560725
168.612050
168.690350
168.834550
168.928150
168.996975
169.036700
169.150600
169.217475
169.261100
169.314950
169.344300
169.515675
169.589875
169.669050
169.752525
169.786150
169.834875
169.941575
170.201600
170.358525
170.443875
170.503425
170.550225
170.593425
170.685025
170.729625
170.738625
170.767650
170.911425
171.099175
171.196725
171.259600
171.332150
171.464050
171.654375
171.780500
171.995800
172.018475
172.788525
172.883350
172.979275
173.075800
173.133175
173.156400
173.180050
173.241250
173.306725
173.347925
173.370025
173.383475
173.387100
173.426200
173.471675
173.586750
173.636500
173.648750
173.665225
173.706925
173.803550
173.896800
173.934850
173.945200
173.949950
173.955550
173.962900
174.081050
174.857750
175.013600
175.061750
175.079950
175.126350
175.171300
175.476700
175.524625
175.690800
175.764025
175.769675
175.785975
176.092675
176.310525
176.343800
176.465125
176.504100
176.587750
176.644200
176.668700
176.685075
176.803400
176.928275
177.044750
177.189575
177.221325
177.243000
177.282675
177.300925
177.344150
177.471800
177.638400
177.756475
177.803100
177.828325
178.007050
178.196700
178.313650
178.383425
178.478525
178.531975
178.568025
178.640175
178.688500
178.766925
178.837250
178.882575
178.950275
179.021400
179.068375
179.080700
179.170850
179.244650
179.320650
179.426375
179.481725
179.550500
179.584500
179.634600
179.795175
179.805475
179.969025
180.057050
180.135800
180.215625
180.247025
180.297700
180.358575
180.388175
180.421525
180.442075
180.445525
180.451600
180.457525
180.465325
180.530050
180.546350
180.651775
180.733375
180.770350
180.794850
180.842000
180.875225
180.910150
180.979375
181.062800
181.099700
181.149750
181.165850
181.465750
181.551050
181.566575
181.627825
181.710550
181.740075
181.777950
181.904575
181.970450
182.067225
182.130775
182.243150
182.264600
182.343975
182.480550
182.610050
182.690650
182.859425
182.981925
183.065050
183.204350
183.301325
183.313525
183.390325
183.475975
183.918550
184.072600
184.341450
184.376325
184.447050
184.498375
184.544550
184.564475
184.612825
184.640100
184.646300
184.825875
184.935625
185.013725
185.326275
185.340550
185.356525
185.424850
185.439425
185.608725
185.671625
185.769050
185.803750
185.826600
185.831525
185.836250
185.847875
185.856025
186.287900
186.322875
186.657375
186.760675
186.767800
186.856175
187.297200
187.334425
187.433625
187.437900
187.722600
187.814175
188.005675
188.082675
188.256675
188.355450
188.522325
188.632625
188.973725
188.978575
188.982925
189.187300
189.235500
189.260500
189.448725
189.455550
189.496150
189.854825
189.997225
190.037225
190.269950
190.294100
190.299250
190.477625
190.511175
190.515250
190.518875
190.854300
190.940250
190.987000
192.003775
192.144750
192.153375
192.373550
192.389150
192.659800
193.685925
193.758850
193.788250
193.796400
193.800975
193.985925
194.071900
194.174075
194.237325
194.300200
194.342825
194.358900
194.426025
194.618075
194.660450
194.869725
194.906800
194.984950
195.091300
195.191450
195.239050
195.363125
195.443450
195.809200
195.886350
196.209850
196.573125
196.711850
196.867800
196.976750
197.083225
197.153125
197.467250
197.656000
197.961325
198.301725
198.464525
198.766250
198.905100
199.158950
199.221050
199.272950
199.293475
199.336825
199.406900
199.451700
199.560250
199.731775
199.793100
199.912175
199.970800
200.019250
200.161650
200.222175
200.393375
200.813075
200.938900
201.030725
201.109900
201.225625
201.606375
201.783275
201.877350
201.883725
201.907025
202.035650
202.397200
202.961450
203.320550
203.402750
203.454450
203.565400
203.694300
203.834925
203.946150
204.571875
204.990400
205.120100
205.418350
205.489375
205.596700
205.634800
206.197700
206.212425
206.233675
206.376475
206.429475
206.605225
206.696600
206.729850
206.774025
206.804875
206.958800
207.021225
207.048650
207.208000
207.233825
207.238300
207.243525
207.248200
207.363825
207.388625
207.551475
207.645400
207.772600
207.894150
207.943675
207.973750
208.063900
208.165225
208.256450
208.270700
208.410500
208.431075
208.547800
208.683300
208.819700
208.915075
208.978425
209.083750
209.153850
209.191400
209.457425
209.525700
209.571625
209.798000
209.863425
209.965600
210.092525
210.155500
210.495075
210.564175
210.640300
210.723525
210.747925
210.766475
210.803650
210.820975
210.876975
211.032475
211.109275
211.225700
211.381800
211.407175
211.508125
211.576850
211.656775
211.774950
211.789025
211.876050
211.905375
211.969050
212.025275
212.122450
212.147675
212.208975
212.237825
212.264675
212.295225
212.363900
212.390125
212.445800
212.509500
212.595625
212.638050
212.788300
212.860875
213.351400
213.503150
213.634800
213.696050
213.784425
213.938025
214.094400
214.214525
214.330825
214.409050
214.523925
214.565425
214.667925
214.866450
214.941225
215.021300
215.134175
215.203775
215.476250
215.608325
215.612050
215.734200
215.814025
215.856325
215.896050
215.992425
216.040625
216.095525
216.373775
216.575525
216.835050
216.968350
216.997800
217.101675
217.493100
217.885150
217.955425
218.234700
218.268550
218.291575
218.368400
218.483275
218.523750
218.559275
218.564725
218.689350
218.708550
218.781175
218.903075
218.936300
219.059700
219.197800
219.270225
219.303650
219.405825
219.468050
219.515150
219.611025
219.662525
220.171650
220.239625
220.341050
220.410150
220.535600
220.605175
220.741375
220.822175
220.981875
221.039275
221.171200
221.321900
221.448000
221.719675
221.747725
221.876575
221.948000
221.977400
222.044100
222.061000
222.104525
222.353875
222.685250
222.793850
222.912000
223.011975
223.223300
223.230900
223.234750
223.242575
223.247800
223.404800
223.445100
223.533500
223.614475
223.735750
223.837500
223.852975
223.866325
223.886925
224.126825
224.149625
224.343175
224.386400
224.472600
224.640925
224.687400
224.733475
224.770450
224.810425
224.846650
224.893525
224.938225
225.045650
225.078025
225.096250
225.246325
225.319675
225.403400
225.451775
225.506500
225.532450
225.579650
225.646600
225.713050
225.723400
225.769900
225.926500
225.989275
226.008025
226.063550
226.135300
226.146125
226.199725
226.287725
226.374500
226.435875
226.460050
226.522100
226.542150
226.604675
226.664550
226.728975
226.787550
226.819875
226.931500
227.125725
227.267850
227.339550
227.468450
227.724425
227.758875
227.855750
227.917500
228.000300
228.008575
228.177250
228.374775
228.476500
228.534925
228.541825
228.550225
228.562900
228.567450
228.573050
228.669250
228.685350
228.700775
228.742700
228.811700
228.921450
228.942775
229.090925
229.234375
229.287850
229.346850
229.397750
230.529350
230.737625
230.788950
231.100775
231.146000
231.306275
231.728350
231.827325
231.863725
231.896675
231.943325
231.977025
231.996775
232.061625
232.205175
232.309275
232.344675
232.446675
232.528300
232.666575
232.721775
232.850725
232.941125
232.985700
233.063550
233.281000
233.372950
233.420700
233.455625
233.533175
233.579150
233.671925
233.750950
233.814650
233.889225
233.956975
233.989550
234.042275
234.074025
234.136000
234.178650
234.376725
234.448575
234.487225
234.610950
234.765675
234.845925
234.894400
234.966175
235.064900
235.202150
236.391125
236.455900
236.499075
236.508900
236.556375
236.643675
236.812475
236.922150
236.970550
236.989550
237.077575
237.086150
237.147225
237.271800
237.353300
237.448000
237.579300
237.616375
237.735600
237.829425
237.872325
238.023875
239.167575
239.677300
239.687825
240.411525
240.550975
240.759900
241.023650
241.143300
241.346575
241.507625
241.673525
241.843425
241.863400
241.884800
242.048200
242.748575
243.324350
243.488225
243.804075
244.085525
244.173450
244.225875
244.252175
244.276175
244.293900
244.299175
244.419125
244.546700
244.649650
244.654650
244.754525
244.798300
244.824075
244.957175
245.024825
245.060050
245.111350
245.149125
245.359500
245.384550
245.474250
245.481625
245.542650
245.664100
245.778375
245.862450
245.909000
246.000175
246.050700
246.211500
246.306225
246.405175
246.466125
246.490325
246.621875
246.669775
246.708925
246.754825
246.794325
246.861775
246.982225
247.015125
247.033600
247.092175
247.120350
247.224850
247.437825
247.559475
247.623050
247.666700
247.729350
247.754075
247.902675
248.233275
248.323450
248.528600
248.727675
248.837325
248.880925
248.941150
249.067050
249.148825
249.241450
249.351075
249.568950
249.675800
249.896275
250.127650
250.650500
250.951200
250.958925
251.025350
251.095600
251.224825
251.511500
251.814925
252.054950
253.024450
253.032700
253.038475
253.161900
253.181550
253.185975
253.366700
253.565500
253.666800
253.742100
253.774525
253.829000
253.912800
254.028475
254.148475
254.222350
254.285250
254.377375
254.444525
254.501175
254.553575
254.640225
254.729100
254.816525
254.897200
254.923375
255.089825
255.227725
255.457400
255.573725
256.108650
256.237175
256.431325
256.892850
257.846675
257.947425
257.982450
258.082575
258.139875
258.359400
258.376175
258.399150
258.430275
258.447450
258.456000
258.460925
258.626900
258.691950
258.703375
258.772175
258.851300
258.880250
258.906300
258.974225
258.999175
259.021625
259.058450
259.112150
259.170875
259.253900
259.386625
259.441100
259.490225
259.552100
259.588200
259.831125
259.966275
260.016925
260.146050
260.248525
260.507675
260.581700
260.681325
260.779950
260.830500
260.853850
260.891500
260.981725
261.001625
261.171200
261.240225
261.281925
261.311525
261.323300
261.454600
261.628750
261.687950
261.755950
261.770950
261.926000
262.006125
262.053925
262.162800
262.229125
262.540200
262.574500
262.606850
262.941375
263.459875
263.678850
263.768375
263.838175
264.063450
264.127175
264.518175
264.674350
264.729200
265.282475
265.483975
265.752050
265.776025
265.824425
265.835250
266.021050
266.287125
266.476750
266.668350
266.719050
266.733575
266.754575
266.760025
266.850300
266.861675
266.962575
267.043900
267.078625
267.130050
267.151975
267.166100
267.189000
267.220100
267.308425
267.314325
267.457500
267.541800
267.550225
267.813200
267.915400
268.036050
268.201650
268.257500
268.261600
268.686450
269.014800
269.226400
269.258650
269.353875
269.389525
269.439775
269.461150
269.488750
269.543600
269.632150
269.704700
269.979475
270.128700
270.168000
270.332750
270.361500
270.470450
270.523750
270.564400
270.604500
270.741650
270.785875
271.206300
271.292925
271.324375
271.393150
271.495100
271.613175
271.659800
271.743900
271.969900
272.086500
272.406050
272.470600
272.491600
272.832675
272.874950
272.966050
273.455375
273.474775
273.640250
273.756750
273.873175
273.880925
274.049175
274.152750
274.317650
274.515500
274.673500
275.421550
275.464925
275.510025
275.912375
275.921575
276.291575
276.417600
276.522500
276.592850
276.643500
276.829525
277.000175
277.139325
277.210275
277.248875
277.546900
277.608450
277.650300
277.674325
277.882450
277.952375
278.000000
278.022275
278.123950
278.343850
278.457000
278.836400
279.052050
279.939675
280.201800
280.310625
280.812950
281.339550
281.355975
281.360475
281.911925
281.998000
282.034675
282.080825
282.169675
282.224125
282.244050
282.275725
282.307475
282.343575
282.487400
282.502575
282.600975
282.635200
282.690725
282.728475
282.757575
282.789650
282.871175
282.975075
283.071550
283.124775
283.379900
283.409675
283.523675
283.602875
283.630600
283.664050
283.836950
283.995925
284.098975
284.513100
285.072400
285.085175
285.216850
285.243300
285.415775
285.489775
285.543025
285.804775
285.859875
285.898275
285.951200
286.210125
286.454475
286.590500
286.871975
287.166200
287.695675
288.039975
288.934125
289.001125
289.012500
289.127600
289.182325
289.344300
289.348275
289.465775
289.824750
290.065600
290.360425
290.434550
290.468225
290.483725
290.650675
290.743050
290.893200
290.979425
291.411125
291.503450
291.524075
292.248675
292.436300
292.504575
292.606650
292.979900
293.099675
293.254600
293.315875
293.350900
293.360075
293.421000
293.582550
293.628350
293.693475
293.746025
293.799600
293.832875
293.861875
293.868525
294.087200
294.167925
294.197150
294.281700
294.377750
294.466525
294.689325
294.750275
295.016350
295.229050
295.445225
295.531150
295.546800
295.705500
295.741250
295.861300
295.867975
295.982425
296.079150
296.214450
296.502675
296.576125
296.640650
296.699400
296.799675
296.892275
297.004225
297.290725
297.364600
297.493075
297.708375
297.769475
297.837000
297.889025
297.916250
297.943300
297.949100
298.005725
298.066050
298.092300
298.106750
298.173500
298.328000
298.640475
298.657850
299.062425
299.251750
299.306050
299.397475
299.588000
299.602550
299.667075
299.681550
300.075900
300.297925
300.501900
300.708425
300.892875
300.977125
301.114325
301.278875
301.505100
301.606350
301.622400
301.649225
301.920425
301.927975
302.061075
302.161625
302.507275
302.706750
302.832475
302.944150
302.982225
303.084075
303.557075
303.852675
304.447200
304.898175
304.970825
304.996000
305.031450
305.191975
305.208175
305.228350
305.271100
305.277175
305.281975
305.521500
305.537500
305.563400
305.603400
305.629750
305.764425
305.800575
305.825500
305.939050
305.972750
306.037175
306.089325
306.223900
306.300750
306.510200
306.597475
306.636375
306.689975
306.791375
306.982750
307.762400
308.122550
308.168125
308.245825
308.314000
308.457825
308.561675
308.673175
308.825525
308.932675
309.030650
309.165550
309.350325
309.701825
309.710475
309.717875
309.723300
309.728675
309.773600
309.853350
310.143725
310.155800
310.323750
310.648850
310.976000
311.307550
311.518900
311.619725
311.805275
311.877150
311.907900
312.103775
312.120250
312.238875
312.364275
312.462150
312.604300
312.799300
312.862425
313.682175
314.255650
314.341125
314.640800
314.727625
314.788975
314.967575
315.286450
315.488025
315.575900
315.630750
315.789150
316.301150
316.539600
316.640950
316.659950
317.064425
317.274500
317.490700
317.596925
317.668625
317.817000
317.985750
318.161500
318.463625
318.618150
318.632025
318.684875
318.691650
319.551975
319.790950
320.010700
320.276450
320.458275
320.544175
320.845050
321.316850
321.655775
321.781725
321.784975
322.149925
322.266100
322.330775
322.395675
322.450425
322.501475
322.608050
322.655525
322.664400
322.763850
322.822750
322.831075
322.835475
322.855400
323.157600
323.324100
323.533550
323.956075
324.048350
324.097050
324.593350
324.609275
324.892900
325.309375
325.360600
325.377075
325.522550
325.738550
325.872200
326.235850
326.485675
326.508425
326.762125
326.848875
327.060375
327.241100
327.704225
327.827025
328.030675
328.055725
328.264400
328.833400
329.041550
329.062225
329.065050
329.463850
329.767825
329.931575
329.955100
329.998425
330.183525
330.259275
330.314050
330.383325
330.446500
330.516350
330.640250
330.824875
331.467500
331.593950
331.645575
331.830625
331.926050
332.075350
332.357275
332.598025
332.714700
333.165750
333.183200
333.478525
333.575775
333.639050
333.678650
333.761425
334.056225
334.184075
334.256650
334.443950
334.505650
334.659275
334.682825
335.158475
335.170225
335.309100
335.501475
335.557425
335.628850
335.799425
335.851850
335.991850
336.201200
336.328350
336.484500
336.629450
336.785600
337.043475
338.118350
338.162400
338.180900
338.186875
338.197900
338.327250
338.527725
338.567275
338.650000
338.708125
338.814875
339.246100
339.861300
339.916150
340.581175
340.916400
340.922225
341.014975
341.583925
341.593500
341.769950
342.057750
342.124775
342.834250
343.154800
343.178800
343.220425
343.379875
343.631750
343.699125
344.001125
344.066775
344.178450
344.429100
344.505450
344.545100
344.585400
344.752750
344.855075
345.035925
345.811850
345.831025
345.902950
345.965375
346.220050
346.274900
346.434950
346.575275
346.862375
347.587500
347.652875
347.676025
348.203075
348.261825
348.380350
348.511650
348.592650
348.771825
348.954125
348.990500
349.750500
350.124050
351.163875
351.459200
352.939275
353.183000
353.614600
353.910900
354.812875
355.077825
355.156325
355.287425
355.302825
355.404700
355.455500
355.476625
355.633975
355.751650
355.829075
355.897575
355.984375
356.245250
356.309325
356.493400
356.803175
357.024750
357.350150
358.281250
358.321650
358.562650
358.690800
358.822000
358.852700
359.054650
359.210050
359.245550
359.480275
359.790725
359.996775
360.022100
360.076100
360.132400
360.139375
360.264575
360.430575
360.469050
360.524450
360.600025
