# # All spikes for Neuron
0.075700
0.165875
0.177550
0.216150
0.258725
0.299250
0.338750
0.345650
0.380850
0.423025
0.434225
0.508575
0.601825
0.664725
0.750025
0.767650
0.815725
0.845600
0.904500
0.913300
0.962950
1.068050
1.094450
1.109425
1.149100
1.168600
1.265150
1.330350
1.344400
1.426075
1.546550
1.632125
1.662125
1.680175
1.682725
1.726875
1.760825
1.835475
1.871100
1.919175
1.943825
1.964425
1.982675
2.100725
2.147400
2.271650
2.286700
2.314700
2.404500
2.446250
2.487800
2.518350
2.524700
2.566275
2.583325
2.616200
2.618475
2.737725
2.751050
2.787325
2.811875
2.864300
2.936025
2.950075
2.961350
2.989375
2.990850
3.075200
3.105125
3.147000
3.151725
3.180300
3.206825
3.215800
3.272925
3.322325
3.329525
3.352125
3.376850
3.403600
3.420250
3.478775
3.483150
3.505525
3.548375
3.584150
3.601000
3.702175
3.751225
3.771825
3.826825
3.855875
3.885425
3.895850
3.952650
3.977025
4.009000
4.033525
4.034875
4.068325
4.075475
4.096300
4.118750
4.173000
4.185425
4.227175
4.309975
4.315450
4.361000
4.386075
4.427425
4.446100
4.488875
4.577900
4.651725
4.731500
4.804800
4.807275
4.840800
4.846950
4.884775
4.896150
4.911550
4.918600
4.981650
4.994400
5.033075
5.093300
5.192700
5.242000
5.257300
5.286825
5.293900
5.329400
5.334150
5.375525
5.457475
5.475975
5.500725
5.518175
5.531975
5.551800
5.560025
5.592075
5.600575
5.628325
5.666050
5.698400
5.786275
5.801900
5.815300
6.047425
6.115500
6.126850
6.186575
6.193525
6.223550
6.227825
6.274600
6.332825
6.360950
6.389650
6.399675
6.439500
6.452250
6.485650
6.494100
6.559300
6.614650
6.644700
6.659250
6.676800
6.747375
6.759950
6.798150
6.824975
6.826750
6.875725
6.884150
6.914825
6.941875
6.956225
7.008475
7.035100
7.085300
7.094825
7.129300
7.164025
7.198025
7.231325
7.330975
7.364875
7.366725
7.412500
7.436550
7.496900
7.522175
7.554550
7.583350
7.592275
7.613300
7.633275
7.635375
7.685950
7.734700
7.742225
7.790450
7.828075
7.908525
7.919600
7.949525
8.009750
8.096850
8.111875
8.141950
8.180475
8.185475
8.227075
8.247925
8.268225
8.314850
8.317050
8.356325
8.381400
8.385900
8.466300
8.470175
8.513800
8.581150
8.583600
8.629700
8.652950
8.673300
8.700925
8.717325
8.761000
8.771975
8.799900
8.813425
8.847950
8.858650
8.884150
8.917125
8.953450
9.004000
9.035475
9.043275
9.077000
9.105450
9.123525
9.170200
9.212650
9.229500
9.239025
9.284000
9.331775
9.340000
9.414525
9.433750
9.438775
9.474100
9.484600
9.617300
9.659650
9.662850
9.692400
9.718500
9.739675
9.773300
9.850900
9.879150
9.962825
9.990675
10.026950
10.029925
10.074350
10.115825
10.127600
10.197950
10.240925
10.274000
10.310925
10.319925
10.361300
10.383925
10.390525
10.441250
10.443575
10.493550
10.497375
10.555875
10.584950
10.626525
10.636850
10.717650
10.733800
10.814225
10.837300
10.884775
10.903825
10.928400
10.960100
10.997600
11.030600
11.060825
11.089900
11.139400
11.154050
11.177025
11.211600
11.320100
11.339150
11.385725
11.420325
11.457025
11.466525
11.498750
11.532025
11.547375
11.580400
11.607025
11.616000
11.640350
11.726125
11.756375
11.767625
11.825600
11.829850
11.868900
11.913675
11.939300
11.965675
12.003175
12.005550
12.028075
12.036400
12.076350
12.082625
12.139375
12.184125
12.201925
12.232100
12.273250
12.331975
12.354375
12.383700
12.400050
12.425475
12.462650
12.510450
12.553050
12.588375
12.598350
12.636000
12.646800
12.695175
12.704550
12.726650
12.766900
12.778275
12.829950
12.872725
12.920075
12.925825
12.957200
12.989075
13.000550
13.059375
13.078475
13.085350
13.110500
13.179850
13.229400
13.234075
13.299475
13.338350
13.340350
13.397975
13.415100
13.470275
13.540700
13.576625
13.676550
13.749225
13.770650
13.808200
13.848625
13.897325
13.932525
13.964025
13.973725
13.995125
14.101725
14.122100
14.128700
14.161375
14.226025
14.229625
14.284125
14.327600
14.339925
14.390825
14.409400
14.441350
14.469350
14.473925
14.513400
14.586300
14.624550
14.626800
14.673975
14.703550
14.724550
14.763975
14.804150
14.851750
14.863450
14.889675
14.894900
14.917150
14.993625
15.033975
15.110250
15.140900
15.197550
15.209675
15.212175
15.232425
15.265200
15.286725
15.301525
15.334275
15.380700
15.382775
15.423675
15.474700
15.507900
15.555200
15.579900
15.588375
15.662200
15.701900
15.711125
15.737350
15.757175
15.773600
15.808850
15.835000
15.864800
15.870125
15.914500
15.924050
15.931225
15.953025
15.969225
16.079750
16.099300
16.164575
16.198950
16.246525
16.381650
16.436975
16.442900
16.495650
16.534450
16.565800
16.584575
16.597550
16.612175
16.698950
16.789325
16.875550
16.909975
16.916925
16.961550
17.002625
17.092125
17.135675
17.149725
17.182600
17.215500
17.379125
17.447200
17.571600
17.661550
17.731100
17.848475
17.874525
17.997800
18.066050
18.211650
18.481000
18.716950
18.793950
19.037075
19.195775
19.516725
19.701700
19.758075
19.892575
19.967275
20.182600
20.270575
20.401350
20.436650
20.722600
20.928600
20.971900
21.015800
21.143775
21.440775
21.527250
21.631475
22.213700
22.255075
22.304350
22.467525
22.853550
22.870300
22.899075
23.045375
23.096850
23.193150
23.582775
23.699075
23.800100
23.879350
23.931400
23.948225
24.076300
24.445250
24.765000
24.879175
24.982625
25.108325
25.214900
25.307500
25.387425
25.471700
25.523200
25.532150
25.724475
25.887950
26.044750
26.083750
26.161900
26.299975
26.357975
26.387525
26.424175
26.515575
26.589875
26.610800
26.665525
26.680800
26.721750
26.769950
26.847650
26.856275
26.899925
26.948725
27.349350
27.395700
27.455225
27.492125
27.546400
27.643025
27.665725
27.704875
27.766575
27.771550
27.808675
27.881075
27.974000
28.006100
28.066600
28.142500
28.235175
28.419250
28.464025
28.516675
28.562575
28.652125
28.918400
28.936700
29.056950
29.164850
29.251950
29.261500
29.303000
29.376800
29.380775
29.433200
29.463950
29.494450
29.584150
29.699150
29.702275
29.803550
29.895025
29.910425
29.950925
30.006025
30.024000
30.067425
30.134400
30.351650
30.486025
30.540050
30.654525
30.777250
30.797225
30.843300
30.888650
30.973375
31.192900
31.205000
31.260800
31.281900
31.412200
31.450450
31.480275
31.538625
31.558650
31.699600
31.788275
31.913075
31.972900
32.050875
32.085775
32.091200
32.145475
32.179050
32.262125
32.451550
32.575650
32.611675
32.652325
32.728050
32.815100
32.835300
32.945475
33.058425
33.237475
33.256575
33.313650
33.333800
33.438350
33.484725
33.516275
33.592500
33.651675
34.002050
34.149125
34.191275
34.240900
34.271225
34.319650
34.373775
34.423075
34.439775
34.576950
34.598450
34.633375
34.746700
34.820550
34.824375
34.839450
34.909700
34.992675
35.011450
35.053950
35.207250
35.247025
35.286250
35.316075
35.371750
35.420700
35.448875
35.464850
35.612475
35.851800
35.985900
36.059100
36.121675
36.218900
36.223475
36.274550
36.347050
36.401125
36.434050
36.481225
36.566575
36.653900
36.715875
36.815875
36.865150
36.882925
36.911425
36.948600
36.986025
37.032625
37.186825
37.195850
37.284725
37.303700
37.338825
37.400775
37.484900
37.529750
37.585525
37.619275
37.748100
37.750575
37.771450
37.817425
37.898350
37.954925
37.997100
38.005950
38.054750
38.095975
38.178675
38.202400
38.254050
38.291425
38.328500
38.349000
38.378375
38.407475
38.486250
38.523550
38.564375
38.596850
38.601525
38.630550
38.653175
38.682800
38.717200
38.735550
38.749775
38.775800
38.807775
38.854650
38.860525
38.935950
38.962950
38.987175
39.028100
39.072050
39.087200
39.155700
39.182975
39.195925
39.221325
39.241450
39.287475
39.314625
39.319100
39.368775
39.421125
39.467800
39.502875
39.546425
39.572700
39.612675
39.645700
39.668975
39.691425
39.710200
39.726175
39.765650
39.767525
39.835275
39.850700
39.860825
39.906975
39.959475
39.975500
39.998625
40.015025
40.018725
40.064775
40.076800
40.101050
40.164925
40.174225
40.203600
40.207700
40.242875
40.265675
40.280225
40.282200
40.324525
40.372825
40.422150
40.430725
40.464150
40.491575
40.494600
40.522875
40.561225
40.615775
40.632725
40.697050
40.718900
40.746700
40.791775
40.807350
40.843425
40.939700
40.978125
40.987450
41.050875
41.081950
41.118125
41.124625
41.158000
41.173125
41.194775
41.256400
41.274475
41.314475
41.343225
41.363350
41.430375
41.457500
41.470200
41.514225
41.529925
41.563525
41.577025
41.622000
41.640975
41.645750
41.682450
41.687800
41.723525
41.773675
41.776725
41.825900
41.835400
41.877050
41.891325
41.971850
41.979650
42.020925
42.049300
42.095975
42.157400
42.160075
42.194300
42.232650
42.281400
42.299075
42.324775
42.371075
42.379100
42.412150
42.423275
42.479200
42.515450
42.536650
42.582975
42.587500
42.645175
42.666250
42.720925
42.751500
42.759475
42.802125
42.817550
42.867425
42.883250
42.898575
42.928125
42.960200
42.993500
43.025225
43.037350
43.102200
43.111700
43.115425
43.153325
43.155400
43.183850
43.201150
43.218575
43.251275
43.272325
43.310825
43.318225
43.438600
43.482500
43.501400
43.503875
43.533400
43.595650
43.602125
43.631225
43.708275
43.720775
43.735700
43.755075
43.770100
43.782275
43.800850
43.856275
43.857825
43.868975
43.897000
43.910875
43.916200
43.924150
43.942900
44.009300
44.016650
44.118275
44.121000
44.153150
44.284600
44.308725
44.315700
44.355425
44.379325
44.419075
44.437325
44.461725
44.468525
44.495400
44.542375
44.568950
44.623825
44.647800
44.727125
44.765050
44.810350
44.821625
44.865975
44.891750
44.916400
44.934700
44.991050
45.032250
45.068600
45.094600
45.097550
45.145825
45.150225
45.176925
45.198925
45.228075
45.230625
45.312925
45.323650
45.338625
45.383150
45.419525
45.458800
45.465475
45.484775
45.522200
45.535400
45.549800
45.580100
45.586525
45.639900
45.648025
45.676300
45.696000
45.750875
45.772050
45.789350
45.822175
45.827000
45.869900
45.892925
45.911525
45.917300
45.934175
45.949325
45.967450
45.978300
46.006100
46.021400
46.050175
46.099450
46.117400
46.154900
46.198350
46.239525
46.275700
46.296975
46.337425
46.371750
46.403300
46.415125
46.442875
46.498825
46.513525
46.581525
46.587400
46.634725
46.641150
46.683875
46.719900
46.746575
46.751275
46.773075
46.794950
46.815875
46.842350
46.863775
46.871275
46.878925
46.928750
46.933700
46.971900
47.000475
47.030925
47.062725
47.091975
47.111400
47.118800
47.150575
47.164075
47.188225
47.214925
47.226575
47.245550
47.267950
47.272500
47.308975
47.338300
47.355900
47.365925
47.394975
47.401575
47.428600
47.448950
47.495825
47.497550
47.511800
47.519275
47.545475
47.601275
47.604975
47.627950
47.631725
47.681200
47.728525
47.754425
47.772125
47.807525
47.820800
47.839375
47.844100
47.874350
47.929950
47.951575
47.982750
48.016250
48.035325
48.068050
48.089900
48.098975
48.128250
48.131850
48.164025
48.187050
48.198525
48.210475
48.236425
48.247500
48.274125
48.282375
48.318600
48.329050
48.362325
48.377825
48.434625
48.443100
48.460350
48.505725
48.510575
48.539950
48.568200
48.610950
48.634775
48.830025
48.916375
48.935375
48.981775
49.009975
49.065525
49.109725
49.237875
49.264875
49.288100
49.358900
49.388150
49.448275
49.514800
49.577575
49.637950
49.661225
49.692850
49.806175
49.862625
49.900350
49.926850
49.978000
50.023400
50.058875
50.063950
50.089900
50.118825
50.187575
50.243900
50.273525
50.321075
50.354325
50.394250
50.421025
50.469275
50.480700
50.505400
50.549350
50.566525
50.582600
50.606275
50.644450
50.825375
50.841050
50.865400
50.912825
50.942100
50.985675
51.030225
51.080075
51.154950
51.230625
51.371300
51.392050
51.394100
51.419750
51.514275
51.534825
51.565050
51.622175
51.647075
51.670250
51.753575
51.822800
51.833500
51.862750
51.883025
51.927800
51.980350
52.136325
52.196950
52.281125
52.329950
52.402200
52.413125
52.435075
52.501475
52.548900
52.609800
52.650900
52.672025
52.728775
52.759150
52.772575
52.813600
52.848775
52.912350
52.973025
53.012800
53.066325
53.070675
53.099675
53.191325
53.244300
53.246500
53.332825
53.355900
53.398525
53.419675
53.475400
53.504575
53.521575
53.557150
53.604575
53.615550
53.666725
53.681625
53.693400
53.713400
53.726625
53.765250
53.783425
53.897775
53.946800
53.971025
54.012000
54.132425
54.189950
54.203600
54.288150
54.319250
54.322475
54.349125
54.365500
54.374600
54.433000
54.473600
54.484025
54.518850
54.583625
54.610750
54.662450
54.668400
54.684875
54.740050
54.757150
54.807775
54.822800
54.865450
54.883750
54.905050
54.924025
55.006975
55.045325
55.076175
55.116925
55.154700
55.256250
55.282625
55.303425
55.342500
55.441175
55.477750
55.485825
55.553475
55.615850
55.622300
55.662375
55.709250
55.767100
55.774150
55.819075
55.827825
55.856525
55.891250
55.912075
55.961975
55.994800
56.061800
56.101025
56.117175
56.153100
56.203300
56.242450
56.250850
56.275275
56.293875
56.331450
56.356000
56.366450
56.424775
56.459950
56.483900
56.555050
56.580900
56.586575
56.617775
56.690650
56.720500
56.783625
56.858775
56.917350
56.935125
56.997050
57.028750
57.048300
57.080250
57.109050
57.192800
57.211775
57.221375
57.266775
57.288575
57.302600
57.375600
57.386675
57.441850
57.482400
57.532500
57.623950
57.636575
57.659675
57.729375
57.735600
57.804750
57.849925
57.897950
57.899600
57.948125
58.009300
58.017000
58.062900
58.108825
58.208175
58.266650
58.282525
58.310550
58.364775
58.389875
58.406000
58.516200
58.627750
58.665200
58.695750
58.697300
58.742225
58.789850
58.853425
58.867325
58.917000
58.968325
58.976200
59.014550
59.036775
59.089450
59.136400
59.178575
59.197550
59.283575
59.291875
59.361550
59.421850
59.442600
59.474850
59.499500
59.531775
59.548500
59.559725
59.601675
59.649025
59.665375
59.711850
59.818925
59.822325
59.911150
59.957175
59.993350
60.017475
60.052175
60.108475
60.112375
60.157225
60.267825
60.295650
62.609175
62.666650
62.725200
62.908675
63.502125
63.694025
64.320250
66.226250
67.057750
68.668050
69.706775
69.865825
70.433175
70.516850
70.545375
70.632900
70.667075
70.699075
70.723900
70.806050
70.850350
70.870725
70.941600
70.949500
70.968200
70.995875
71.053750
71.111650
71.169000
71.193075
71.232125
71.261200
71.315100
71.350250
71.391075
71.413250
71.475175
71.503400
71.570250
71.651825
71.697875
71.725600
71.756275
71.824425
71.842325
71.855875
71.880225
71.924050
71.961300
72.049700
72.055650
72.169925
72.252675
72.294100
72.413500
72.510300
72.583425
72.637025
72.673475
72.727225
72.757200
72.818575
72.896500
72.911750
72.981700
73.005550
73.025050
73.070275
73.147900
73.209025
73.230425
73.253825
73.302575
73.307775
73.387125
73.488425
73.534425
73.568425
73.575475
73.623700
73.800350
73.871375
73.999775
74.054225
74.138650
74.141125
74.232875
74.324825
74.488700
74.496850
74.539550
74.636600
74.701625
74.748225
74.876625
74.934775
74.985425
75.126450
75.152450
75.194750
75.214750
75.246400
75.276725
75.535450
75.536700
75.636700
75.758925
75.885675
75.911150
76.008375
76.058200
76.111300
76.121250
76.199550
76.226775
76.252875
76.309625
76.359675
76.405125
76.408350
76.444525
76.479275
76.658925
76.694825
76.712925
76.784450
76.839925
76.964825
77.050450
77.115225
77.199150
77.265550
77.270275
77.333175
77.458700
77.514600
77.592925
77.733500
77.758000
77.803225
77.828275
77.879775
78.081750
78.206100
78.277950
78.382175
78.421075
78.479850
78.488525
78.545600
78.650950
78.741400
78.889925
78.924825
78.998375
79.108925
79.194125
79.235650
79.330600
79.358975
79.474250
79.556500
79.655075
79.737600
79.764450
79.795325
79.811375
79.968050
79.974750
80.002925
80.042500
80.101100
80.134475
80.205050
80.286700
80.306975
80.368000
80.374350
80.456350
80.537325
80.571625
80.630400
80.658450
80.684650
80.727075
80.799575
80.978225
81.000325
81.075375
81.160475
81.218450
81.342800
81.355850
81.443300
81.551425
81.561475
81.577975
81.662525
81.910275
82.002075
82.093400
82.112600
82.250975
82.363100
82.396925
82.511325
82.562725
82.594775
82.631150
82.755400
82.815850
82.934575
82.987625
83.010375
83.055500
83.062050
83.134600
83.136375
83.161900
83.275650
83.375650
83.406050
83.454425
83.509175
83.531025
83.585350
83.655450
83.811000
83.901975
83.986950
84.129750
84.278875
84.370175
84.395125
84.424325
84.457275
84.470900
84.524950
84.579725
84.645475
84.841325
84.854750
84.913800
84.933875
84.954400
84.969475
85.055050
85.112275
85.237075
85.274400
85.384775
85.390825
85.432325
85.472700
85.495200
85.612500
85.624325
85.642100
85.748000
85.810800
85.850275
85.863100
85.959375
86.032625
86.051700
86.076925
86.100050
86.167900
86.238575
86.256125
86.273975
86.406800
86.595500
86.665875
86.687475
86.866850
86.900725
86.999600
87.028225
87.095525
87.162300
87.192200
87.221500
87.254000
87.487300
87.583475
87.722875
87.762100
87.895325
87.945775
87.985800
88.024725
88.085350
88.132650
88.170500
88.209175
88.214325
88.275700
88.329825
88.352650
88.379575
88.445600
88.460775
88.494375
88.616775
88.645125
88.646975
88.679650
88.702900
88.771300
88.777725
88.806175
88.848300
88.856125
88.938375
88.948025
88.990325
89.010550
89.020500
89.045775
89.088725
89.203000
89.222625
89.250075
89.311175
89.384275
89.436000
89.442775
89.498775
89.545875
89.552525
89.597400
89.607200
89.648750
89.706675
89.741175
89.807200
89.848225
89.855800
89.900000
89.941500
89.966900
89.983075
89.985525
90.018375
90.035950
90.062275
90.083925
90.121750
90.131575
90.167025
90.173475
90.285000
90.471675
90.547750
90.634325
90.650050
90.666250
90.748775
90.788300
90.828025
90.880450
90.898975
90.932525
90.957175
90.994875
91.042725
91.059250
91.090575
91.101725
91.171725
91.218675
91.337625
91.377450
91.419500
91.470575
91.519300
91.558975
91.653800
91.703250
91.777725
91.801475
91.843350
91.874450
91.883450
91.919450
91.926625
91.979650
91.981875
92.005175
92.128775
92.148925
92.170450
92.181775
92.204925
92.206875
92.468400
92.472975
92.500450
92.559000
92.599075
92.622175
92.638950
92.664000
92.667575
92.728650
92.734075
92.779900
92.821525
92.831225
92.889475
92.969300
92.990300
93.034675
93.094425
93.144150
93.190800
93.227325
93.262225
93.324550
93.430525
93.482225
93.573750
93.602300
93.639400
93.786950
93.827050
93.834700
93.864500
93.885425
93.933175
93.975150
93.987525
94.017900
94.070700
94.105400
94.137525
94.146350
94.192900
94.240100
94.241625
94.298800
94.336450
94.389450
94.437875
94.531900
94.577925
94.595675
94.683850
94.702550
94.734925
94.775525
94.805100
94.839175
94.866550
94.940150
95.030000
95.068450
95.167300
95.198525
95.235275
95.286050
95.321625
95.341025
95.503150
95.562000
95.604300
95.657525
95.718275
95.733200
95.775800
95.777750
95.854200
95.864500
95.887125
95.907150
95.960625
96.068825
96.122875
96.196375
96.305600
96.316625
96.343900
96.345725
96.378125
96.452800
96.484950
96.513550
96.564800
96.620300
96.638125
96.667825
96.747300
96.820800
96.846625
96.923675
96.957050
96.977850
96.986825
97.038750
97.122225
97.142775
97.144950
97.168725
97.254750
97.276475
97.304450
97.355850
97.417925
97.432800
97.452300
97.495700
97.590250
97.633575
97.646650
97.680925
97.767825
97.797925
97.892700
97.945950
98.005450
98.038725
98.067450
98.286075
98.303675
98.354225
98.443400
98.514550
98.543400
98.557975
98.601475
98.667900
98.692300
98.701550
98.761275
98.825600
98.887025
99.001100
99.025925
99.136275
99.337075
99.603700
99.738625
99.854725
99.922575
100.023675
100.078075
100.597150
100.630550
100.645100
100.686300
101.067975
101.161525
101.300225
101.380675
101.406450
101.427300
101.487675
101.546550
101.628125
101.650025
101.663900
101.696700
101.788200
101.844275
101.889275
101.904025
101.962350
102.085150
102.126150
102.424400
102.493800
102.496175
102.676900
102.682125
102.846050
102.896700
102.994300
103.042775
103.094325
103.198000
103.451300
103.544150
103.606825
103.905625
103.970600
104.051725
104.119875
104.275575
104.319600
104.417775
104.508450
104.641400
104.780275
104.843200
104.865475
104.902950
104.932600
104.978275
105.069325
105.079175
105.115300
105.143775
105.157525
105.284300
105.315025
105.353525
105.481050
105.605375
105.608025
105.704575
105.807950
105.812725
105.852900
105.980250
106.010400
106.028150
106.068600
106.073750
106.208275
106.238275
106.444325
106.537175
106.571975
106.619150
106.641725
106.696625
106.852550
106.886750
106.901000
106.942950
106.947525
107.129475
107.198700
107.351125
107.532150
107.674300
107.776025
107.804750
107.867775
108.041275
108.150125
108.246025
108.342850
108.389500
108.445025
108.477525
108.514725
108.557700
108.571500
108.653675
108.700625
108.785700
108.861475
108.929550
108.967525
109.094325
109.260450
109.296425
109.405050
109.420425
109.551075
109.623425
109.655800
109.711250
109.792375
109.853900
109.885225
109.899100
109.966000
109.997250
110.060825
110.062475
110.145550
110.178250
110.205675
110.225575
110.285450
111.291425
111.625825
111.903075
111.961275
112.013450
112.262325
112.537100
112.667025
113.733600
119.243100
119.371575
119.695025
120.379275
120.501375
120.530700
120.614725
120.666175
120.733425
120.816275
120.898000
120.948175
121.002600
121.033000
121.084050
121.139800
121.185750
121.248925
121.276400
121.313200
121.383175
121.465225
121.529725
121.596500
121.712675
121.776325
121.840125
121.882425
121.919800
122.000050
122.074750
122.127950
122.220975
122.327225
122.331325
122.375650
122.423100
122.472375
122.522325
122.627950
122.755750
122.761075
122.839050
122.962300
123.013975
123.083075
123.127700
123.236900
123.282575
123.333125
123.334525
123.401950
123.455775
123.474375
123.580500
123.638050
123.708100
123.751900
123.817225
123.841600
123.873500
123.912450
123.966400
124.024900
124.053750
124.153400
124.273350
124.283775
124.299175
124.396950
124.567850
124.618450
124.745850
124.842500
124.926300
125.077200
125.211050
125.282100
125.334275
125.360500
125.455150
125.468950
125.538475
125.568350
125.652850
125.719750
125.762850
125.780200
125.806750
125.851325
125.910500
125.995925
126.030000
126.068175
126.073850
126.098675
126.212175
126.287225
126.295825
126.327175
126.565975
126.613425
126.670925
126.733075
126.766325
126.848775
126.913000
126.959200
126.968275
127.025750
127.099525
127.139525
127.173700
127.205350
127.292200
127.328700
127.350575
127.388075
127.488650
127.569500
127.628825
127.745375
127.958425
128.019700
128.034700
128.134225
128.180950
128.226350
128.292725
128.316100
128.346850
128.440925
128.515375
128.517225
128.622375
128.658425
128.752175
128.832800
128.891275
128.981675
129.044875
129.082200
129.225775
129.370125
129.371975
129.409625
129.480050
129.496975
129.534075
129.585875
129.608400
129.664925
129.703250
129.705050
129.750025
129.848000
129.863625
129.912200
129.984125
130.026725
130.075975
130.109500
130.228450
130.237575
130.315900
130.330125
130.411625
130.456100
130.512750
130.563400
130.685275
130.696700
130.746425
130.835800
130.838175
130.947475
130.994775
131.035000
131.247700
131.320675
131.347325
131.415925
131.444075
131.471300
131.476750
131.556975
131.603325
131.663325
131.708375
131.722125
131.817100
131.881475
131.919125
131.969600
132.140475
132.180275
132.182900
132.223200
132.292225
132.371700
132.411125
132.416250
132.483725
132.541525
132.568400
132.758550
132.893800
132.902475
132.949650
133.011425
133.074025
133.147250
133.172725
133.251875
133.289000
133.302150
133.328175
133.365300
133.411050
133.598350
133.611750
133.683500
133.730225
134.000100
134.029875
134.083350
134.109950
134.179700
134.210150
134.217325
134.406250
134.486625
134.563275
134.673225
134.730525
134.860600
134.926675
135.011900
135.045600
135.065600
135.166150
135.225375
135.264225
135.393200
135.447625
135.515950
135.622200
135.669350
135.860425
135.893675
135.928725
135.960450
135.988550
136.015075
136.039650
136.097250
136.107000
136.132625
136.197425
136.254950
136.308375
136.333425
136.375950
136.417250
136.594850
136.658650
136.680475
136.711575
136.760175
136.814750
136.834025
136.895375
136.956150
137.031300
137.080425
137.130200
137.172100
137.178375
137.225225
137.267775
137.304750
137.329650
137.377675
137.424100
137.443900
137.512975
137.533900
137.622750
137.642800
137.697300
137.745775
137.818700
137.820425
137.983550
138.046125
138.063700
138.100550
138.129825
138.311975
138.357025
138.440425
138.473950
138.564000
138.685025
138.750650
138.796175
138.818450
139.068275
139.118750
139.122000
139.159350
139.297550
139.331350
139.379725
139.420925
139.511475
139.644550
139.736325
139.828100
139.899425
139.955500
139.995350
140.039975
140.057700
140.091975
140.122125
140.207700
140.287750
140.368975
140.412200
140.435600
140.454825
140.575975
140.581650
140.646900
140.694900
140.750250
140.789600
140.829100
140.871475
140.963700
140.996075
141.063050
141.098900
141.171025
141.203400
141.382625
141.425475
141.524875
141.547725
141.549575
141.599700
141.640500
141.666100
141.763825
141.813550
141.920200
141.926350
141.962000
142.012275
142.053950
142.099875
142.159100
142.190225
142.218500
142.228300
142.254075
142.255800
142.401250
142.503425
142.549525
142.639275
142.664775
142.701175
142.798075
142.853825
142.898850
142.906525
142.932575
143.001425
143.030500
143.220350
143.258300
143.286950
143.325050
143.526200
143.550325
143.589075
143.611275
143.708350
143.747650
143.755650
143.824925
143.865725
143.967825
143.997375
144.074625
144.080475
144.184550
144.258700
144.280425
144.295850
144.370575
144.386025
144.458200
144.488450
144.563250
144.631650
144.717250
144.728725
144.779775
144.806025
144.833725
144.892800
144.913300
144.980975
145.069700
145.195400
145.224650
145.327800
145.380725
145.394850
145.489000
145.503100
145.565625
145.648175
145.653025
145.717925
145.764350
145.817650
145.835225
145.984700
146.009650
146.041200
146.063525
146.081950
146.126125
146.163550
146.224625
146.228225
146.341350
146.390750
146.430050
146.516425
146.568700
146.570275
146.630950
146.655575
146.705125
146.744100
146.790800
146.872075
146.883375
146.918050
146.976975
147.039875
147.051375
147.142550
147.146200
147.179700
147.239875
147.274150
147.322875
147.326925
147.366275
147.393525
147.454775
147.576250
147.626825
147.673275
147.755225
147.783525
147.818475
147.874500
147.956475
147.969775
148.058125
148.122625
148.150150
148.244125
148.290350
148.361000
148.442650
148.504675
148.539950
148.626575
148.657275
148.717625
148.741375
148.815150
148.846350
148.849375
148.905225
148.976075
148.984425
149.005525
149.007000
149.191025
149.289775
149.335750
149.342700
149.445950
149.504925
149.572625
149.676450
149.702425
149.788400
149.870025
149.883700
149.942375
149.945150
149.957425
150.023250
150.057925
150.110425
150.184025
150.247725
150.284275
150.321525
150.374000
150.716575
150.788125
150.868250
150.869525
150.934825
150.985575
151.223875
151.242775
151.297625
151.381675
151.467350
151.515950
151.572925
151.653325
151.754075
151.801025
151.807775
151.919025
151.958025
152.025500
152.110150
152.161475
152.185000
152.190575
152.227025
152.285375
152.320875
152.330625
152.406550
152.534700
152.572625
152.661050
152.747200
152.771625
152.787100
152.885275
152.932150
152.974725
153.024200
153.059850
153.062475
153.133975
153.176700
153.229150
153.321725
153.407525
153.471275
153.626200
153.797950
153.815700
153.861050
153.970200
154.016775
154.075175
154.107825
154.180675
154.210350
154.230700
154.258275
154.273050
154.475875
154.537650
154.598925
154.631325
154.778850
154.781000
154.825375
154.887375
154.938425
154.969200
155.035850
155.097925
155.173150
155.255475
155.379275
155.445125
155.451400
155.493150
155.639900
155.691325
155.808875
155.819825
155.853675
155.900150
156.123250
156.183025
156.187825
156.237025
156.306775
156.429700
156.517675
156.596475
156.631925
156.636950
156.678125
156.686225
156.789925
156.846950
156.941650
157.041175
157.085325
157.148275
157.254850
157.309950
157.319300
157.400000
157.467650
157.609850
157.669100
157.729975
157.804350
157.858250
157.867375
157.946550
158.036500
158.100925
158.211950
158.270825
158.285300
158.394775
158.466100
158.468600
158.519225
158.601325
158.650000
158.694900
158.768975
158.827075
158.939975
159.022250
159.073375
159.139575
159.318625
159.395250
159.413700
159.453975
159.475850
159.515125
159.531925
159.569825
159.601200
159.759350
159.867100
159.932825
159.995825
160.141500
160.226500
160.288850
160.294250
161.082850
161.152950
161.156325
161.179450
161.300225
161.317375
161.486725
161.566375
161.596275
161.606075
161.705325
161.733850
161.765925
161.779250
161.830075
161.835450
161.951300
162.009775
162.034550
162.105325
162.151375
162.390975
162.668125
162.951825
163.070325
164.714100
167.597325
168.289875
169.832725
169.853900
169.864850
170.004475
170.006200
170.353750
170.440825
170.465925
170.520725
170.558475
170.596875
170.619725
170.712025
170.730325
170.833600
170.860000
170.896025
170.950000
171.056000
171.100600
171.120050
171.150575
171.152600
171.173150
171.198125
171.251975
171.341525
171.389225
171.433675
171.453275
171.496400
171.626850
171.656575
171.714550
171.747750
171.795250
171.868625
171.965850
172.110300
172.134075
172.176425
172.224500
172.281025
172.311600
172.338000
172.424550
172.534350
172.722450
172.929875
172.951000
173.023875
173.051075
173.112700
173.131450
173.162600
173.233450
173.285900
173.330850
173.437750
173.503725
173.531775
173.625975
173.658975
173.730350
173.807225
173.853300
173.872750
173.966550
174.050500
174.104750
174.143400
174.357500
174.438900
174.531400
174.634550
174.781225
174.846825
174.895275
174.982450
175.050775
175.110100
175.111950
175.150000
175.235425
175.286025
175.288000
175.341650
175.475600
175.574225
175.617450
175.658800
175.674825
175.811900
175.885350
175.930125
175.972725
176.112675
176.167175
176.255550
176.282600
176.351325
176.405750
176.407675
176.529275
176.534850
176.592975
176.680700
176.717475
176.827175
176.862050
176.922975
176.989600
177.028450
177.163075
177.215400
177.272725
177.301475
177.377400
177.413200
177.426700
177.556200
177.644075
177.657975
177.738425
177.773600
177.814700
177.825350
177.887450
177.933200
178.068950
178.079150
178.116175
178.147250
178.286150
178.289350
178.477750
178.528875
178.581175
178.705575
178.730150
178.853875
178.904200
178.908875
178.932600
178.973675
179.085750
179.122975
179.186475
179.264800
179.313500
179.351000
179.443600
179.601600
179.647225
179.772950
179.786175
179.871900
179.912700
179.959575
180.103975
180.172025
180.193050
180.263900
180.266175
180.329675
180.401075
180.511100
180.585525
180.603925
180.645675
180.655275
180.689175
180.848975
180.941900
181.043075
181.095625
181.130050
181.169525
181.252075
181.288550
181.303225
181.364300
181.395600
181.439725
181.489500
181.510575
181.536650
181.570850
181.603425
181.620225
181.631250
181.739575
181.882625
181.932600
181.961575
182.084650
182.108350
182.135900
182.173225
182.199200
182.256250
182.292200
182.367050
182.377500
182.389225
182.478775
182.542200
182.558300
182.772050
182.932500
182.985350
183.102075
183.178725
183.201825
183.264550
183.309725
183.332300
183.388325
183.778875
183.926700
183.961050
184.132800
184.167250
184.187500
184.227750
184.255700
184.286675
184.317150
184.421350
184.448750
184.554600
184.641000
184.676600
184.690975
184.969875
185.313025
185.343825
185.376125
185.481925
185.496950
185.527575
185.656750
185.700250
185.836250
185.859700
185.896900
186.174000
186.252250
186.261300
186.430625
186.947100
187.036975
187.133050
187.275750
187.395225
187.471000
187.519675
187.566200
187.674825
187.705075
187.712675
187.743075
187.876925
187.899000
187.963250
188.138050
188.246775
188.596075
188.675775
188.778550
188.843025
188.883350
188.972125
189.081750
189.215775
189.256050
189.281025
189.384275
189.436400
189.494125
189.537075
189.582700
189.588725
189.631350
189.671875
189.706350
189.743475
189.772975
189.820125
189.908850
189.924475
190.127850
190.178350
190.373225
190.407650
190.583975
190.679875
190.710125
190.743350
190.822625
190.902825
190.910275
190.936900
191.167025
191.350125
191.373525
191.415075
191.553100
191.623500
191.662750
191.709625
191.751650
191.754200
191.849350
191.964950
192.005700
192.044925
192.097675
192.204275
192.270775
192.332325
192.405525
192.461825
192.509950
192.593725
192.635700
192.664925
192.930250
192.967325
193.089550
193.148325
193.242850
193.433025
193.450275
193.672950
193.696850
193.748275
193.846175
193.913150
193.954325
193.993600
194.080400
194.173650
194.229375
194.330350
194.443050
194.643450
194.707725
194.780600
195.014825
195.038675
195.172625
195.226650
195.348250
195.430725
195.444675
195.573950
195.601250
195.691025
195.755625
195.787775
195.896475
195.963725
196.092900
196.161250
196.180150
196.243950
196.365900
196.406925
196.459675
196.686600
196.753975
196.799225
196.834650
196.928875
197.243875
197.288500
197.328725
197.385275
197.539800
197.609725
197.625750
197.673675
197.783225
197.856450
197.894600
198.175050
198.255475
198.350725
198.356325
198.382175
198.517825
198.599150
198.680375
198.743550
198.753625
198.895225
198.948850
199.001625
199.020800
199.059225
199.168025
199.279450
199.306575
199.351800
199.361125
199.412500
199.476625
199.516425
199.525250
199.619225
199.693200
199.760400
199.802300
199.827625
199.888300
199.894200
199.962125
199.991300
200.016025
200.031425
200.147800
200.205175
200.360200
200.389850
200.429225
200.484675
200.542925
200.565575
200.609675
200.630375
200.790825
200.883800
201.016200
201.053675
201.213825
201.232675
201.260450
201.272150
201.318500
201.482875
201.499600
201.566050
201.585200
201.809400
201.848625
201.946750
201.953700
202.028175
202.063225
202.099850
202.154250
202.244725
202.467100
202.490675
202.757950
203.049550
203.087550
203.121825
203.221925
203.389575
203.459775
203.523775
203.554950
203.606525
203.674675
203.774850
203.789225
203.989600
203.992000
204.020400
204.153025
204.321675
204.373850
204.394825
204.488250
204.554300
204.671150
204.683875
204.897525
204.948000
205.061050
205.136475
205.239625
205.264100
205.498875
205.531275
205.612425
205.736800
205.901850
206.128250
206.190600
206.317025
206.336525
206.470550
206.477825
206.563825
206.620000
206.632175
206.684225
206.738750
206.785525
206.814925
206.850075
206.887175
207.179725
207.234050
207.436825
207.727975
207.729625
207.853225
207.891700
207.896750
207.948975
208.041975
208.054300
208.177150
208.233200
208.391975
208.415200
208.466975
208.555350
208.607100
208.638200
208.698825
208.720000
208.731375
208.794050
208.975175
209.030625
209.036125
209.122750
209.178750
209.255600
209.327500
209.329600
209.378975
209.552750
209.593225
209.679875
209.769825
209.877125
209.881925
209.911725
209.922150
210.027675
210.088975
210.128325
210.166375
210.263175
210.866625
211.003450
211.410500
211.731325
216.123700
216.895125
216.972600
217.526575
218.364125
220.355500
220.416050
220.457800
220.486150
220.518225
220.581875
220.609575
220.640500
220.665400
220.839550
220.892525
220.973950
221.012225
221.098150
221.145325
221.169175
221.222075
221.294850
221.335250
221.371200
221.435800
221.530525
221.539750
221.580225
221.622150
221.750875
221.781900
221.827700
221.992850
222.057075
222.098075
222.134100
222.176800
222.282675
222.346275
222.408700
222.457550
222.579025
222.616525
222.675300
222.765325
222.840725
222.866425
222.909325
223.075700
223.169875
223.231750
223.295825
223.345875
223.412625
223.463625
223.522075
223.545800
223.613750
223.756550
223.785050
223.832025
223.927850
224.050675
224.086700
224.135000
224.170950
224.240650
224.285675
224.448425
224.516300
224.591750
224.687750
224.743675
224.781900
224.826475
224.869150
224.888750
224.946475
225.126100
225.155875
225.310925
225.390700
225.513525
225.576050
225.630650
225.659025
225.828825
225.943275
226.020875
226.067400
226.165925
226.249050
226.277200
226.374375
226.433500
226.535625
226.635400
226.682200
226.692275
226.836975
226.968750
227.103050
227.177975
227.223750
227.302450
227.367675
227.416800
227.482325
227.524000
227.556750
227.606575
227.656700
227.717300
227.785200
227.853075
227.915950
227.964225
228.108900
228.238975
228.287425
228.481250
228.595875
228.634150
228.665725
228.714350
228.740550
228.789375
228.909025
228.988350
229.026025
229.111225
229.174250
229.205575
229.318775
229.343675
229.479375
229.585475
229.687300
229.843550
229.891000
229.955900
230.016800
230.168300
230.203925
230.243375
230.290100
230.350550
230.403125
230.477775
230.507000
230.578375
230.600250
230.654925
230.699975
230.835750
230.891775
230.956650
231.077200
231.152350
231.204125
231.244925
231.283900
231.419325
231.427675
231.468500
231.549900
231.572425
231.600075
231.631225
231.704850
231.738100
231.855875
231.892075
231.922000
231.969125
232.010325
232.110750
232.148975
232.252375
232.293350
232.349750
232.421925
232.476750
232.484575
232.513800
232.540575
232.574650
232.743325
232.837750
232.883300
232.916775
232.934300
232.955500
233.056625
233.108325
233.164075
233.215850
233.342475
233.439175
233.506375
233.539950
233.712375
233.754675
233.810100
233.839125
233.902350
233.947150
234.038775
234.159275
234.241250
234.503175
234.577575
234.832700
234.949175
234.980625
235.029125
235.110350
235.263900
235.295150
235.441575
235.505450
235.598500
235.689125
235.791975
236.049700
236.051300
236.083225
236.165600
236.172875
236.191650
236.289600
236.358525
236.494275
236.547825
236.696150
236.918825
237.045725
237.081675
237.211750
237.287300
237.390375
237.438175
237.467475
237.523675
237.572950
237.630500
237.728425
237.743175
237.796275
237.959575
238.064125
238.128975
238.211675
238.288925
238.360975
238.393375
238.483425
238.537575
238.543650
238.601025
238.607775
238.650850
238.694825
238.736200
238.779825
238.892425
238.919575
238.947850
238.995500
239.098900
239.217125
239.236925
239.287775
239.397625
239.554400
239.626100
239.703600
239.737825
239.784875
239.852100
239.866925
239.953825
240.028275
240.099675
240.122400
240.150450
240.305550
240.333175
240.419425
240.460950
240.497800
240.548175
240.654175
240.717100
240.804525
240.877225
240.949600
240.983825
241.070525
241.137400
241.191800
241.281500
241.315950
241.397150
241.406425
241.496375
241.568775
241.620550
241.656625
241.713850
241.778275
241.873000
241.954950
242.056700
242.110375
242.188600
242.260425
242.429650
242.599675
242.682075
242.727600
242.803175
242.850700
243.026100
243.080450
243.111900
243.158775
243.241350
243.337675
243.404300
243.424400
243.505325
243.673075
243.734225
243.803350
243.923525
243.955425
243.987225
244.092075
244.116675
244.182050
244.216125
244.277950
244.404600
244.427025
244.455650
244.461425
244.500200
244.612625
244.637475
244.720475
244.785000
244.798350
244.899675
244.924775
244.927225
244.955850
245.054675
245.109175
245.295425
245.409550
245.452900
245.478525
245.587475
245.633650
245.674575
245.716925
245.759925
245.833200
245.921950
245.977500
246.039825
246.092975
246.137125
246.190025
246.239075
246.338750
246.453375
246.593525
246.711475
246.737525
246.772175
246.933650
246.968325
246.995575
247.012100
247.177000
247.212600
247.260250
247.331500
247.379075
247.393825
247.452900
247.520075
247.725850
247.756425
247.841250
247.883500
247.898625
247.939250
248.044675
248.072925
248.219750
248.323125
248.422600
248.518150
248.685225
248.978050
248.992125
249.076400
249.110250
249.168625
249.251150
249.307700
249.377400
249.477025
249.522950
249.614000
249.743850
249.783375
249.832375
249.909300
249.959725
250.166425
250.684475
250.812475
250.906625
251.017800
251.045775
251.138725
251.259575
251.358600
251.434650
251.470700
251.491350
251.572125
251.644225
251.668900
251.730475
251.861975
252.064350
252.101875
252.190400
252.227075
252.263475
252.305425
252.350650
252.448000
252.552275
252.632850
252.792500
253.142275
253.506825
253.532725
253.565900
253.747250
253.767325
253.788250
253.936850
253.991225
253.998400
254.015450
254.036875
254.059200
254.068525
254.181525
254.208200
254.261175
254.304975
254.307425
254.439100
254.517875
254.545075
254.577000
254.618550
254.680725
254.713825
254.724200
254.778650
254.792300
254.903750
254.970050
254.980775
255.037850
255.045050
255.143350
255.246850
255.277300
255.472375
255.522725
255.611575
255.681475
255.745025
255.765350
255.776850
255.826900
255.828250
256.102350
256.247000
256.326075
256.337075
256.442675
256.484450
256.537975
256.582675
256.709400
256.744700
256.766125
256.811700
256.977425
256.988850
257.057275
257.111025
257.129550
257.161400
257.173850
257.269575
257.289625
257.341025
257.437050
257.541600
257.807925
257.907650
257.965650
258.018825
258.022175
258.204225
258.454150
258.487675
258.511225
258.551275
258.714225
258.774025
258.855000
258.903325
258.921950
259.038825
259.079450
259.120625
259.156425
259.179725
259.318525
259.370125
259.409025
259.457675
259.483700
259.517250
259.590150
259.604725
259.613675
259.688425
259.767775
259.850450
259.879725
259.931200
260.055425
260.092075
260.155850
260.218425
260.277875
260.477325
260.537125
260.617425
260.678225
260.954725
261.121450
261.263425
261.661725
261.919425
262.177500
262.230400
262.375050
262.486275
263.054600
268.844075
270.372200
270.397650
270.483500
270.643600
270.679750
270.758450
270.817525
270.863575
270.921175
270.966975
270.995925
271.059000
271.080875
271.150225
271.167575
271.180725
271.236875
271.342850
271.401675
271.460975
271.504600
271.546775
271.588625
271.691800
271.794775
271.869450
271.925500
271.977475
272.083825
272.167775
272.202025
272.243850
272.269850
272.319800
272.478900
272.527650
272.560925
272.618775
272.737300
272.803425
272.978900
273.085925
273.143500
273.223500
273.369375
273.449000
273.531925
273.750525
273.828675
273.896025
274.005900
274.162325
274.276825
274.345000
274.433225
274.464025
274.554775
274.581800
274.625025
274.683075
274.771075
274.813900
274.864775
274.932850
275.073975
275.119075
275.228225
275.379300
275.445550
275.656200
275.767400
275.837875
276.139900
276.229925
276.304725
276.360475
276.420200
276.473100
276.527025
276.548025
276.820500
277.079075
277.155075
277.238000
277.303425
277.360850
277.413175
277.481675
277.515325
277.567450
277.747625
277.770400
277.901625
278.032600
278.217050
278.357000
278.494100
278.553900
278.597675
278.675425
278.738075
278.805100
278.861775
278.959325
278.995725
279.046650
279.093900
279.206075
279.268625
279.400050
279.457900
279.558225
279.610300
279.726825
279.760750
279.806650
279.859850
280.007450
280.071875
280.201600
280.324450
280.368675
280.429050
280.487200
280.556425
280.614100
280.672100
280.788800
280.922325
280.992675
281.076325
281.142650
281.283250
281.305250
281.333200
281.420950
281.504200
281.544325
281.588100
281.703225
281.749400
281.770950
281.822875
281.885775
281.909525
281.947525
282.016175
282.133375
282.175275
282.275850
282.294900
282.376600
282.491550
282.669475
282.749950
282.831375
282.896175
282.925100
283.042125
283.108650
283.210400
283.292675
283.333650
283.362500
283.406775
283.419400
283.595150
283.656925
283.700050
283.743675
283.806775
283.827925
284.024875
284.049300
284.112325
284.126325
284.171525
284.204450
284.298950
284.323075
284.402750
284.422200
284.440275
284.448975
284.473525
284.482100
284.613825
284.750875
284.795800
284.807525
285.006600
285.080000
285.088100
285.243475
285.264200
285.300675
285.385400
285.397750
285.468525
285.542250
285.568025
285.637325
285.706550
285.743600
285.904200
286.029050
286.091400
286.124650
286.182800
286.355600
286.399075
286.490125
286.545050
286.567075
286.661750
286.720200
286.828150
286.889175
286.962650
287.036700
287.076250
287.125075
287.195750
287.242325
287.322300
287.423250
287.484200
287.516350
287.631675
287.685825
287.720850
287.782650
287.970250
287.990975
288.030150
288.107100
288.175750
288.183975
288.204250
288.222850
288.282125
288.298450
288.647550
288.725800
288.748850
288.768300
288.792525
288.876850
289.002575
289.063700
289.132025
289.162125
289.164075
289.223325
289.256350
289.298000
289.572825
289.685725
289.693175
289.754975
289.776850
289.809150
289.852025
289.944325
289.968450
290.121075
290.138350
290.216000
290.354350
290.379675
290.461575
290.678000
290.688225
290.722650
290.792825
290.894100
290.905300
290.977675
291.026425
291.031800
291.070950
291.091050
291.231800
291.294600
291.312225
291.357150
291.446425
291.661250
291.663725
291.725775
291.754975
291.781850
292.002225
292.018475
292.057050
292.228550
292.246600
292.357350
292.380125
292.514125
292.533225
292.782875
292.881350
292.935075
293.078275
293.225725
293.286900
293.377400
293.457075
293.463575
293.512175
293.591175
293.636100
293.703500
293.780100
293.802175
294.023575
294.164225
294.287675
294.331250
294.357600
294.438475
294.471550
294.623725
294.698350
294.804575
294.855825
295.010100
295.051750
295.116700
295.172025
295.204600
295.278875
295.426575
295.491200
295.665850
295.724725
295.805525
296.080875
296.116150
296.189275
296.303575
296.408400
296.517425
296.534325
296.796700
296.851400
296.878225
296.909450
296.911125
297.001450
297.043525
297.056875
297.090375
297.207250
297.308500
297.344000
297.346200
297.451225
297.467275
297.574850
297.647225
297.689225
297.723975
297.746850
297.841750
297.886925
297.975650
298.343775
298.577275
298.747225
298.792250
298.864900
298.908150
299.204175
299.236375
299.254600
299.320775
299.355775
299.394225
299.699075
299.708500
299.747175
299.790075
299.860300
299.904750
299.945900
299.963250
299.964700
300.001350
300.089750
300.138400
300.305975
300.379500
300.688650
300.808750
300.810800
300.863600
300.872650
300.943050
301.064475
301.127150
301.394650
301.432325
301.445800
301.468600
301.629400
301.680175
301.884050
302.023475
302.224975
302.262675
302.372250
302.445425
302.582725
302.814400
302.854525
302.861075
302.889025
302.968925
303.129925
303.243850
303.289175
303.390825
303.559225
303.648200
303.739850
303.851300
304.011625
304.217750
304.242100
304.451700
304.595775
304.732575
304.825950
304.903725
305.039175
305.209850
305.235450
305.306625
305.370975
305.474975
305.584900
305.642225
305.814075
306.027050
306.135650
306.201575
306.226925
306.246475
306.446825
306.467050
306.522450
306.595025
306.656350
306.727550
306.786750
306.829000
306.914500
307.039225
307.091775
307.138950
307.189975
307.343200
307.619800
307.689300
307.890875
308.069900
308.086125
308.130400
308.281325
308.332625
308.422000
308.441550
308.560650
308.634250
308.762775
308.878750
308.991600
309.055125
309.081150
309.177800
309.339200
309.411600
309.444225
309.654650
309.704975
309.740525
309.782850
309.803225
309.842875
309.883525
312.719125
312.977025
318.444300
320.351575
320.397925
320.432025
320.502800
320.551075
320.583675
320.630850
320.674825
320.699450
320.752125
320.784200
320.809900
320.867525
320.930850
320.982425
321.011525
321.074700
321.090700
321.115875
321.139375
321.178025
321.220100
321.257500
321.298850
321.384100
321.432875
321.506250
321.576675
321.612425
321.707700
321.764425
321.794450
321.889325
321.932225
321.962575
322.007850
322.024575
322.037125
322.081350
322.193750
322.246950
322.270300
322.334500
322.499375
322.603025
322.669550
322.713150
322.823375
322.911625
322.959775
323.125525
323.223925
323.273300
323.338400
323.374850
323.425175
323.482300
323.533075
323.577100
323.641650
323.676350
323.725875
323.780850
323.834500
323.883200
323.931125
323.984075
324.019650
324.044675
324.107125
324.167000
324.244350
324.276475
324.403525
324.467575
324.512775
324.569275
324.609625
324.623550
324.684300
324.722150
324.749575
324.812075
324.859300
324.912150
324.948350
325.051775
325.181750
325.208875
325.313200
325.348650
325.437550
325.510150
325.578775
325.670700
325.733625
325.770200
325.809975
325.863725
325.962875
325.996950
326.042375
326.052125
326.086075
326.120800
326.297275
326.330900
326.369725
326.435200
326.488900
326.578900
326.596925
326.708625
326.758725
326.819125
326.877400
326.922250
326.980300
327.052275
327.108600
327.141050
327.199550
327.230975
327.287950
327.353925
327.381200
327.392650
327.532450
327.642425
327.702425
327.736900
327.777600
327.829000
327.872150
328.001000
328.030275
328.094750
328.183050
328.254400
328.314725
328.550600
328.625000
328.705925
328.771900
328.774925
328.800525
328.903375
328.936700
329.030050
329.031900
329.075550
329.104875
329.158500
329.274475
329.334725
329.354050
329.374050
329.413350
329.516025
329.588150
329.622775
329.688275
329.728425
329.769225
329.811275
329.850600
329.951725
329.998325
330.044650
330.072650
330.380800
330.426425
330.483275
330.584625
330.612625
330.642450
330.790375
330.818450
330.862650
330.907725
330.941600
330.975050
331.039850
331.131425
331.184475
331.296925
331.386025
331.431225
331.500200
331.567300
331.598750
331.678650
331.715050
331.740350
331.778875
331.844875
331.903325
331.924875
331.959475
331.994900
331.996925
332.045500
332.083575
332.150925
332.221625
332.281325
332.320025
332.546100
332.621350
332.669875
332.803675
332.848150
332.959700
333.016400
333.080575
333.133425
333.210000
333.295025
333.346300
333.412450
333.461475
333.530775
333.602075
333.665075
333.703825
333.733000
333.775075
333.918125
334.040425
334.113750
334.161100
334.228025
334.273375
334.304275
334.336675
334.392325
334.423250
334.504925
334.566200
334.600850
334.631900
334.733700
334.810050
334.855775
334.921025
334.999625
335.041600
335.172200
335.247200
335.493300
335.636250
335.696900
335.748950
335.768825
335.794550
335.878375
335.893150
335.970025
336.078700
336.118300
336.152000
336.292750
336.329600
336.458025
336.513350
336.538400
336.765600
336.830800
336.853100
336.908075
336.962725
337.017825
337.188975
337.236425
337.246575
337.353475
337.519900
337.550925
337.556950
337.730225
337.786300
337.812600
337.890850
337.968075
338.024350
338.154850
338.260900
338.294500
338.414450
338.571575
338.615875
338.667750
338.688525
338.751150
338.963875
339.003850
339.083725
339.126575
339.165850
339.232800
339.482925
339.518025
339.585875
339.642375
339.670975
339.718100
339.741350
339.882125
339.998200
340.020525
340.097675
340.163700
340.238600
340.307325
340.371075
340.439625
340.475850
340.550725
340.599825
340.630100
340.734875
340.775825
340.818750
340.849500
340.936150
341.008575
341.203975
341.294575
341.339050
341.367450
341.624500
341.704775
341.737000
341.767875
341.804375
341.845300
341.929650
341.998450
342.036225
342.147250
342.181950
342.297800
342.362150
342.373650
342.617775
342.686200
342.756975
342.811625
342.904775
342.906375
342.959900
343.010625
343.032900
343.081250
343.113150
343.158700
343.275700
343.281400
343.328725
343.406250
343.498125
343.536975
343.602300
343.812050
343.861100
344.007050
344.043500
344.115650
344.142075
344.209700
344.275850
344.320175
344.385075
344.442900
344.472375
344.510725
344.638575
344.691100
344.754475
344.881250
344.992200
345.068025
345.249425
345.297175
345.343175
345.401850
345.450825
345.463200
345.495050
345.603700
345.679175
345.754275
345.818475
345.903200
345.986675
346.033675
346.088075
346.228850
346.279875
346.457325
346.507025
346.560425
346.601550
346.653775
346.688300
346.888125
346.928425
347.052375
347.096150
347.117650
347.233975
347.283900
347.368500
347.402150
347.505825
347.593225
347.635525
347.659125
347.708550
347.744125
347.794200
347.863075
347.987950
348.047875
348.094825
348.115925
348.157300
348.194025
348.239625
348.294300
348.329100
348.364750
348.423075
348.533050
348.585650
348.797450
348.904825
349.028800
349.053800
349.091875
349.126375
349.151500
349.164625
349.277425
349.396075
349.614500
349.722550
349.838800
349.861525
349.934475
350.007800
350.123800
350.172775
350.192025
350.221100
350.288175
350.441975
350.582025
350.665125
350.711075
350.737925
350.798550
350.861550
350.938175
351.017900
351.034250
351.070325
351.108300
351.137225
351.243550
351.288450
351.347725
351.472625
351.689800
351.787650
351.891550
351.916200
351.966100
352.157600
352.236950
352.267300
352.316500
352.365250
352.376825
352.400950
352.595425
352.650725
352.741675
352.779125
352.832100
352.991025
353.127100
353.162625
353.211825
353.264950
353.337950
353.376225
353.481575
353.547825
353.621150
353.672825
353.714650
353.757925
353.807925
353.842525
353.902275
353.977450
354.068600
354.343075
354.371950
354.433125
354.617375
354.716050
354.744675
354.815025
354.876175
354.953925
355.042900
355.080625
355.126225
355.181900
355.225000
355.249225
355.302925
355.326600
355.455725
355.486275
355.511075
355.555625
355.687550
355.689325
355.762250
355.773225
355.791425
355.815800
355.864325
355.907375
356.042050
356.331475
356.349625
356.442700
356.491125
356.568075
356.610225
356.641325
356.686850
356.727675
356.750175
357.080300
357.143450
357.183000
357.223250
357.355750
357.391425
357.452200
357.497875
357.550300
357.555850
357.602725
357.746100
357.762725
357.836100
357.940900
357.978025
358.028525
358.089950
358.262025
358.308875
358.389300
358.428950
358.516650
358.658125
358.684950
358.796900
358.831025
358.833150
358.888275
359.002500
359.063625
359.143825
359.177325
359.189625
359.211750
359.314250
359.357900
359.415625
359.472275
359.526650
359.625975
359.659825
359.721675
359.780250
359.884375
360.014075
360.048300
360.130325
360.193200
361.191825
361.350475
361.407575
361.541800
361.711675
361.920400
362.191350
362.899700
363.140000
365.408750
366.259425
366.798375
367.685125
370.293200
370.492375
370.568475
370.609275
370.687475
370.727825
370.816925
371.011025
371.152750
371.180625
371.215350
371.234075
371.308250
371.350850
371.395600
371.505875
371.565350
371.620850
371.665375
371.721600
371.756550
372.001025
372.059425
372.164900
372.259825
372.355975
372.406050
372.463075
372.504925
372.591975
372.643475
372.740600
372.964700
372.981275
373.089650
373.132125
373.191325
373.348900
373.375575
373.464600
373.583525
373.642175
373.742125
373.804525
373.844275
373.884975
373.937600
374.008625
374.051550
374.080925
374.165650
374.210850
374.336175
374.378000
374.417050
374.503650
374.645375
374.664075
374.704775
374.805000
374.972150
375.103650
375.388025
375.518600
375.567550
375.686425
375.765900
375.987150
376.054100
376.089950
376.179200
376.259025
376.301475
376.346100
376.427800
376.540275
376.596925
376.655850
376.733800
376.764625
376.906700
377.018100
377.117000
377.293300
377.398200
377.461850
377.527625
377.587575
377.636525
377.768500
377.814350
377.967025
378.173600
378.392825
378.542400
378.616250
378.682100
378.754425
378.786100
378.915175
379.001350
379.142275
379.228175
379.318450
379.546225
379.597750
379.675725
379.726125
379.798850
379.906625
379.938375
379.986925
380.085975
380.199775
380.230775
380.305400
380.412500
380.511075
380.544950
380.579850
380.637625
380.754225
380.813100
380.847975
380.885300
380.964125
380.999725
381.050975
381.136250
381.266850
381.289900
381.405425
381.516275
381.588500
381.608000
381.690525
381.713525
381.714975
381.798175
381.817800
381.878275
382.071500
382.088425
382.142900
382.158050
382.171875
382.284250
382.423375
382.519625
382.695000
382.749625
382.851625
383.052400
383.085100
383.117925
383.133900
383.264875
383.274650
383.491975
383.671525
383.768975
383.789700
383.908150
383.967475
384.058800
384.313300
384.601850
384.806950
385.252200
385.326825
385.468125
385.644400
386.096125
386.153000
387.287200
387.887525
387.939425
388.731675
388.784625
388.874525
388.938050
389.065875
389.225225
389.280050
389.362950
389.498425
389.556575
389.713875
389.763325
389.809800
389.995225
390.116575
390.183625
390.449375
390.859250
390.904650
391.076700
391.247650
391.804300
391.866825
392.141750
392.220950
392.333475
392.549025
392.823450
392.866400
392.947650
392.977600
393.054150
393.126525
393.233050
393.385625
393.457200
393.519425
393.603250
393.763725
393.834400
393.932700
394.069150
394.299725
394.495575
394.541900
394.632000
394.753075
394.834425
394.885350
394.940650
395.130200
395.225475
395.384950
395.660600
395.763600
395.793575
396.201925
396.379500
396.642725
396.741950
396.824575
396.978175
397.043550
397.105475
397.149500
397.415800
397.503500
397.556125
397.721800
397.799375
397.919100
397.996050
398.176225
398.276525
398.310850
398.466475
398.497200
398.525375
398.607950
398.648400
398.675100
398.726650
398.961150
399.012275
399.154800
399.252850
399.296100
399.465925
399.624225
399.662675
399.680550
399.733200
399.968550
399.984725
400.006675
400.039150
400.051525
400.089375
400.140675
400.163325
400.319025
400.515175
400.530800
400.742200
400.907650
401.096325
401.160175
401.227575
401.240800
401.302975
401.371500
401.554825
401.627325
401.873825
402.002950
402.020925
402.191850
402.284975
402.376875
402.438275
402.460325
402.474100
402.623600
402.958250
403.046350
403.086775
403.111925
403.247300
403.318250
403.453325
403.465375
403.540275
403.612450
403.647575
403.700050
403.911175
403.928750
404.053850
404.117400
404.152150
404.170100
404.306225
404.392100
404.454200
404.466700
404.598650
404.663650
404.682550
405.014850
405.017000
405.071850
405.073400
405.176425
405.200450
405.235325
405.291650
405.326400
405.372150
405.393000
405.407550
405.455575
405.556700
405.588850
405.687075
405.776525
405.843350
405.888300
405.984425
406.129100
406.227625
406.372325
406.463550
406.565100
406.597525
406.605150
406.646850
406.667425
406.717600
407.022950
407.162625
407.185475
407.361950
407.441600
407.473950
407.538400
407.623525
407.657325
407.726625
407.758625
407.782675
407.857175
408.194825
408.219350
408.319700
408.353250
408.382450
408.471200
408.605125
408.638750
408.665850
408.704325
408.811225
408.877975
408.973725
409.020650
409.051075
409.072850
409.095700
409.148825
409.364625
409.465725
409.501575
409.519925
409.628725
409.660425
409.745200
409.803575
409.829850
409.883875
409.885500
409.904775
410.022650
410.045000
410.141275
410.200150
412.043025
413.605825
414.176700
414.180300
415.151600
415.434750
415.644175
417.167550
417.303450
418.349225
418.470950
418.733525
418.933300
419.823350
419.883550
419.967600
419.994675
419.997475
420.176650
420.246000
420.326175
420.400375
420.428900
420.502425
420.531400
420.578525
420.670100
420.695825
420.748175
420.768150
420.819600
420.880825
420.897250
420.963750
421.012775
421.045725
421.065450
421.161225
421.242600
421.308525
421.357200
421.409575
421.433350
421.484050
421.551575
421.577250
421.630250
421.647900
421.733100
421.734400
421.787100
421.818875
421.896150
421.929550
421.947925
422.046875
422.082750
422.137300
422.160100
422.207900
422.318700
422.428225
422.486025
422.504075
422.540050
422.577850
422.584925
422.614675
422.641275
422.746000
422.783950
422.818100
422.868900
422.894500
422.921575
423.008925
423.052825
423.091250
423.128600
423.177600
423.230750
423.266850
423.297525
423.304850
423.352100
423.393025
423.537125
423.601150
423.682650
423.724150
423.760100
423.858000
423.892775
423.930025
423.989150
424.037675
424.058425
424.120925
424.183175
424.282000
424.315300
424.383425
424.423125
424.522225
424.571600
424.611750
424.662100
424.715375
424.739875
424.766750
424.851225
424.887750
424.935675
424.965200
425.055300
425.153325
425.262450
425.331700
425.375325
425.396300
425.427800
425.469850
425.488650
425.597050
425.627925
425.714900
425.785250
425.818200
425.885325
425.920125
425.974950
426.056775
426.101975
426.139425
426.188100
426.211650
426.258550
426.377725
426.434150
426.594700
426.641350
426.702125
426.798000
426.874650
426.944100
427.004825
427.048675
427.084125
427.119125
427.173050
427.250200
427.281775
427.471775
427.506825
427.676600
427.767875
427.845075
427.924400
428.022725
428.104625
428.172275
428.225975
428.255400
428.360725
428.410275
428.452325
428.580850
428.632300
428.702000
428.816975
428.897450
428.957075
429.039625
429.168350
429.225500
429.269675
429.340400
429.416025
429.566900
429.616950
429.654400
429.708475
429.775750
429.882725
429.937100
429.963475
430.063925
430.143075
430.231075
430.291600
430.339150
430.398425
430.558250
430.601000
430.642100
430.664675
430.806225
430.882550
431.060325
431.080475
431.132650
431.167475
431.246325
431.268875
431.288150
431.292775
431.375175
431.411950
431.421850
431.460300
431.613075
431.691225
431.788975
431.836675
431.930975
432.041650
432.088025
432.136275
432.194075
432.361775
432.414725
432.465925
432.542675
432.581350
432.620100
432.629300
432.649925
432.700750
432.776650
432.865450
432.956950
433.003100
433.037325
433.145225
433.168000
433.215325
433.280375
433.433900
433.513150
433.556275
433.572825
433.588900
433.704800
433.739025
433.815150
433.864575
434.165450
434.234850
434.271350
434.345825
434.374100
434.496700
434.556475
434.604850
434.689025
434.812225
434.867250
434.900100
434.950500
435.150175
435.235775
435.275300
435.395000
435.431925
435.474600
435.522150
435.622950
435.692325
435.798625
435.840375
435.878825
435.920275
435.974675
435.991275
436.002525
436.069900
436.111575
436.130750
436.170725
436.220725
436.240650
436.282825
436.361625
436.375725
436.709050
436.812725
436.853075
436.875900
436.888550
437.025575
437.135725
437.351975
437.462950
437.517925
437.561325
437.581750
437.627650
437.796225
437.863400
437.929425
438.026500
438.046075
438.086125
438.145775
438.173425
438.193575
438.244000
438.291900
438.316350
438.364550
438.421375
438.498100
438.584325
438.641575
438.742625
438.764850
438.797425
438.923075
438.950025
439.066625
439.085175
439.215175
439.278350
439.337175
439.427600
439.461225
439.512150
439.560350
439.588950
439.629175
439.680600
439.721500
439.864400
439.892925
439.935375
439.985825
440.052075
440.106325
440.139875
440.180925
440.270150
440.350550
440.393675
440.609900
440.659250
440.721925
440.744950
440.785525
440.886900
440.943325
440.969850
441.007325
441.127975
441.166750
441.192025
441.358375
441.383750
441.435525
441.478600
441.538775
441.622825
441.706825
441.725150
441.845275
441.911650
441.935175
441.993375
442.255175
442.290750
442.438725
442.531575
442.562775
442.664375
442.750425
442.865475
442.929725
442.935725
443.029750
443.059075
443.108550
443.279575
443.376200
443.395675
443.494625
443.524425
443.585250
443.795125
443.942775
444.012700
444.063525
444.120675
444.293600
444.368875
444.719300
444.961250
444.987175
445.022750
445.133950
445.255700
445.498275
445.662900
445.932275
446.013000
446.060700
446.087600
446.150275
446.155200
446.315825
446.368575
446.426000
446.591850
446.670700
446.708925
446.836525
446.887050
446.982025
447.005700
447.094550
447.120625
447.216050
447.267025
447.469000
447.561650
447.610550
447.698575
447.737625
447.862800
447.895875
447.923900
447.986475
448.033100
448.082125
448.180725
448.290875
448.391225
448.452050
448.488500
448.554600
448.607250
448.915400
449.085025
449.112325
449.209025
449.331675
449.341250
449.447700
449.482200
449.555350
449.591800
449.656700
449.671700
449.708225
449.902025
449.947050
450.033075
450.056075
450.085325
450.159200
450.212025
450.354175
450.499400
450.582625
450.664725
450.728825
450.762075
450.786325
451.057700
451.126625
451.172975
451.235400
451.346625
451.405575
451.437425
451.568150
451.611950
451.613625
451.747125
451.819500
451.861500
451.929600
451.994750
452.043875
452.102175
452.194050
452.293050
452.362050
452.397625
452.448800
452.508275
452.512550
452.541850
452.637325
452.708475
452.790175
452.881375
452.940400
453.079075
453.109700
453.141225
453.143050
453.469100
453.529700
453.600550
453.652200
453.906725
453.997300
454.052425
454.109225
454.124800
454.233425
454.292725
454.375725
454.405575
454.421850
454.456625
454.486900
454.525450
454.738075
454.932650
455.072550
455.203550
455.300600
455.302050
455.366625
455.374575
455.436000
455.460075
455.523050
455.617525
455.660800
455.662550
455.711900
455.836950
455.855300
455.868600
455.884725
455.994750
456.081900
456.113525
456.157975
456.203600
456.262375
456.294175
456.391250
456.433250
456.549250
456.577825
456.637725
456.848350
456.972600
457.106525
457.125225
457.387000
457.410275
457.416575
457.433050
457.538375
457.677100
457.753150
457.813125
457.861950
457.944625
458.035650
458.060900
458.222250
458.556800
458.661175
458.746850
458.821100
458.857450
458.890700
458.908150
458.988075
459.051625
459.068525
459.190625
459.228550
459.393050
459.425375
459.432075
459.490775
459.521775
459.534425
459.587450
459.605325
459.635875
459.682725
459.797750
459.909450
459.937125
460.135375
460.261875
461.373625
461.630175
462.065225
470.371450
470.413800
470.492675
470.587775
470.663125
470.714075
470.739700
470.794950
470.831325
470.911100
470.986450
471.047950
471.118550
471.199000
471.355225
471.441775
471.514525
471.569450
471.681950
471.842425
471.986450
472.052175
472.180225
472.238450
472.302950
472.393825
472.482750
472.537950
472.573350
472.663050
472.765200
472.833975
472.960650
473.290600
473.359000
473.548500
473.626675
473.726375
474.008275
474.063200
474.235850
474.278350
474.451825
474.691900
474.736975
474.790450
474.928100
475.041550
475.078775
475.108150
475.191475
475.290500
475.385225
475.611025
475.787900
475.866175
475.930025
476.205775
476.242550
476.401300
476.745450
476.782875
476.895400
476.975925
477.082350
477.209275
477.249575
477.371150
477.473850
477.588450
477.711900
477.773925
477.812600
478.018875
478.051000
478.358350
478.582975
478.733850
478.851650
478.906125
479.062100
479.214700
479.270275
479.407650
479.497450
479.553275
479.634900
479.708975
479.781275
479.837375
479.902475
479.973175
480.060725
480.157500
480.256275
480.555025
480.901675
481.085175
481.126200
481.401275
481.465375
481.522050
481.613925
481.703125
481.830400
481.935975
482.098250
482.237025
482.477925
482.607375
482.676050
482.753425
482.943950
483.004525
483.058800
483.152250
483.261850
483.338550
483.420650
483.459275
483.516150
483.649225
483.806025
483.874475
484.013500
484.225000
484.377325
484.448025
484.711025
484.781675
484.884125
484.952125
485.063125
485.116000
485.373350
485.437750
485.511125
485.559825
485.773250
485.875175
485.975450
486.061275
486.103325
486.173750
486.235425
486.329900
486.389175
486.450525
486.668700
486.711650
486.758525
486.850475
486.926350
486.989875
487.064950
487.117525
487.220925
487.405000
487.503725
487.641750
487.686175
487.769050
487.874675
488.078250
488.161900
488.203300
488.256150
488.321925
488.479000
488.547125
488.607200
488.722250
488.981775
489.101450
489.138800
489.320550
489.427725
489.506475
489.552675
489.622200
489.686000
489.782475
489.849975
489.910800
489.988700
490.130300
490.207325
490.301625
490.578625
490.649525
490.755025
490.824900
490.882525
491.026625
491.283650
491.595375
491.679550
491.897450
491.899200
492.087575
492.212350
492.432450
492.506675
492.584050
492.674725
492.740975
492.814275
493.114950
493.165150
493.233850
493.351775
493.391725
493.484575
493.512800
493.562850
493.728275
493.813350
493.823775
493.902975
493.950700
494.001525
494.196050
494.300875
494.462975
494.491975
494.577375
494.716500
494.884225
494.945250
494.974200
495.006000
495.091750
495.190825
495.289975
495.348250
495.434250
495.592575
495.655750
495.841500
495.864975
495.886800
495.947325
496.058850
496.179000
496.371825
496.466050
496.595075
496.670400
496.724675
496.934300
497.081000
497.182800
497.239200
497.414700
497.500925
497.689275
497.782550
497.896125
497.913675
497.979725
498.029800
498.061125
498.166975
498.215175
498.235125
498.287550
498.405875
498.493775
498.542825
498.617275
498.693175
499.089475
499.145850
499.182075
499.288000
499.330075
499.458975
499.471300
499.527725
499.793250
499.829200
499.913375
499.964950
500.011825
500.099375
500.138350
500.183325
500.280550
500.348275
500.421325
500.467350
500.544850
500.687400
500.826575
500.929450
500.996950
501.173350
501.285825
501.349325
501.444850
501.608100
501.662150
501.881650
502.068875
502.097225
502.157475
502.230400
502.402575
502.438250
502.594525
502.653200
502.690350
502.742125
502.776500
502.841450
502.904975
502.952950
503.004550
503.055650
503.252425
503.311775
503.499225
503.573725
503.608000
503.729625
503.763975
503.851500
504.019775
504.101550
504.157275
504.242625
504.348350
504.419975
504.601775
504.738350
504.771950
504.862800
504.925200
504.978500
505.216175
505.278500
505.318200
505.404050
505.452825
505.633575
505.802975
505.850275
505.905575
505.944100
505.977175
506.103875
506.147775
506.179725
506.228875
506.347400
506.355925
506.377500
506.408250
506.471925
506.545825
506.719675
506.777325
506.828750
506.846800
506.915650
506.981950
507.068275
507.157625
507.213675
507.302050
507.315725
507.491300
507.553300
507.628375
507.654300
507.704300
507.755100
507.796675
507.913125
507.927650
507.949300
507.993400
508.032775
508.162200
508.241800
508.271650
508.417300
508.446850
508.553150
508.630000
508.696250
508.811900
508.953925
509.023425
509.055750
509.100575
509.394375
509.511850
509.580975
509.702375
509.772750
509.821300
509.858700
509.904775
510.263800
520.442825
520.501050
520.538750
520.628700
520.695325
520.847975
520.891350
520.963275
521.065400
521.096100
521.348625
521.377600
521.583650
521.627600
521.718600
521.874625
522.019650
522.121800
522.162350
522.350800
522.622625
522.662400
522.852050
522.971375
523.017275
523.389500
523.596150
523.618225
523.816525
524.012925
524.148325
524.298400
524.509725
524.567825
524.736400
524.860250
524.935125
525.107550
525.366225
525.678050
525.856000
526.069750
526.328450
526.400375
526.695450
526.794325
526.989125
527.081875
527.174100
527.370750
527.548425
527.603750
527.793500
527.921075
528.043725
528.168550
528.336100
528.374750
528.549250
528.706600
528.899075
528.960625
529.130675
529.172800
529.261225
529.582525
529.695775
529.739700
529.988825
530.020450
530.160375
530.364400
530.416825
530.513225
530.569725
530.613100
530.656400
530.755250
531.043600
531.281025
531.844125
531.965550
531.985225
532.036075
532.089325
532.393375
532.510825
532.532925
532.611050
532.655000
532.682425
532.786450
532.816050
532.868075
532.940650
533.090600
533.212300
533.250500
533.393725
533.518525
533.675400
533.838825
533.999475
534.024450
534.044300
534.214200
534.373650
534.697425
534.808850
534.846775
534.938625
534.984400
535.137825
535.184600
535.206600
535.348375
535.399000
535.483425
535.504475
535.673150
535.739775
535.834950
535.935250
535.962850
535.973750
536.001175
536.045475
536.070475
536.097750
536.112875
536.260125
536.311900
536.378900
536.618875
536.817250
536.847025
536.891600
537.027575
537.075000
537.113425
537.162450
537.177275
537.236000
537.334300
537.376675
537.475650
537.541350
537.588750
537.603525
537.633300
537.712325
537.819100
538.019375
538.200175
538.341325
538.392600
538.440575
538.618175
538.657950
538.724450
538.900150
539.023425
539.086475
539.414275
539.458075
539.599400
539.679250
539.715400
539.793200
539.835900
539.903000
539.950675
540.020550
540.099200
540.212475
540.223600
540.260450
540.564375
540.719250
540.791050
540.866550
540.911625
540.964575
541.025450
541.339550
541.530150
541.587600
541.618625
541.632275
541.667250
541.725425
541.753975
541.968850
542.005725
542.047650
542.108975
542.187125
542.244550
542.454125
542.611750
542.654925
542.808475
543.055200
543.131325
543.298075
543.348250
543.457075
543.564625
543.832450
544.209500
544.367775
544.449600
544.516325
544.574900
544.715175
544.990775
545.082250
545.159900
545.260275
545.355700
545.546275
545.673300
545.733475
545.834475
545.981900
546.151600
546.240200
546.303925
546.396050
546.732175
546.903650
547.042000
547.147275
547.207125
547.255700
547.429625
547.486325
547.859625
547.918550
548.055925
548.118125
548.313200
548.340475
548.430450
548.441400
548.654300
548.722050
548.820725
549.003675
549.157900
549.173575
549.321925
549.376525
549.470700
549.728825
549.798450
549.829900
