# # All spikes for Neuron
0.574425
0.665100
0.693350
0.827100
0.952700
1.113925
1.286525
1.475825
1.668725
1.700600
1.997325
2.009500
2.094875
2.124300
2.180750
2.428050
2.838075
2.905425
2.964100
3.298425
3.349575
3.500100
3.756400
3.915675
3.938075
3.996050
4.030800
4.134175
4.197525
4.283275
4.301525
4.483250
4.640350
4.736150
4.826225
4.913200
4.954750
5.106450
5.541450
5.641275
5.839250
5.884100
5.938200
6.399375
6.470925
6.580400
6.623925
6.674800
6.843700
7.001650
7.235000
7.469275
7.610425
7.711125
8.121075
8.148400
8.263750
8.330225
8.360325
8.608900
8.681225
8.730750
8.775875
8.810650
8.890375
8.925250
8.987525
9.075575
9.186675
9.353825
9.462400
9.483025
9.508500
9.628550
9.722000
9.830775
9.904200
10.011650
10.028125
10.067675
10.085450
10.399325
10.663350
10.748050
10.865425
10.977050
11.013775
11.079375
11.145650
11.155000
11.265075
11.379875
11.578475
11.657225
11.805900
12.433425
12.455500
12.762925
12.867150
13.266200
13.612775
13.744250
13.774950
13.822725
13.892850
13.917525
13.956375
14.007975
14.101750
14.127150
14.231975
14.468475
14.536900
14.682375
14.740750
14.757325
14.861650
14.899875
14.909550
14.939025
15.091900
15.444250
15.582575
15.642600
15.664100
15.797750
15.995175
16.021150
16.051025
16.330150
16.511250
16.597950
17.016875
17.258250
17.332450
17.664975
17.674925
17.723600
17.754800
17.904900
18.132375
18.918400
19.076675
19.467450
20.621400
21.009300
23.276275
23.554450
23.586100
23.633475
24.410200
24.551900
25.203125
25.421175
25.488725
25.600600
25.612550
25.687025
25.828300
25.895500
26.093250
26.797650
26.835250
27.008950
27.257400
27.276525
27.365875
27.678825
27.920075
28.498850
28.586175
28.913325
29.013025
29.376325
29.443600
29.564175
29.816550
29.895250
29.949125
30.203025
30.526025
30.636350
30.744475
30.848775
31.134550
31.569150
31.920975
31.972100
32.325625
32.695750
32.809975
33.324075
33.348225
33.376400
34.445175
34.603625
34.825125
35.301875
35.487425
35.660150
35.751425
35.884975
36.029325
36.047650
36.190725
36.428425
36.619650
36.990400
37.202300
37.272300
37.565000
37.649300
37.939325
37.983800
38.044875
38.139250
38.265925
38.309425
38.435675
38.448325
38.503300
38.660700
38.881125
39.180575
39.632100
40.221050
40.393175
40.505275
40.537375
40.700500
40.837225
41.026875
41.658100
41.853350
41.914000
42.085075
42.126000
42.267425
42.303750
42.577025
42.610550
42.638325
42.781625
42.965275
43.172750
43.311475
43.717950
43.774500
44.088050
44.172350
44.488950
44.533675
44.567575
44.654125
44.679800
44.958375
44.982975
45.202200
45.219450
45.250550
45.495750
45.557075
45.686675
45.738725
45.860500
45.999050
46.244350
46.607925
46.732150
46.753675
46.943200
47.226150
47.612925
47.641500
47.674125
47.714700
47.830325
48.160925
48.271050
48.445375
48.465325
48.541850
49.121975
49.135050
49.425675
49.501100
49.654775
49.745425
49.840000
49.895225
49.913950
49.964175
50.118175
50.209000
50.439450
50.478675
50.486850
50.940375
51.193175
51.341325
51.425025
51.562000
51.643825
51.850625
51.942075
52.090225
52.156100
52.259300
52.348050
52.383025
52.527725
52.672850
52.708700
52.876950
53.155475
53.182700
53.555550
53.925525
53.997475
54.096650
54.145200
54.320325
54.446825
54.624075
54.688600
54.776800
54.830600
54.892350
55.033400
55.209625
55.321375
55.454725
55.670450
55.696150
55.716850
55.806950
56.024500
56.209075
56.231975
56.392700
56.614425
56.801850
56.824000
56.968300
56.988350
57.560325
57.814875
57.832075
58.081425
58.330425
58.415725
58.624375
58.998125
59.116800
59.255725
59.574550
59.681900
59.780825
59.871925
59.899550
60.066250
60.246650
60.283350
60.305400
60.313675
60.380375
60.509600
60.867525
60.880300
60.899100
60.925425
60.960650
60.985125
61.084600
61.613925
61.629300
62.297850
62.323100
62.369375
62.392650
62.409450
62.440775
62.897875
63.153000
63.611075
63.794975
63.845300
63.867500
64.019225
64.107400
64.148750
64.272900
64.292775
64.310850
64.563175
64.612325
64.656150
64.673250
64.948150
65.304025
65.340525
65.424675
65.851950
66.012775
66.143325
66.247700
66.342425
66.471050
66.603475
66.703725
67.051575
67.062100
67.398050
67.520175
67.641250
67.666425
67.904225
68.220975
68.242200
68.345975
68.642150
68.661350
68.744000
68.893400
69.158975
69.416700
69.539000
69.602775
69.765150
69.842200
70.046575
70.216850
70.295575
70.739325
70.971975
71.052875
71.371975
71.400725
71.438000
71.476150
71.701600
71.716750
71.808000
72.040375
72.179125
72.245475
72.267425
72.592625
72.636075
72.653075
72.688950
73.225750
73.764600
73.999725
74.051100
74.104900
74.142925
74.155375
74.168850
74.200450
74.311125
74.434450
75.003350
75.124950
75.160675
75.220025
75.270675
75.336475
75.461575
75.760950
75.832125
75.847025
76.020675
76.073375
76.207475
76.721550
76.799425
76.823575
76.860125
76.965975
77.036425
77.061275
77.353375
77.422725
77.457225
77.488500
77.571150
77.820725
77.851675
77.885975
77.937600
77.985925
78.165125
78.350775
78.406725
78.422025
78.553700
78.642900
78.658600
78.949375
79.089550
79.187625
79.211325
79.247850
79.294600
79.420925
79.461350
79.622500
79.645850
79.882700
80.094775
80.126600
80.260100
80.321025
80.355300
80.497125
80.830075
80.890700
81.023325
81.066275
81.327725
81.575875
81.668950
81.696000
81.714400
81.971500
82.078600
82.094775
82.559325
82.650475
82.728100
82.885175
83.048700
83.095350
83.170925
83.291700
83.331675
83.453525
83.684125
83.908725
84.077750
84.189500
84.298050
84.427625
84.542250
84.612825
84.658425
84.709450
84.780300
84.907250
84.974500
85.144900
85.263350
85.365975
85.423775
85.514100
85.557725
85.717875
85.734325
85.799325
85.834675
85.937175
86.403450
86.542100
86.566675
86.813525
87.051600
87.067225
87.527300
87.938500
87.995050
88.034650
88.266575
88.327600
88.339600
88.387400
88.676300
88.769300
88.935675
88.983975
89.408575
89.639675
89.658550
89.689200
89.814250
89.836725
89.871350
89.935725
89.957275
90.252450
90.457800
90.484125
90.594775
90.617525
90.674625
90.778150
91.230625
91.521550
91.725775
91.848225
91.875050
92.010150
92.118575
92.230725
92.307275
92.553950
92.636075
92.693400
92.936400
93.206450
93.245050
93.271350
93.461675
93.472950
93.574900
93.602850
93.664850
93.694300
93.784100
93.796575
93.862050
93.978425
93.998700
94.185225
94.215550
94.254825
94.365225
94.421200
94.506575
94.522150
94.589775
94.602725
94.614175
94.888625
94.981425
95.203275
95.365425
95.405275
95.465150
95.565250
96.046650
96.434925
96.502000
96.542925
96.603225
96.655325
97.105025
97.144450
97.161900
97.246875
97.263250
97.278600
97.988250
98.082225
98.264000
98.282300
98.334475
98.404000
98.683025
98.805550
99.061250
99.098800
99.395150
99.464450
99.481325
99.624675
99.856675
99.973375
99.993425
100.174150
100.212925
100.235100
100.375575
100.450550
100.503025
100.780975
100.802325
100.910275
100.976425
101.113900
101.482025
101.521550
101.539950
101.681850
101.700900
101.714350
102.148525
102.240375
102.540200
102.589675
102.824900
102.875575
102.893675
103.002150
103.072250
103.535175
103.599900
103.782150
103.792475
103.934925
104.041725
104.086825
104.474400
104.523725
104.581550
104.632200
104.824425
104.847825
104.892625
104.942450
104.965850
105.504150
105.696450
105.735075
105.765800
105.786050
105.797800
105.875150
106.220300
106.370350
106.517600
106.728375
106.744800
106.771250
106.916750
106.928900
106.989650
107.034475
107.289825
107.368025
107.410775
107.456875
107.485350
108.107300
108.143450
108.177225
108.344850
108.355250
108.508425
108.631600
108.912075
108.919075
109.012050
109.083775
109.087025
109.130025
109.188300
109.222425
109.362750
109.547350
109.577475
109.607775
109.761750
109.773300
109.818350
110.022850
110.528475
110.570325
110.615750
110.868650
111.016800
111.277675
111.294350
111.322650
111.373025
111.398250
111.751000
111.832650
112.084900
112.255925
112.787975
112.859000
112.962300
113.031325
113.062350
113.070575
113.098775
113.371275
113.483275
113.724725
113.994675
114.082025
114.282900
114.472650
114.492575
114.596425
114.715325
114.830675
114.844650
114.972300
115.132175
115.450750
115.626600
115.672175
115.863950
115.908075
115.940050
116.091925
116.130375
116.241375
116.352350
116.374550
116.404400
116.601900
116.725525
116.770850
116.792250
116.955850
117.251100
117.333250
117.856275
117.911375
118.162800
118.200275
118.376500
118.877425
118.973825
119.267200
119.326650
119.814600
119.983775
120.080625
120.350425
120.425525
120.565500
120.937925
121.033525
121.580475
121.696700
121.723525
121.776875
121.945475
122.060975
122.559675
122.686350
122.901900
122.948250
123.129700
123.604575
123.882475
123.990375
124.017250
124.157525
124.278700
124.344500
124.363650
124.474875
124.790875
125.008750
125.198350
125.240575
125.339300
125.455025
125.695800
125.706100
125.795000
125.826725
125.916675
126.136275
126.150700
126.214300
126.411150
126.480625
126.699400
126.772200
126.889700
126.917375
126.925300
126.934200
127.047075
127.077050
127.360350
127.623100
127.708775
127.741200
127.931800
127.968450
128.122500
128.519025
128.534850
128.743800
128.773225
128.842800
129.025700
129.110675
129.155375
129.251875
129.554150
129.680800
129.705500
129.760475
130.428975
130.491225
130.666125
130.699250
130.717475
131.043000
131.420375
131.562800
131.616725
131.713850
131.934650
132.004350
132.213350
132.260425
132.282850
132.461000
132.568450
132.843350
132.982200
133.021375
133.501900
134.222100
134.473750
134.586575
134.608850
135.438150
135.515150
135.875650
136.094950
136.139350
136.191975
136.588375
136.878700
137.101550
137.161925
137.331075
137.458425
137.961200
138.071325
138.287150
138.520500
138.590325
139.100550
139.154675
139.183125
139.248950
139.763375
139.898675
140.002975
140.103375
140.426900
140.515875
140.575125
140.620575
140.652425
140.824950
140.857825
141.281525
141.852050
142.162475
142.769225
142.856325
142.890475
143.230700
143.317575
143.486350
144.489550
144.661925
144.758575
145.146300
145.255175
145.674050
145.678650
146.020325
146.038525
146.119475
146.153200
146.268250
146.544250
146.756825
146.837000
147.034500
147.080150
147.397650
147.530275
147.935225
148.173650
148.280600
148.530375
149.427075
149.467025
149.570375
149.703250
150.168575
150.232500
150.273850
150.407725
150.473825
150.632525
150.748850
150.921775
151.213675
151.396475
151.530025
151.835100
152.139675
152.157250
152.431100
152.473725
152.605750
152.669750
152.726350
153.012250
153.040175
153.117250
153.229650
153.268100
153.526300
153.566625
154.160075
154.224350
154.491475
154.637225
154.702550
154.815400
155.260525
155.435225
155.448850
155.503675
155.579325
155.671000
155.709550
155.888850
156.200450
156.267675
156.343925
156.759900
156.791025
156.828375
157.112450
157.338925
157.408900
157.751525
157.802900
157.865425
157.880800
157.984525
158.282675
158.291950
158.301425
158.491950
158.504300
158.610800
159.322450
159.671625
159.834725
160.133350
160.340725
160.605650
160.822150
160.872825
160.913350
161.167250
161.197750
161.499775
161.559225
161.611525
161.747050
161.793550
161.896500
161.995425
162.332600
162.506450
162.564950
162.607800
162.678525
163.037025
163.102000
163.152875
163.219800
163.487250
163.932950
164.278650
164.292200
164.428550
164.543800
164.577800
164.625375
164.960175
165.096800
165.242650
165.975225
166.081800
167.809050
168.640600
168.721925
169.171075
170.093400
170.419800
170.736900
171.341850
171.574000
171.608100
171.719150
172.256300
172.762100
172.822275
173.712800
174.163875
174.352350
174.677275
174.932925
175.060575
175.144550
175.436200
175.468425
175.571000
175.611775
175.662275
175.782400
176.678200
178.109400
181.295650
181.497575
183.488275
183.825975
183.945900
183.992250
185.247225
186.122450
186.489975
187.200125
187.291475
187.452975
187.490325
187.733100
188.038175
189.742100
189.839600
190.383325
190.448650
190.840675
190.887625
191.571575
191.764475
191.989750
192.331025
192.524225
192.718050
192.797050
193.177575
193.953125
194.507225
195.453700
195.863100
195.900650
195.914800
196.370325
196.645950
196.850200
197.015000
198.169375
198.719050
199.085450
199.852700
199.956650
200.011525
200.260825
200.639575
200.729775
200.761075
200.955125
201.210175
201.331900
201.979000
202.263725
202.287025
202.519825
202.586600
202.832150
202.972275
203.058675
203.260175
203.401650
204.018750
204.362550
204.634975
204.772025
204.933225
205.108650
205.207750
205.301525
205.369525
205.612650
205.813325
205.868000
206.647975
206.805575
206.962800
207.101850
207.103975
207.439800
207.613375
207.652300
207.694025
207.712600
208.090325
208.318925
208.595325
208.646600
208.949100
209.089800
209.198200
209.276125
209.532100
209.662900
209.782500
209.813625
209.917250
210.033950
210.092525
210.320000
210.528100
210.835625
210.886125
211.615900
212.019900
212.338300
212.513675
212.781650
213.174325
213.247125
213.540800
213.942150
214.299300
214.327325
214.391775
214.424925
214.720325
214.758575
214.865325
214.958150
215.004650
215.341350
215.454825
215.717350
215.803400
216.652025
216.881325
217.147175
217.326500
217.384125
218.033950
218.225450
218.267200
218.540125
218.553100
218.765525
219.010175
219.148850
219.312825
219.960300
219.974350
220.485850
220.501450
220.574800
220.622250
221.073150
221.580700
221.781850
222.281125
222.858000
223.238200
223.384550
223.459775
223.733575
224.183175
224.336725
224.395600
224.575225
224.772800
224.820300
225.277175
225.688200
225.864875
225.994525
226.078775
226.375225
226.420700
226.603450
226.765225
226.832300
227.445350
227.508600
227.660200
227.809425
227.921950
228.459350
228.691525
229.151800
229.520850
229.784150
229.836925
230.144125
230.418575
230.651100
231.003575
231.701750
231.954175
232.059475
232.238475
232.289700
232.558875
232.803550
232.860375
232.887225
233.419800
233.851900
233.882800
233.951475
234.125175
234.166275
234.651650
234.882825
235.217375
235.579875
235.762075
236.060600
236.553025
236.602575
236.617575
236.684900
237.011150
237.158750
237.222925
237.530100
237.670775
237.695750
237.837200
238.041000
238.860675
239.162000
239.493350
239.655600
239.747575
239.784475
239.815850
240.049725
240.182525
240.695800
241.040425
241.050300
241.124000
241.139125
241.299275
241.343775
241.435600
241.625675
241.716100
241.854100
241.954300
241.987850
242.095775
242.190450
242.252825
242.431175
242.673925
242.863350
242.884575
243.344525
243.392875
243.700275
244.082950
244.977975
245.344850
245.631950
245.721300
245.783600
245.907600
245.931975
246.071000
246.112050
246.290925
246.310950
246.491450
246.534025
246.554775
246.572975
246.826350
246.936400
247.263575
247.303100
247.341300
247.442250
247.550450
247.717675
247.731000
248.000150
248.040400
248.114075
248.376100
248.547650
248.721900
249.539200
249.594675
249.828675
250.172025
250.852475
251.246650
251.309300
251.367675
251.622450
251.653950
251.767075
251.790950
252.275875
252.483275
252.564125
252.663275
252.744750
252.969775
253.339675
253.684975
253.738900
253.850325
253.934950
253.992375
254.265025
254.756550
255.039275
255.100925
255.193725
255.243800
255.271375
255.350400
255.431175
255.461200
256.025650
256.285475
256.441300
256.704650
256.752200
257.078750
257.134200
257.275575
257.315225
257.366750
257.418575
257.451350
257.788150
258.166550
258.421450
258.548600
258.644425
258.842900
259.802325
259.929525
259.998325
260.114000
261.214575
261.338800
261.434625
261.810575
261.950700
262.313125
262.341725
262.358850
262.544550
262.618100
262.882900
263.000375
263.371725
263.505325
263.661925
263.775675
263.857125
263.959175
264.101125
264.233950
264.625100
264.654350
265.073075
265.718775
266.184375
266.192600
266.209550
266.440300
266.468750
266.585625
266.646675
266.962325
267.010350
267.059425
267.684275
267.706350
267.762200
268.068225
268.295350
268.395550
268.510000
268.682800
268.971050
268.988575
269.060425
269.612575
269.656625
270.039625
270.087400
270.116775
270.136900
270.632650
270.912325
270.941000
271.115225
271.168100
271.340100
271.606975
271.626675
271.989350
272.128100
272.143425
272.164825
272.214125
272.241175
272.312550
272.363025
272.540825
272.597225
272.624725
272.658925
272.748675
272.879350
273.054875
273.188625
273.196875
273.274275
273.442175
273.493600
274.111950
274.121150
274.131875
274.475900
274.686725
274.848750
275.046000
275.078550
275.110200
275.133275
275.167050
275.309575
275.486350
275.509400
275.539425
275.559550
275.596625
275.913950
275.944250
276.220975
276.468375
276.657850
276.876225
276.931800
277.096275
277.117625
277.139650
277.372150
277.452950
277.516200
277.531250
277.695900
277.734225
277.830950
277.934625
277.955600
277.994600
278.027000
278.044050
278.149800
278.334025
278.424075
278.451125
278.482025
278.598350
278.666250
279.030650
279.046900
279.392000
279.542225
279.994950
280.158675
280.249275
280.356725
280.390775
280.417675
280.482925
280.983750
281.028425
281.055775
281.120975
281.307175
281.400550
281.455350
281.691425
281.763275
281.944125
282.150475
282.167725
282.230525
282.474275
282.520050
282.817100
282.965825
283.036000
283.289400
283.304025
283.518000
283.578500
283.669025
283.687300
283.872400
284.127700
284.154750
284.419275
284.463625
284.603675
284.903250
285.196125
285.376750
285.547125
285.640525
285.778350
285.932275
286.607950
286.620700
286.636000
286.642725
286.749050
287.153000
287.407275
287.440900
287.665575
287.887625
288.093550
288.363275
288.376625
288.488650
288.498950
288.542225
288.632650
288.863350
288.998400
289.023925
289.317400
289.347875
289.585525
289.602600
289.627500
289.751175
289.795050
289.981175
290.293550
290.564500
290.635875
290.684100
290.785000
290.826175
290.850225
290.976925
291.040200
291.054150
291.057075
291.106725
291.427575
291.448450
291.460250
291.544725
291.581200
291.629950
291.637175
291.818625
292.086125
292.337650
292.358950
292.398700
292.461725
292.463175
292.488000
292.749775
293.009575
293.063625
293.151200
293.167375
293.190925
293.220325
293.433900
293.880825
294.053500
294.375250
294.620475
294.696125
294.754375
294.876375
295.264750
295.360900
295.656550
295.843575
295.888500
295.922125
295.945300
296.255325
296.326975
296.396150
296.420150
296.817475
296.894175
297.161175
297.223225
297.338200
297.717000
297.900975
298.095875
298.140725
298.311575
298.420950
298.495550
298.636000
298.681200
298.707875
298.760650
298.902875
299.153800
299.413000
299.658300
299.698450
299.844350
299.880550
300.058425
300.476925
300.578825
300.671225
300.902450
300.954525
301.063200
301.616600
301.806875
302.034450
302.372725
302.400975
302.524200
302.578525
302.638550
302.773350
302.845900
302.883075
302.940950
303.083450
303.134150
303.269675
303.467375
303.730200
303.745050
303.889400
304.045325
304.141550
304.221800
304.434000
305.419775
305.834500
305.863700
305.933050
306.026600
306.538150
306.607050
306.677875
306.787000
307.075325
307.201150
307.449750
307.475025
307.570775
307.660975
307.815350
307.903350
307.933275
307.947575
308.027025
308.068325
308.095675
308.366450
308.442325
308.645975
308.902725
308.968750
309.096425
309.210950
309.527600
309.570925
309.766725
310.051675
310.185350
310.307875
310.344650
310.366275
310.468350
310.567700
310.622325
310.704525
310.726300
310.855275
310.880125
310.903250
311.104375
311.118775
311.149775
311.194600
311.207950
311.301775
311.309375
311.403525
311.520525
311.532950
312.745425
312.977525
313.036275
313.263100
313.508375
313.595425
313.660275
314.192100
314.231925
314.353025
314.380400
314.402150
314.618500
314.646500
314.710450
314.768700
314.800625
314.953350
315.075650
315.126900
315.326175
315.367775
315.402775
315.475125
315.606300
315.661325
315.740775
315.773950
315.866225
316.008100
316.530125
316.716000
316.782900
316.820650
317.207650
317.235375
317.493300
317.571150
317.612400
317.691600
317.750675
317.790425
317.859925
317.991200
318.286200
318.362600
318.388250
318.545550
318.779375
319.513975
321.620925
322.388700
323.599725
323.617625
324.275225
324.300600
324.894650
325.297500
325.410600
326.146675
326.213750
326.224575
326.291275
326.521450
326.967650
327.375150
327.510775
327.627950
328.744025
329.192575
329.268000
329.512800
329.593050
329.646425
329.844400
330.528400
330.856775
332.048275
332.276150
333.009250
333.136200
333.328500
333.436925
333.523750
333.535375
333.595450
333.706500
334.077775
334.366600
334.938725
335.510850
335.838525
335.878450
336.115250
336.316000
336.566750
336.724350
336.846950
336.985150
337.414250
337.499200
337.566225
337.828575
338.158875
338.181875
338.594425
338.675875
338.721700
339.077925
339.163875
339.294750
339.511375
339.576175
339.704225
340.012650
340.309050
340.357250
340.774775
340.993925
341.117025
341.222075
341.487325
341.575850
341.594825
341.607525
341.742450
341.841825
342.350925
342.678150
342.682225
342.868575
342.989275
343.030175
343.208725
343.745475
343.907675
344.232750
344.299800
344.594325
345.050800
345.683925
346.390525
346.653300
346.897525
347.043500
347.168850
347.256075
347.435650
347.654675
347.706950
347.748950
348.008500
348.301725
348.750950
348.760050
348.843650
349.031300
349.102350
349.355750
349.508575
349.610025
349.703350
349.956300
350.061600
350.079700
350.454225
350.517300
350.557525
351.040450
351.211175
351.403925
351.702200
351.759650
351.968825
352.000100
352.416650
352.605200
352.755350
353.204100
353.457900
353.470925
353.545825
353.817675
353.836500
353.872675
354.007650
354.133100
354.330475
354.583175
354.807075
354.873825
355.000125
355.345000
355.393875
355.563175
355.690525
355.787450
355.935600
356.116675
356.143200
356.229275
356.314400
356.376500
356.394575
356.401475
356.417100
356.461725
356.635525
356.658675
356.699375
356.726025
356.989250
357.037275
357.386750
357.503550
357.637725
357.707250
357.759275
357.912600
358.010575
358.094150
358.191000
358.225575
358.278500
358.479900
358.549975
358.743450
358.952050
359.063100
359.224700
359.509175
359.539200
359.661475
359.836000
359.870200
359.887650
360.145625
360.180650
360.346050
360.394275
360.453800
360.715350
360.804075
360.830575
360.864175
360.936350
361.167050
361.409350
361.822050
361.924600
362.273175
362.342475
362.435325
362.727975
362.770175
362.796275
362.823525
362.873650
362.932075
363.082250
363.199700
363.329600
363.678250
363.692225
363.740225
363.836450
363.872675
364.112000
364.273525
364.309625
364.452925
364.499050
364.759300
365.184700
365.433075
365.830725
365.917275
366.064450
366.083225
366.402700
366.450325
366.546875
366.619225
366.905000
367.003350
367.090500
367.288325
367.349425
367.885750
367.914475
368.090175
368.095375
368.121075
368.245525
368.417800
368.543600
368.613225
368.717025
368.736450
368.778825
368.847700
369.679125
369.732400
369.772475
370.041425
370.165225
370.240625
370.728850
370.755750
370.843450
370.987700
371.078525
371.105950
371.112000
371.152100
371.190100
371.269025
371.283575
371.424825
371.600625
371.730525
371.924025
372.097000
372.121750
372.199200
372.353950
372.551450
372.644025
372.683800
372.834500
372.864650
373.040450
373.136725
373.351850
373.641425
373.793025
373.959600
374.090850
374.423275
374.743550
374.783050
374.795775
374.808425
374.954450
375.341950
375.460450
375.587000
375.640700
375.863000
375.929300
376.245350
376.300800
376.469800
376.524050
376.561425
376.905450
377.000800
377.028175
377.154350
377.295150
377.311675
377.356625
377.373650
377.774700
378.085875
378.378225
378.442225
378.576800
378.619100
378.635050
378.660225
378.740825
378.897475
378.989800
379.239025
379.396500
379.488275
379.554050
379.591925
379.683650
379.827525
379.877700
380.130875
380.290850
380.347450
380.455800
380.481125
380.568900
380.814625
380.916400
380.951475
381.220875
381.234425
381.537750
381.581800
381.619525
381.689800
381.853325
382.092700
382.273800
382.409450
382.689825
383.396375
383.510275
383.620775
383.638925
383.789225
383.865775
384.030825
384.135550
384.202750
384.465425
384.510250
384.682125
384.900975
384.925325
385.026300
385.037825
386.124000
386.143425
386.269625
386.287650
386.314600
386.501225
386.608650
386.630375
386.788275
386.845300
387.139950
387.340950
387.441650
387.443125
387.477425
387.584500
387.703175
387.725200
387.804025
387.832025
387.942350
388.038175
388.153950
388.196775
388.257325
388.293025
388.454075
388.585525
388.999175
389.164100
389.336350
389.537250
389.560175
389.645575
389.788475
389.804900
389.881400
389.947175
390.071650
390.137400
390.260225
390.522450
390.585525
390.596625
390.880675
390.940875
391.295850
391.373325
391.677975
391.710950
391.726175
391.773525
391.784825
391.822675
391.845675
392.094000
392.206900
392.223950
392.237500
392.256350
392.285300
392.304125
392.548600
392.571500
392.633150
392.652300
392.864650
392.932500
393.107325
393.133125
393.163550
393.564225
393.687550
393.715300
393.751750
393.854875
393.951950
394.378700
394.382200
394.398775
394.528475
394.537925
394.664075
394.946500
395.172225
395.204500
395.393300
395.414875
395.479800
395.506375
395.525100
395.568625
395.653150
395.819700
395.919800
396.026400
396.147700
396.157750
396.417350
396.443050
396.521600
396.541275
396.629625
396.961800
397.082875
397.250825
397.284025
397.313200
397.390225
397.551825
397.597325
397.663700
397.713825
397.803550
397.843600
397.880400
398.031275
398.202375
398.217825
398.292950
398.310125
398.440425
398.626750
398.747875
398.905500
399.184250
399.237900
399.279700
399.435850
399.480975
399.557925
399.972675
400.075875
400.172350
400.188125
400.268950
400.357175
400.383900
400.421825
400.521450
400.689375
400.881250
401.131625
401.241900
401.274975
401.417725
401.537125
401.651150
401.668725
402.003950
402.046850
402.086550
402.107450
402.316350
402.481000
402.600075
402.667625
402.736500
403.110175
403.249575
403.686725
403.801975
403.841975
403.864425
403.911300
403.968975
404.065475
404.401700
404.553975
404.719725
404.916850
405.226575
405.245750
405.277675
405.344775
405.357200
405.370975
405.402325
405.482325
405.582225
405.734425
406.005175
406.041050
406.184075
406.219250
406.349625
406.422375
406.436150
406.691750
406.823725
406.958175
407.050050
407.188525
407.219575
407.230325
407.290150
407.525075
407.550400
407.632375
407.949250
407.970550
407.987800
408.128050
408.329650
408.475400
408.569100
408.691750
408.717575
408.885050
409.211900
409.280150
409.402925
409.519450
409.536475
409.802550
409.822275
409.849275
409.996525
410.039125
410.085850
410.326475
410.366775
410.496650
410.539600
410.586825
410.948350
410.968275
411.000050
411.087525
411.201850
411.216375
411.252650
411.326650
411.499775
411.628275
411.939325
412.258325
412.920250
412.962925
413.220600
413.607350
413.773625
414.075900
414.277450
414.644000
414.768750
414.827725
414.860550
414.881975
415.184500
415.268875
415.292775
415.347450
415.365825
415.532625
415.566775
415.684950
415.713375
415.761450
415.781925
415.816875
415.834050
415.956150
415.981425
416.070075
416.083675
416.101200
416.215975
416.274175
416.326175
416.342425
416.354425
416.401525
416.506000
416.565900
416.591650
416.621825
416.750175
416.779650
416.935200
417.023625
417.146900
417.165300
417.306375
417.477900
417.532475
417.635750
417.793100
417.843475
418.189500
418.241975
418.346025
418.446900
418.474375
418.523725
418.608225
418.726125
418.763500
418.852975
418.938900
418.982000
419.358850
419.375275
419.427575
419.542925
419.594425
419.729375
419.864700
419.920275
419.934575
420.016375
420.072075
420.237750
420.319125
420.338275
420.364600
420.429725
420.615075
420.706625
420.718675
420.820275
420.836500
420.942625
421.035475
421.055350
421.713625
421.728475
421.888200
421.948850
422.274950
422.397925
422.410550
422.779975
422.828025
422.919425
423.057725
423.217975
423.398350
423.484775
423.540000
423.558100
423.579200
423.609600
423.799825
423.913050
424.189675
424.221625
424.400925
424.429250
424.458525
424.879650
424.904225
424.967975
425.009825
425.059675
425.073875
425.104600
425.131550
425.208025
425.224075
425.257150
425.347400
425.395375
425.479600
425.513675
425.950725
425.975725
426.036625
426.520450
426.749475
426.808800
426.845150
426.921900
427.618100
427.648450
427.699000
427.730975
427.760550
427.815550
427.826575
427.897075
427.933450
428.007625
428.056500
428.069000
428.115575
428.152200
428.240475
428.585925
428.613075
428.634550
428.713750
428.724175
428.842600
428.852425
428.888825
429.095175
429.153050
429.509025
429.569125
429.643275
429.668000
429.880700
429.912375
429.937250
430.013275
430.147650
430.197875
430.502850
430.518175
430.639050
430.980550
431.146075
431.210250
431.262275
431.291125
431.488125
431.507125
431.530350
431.739000
431.958575
431.990325
432.097450
432.118425
432.141550
432.175725
432.281200
432.358850
432.446050
432.543725
432.579050
432.818825
432.905850
432.999800
433.069125
433.254425
433.323075
433.363325
433.452975
433.606950
433.627625
433.698450
433.957150
434.203375
434.222275
434.240700
434.281775
434.407625
434.555825
434.601575
434.620625
434.659175
434.786625
434.840700
434.872125
434.991075
435.029550
435.274000
435.325275
435.482375
435.639975
435.702350
435.729450
435.743900
435.809350
435.865250
435.902225
435.940225
436.002475
436.209725
436.381675
436.737350
436.807100
436.889800
437.086550
437.142000
437.252550
437.648550
437.758900
437.812950
437.850350
438.180750
438.200350
438.352950
438.397600
438.421850
438.475025
438.630975
438.730200
438.870750
438.909525
438.911150
438.923175
438.961375
438.971100
439.001275
439.015525
439.067225
439.170600
439.237250
439.343100
439.363625
439.734725
439.866150
439.987275
440.094775
440.270925
440.380800
440.511875
440.555975
440.657325
440.795625
441.016725
441.036075
441.060500
441.101525
441.268025
441.294800
441.416400
441.439850
441.460675
441.505350
441.802225
441.843250
441.985475
442.013350
442.044575
442.097550
442.131300
442.150075
442.257325
442.285425
442.442925
442.651775
442.709475
442.843950
442.864725
442.953825
442.965400
443.106725
443.177275
443.261450
443.374400
443.396525
443.519625
443.679400
443.761650
443.802925
443.850700
443.933250
444.021625
444.102525
444.638525
444.691600
444.787450
444.930975
445.071425
445.273050
445.400350
445.669450
445.803450
445.842525
445.856175
445.905150
446.074625
446.260925
446.276200
446.306400
446.459875
446.485650
446.513350
446.554100
446.678000
446.752525
447.000300
447.139175
447.468050
447.503300
447.537775
447.611975
447.876250
447.993950
448.052350
448.123575
448.152750
448.190700
448.203500
448.380625
448.447825
448.470050
448.501175
448.588850
448.609725
448.735425
448.908975
449.048925
449.095500
449.292800
449.459400
449.490200
449.514025
449.777250
449.791400
449.837575
449.885325
449.945850
449.955150
450.045300
450.111275
450.200100
450.212225
450.253075
450.498150
450.508675
450.600475
450.675775
450.854250
450.973450
451.267325
451.275525
451.315450
451.340075
451.518025
451.658725
451.905325
452.104875
452.360100
452.449075
452.571525
452.618975
452.631600
452.652425
452.731125
452.873350
453.007200
453.084950
453.192300
453.196650
453.253875
453.436900
453.483825
453.767700
454.213875
454.259500
454.314875
454.425525
454.563975
454.655525
454.771625
454.795250
454.812000
454.843175
454.871325
454.959975
455.038300
455.055150
455.173150
455.475800
455.494225
455.564950
455.812450
456.074625
456.383500
456.533800
456.722025
456.774375
456.881125
457.024200
457.390450
457.451425
457.576975
457.634350
457.727600
457.744225
458.108875
458.518375
458.554450
458.683800
458.716100
458.822250
458.833400
458.934425
459.055825
459.133425
459.382400
459.617400
459.628275
459.715275
459.799725
459.993325
460.214900
460.236175
460.475625
460.513700
460.578175
460.648525
460.878350
460.901075
460.990675
461.026625
461.302050
461.359700
461.394750
461.411975
461.452200
461.515675
461.538825
461.556475
461.583100
461.638625
461.738550
461.780250
461.916100
461.933500
462.167275
462.217550
462.372150
462.792175
462.860800
462.994775
463.196300
463.217800
463.248350
463.522100
463.539500
463.562025
463.577725
463.659950
463.720200
463.939075
464.074775
464.089875
464.202625
464.418675
464.459725
464.721250
464.858575
464.875275
464.963225
465.076825
465.101725
465.169925
465.210400
465.250650
465.376700
465.612950
465.689825
465.716175
465.728850
465.795750
465.814675
465.888100
465.942050
466.138250
466.250625
466.280875
466.294475
466.316600
466.334425
466.396075
466.445275
466.654425
467.007500
467.058025
467.306025
467.340725
467.357675
467.465275
467.553575
467.564750
467.690375
467.816800
468.255825
468.269450
468.319700
468.437500
468.489900
468.502700
468.754925
468.920800
469.040350
469.127850
469.238875
469.270750
469.454100
469.704175
469.868650
470.071975
470.180100
470.277000
470.286950
470.303800
470.602725
470.720425
470.739550
471.105200
471.170475
471.356750
471.396050
471.422000
471.893925
472.012275
472.076325
472.089325
472.106400
472.150675
472.176025
472.182225
472.255400
472.408725
473.358175
473.422350
473.848600
473.870050
474.163350
474.238350
474.252875
474.283250
474.319350
474.636850
474.939950
475.007550
475.037275
475.135325
475.181600
475.215475
475.276750
475.645200
475.838250
475.936550
475.965700
476.002850
476.189500
476.481025
476.492200
476.744750
476.833250
476.866600
476.886375
476.918575
476.959300
477.038800
477.334500
477.397900
477.458325
477.661225
477.798850
477.838475
477.916025
477.999200
478.026125
478.072925
478.091050
478.177175
478.425875
478.508600
478.571525
478.615325
478.969200
478.989550
479.000650
479.186600
479.309825
479.338950
479.367975
479.424200
479.519375
479.562775
479.684000
479.793775
479.971275
480.110825
480.186225
480.430400
480.607475
480.735100
480.793300
481.161350
481.206025
481.259900
481.291000
481.506625
481.615825
481.659800
481.694400
482.009325
482.053475
482.101175
482.175300
482.187825
482.244975
482.261550
482.314575
482.455625
482.627875
482.768250
482.780950
482.832450
483.039325
483.045375
483.063875
483.147325
483.173450
483.390875
483.510975
483.553325
483.611850
483.633075
483.819850
484.072975
484.215800
484.252775
484.709550
484.777975
484.883300
484.957975
485.075625
485.139775
485.171125
485.432375
485.469200
485.588225
485.830275
485.947875
486.283175
486.369375
486.653200
486.697425
486.715950
486.859600
486.910875
487.003775
487.085225
487.162025
487.219250
487.326525
487.404900
487.427975
487.530200
487.784625
487.964800
488.007375
488.202350
488.241125
488.278850
488.368450
488.386175
488.423775
488.514875
488.578850
488.985325
489.061575
489.087250
489.127250
489.169075
489.212725
489.244300
489.328150
489.557075
489.568150
489.595650
489.670150
489.698225
489.858800
490.143725
490.239125
490.277750
490.457450
490.490200
490.622525
490.727300
490.903625
490.964650
491.261575
491.450150
491.482050
491.502325
491.513550
491.591500
491.672775
491.730250
491.837550
491.936700
491.973525
492.055350
492.086825
492.115050
492.205400
492.372125
492.576100
492.882475
492.916375
493.074975
493.152125
493.210900
493.394875
493.458375
493.545400
493.562675
493.695475
493.718425
493.815225
493.954525
494.043725
494.095800
494.121075
494.132300
494.217625
494.238375
494.488050
494.576175
494.614950
494.643250
494.763300
494.774925
494.877800
494.948975
495.211800
495.477450
495.494900
495.520975
495.538975
495.615925
495.673725
495.847100
496.198550
496.292050
496.368800
496.472675
496.515400
496.677075
496.700225
497.453900
497.518925
497.561025
497.688375
497.842200
497.866025
497.972050
498.117075
498.188650
498.356675
498.440625
498.456625
498.520400
498.803550
498.836225
498.964400
499.070025
499.160000
499.329500
499.430575
499.569125
499.593050
499.601350
499.666875
499.681800
499.714250
499.922575
500.290800
500.351650
500.463475
500.546550
500.656250
500.768325
500.843575
500.863050
501.293275
501.304850
501.453000
501.484225
501.505050
501.571300
501.626950
501.669100
501.774075
501.983325
502.392950
502.469125
502.553500
502.814225
502.861025
502.945175
503.070675
503.088550
503.178875
503.215125
503.246200
503.290475
503.340875
503.360125
503.404975
503.507150
503.539625
503.779550
503.875300
504.059650
504.202075
504.319675
504.366450
504.379625
504.412275
504.427975
504.480900
504.593700
504.950475
505.064050
505.111725
505.166425
505.191475
505.229950
505.310750
505.387100
505.420775
505.477550
505.580550
505.604625
505.734775
505.792925
505.827825
505.864100
