0.893950
1.058225
2.318700
2.622625
2.732075
3.786750
3.899700
5.104400
5.205275
5.216400
6.464725
6.565600
8.204425
9.366925
9.723175
9.765800
9.923975
10.397700
10.524525
10.578975
10.661850
11.617275
11.794600
12.386100
12.785125
13.047575
13.238300
13.487150
13.531825
13.889225
14.050325
14.601600
15.211725
15.564450
16.006025
16.174225
16.597650
16.639525
17.944450
19.191100
19.229275
19.498100
20.329550
20.603300
22.690950
23.086950
23.902525
24.190800
24.242275
24.682000
25.138725
25.393650
25.628600
25.915950
25.985675
27.154925
27.217725
27.528350
28.711625
29.370100
29.563175
29.608500
31.468425
32.554375
33.954650
34.172500
34.398300
34.623700
34.678600
34.809250
35.278575
35.303325
36.601675
36.711300
36.768825
37.383000
37.730075
38.431875
38.616300
38.644275
39.210925
39.261825
39.593200
40.673575
40.838950
41.076725
41.287425
42.435900
43.236725
43.450675
43.632750
43.869150
44.023175
44.371175
44.652700
44.861325
45.273375
45.780275
46.013975
46.257525
46.839650
47.196050
47.405175
47.529050
48.056775
48.491575
48.982350
49.403850
49.672700
49.762475
49.920950
50.278225
50.381950
50.432100
50.668925
50.739975
51.648975
51.699925
52.071150
52.427750
52.774925
53.126575
53.253325
53.287875
53.680375
54.457050
54.601750
54.790175
55.715275
56.152950
56.699050
57.514850
57.644850
58.023275
58.177850
58.600000
58.783025
58.806475
59.454100
59.472725
59.669550
60.015475
60.407900
60.455725
60.860775
61.244975
61.369175
62.158775
62.239650
62.745500
64.156275
64.602750
65.260500
65.491775
66.017675
66.465175
66.537225
66.601200
66.811150
67.059975
67.097700
68.093050
68.116500
68.146000
68.293325
68.994000
69.361075
69.644900
70.546375
71.355600
71.394950
71.528750
71.591225
71.962300
72.635250
72.685675
72.918400
73.383050
73.907800
74.287150
74.876250
74.892825
75.298150
75.682150
76.497200
76.544600
76.807525
76.882725
77.265475
77.473925
77.815200
78.155700
78.500275
78.665400
78.884100
79.563825
79.852425
79.941800
80.160700
80.839250
81.017125
81.162300
81.486100
81.601025
81.760550
81.891525
81.947425
82.368575
82.470625
83.323350
83.397725
83.655550
84.404200
84.534400
84.750800
85.543075
86.829000
86.966950
86.977975
87.386425
87.947400
88.705825
88.932950
89.188225
90.000475
90.208050
90.736650
91.557450
92.728600
94.044775
94.107475
94.314425
94.321125
94.917675
94.994875
95.877350
96.197375
96.496975
96.604625
97.703325
97.804650
98.452675
98.601950
98.735375
98.935275
99.068200
99.299925
99.678850
100.188300
100.594175
101.710700
102.356475
102.720625
103.039525
103.243975
103.534725
105.218100
105.390025
105.568625
105.650025
105.816375
106.002350
106.124850
107.207600
107.415275
107.484150
107.784450
107.840075
108.523375
108.604475
108.723550
108.930475
109.074800
109.243275
109.442675
109.668725
109.986200
110.538775
110.540000
111.494000
111.699725
111.795150
111.880900
111.899625
112.083625
112.123275
112.342500
112.417350
112.495600
112.750650
113.083500
113.103150
113.151750
113.928325
113.985400
114.079425
114.251025
114.393775
114.737000
115.104325
115.122325
115.687000
115.728125
115.942775
116.259425
116.261425
117.561200
117.922650
118.032050
118.404800
118.461550
118.785550
119.373950
119.794850
119.963800
120.048425
120.161575
120.196200
120.268025
120.373950
120.444575
120.502475
120.527100
120.530550
120.558175
120.710025
120.742800
120.908750
120.914100
121.058675
121.149375
121.305300
121.572225
122.021625
122.281175
122.729700
124.032525
124.339575
124.653725
124.727250
125.741250
126.364250
126.395200
126.449225
126.563000
126.766800
127.287575
127.484275
127.665575
127.730900
128.242675
128.671500
128.970475
129.651175
130.949675
132.108950
132.463775
132.539900
132.719800
133.205450
133.275775
133.447800
133.551075
133.725075
133.734075
134.979025
135.284575
135.603525
135.628750
135.944975
136.968575
137.497050
138.008450
138.238025
138.338500
138.515925
138.553500
138.685775
139.146950
139.428650
139.828175
139.921825
140.012375
140.020575
140.332825
140.478050
140.514750
140.655200
141.376675
141.407775
141.657600
142.350275
143.128325
143.215700
143.393350
143.456650
144.112550
144.620350
145.107225
145.209675
145.251100
145.371500
145.420225
145.668225
145.746200
145.847075
145.877950
145.969125
146.150975
146.582750
146.612875
146.694550
147.114225
147.187650
147.419350
147.513750
147.771450
147.814675
148.142875
148.188725
148.264025
148.339425
149.143475
149.489525
149.724450
150.130675
150.412775
150.874175
151.370500
151.698850
151.808275
151.842950
151.998675
152.001275
152.322750
152.509925
152.729725
152.782450
153.633225
154.716400
156.588400
156.757750
157.254850
158.700225
159.149550
159.332700
159.341200
159.410900
159.746375
159.767850
159.910750
160.214750
160.281425
160.475650
160.650225
161.409250
162.864400
163.098900
163.381725
163.435050
163.802075
164.236175
165.164875
165.608075
166.531350
166.785875
166.865925
167.163125
167.417850
167.580700
168.685150
169.252400
169.371450
169.381375
170.147900
170.288650
170.434175
170.447875
170.934750
171.110775
171.453000
172.981625
173.420275
174.503125
174.682375
174.689375
175.364850
175.498450
176.318675
176.638600
177.865675
178.313725
178.454800
178.493550
179.101875
179.328350
180.498775
180.645900
180.775800
181.010100
181.179300
181.977825
181.991575
182.148700
182.219300
182.423000
182.754625
182.915950
183.208175
183.509800
183.646700
184.035325
184.678200
184.754800
185.197325
185.464850
185.480625
185.537350
185.591500
186.365325
186.686025
186.882975
186.921575
186.994825
187.034275
187.395725
187.491950
187.679150
187.853800
187.925950
189.186000
189.342200
189.428475
189.896100
190.954400
191.300525
191.659275
192.572400
192.809825
192.995550
193.294600
193.448025
193.465000
193.602400
193.879950
193.932975
194.073975
194.095050
194.233025
194.457100
194.531350
194.593100
194.604075
194.642450
194.973625
195.017650
195.428800
195.730850
195.803925
195.868850
195.935950
196.452275
196.614375
196.735550
197.964700
198.285975
198.757750
199.469375
199.847600
200.089225
200.280600
200.805450
201.293650
201.333750
201.692900
201.838850
202.183175
203.014775
203.043750
203.770625
204.869350
205.113650
205.517600
205.539425
205.548125
205.690450
205.773875
205.991300
206.323375
206.339550
207.348600
207.626900
207.647900
207.709675
207.843225
207.977925
208.290250
208.504800
208.695800
208.813350
208.959450
209.237200
209.909300
210.175100
210.637075
210.719425
210.841100
211.329800
211.366125
211.436475
211.669450
211.678700
211.784675
211.942825
212.019850
212.118725
212.387925
212.564800
212.987925
213.088025
213.635275
213.756000
213.893075
214.441100
214.580100
215.058950
215.063400
215.132350
215.171050
215.556250
215.658975
215.866650
215.928850
216.473700
216.585075
216.764175
216.855250
217.438600
217.626325
217.706800
217.740175
218.054250
219.078150
219.793225
219.915225
219.962000
220.102875
220.241225
220.283350
220.533250
220.624700
221.320800
221.420650
221.796075
221.837750
222.339800
222.485600
222.641200
223.023500
223.189000
223.323525
223.384600
223.451275
223.489450
223.512600
223.707475
224.410975
224.522600
224.774400
225.090375
225.377425
225.413525
225.696875
226.088400
226.252925
227.697425
227.867225
227.897025
228.964200
229.090150
229.203275
229.557925
229.711125
230.283625
230.750000
231.160825
231.212375
231.639775
231.767875
231.813025
232.141475
232.967750
233.054225
233.305800
233.397875
233.447975
233.510725
233.726575
233.770700
233.827625
234.038525
234.098275
234.222600
234.426700
234.452325
234.505625
235.417500
236.421800
236.509675
236.563750
236.748650
237.630675
237.709875
237.991375
238.291675
238.513250
239.451850
240.025725
240.313675
240.358650
240.727250
241.066475
241.318800
241.395075
241.459125
241.475575
242.513825
242.752650
242.905950
243.092925
243.197050
243.281050
243.481525
244.013250
244.041725
244.276850
244.471225
244.603375
244.739875
245.177175
245.183725
245.509125
246.623225
246.715100
247.170900
247.348450
247.407475
248.142325
248.275550
248.359275
249.292275
249.605100
250.231425
250.429150
250.982800
251.576275
252.117050
252.308375
253.192975
253.460525
253.541925
254.237575
254.304475
254.665500
254.779325
256.132875
256.845825
257.627900
258.571875
258.674650
259.011925
259.356775
260.387350
260.859400
261.671825
262.098250
262.337850
262.350700
262.416950
263.347200
263.452100
263.546825
263.844825
263.875075
266.141925
266.699250
266.733725
267.662850
267.820400
268.391575
268.694900
269.199150
269.292925
269.634525
269.983875
270.143350
270.486450
270.569650
270.634800
270.916625
271.640775
271.765500
272.161625
272.488900
273.032225
273.292675
273.658200
273.745975
273.780700
273.793325
274.116025
274.129125
274.193425
274.228850
274.308575
274.335350
274.441500
274.443300
274.463475
274.484775
274.593025
274.777475
274.802275
274.860725
275.339000
275.404500
275.432300
275.533000
275.587325
275.676350
275.702975
275.784925
276.295425
276.750425
277.101075
277.283125
277.341400
277.982075
278.930825
279.001975
279.005050
279.401425
279.657875
279.851650
280.256625
280.373750
280.433225
280.502575
280.519375
280.520850
280.631575
280.832850
281.073150
281.088125
281.315675
281.865425
282.439975
283.070400
284.598700
284.685725
285.007400
285.112025
285.292150
285.775700
285.844075
286.140775
286.257625
287.373425
287.758100
287.824300
288.363975
288.673925
288.919000
289.047575
289.408550
289.929875
290.367800
291.475425
291.593525
292.793975
293.339250
294.086150
294.224450
294.342500
295.456675
297.287025
297.302375
298.336400
298.401600
298.545175
299.445025
299.650250
299.987175
300.589200
300.631075
300.926650
301.110450
301.119400
301.134050
301.222125
301.507025
302.025175
302.585375
303.623300
304.344675
304.812575
305.846375
306.414825
306.981825
307.594900
309.185075
309.224725
309.318425
309.653000
309.731000
310.026400
310.461025
311.107925
311.765750
312.125175
312.263700
312.331825
312.487325
313.551075
314.085475
314.384475
314.416050
314.491325
314.870600
315.255450
315.716925
315.870325
316.147050
316.412225
316.932275
317.000175
317.432475
317.443400
317.505375
317.777325
317.841550
318.597975
318.605375
318.795200
318.905325
319.950775
320.155675
320.348850
320.514975
321.231125
321.817975
323.484850
323.696825
324.314100
324.627375
324.724450
325.340525
325.423450
325.515300
326.184225
327.021025
327.047925
328.053275
328.284575
328.932900
330.957300
332.460600
333.007075
333.245400
334.165725
334.325100
334.627825
334.898750
335.286050
335.632425
335.726350
336.485525
336.770075
336.984400
338.837125
339.105700
339.406500
340.063700
340.083300
340.659575
341.455950
344.736375
344.882800
345.362200
345.503100
346.922850
347.157575
347.523075
348.385375
348.661050
349.308825
349.928725
350.005925
350.164150
350.207425
350.358700
350.367750
350.796200
350.890100
350.926650
351.099400
351.538275
351.647675
352.116025
352.363375
352.596275
354.198475
354.369150
354.503275
356.691075
357.910700
358.313350
359.404750
359.790550
359.841575
359.903825
360.030350
360.703475
361.918525
362.002825
362.659050
362.821300
362.838625
362.882325
364.469075
364.496900
365.800825
366.215125
366.371200
366.698325
367.383325
368.201600
368.627525
368.984450
369.211350
369.324700
369.703525
370.473500
370.694125
370.728700
372.007575
375.240375
376.674800
377.147225
377.256300
377.471975
378.152825
378.615800
379.056625
379.393500
379.535375
379.813950
380.418500
380.477400
381.776525
382.000500
382.579400
383.367375
383.664650
383.855525
384.145650
384.318025
384.351800
384.458925
384.835350
384.973150
385.008350
385.640500
385.742425
387.311575
387.916950
388.228225
388.324075
388.485500
389.619375
390.195475
390.269450
390.302650
390.383075
