0.050750
0.104575
0.262275
0.321925
0.352375
0.527475
0.577700
0.647200
0.683475
0.838750
0.925350
0.997250
1.004675
1.110325
1.194550
1.293350
1.330150
1.420975
1.503975
1.565900
1.595350
1.682375
1.703575
1.806225
1.861775
1.908975
1.941850
2.068075
2.105125
2.173775
2.197600
2.297025
2.307300
2.348925
2.657850
2.771450
2.776150
2.836375
2.847750
2.872075
2.992700
3.246500
3.312475
3.395725
3.428325
3.446950
3.501900
3.549975
3.565150
3.656300
3.705325
3.752375
3.794500
3.824675
3.842475
3.955400
4.139450
4.228550
4.250950
4.287250
4.303475
4.331625
4.349150
4.422750
4.527400
4.553950
4.623750
4.682050
4.726050
4.789000
4.858100
4.894300
5.016700
5.052375
5.164325
5.222300
5.241150
5.283800
5.285375
5.335750
5.367850
5.421750
5.454025
5.709775
5.731275
5.819875
6.039650
6.053900
6.232950
6.250475
6.333700
6.405125
6.550250
6.569875
6.594175
6.615350
6.638175
6.685800
6.723975
6.757875
6.795200
6.839725
6.849275
6.981650
7.033875
7.159950
7.246550
7.264325
7.339850
7.354125
7.389800
7.492125
7.512925
7.578325
7.664525
7.688275
7.711750
7.765675
7.828950
7.843100
7.855800
7.989275
8.136525
8.172725
8.198700
8.239950
8.304250
8.370575
8.381125
8.519625
8.571425
8.772725
8.874525
8.938425
8.970700
8.982225
9.070100
9.150425
9.382900
9.447575
9.490350
9.635975
9.873925
9.878175
9.944575
9.983325
10.082100
10.147025
10.174725
10.250800
10.255550
10.388625
10.462575
10.496800
10.566200
10.603500
10.638700
10.656275
10.773950
10.813975
10.821925
10.847225
10.967875
10.984775
10.993400
11.079500
11.136875
11.224225
11.283725
11.312550
11.328250
11.407000
11.431075
11.580925
11.586800
11.615425
11.761325
11.850600
11.875175
11.909775
11.945225
12.030025
12.038400
12.061125
12.151700
12.178750
12.191050
12.233175
12.319875
12.400350
12.455575
12.588725
12.628775
12.666250
12.780750
12.798450
12.829450
12.906125
12.969500
12.995675
13.006500
13.038150
13.044725
13.053375
13.293175
13.309625
13.387550
13.470225
13.539125
13.572275
13.585525
13.646725
13.664275
13.754775
13.769550
13.783700
13.821775
13.855800
13.938300
14.043400
14.263900
14.275625
14.319425
14.482500
14.591500
14.637950
14.658600
14.716550
14.793500
14.822575
14.860650
14.876625
14.960925
15.230800
15.250725
15.294950
15.386225
15.483275
15.498525
15.572150
15.621500
15.630750
15.770200
15.824925
15.844225
15.894075
15.928550
16.020550
16.037775
16.311175
16.391675
16.406625
16.416925
16.493325
16.509925
16.565450
16.580150
16.609600
16.647025
16.739800
16.754025
16.856375
16.872800
16.975275
16.995400
17.011950
17.045875
17.067775
17.123850
17.161500
17.180750
17.240300
17.318625
17.376275
17.415925
17.438475
17.475500
17.533650
17.577325
17.596425
17.614800
17.771625
17.798650
17.817175
17.846200
17.859800
17.880200
18.025325
18.128875
18.170050
18.311275
18.412950
18.440000
18.498975
18.525350
18.540875
18.613900
18.682100
18.696750
18.722375
18.776125
18.810000
18.854025
18.921325
19.145300
19.240625
19.312250
19.340725
19.360200
19.376100
19.430500
19.446925
19.470225
19.550300
19.592375
19.602500
19.763850
19.837575
19.895900
19.930425
19.999100
20.269575
20.340875
20.376450
20.573375
20.584300
20.615025
20.632600
20.683050
20.725950
20.804875
20.817500
20.872075
21.018600
21.100750
21.190000
21.300975
21.434300
21.450250
21.730800
21.845425
21.873175
21.907225
21.937250
22.136050
22.175000
22.202925
22.277975
22.310500
22.349925
22.359925
22.388375
22.395925
22.444400
22.835500
22.862175
22.924825
22.946750
22.981825
23.031200
23.084875
23.095575
23.257625
23.301150
23.421150
23.453150
23.553100
23.586575
23.613825
23.764150
23.778725
23.798225
23.950725
23.985150
24.186750
24.232400
24.245900
24.282300
24.454575
24.481750
24.501300
24.517275
24.525050
24.586425
24.619700
24.677200
24.734075
24.827075
25.027225
25.338950
25.367225
25.391800
25.490675
25.571850
25.594975
25.686400
25.697175
25.821300
25.976200
26.117350
26.397725
26.466775
26.483975
26.647450
26.656625
26.671850
26.703950
26.760225
26.793200
26.847450
26.871800
26.918325
26.968275
27.018350
27.028650
27.089875
27.115000
27.216825
27.243125
27.334675
27.498400
27.532175
27.617100
27.656450
27.832300
27.841200
27.882475
28.057125
28.123750
28.149600
28.179175
28.280600
28.286325
28.316950
28.399200
28.517150
28.571925
28.709075
28.733025
28.866975
28.889425
28.960250
29.149075
29.173025
29.259400
29.272825
29.291100
29.313750
29.372900
29.424325
29.444575
29.474450
29.508925
29.565450
29.645250
29.681800
29.704200
29.738200
29.806500
29.812475
29.842225
29.869425
29.882550
29.892575
29.910675
30.013250
30.024300
30.238250
30.256925
30.311075
30.329950
30.413525
30.422975
30.491975
30.554900
30.585275
30.640400
30.685725
30.754375
30.778625
30.785100
30.818850
30.843975
30.918900
31.009625
31.083175
31.116600
31.347600
31.436875
31.577650
31.615475
31.719150
31.757775
31.773100
31.821675
31.831300
31.852900
32.001850
32.079675
32.147250
32.172650
32.223350
32.241850
32.274400
32.444700
32.491975
32.493725
32.511650
32.528900
32.660400
32.680325
32.759250
32.851950
32.853400
32.887850
33.012950
33.015500
33.069900
33.081950
33.260175
33.349675
33.425700
33.494025
33.512100
33.564225
33.593225
33.662075
33.687325
33.765050
33.969175
34.081575
34.116800
34.172675
34.189600
34.208200
34.235250
34.270325
34.425525
34.440575
34.483675
34.595600
34.604925
34.634125
34.670475
34.683375
34.715550
34.781525
34.861925
34.884975
34.943750
35.118175
35.175875
35.185525
35.195050
35.325575
35.418250
35.562575
35.610450
35.636250
35.727775
35.752200
35.886925
35.923150
35.999475
36.044025
36.126625
36.172125
36.219250
36.249875
36.278650
36.313050
36.331550
36.346700
36.391325
36.408250
36.564675
36.711250
36.738800
36.887750
36.955300
37.106350
37.170900
37.205425
37.256600
37.307675
37.316150
37.322850
37.348000
37.363650
37.377375
37.437875
37.454300
37.506450
37.545450
37.568725
37.580825
37.712525
37.742150
37.791100
37.798950
37.880275
37.954300
38.154750
38.193875
38.370650
38.474600
38.532000
38.578825
38.624975
38.703025
38.744375
38.814125
38.957625
39.070525
39.116775
39.146800
39.227800
39.248400
39.265275
39.545700
39.637525
39.662375
39.690550
39.794275
40.010900
40.085125
40.184825
40.219175
40.265600
40.282950
40.330600
40.653700
40.694625
40.725825
40.855125
40.871475
40.912125
40.946275
40.987375
41.004525
41.045000
41.101100
41.147775
41.214900
41.266225
41.401100
41.441025
41.455700
41.473825
41.486525
41.491725
41.527500
41.643950
41.676950
41.739725
41.806925
41.823400
41.926450
42.053625
42.094150
42.158875
42.284225
42.327175
42.420350
42.444875
42.453275
42.499800
42.596925
42.616575
42.658200
42.705000
42.715075
42.716625
42.782875
42.802875
42.817800
42.847100
42.899125
42.914900
43.061000
43.078050
43.266350
43.290825
43.333150
43.359550
43.376200
43.562975
43.811300
43.887700
44.054950
44.084175
44.257750
44.288375
44.355850
44.418350
44.558850
44.695700
44.714850
44.800675
44.851275
44.870700
44.945975
44.986750
45.112475
45.179700
45.207850
45.253000
45.275000
45.285575
45.308325
45.386650
45.450025
45.510325
45.607650
45.678300
45.717725
45.825775
45.892125
45.921475
46.048775
46.144625
46.172950
46.215700
46.278425
46.371775
46.408975
46.534325
46.583825
46.688975
46.706400
46.736000
46.874725
46.933175
46.951750
46.990575
47.027450
47.083275
47.106500
47.200425
47.271875
47.322075
47.336450
47.344725
47.356350
47.384525
47.437900
47.744200
47.762300
48.016700
48.057700
48.121850
48.122850
48.146650
48.289125
48.321775
48.358100
48.401400
48.650925
48.711000
48.758975
48.784750
48.798600
48.933325
48.950425
48.964600
49.053100
49.055675
49.210550
49.332050
49.443525
49.479725
49.571275
49.609650
49.666050
49.744450
49.876925
49.892675
50.018800
50.049925
50.093825
50.131775
50.163550
50.205300
50.269050
50.407075
50.485900
50.507900
50.540225
50.606025
50.701325
50.851950
50.892225
51.028125
51.158825
51.164675
51.178650
51.201075
51.220725
51.371800
51.441475
51.525100
51.691425
51.728300
51.843875
51.890150
51.897125
51.908975
51.961950
52.047275
52.093775
52.111875
52.126350
52.191625
52.204225
52.218825
52.236725
52.294450
52.301350
52.313450
52.327175
52.496025
52.517400
52.540525
52.662800
52.730800
52.766075
52.815725
52.825750
52.882975
52.897725
53.241650
53.269450
53.343275
53.551850
53.620300
53.689925
53.706625
53.712225
53.803425
53.832800
53.867425
54.048025
54.084375
54.099525
54.156650
54.181950
54.227175
54.245925
54.260525
54.299700
54.320075
54.474175
54.546850
54.584375
54.701650
54.732050
54.817575
54.882875
54.939475
54.961775
55.056500
55.191700
55.371900
55.544100
55.706800
55.734100
55.825175
55.852425
56.129050
56.168550
56.266750
56.341375
56.360650
56.382000
56.413825
56.613125
56.630500
56.646325
56.659575
56.693875
56.712675
56.965900
57.062100
57.118125
57.186700
57.526475
57.557625
57.565425
57.575625
57.586750
57.622775
57.633300
57.652775
57.655450
57.681675
57.797350
57.837450
57.901900
57.933125
57.971050
57.998050
58.128675
58.172725
58.193375
58.324650
58.344950
58.354325
58.396825
58.438675
58.456025
58.458275
58.601425
58.644550
58.667250
58.760575
58.773950
58.793400
58.947150
58.971875
59.052175
59.066925
59.114800
59.254075
59.283225
59.313600
59.531800
59.595450
59.644075
59.657550
59.679850
59.766600
59.790350
59.809250
59.892750
60.017050
60.116950
60.221950
60.247350
60.329125
60.489800
60.671750
60.753575
60.774000
60.784400
60.819000
60.851175
60.877125
60.961025
61.031725
61.054950
61.101175
61.253750
61.282375
61.332000
61.397450
61.569875
61.589075
61.651325
61.667575
61.682300
61.813400
61.825925
61.865825
61.926350
61.968275
62.011650
62.015600
62.027100
62.040850
62.134100
62.168875
62.280225
62.503000
62.642000
62.684500
63.031975
63.109875
63.113950
63.361750
63.575100
63.618050
63.771450
63.873325
64.012750
64.074850
64.235000
64.307800
64.356025
64.415650
64.764950
64.836000
64.925450
64.990750
65.126200
65.235750
65.272200
65.287375
65.320500
65.380300
65.391250
65.417050
65.421200
65.475600
65.519225
65.607975
65.752375
65.774675
65.789175
65.810325
65.874675
66.038200
66.119375
66.239850
66.631350
66.642525
66.649975
66.837875
67.080700
67.118625
67.262275
67.346675
67.839500
67.944875
68.047350
68.098550
68.201400
68.380500
68.406850
68.467475
68.501000
68.537925
68.600400
68.739825
68.749375
68.857025
68.970650
68.993725
69.010125
69.040100
69.264500
69.283175
69.292375
69.350425
69.360150
69.400000
69.543850
69.736350
69.825900
69.834925
69.843325
69.945025
69.982425
70.165025
70.353225
70.354250
70.368500
70.400600
70.564875
70.737450
70.821275
70.888825
71.056275
71.191100
71.283150
71.390700
71.793525
71.823575
71.861575
71.914550
72.112950
72.337025
72.466500
72.614550
72.754100
72.866425
72.906975
73.088900
73.156825
73.196225
73.317825
73.659925
73.814375
73.913950
73.964250
73.980200
74.012900
74.134375
74.202025
74.216000
74.337450
74.619525
74.744175
74.755825
74.832725
74.944225
75.010900
75.030800
75.126850
75.162500
75.182425
75.204975
75.265650
75.313750
75.418400
75.497525
75.718925
75.901675
76.052400
76.161725
76.386275
76.506000
76.632225
76.644125
76.774400
76.979500
77.076925
77.094375
77.111525
77.242575
77.318750
77.418150
77.538700
77.571000
77.621350
77.661975
77.679900
77.797350
77.877575
77.902475
77.934425
77.952600
78.012100
78.041225
78.175375
78.223750
78.355500
78.434975
78.518950
78.570875
78.599500
78.623825
78.633000
78.657350
78.682425
78.700950
78.744600
78.842825
78.886825
78.978025
79.011425
79.212200
79.249825
79.278275
79.346875
79.406775
79.419425
79.545375
79.559675
79.603125
79.615975
79.658050
79.749475
79.826425
79.841525
79.874625
79.888650
79.982225
80.016000
80.070525
80.090975
80.109025
80.134450
80.149550
80.267575
80.353125
80.382725
80.410300
80.433750
80.540250
80.585350
80.706275
80.773250
80.827425
80.914550
80.952950
81.154900
81.268150
81.290325
81.326775
81.349875
81.369375
81.408200
81.435750
81.592000
81.595125
81.603425
81.654725
81.685025
81.704975
81.720775
81.750175
81.783950
81.795725
81.822350
81.861650
81.882975
82.075100
82.090225
82.114875
82.272900
82.428175
82.436275
82.443400
82.489600
82.493475
82.559475
82.582600
82.668875
82.697025
82.766875
82.800200
82.832300
82.867200
83.010275
83.056125
83.151725
83.171375
83.238850
83.298750
83.387175
83.425100
83.529525
83.592900
83.621925
83.795100
83.821975
83.913425
83.937650
83.957000
83.958125
84.054600
84.174425
84.294475
84.365900
84.466775
84.540425
84.571850
84.708925
84.746925
84.794150
84.901900
84.933025
84.979650
85.000425
85.053225
85.215250
85.240450
85.618725
85.683375
85.803500
85.969900
85.981125
86.035100
86.055575
86.065825
86.139675
86.232450
86.261450
86.284950
86.368675
86.438350
86.533250
86.648975
86.675225
86.720775
86.757000
86.886475
86.950700
86.962125
87.030000
87.079325
87.309025
87.319825
87.332425
87.429925
87.507975
87.561525
87.592675
87.619475
87.674800
87.697600
87.713300
87.824425
88.101100
88.112275
88.260700
88.341625
88.376500
88.416300
88.462400
88.489175
88.506100
88.523900
88.559450
88.622650
88.679525
88.691275
88.721750
88.744725
88.939575
89.056925
89.114925
89.210350
89.283100
89.303525
89.335700
89.402050
89.457525
89.554500
89.581625
89.615025
89.806350
89.915675
90.007800
90.098375
90.288125
90.346275
90.469600
90.562375
90.654475
90.681775
90.747375
90.787675
90.809750
90.871950
90.911425
90.995500
91.096200
91.107200
91.117575
91.183375
91.262100
91.292275
91.312650
91.355375
91.477975
91.512875
91.557950
91.598550
91.614375
91.769425
91.818350
91.882475
91.897200
91.907175
91.925575
91.992275
92.018425
92.075275
92.104100
92.152075
92.223925
92.236350
92.254300
92.342450
92.356675
92.441950
92.473925
92.535050
92.551100
92.630000
92.723000
92.818050
92.845950
92.911950
92.992600
93.018200
93.048575
93.091475
93.102450
93.118350
93.180850
93.235225
93.308950
93.330550
93.555675
93.575875
93.609125
93.629800
93.777525
93.796650
93.835350
93.919350
93.989100
94.023125
94.085000
94.104375
94.185125
94.190725
94.235450
94.343625
94.358700
94.360725
94.366325
94.377400
94.468700
94.536750
94.562550
94.571775
94.634725
94.697275
94.838675
94.918075
94.921825
94.962725
95.015800
95.209675
95.219800
95.274125
95.322100
95.458450
95.465225
95.528525
95.638925
95.704400
95.732125
95.787500
95.830175
95.856525
95.972850
95.997050
96.027925
96.081100
96.097850
96.118050
96.140400
96.170525
96.182025
96.403650
96.530425
96.542550
96.555825
96.591050
96.608250
96.677925
96.775975
96.791850
96.801700
96.895375
96.945675
96.996400
97.024125
97.051200
97.067000
97.273925
97.396250
97.454475
97.470150
97.562150
97.590000
97.679775
97.882475
98.019875
98.125050
98.149300
98.195800
98.280300
98.307725
98.379850
98.402575
98.468525
98.513100
98.522450
98.645475
98.691850
98.711875
98.729600
99.060025
99.073350
99.244575
99.350900
99.414725
99.639600
99.711725
99.720700
99.830325
99.893975
99.895100
99.949800
100.046125
100.152675
100.179625
100.214175
100.304125
100.317850
100.402825
100.407700
100.535750
100.693250
100.966775
101.009450
101.054775
101.082125
101.095475
101.133400
101.227275
101.300150
101.331125
101.346225
101.363400
101.378125
101.512575
101.547275
101.569650
101.651975
101.729325
101.776100
101.802600
101.917675
101.947975
102.244075
102.359475
102.409725
102.475000
102.483275
102.533100
102.622450
102.665825
102.722100
102.731175
102.743200
102.974325
103.013000
103.039225
103.102500
103.324150
103.458475
103.524725
103.558575
103.578725
103.619475
103.639325
103.747425
103.813975
103.918550
104.376275
104.510300
104.595300
104.627450
104.663925
104.695200
104.751150
104.813025
104.883575
104.895450
105.004450
105.030700
105.260050
105.349075
105.450975
105.615350
105.817950
105.843325
105.928150
106.034400
106.244475
106.269050
106.396850
106.493550
107.061850
107.124700
107.357350
107.368475
107.416675
107.459700
107.543625
107.559675
107.693525
107.745700
108.000350
108.018725
108.051900
108.138975
108.166525
108.256900
108.401875
108.433875
108.633350
108.703675
108.723675
108.743750
108.787575
108.914325
109.023600
109.087525
109.396075
109.775800
109.940800
109.987525
110.024025
110.044250
110.101125
110.156400
110.204700
110.279250
110.358900
110.579525
110.734575
110.761275
110.813175
110.820700
110.928400
110.965825
111.168300
111.194750
111.213975
111.217525
111.324725
111.412100
111.467800
111.549550
111.614300
111.822100
112.022000
112.033950
112.121425
112.291375
112.584375
112.648275
112.764675
112.793400
112.924600
113.143575
113.250475
113.410375
113.428400
113.513650
113.645375
113.661825
113.747875
113.804350
113.844800
113.891750
114.036225
114.123375
114.326775
114.461925
114.641325
114.796975
114.810650
114.993350
115.089200
115.184550
115.267475
115.298575
115.314825
115.376050
115.404000
115.454550
115.548700
115.565575
115.675375
115.691100
115.845525
115.912175
116.049325
116.375050
116.395600
116.547375
116.662650
116.729000
116.914750
117.248450
117.353800
117.411000
117.526700
117.604950
117.714625
117.808625
117.819525
117.851350
117.911125
117.931100
118.018050
118.095150
118.193975
118.355325
118.471275
118.560575
118.591925
118.679400
118.722025
118.735225
118.886050
118.991925
119.056200
119.138225
119.349500
119.360625
119.396350
119.481250
119.614975
119.628375
119.678775
119.688525
119.994700
120.139600
120.235500
120.249775
120.351000
120.711825
120.767725
120.801750
120.847775
121.152625
121.406625
121.463475
121.565375
121.567325
121.775150
121.934575
122.047300
122.181125
122.448100
122.495200
122.751475
122.797850
122.961200
123.013100
123.034725
123.135150
123.164700
123.217200
123.259550
123.336575
123.353400
123.360600
123.401225
123.455150
123.549300
123.620625
123.690550
123.710150
123.755000
123.873650
123.908750
123.992200
124.007400
124.078900
124.278825
124.279825
124.332600
124.363575
124.411775
124.560575
124.596050
124.629650
124.691000
124.712250
124.814350
124.913125
124.925475
125.114500
125.130375
125.166100
125.225350
125.247275
125.253075
125.298925
125.322075
125.338325
125.430150
125.456350
125.486850
125.524500
125.563475
125.629025
125.673725
125.783125
125.946525
125.991300
125.998075
126.199625
126.249700
126.293825
126.436075
126.439500
126.481475
126.495800
126.524300
126.620825
126.700025
126.848600
126.882550
126.908375
126.969375
126.994175
127.022150
127.050875
127.157075
127.206575
127.264525
127.350250
127.441575
127.543325
127.606950
127.690925
127.731675
127.754375
127.849725
127.879700
127.934600
128.131250
128.145475
128.251875
128.297350
128.326625
128.344700
128.372275
128.407525
128.444800
128.481125
128.519725
128.622200
128.694575
128.717150
128.818550
128.887600
128.895625
129.045675
129.270425
129.273625
129.409450
129.453200
129.588500
129.619825
129.641350
129.726650
129.788175
129.795050
129.844325
129.999650
130.018875
130.075050
130.102600
130.103900
130.120125
130.264000
130.425875
130.449950
130.666275
130.694400
130.861350
130.884775
130.933625
131.005925
131.076850
131.104125
131.227275
131.267475
131.378000
131.568075
131.619475
131.646650
131.760300
131.834175
131.913950
132.109000
132.254375
132.322050
132.445000
132.732750
132.753375
132.917150
133.219400
133.221700
133.287200
133.533125
133.549150
133.609925
133.611625
133.629975
133.650825
133.739325
133.764525
133.836700
134.038625
134.046375
134.603925
134.685575
134.772800
135.039775
135.040775
135.277600
135.287000
135.318750
135.400175
135.449525
135.529050
135.695200
135.862575
136.119100
136.146200
136.391250
136.414450
136.479425
136.493775
136.827225
136.908175
136.938825
137.000075
137.051100
137.106975
137.273600
137.406800
137.512625
137.526950
137.790250
137.824925
137.896300
138.183625
138.264025
138.307025
138.330300
138.362975
138.469475
138.532875
138.578625
138.691875
138.779050
138.859275
138.919425
138.994650
139.152775
139.199250
139.258225
139.552950
139.608375
139.695225
139.715175
139.934300
140.227400
140.266050
140.412900
140.598800
140.621100
140.692250
140.832150
140.845300
140.923350
141.043175
141.102425
141.233500
141.308525
141.317250
141.419450
141.501475
141.534575
141.563825
141.583000
141.613750
141.662575
141.815550
141.844750
142.006550
142.036175
142.203025
142.345700
142.366850
142.471325
142.476075
142.508375
142.627675
142.715000
142.782675
142.794200
142.973200
143.111475
143.147900
143.190650
143.263750
143.308700
143.381000
143.544100
143.703025
143.712575
143.722650
143.945325
144.040975
144.086250
144.136250
144.156800
144.168050
144.254950
144.310475
144.366475
144.455525
144.471025
144.490675
144.515725
144.669175
144.728400
144.776675
144.803500
144.886750
144.899325
144.917775
145.016925
145.074275
145.231400
145.261600
145.323875
145.391250
145.694975
145.759050
145.818425
145.856750
145.858975
145.966250
146.133525
146.191975
146.213225
146.350750
146.469500
146.575825
146.657250
146.792925
146.940050
146.960800
147.100975
147.210475
147.262900
147.375550
147.475950
147.530900
147.619525
147.671500
147.714800
147.731125
147.807225
147.972725
148.143550
148.264800
148.337525
148.400050
148.486800
148.531700
148.548075
148.621525
148.678125
148.771550
148.825400
148.850450
148.918050
149.148350
149.169600
149.233650
149.296450
149.299875
149.391150
149.571775
149.598400
149.775450
149.825950
149.849500
149.901925
149.944500
149.974575
150.075925
150.096925
150.156825
150.216775
150.237075
150.325025
150.466450
150.536200
150.611825
150.759475
150.840950
150.958900
151.010050
151.027600
151.112150
151.147475
151.158025
151.186425
151.207075
151.259650
151.336900
151.389025
151.410850
151.453525
151.472175
151.494050
151.594600
151.633950
151.810425
151.872875
151.941575
152.005200
152.115975
152.127550
152.180475
152.252275
152.280950
152.312000
152.328825
152.376225
152.404275
152.523200
152.663050
152.799225
152.826450
152.850425
152.865725
153.045200
153.121775
153.232150
153.251675
153.265300
153.300625
153.325475
153.382475
153.412450
153.442250
153.524200
153.525425
153.526800
153.616800
153.654500
153.660350
153.880775
153.901250
153.914375
153.933700
154.018000
154.033575
154.054250
154.086000
154.156025
154.248425
154.283475
154.365825
154.414475
154.549225
154.605900
154.690525
154.709925
154.751500
154.795250
154.834800
154.847250
154.962275
155.363200
155.372400
155.468825
155.488325
155.513125
155.549475
155.586925
155.627450
155.671250
155.683100
155.735375
155.813175
155.852400
155.943250
155.968525
156.008700
156.031125
156.053950
156.491200
156.503575
156.556800
156.617350
156.628900
156.665225
156.681175
156.780400
156.863275
156.955300
156.963225
156.987300
157.022675
157.074825
157.169300
157.191625
157.235100
157.248475
157.262075
157.268600
157.276325
157.318925
157.621625
157.888200
157.937325
157.990000
158.083850
158.144825
158.286775
158.376150
158.451725
158.454850
158.507125
158.578675
158.601175
158.664625
158.807625
158.808750
158.833250
158.888575
158.902025
159.197325
159.304550
159.318375
159.349800
159.400725
159.431800
159.460575
159.562525
159.590175
159.626975
159.706700
159.818075
159.850900
159.877000
159.932225
159.942725
159.955250
159.989025
160.042050
160.092550
160.166275
160.337975
160.370725
160.377200
160.399650
160.569975
160.619625
160.645250
160.660075
160.673225
160.735850
160.762975
160.810775
160.915675
160.969575
160.975575
160.994400
161.019550
161.174700
161.289750
161.342600
161.382750
161.394500
161.430650
161.653325
161.706050
161.735125
161.751850
161.954250
162.000900
162.091850
162.167000
162.282600
162.385050
162.480275
162.534450
162.545800
162.579550
162.593475
162.638900
162.710150
162.754225
162.779725
162.841475
162.861800
162.912375
163.208550
163.320200
163.344075
163.385700
163.454900
163.481725
163.659475
163.684675
163.759400
163.793400
163.898425
164.013475
164.085425
164.156000
164.216900
164.395000
164.412625
164.616400
164.633200
164.735275
164.759400
164.779025
164.801700
164.905525
164.942250
165.062000
165.164000
165.383375
165.659725
165.736575
165.771675
165.927150
166.069000
166.153175
166.194025
166.232025
166.384775
166.429025
166.458000
166.462025
166.509475
166.519100
166.860150
166.971650
167.076225
167.158500
167.228850
167.230075
167.332925
167.354100
167.465725
167.487575
167.498800
167.525775
167.581000
167.791350
167.809850
167.822600
168.030750
168.221600
168.284350
168.529725
168.695225
168.755775
168.803475
168.897300
169.010250
169.072300
169.202225
169.308975
169.359325
169.415025
169.440950
169.516975
169.606375
169.683675
169.702975
170.000075
170.127675
170.198750
170.225825
170.256375
170.328050
170.416100
170.551375
170.709450
170.870275
171.048925
171.092775
171.300750
171.340800
171.421300
171.501025
171.611750
171.634125
172.190125
172.243950
172.262000
172.345975
172.553100
172.594625
172.714550
172.833300
172.872750
172.883000
172.981575
173.303200
173.405900
173.456775
173.596925
173.629575
173.652750
173.726250
173.861075
174.339250
174.423350
174.554575
174.633550
174.835450
174.877400
174.928100
174.977925
175.233600
175.294825
175.465450
175.788475
176.225575
176.277225
176.347500
176.485225
176.589450
176.655000
176.856275
176.976400
177.201875
177.302400
177.398150
177.492725
177.624850
177.718100
177.769700
177.836275
177.853650
178.036275
178.183700
178.302325
178.356975
178.677950
178.822875
178.903325
178.984750
179.310000
179.356575
179.505525
179.542075
179.773775
179.785800
180.015600
180.284725
180.547100
180.575475
180.647625
180.714575
180.817625
181.098300
181.136900
181.149425
181.452775
181.715100
181.756975
182.456375
182.470925
182.501225
182.775025
182.888100
182.917125
183.132275
183.150200
184.085300
184.145400
184.525100
184.662575
184.714975
184.857225
185.041350
185.513325
185.521825
185.588800
185.626425
185.644350
185.665525
185.677150
185.756100
185.804600
185.958475
186.070800
186.365250
186.771500
186.791900
187.026075
187.076150
187.158875
187.254900
187.554500
187.655225
187.713500
187.823475
187.916775
187.943000
188.066325
188.192850
188.277375
188.429600
188.464500
188.479000
188.501275
188.540525
188.690225
188.703725
188.782875
188.822875
188.891975
188.904250
189.015900
189.092000
189.100150
189.221250
189.301400
189.430475
189.604400
189.629975
189.681125
189.732775
189.782275
189.974075
189.986200
190.220750
190.251950
190.277500
190.346450
190.370525
190.668075
190.704425
190.796125
190.968975
190.974600
190.991625
191.112650
191.165475
191.414175
191.461950
191.480575
191.689900
191.722150
191.898850
191.980800
192.350625
192.410350
192.449950
192.477750
192.529375
192.595300
192.618225
192.729800
192.896625
193.172775
193.230175
193.239775
193.244250
193.286000
193.363025
193.373775
193.567875
193.748850
193.898700
194.031775
194.089575
194.155925
194.222975
194.367850
194.497075
194.619425
194.738500
194.945975
195.142375
195.226200
195.270225
195.398525
195.545300
195.924950
196.021900
196.189175
196.212550
196.255625
196.325900
196.566675
197.188025
197.239425
197.247125
197.419375
197.519225
197.624850
197.860025
197.932125
197.958450
198.232050
198.360250
198.479625
198.574200
198.777700
198.867425
198.869450
198.881550
198.953325
198.982175
199.015475
199.064050
199.201525
199.226975
199.260775
199.414950
199.483350
199.707175
199.819225
199.886375
199.924825
199.948750
