# # All spikes for Neuron
0.624975
0.816200
0.965850
1.116175
1.282050
1.407975
1.594400
1.759875
1.914150
2.051050
2.202525
2.344975
2.611475
2.765150
2.897875
3.188825
3.323075
3.542425
3.686750
3.793450
3.920950
4.025575
4.199325
4.420950
4.555800
4.648300
4.804150
4.935800
5.020375
5.358850
5.497275
5.654400
5.794925
5.919975
6.089850
6.229025
6.418200
6.573225
6.716800
6.869025
7.000575
7.228825
7.637300
7.749225
7.939875
8.114800
8.291450
8.453350
8.570025
8.698850
8.872800
9.026075
9.191725
9.351100
9.493625
9.622525
9.824550
9.976750
10.179450
10.295525
10.446925
10.643975
10.819225
10.989450
11.158125
11.276075
11.474250
11.623275
11.817850
12.022750
12.185700
12.291075
12.433250
12.637650
12.833600
12.964075
13.160425
13.281875
13.439200
13.536775
13.766650
13.883775
14.026100
14.110975
14.279800
14.524250
14.668925
14.804700
15.025200
15.208300
15.438225
15.774425
15.964875
16.083000
16.322125
16.512050
16.718250
17.212275
17.385325
17.575125
17.761975
17.915525
18.049725
18.232725
18.388400
18.528975
18.703425
18.842025
19.046475
19.186825
19.344725
19.450000
19.567050
19.725825
19.870125
19.993350
20.146475
20.284350
20.408700
20.525050
20.804325
21.223900
21.335750
21.430225
21.560400
21.646175
21.751300
21.906475
21.962100
22.098550
22.199400
22.433525
22.599625
22.727450
22.935875
23.049575
23.148275
23.323150
23.427975
23.550050
23.653675
23.861150
23.981975
24.087225
24.198550
24.381325
24.532025
24.687400
24.908075
25.091475
25.222950
25.329800
25.490375
25.605975
25.742075
25.917500
26.169650
26.295325
26.427400
26.676425
26.832050
26.955450
27.051025
27.183075
27.287575
27.473825
27.540375
27.600325
27.815600
27.912025
28.021875
28.392050
28.514175
28.616825
28.699425
28.828250
28.948575
29.122975
29.251925
29.463425
29.598250
29.648250
29.750275
29.951275
30.071825
30.205125
30.365325
30.633075
30.774225
30.887700
31.001600
31.110675
31.242325
31.359775
31.484225
31.590375
31.777525
31.952100
32.058200
32.156775
32.282425
32.400175
32.500100
32.596575
32.798600
32.912800
33.006200
33.096525
33.380850
33.483450
33.573550
33.706300
33.876925
33.992375
34.106375
34.216425
34.342700
34.537375
34.688225
34.837225
34.945775
35.118825
35.222700
35.441325
35.716750
36.044250
36.151675
36.295350
36.558125
36.718300
36.877700
37.038200
37.165500
37.290050
37.461600
37.590775
37.765075
37.904450
37.993575
38.171850
38.352425
38.490375
38.650550
38.812800
38.967725
39.053600
39.279100
39.458850
39.607525
39.734825
39.878000
40.048125
40.221150
40.369875
40.527750
40.692425
40.857900
41.021325
41.190225
41.304425
41.466900
41.608175
41.760900
41.926075
42.087725
42.215075
42.483050
42.600325
42.794875
42.924200
43.065825
43.212100
43.340575
43.491125
43.631225
43.734450
43.921675
44.061000
44.223250
44.360825
44.524975
44.714975
44.946775
45.065550
45.184775
45.333575
45.444275
45.557175
45.707050
45.868475
46.011925
46.134375
46.292650
46.447550
46.569575
46.718300
46.882275
47.024125
47.336650
47.511575
47.646550
47.802650
47.959825
48.063825
48.166700
48.315550
48.465350
48.591550
48.742300
48.904775
49.023525
49.098675
49.212125
49.229325
49.240100
51.995450
52.114825
52.283125
53.218850
53.352600
53.465100
53.589400
53.783525
53.993600
54.184750
54.372850
54.670700
55.828725
55.954300
56.051825
56.176925
56.468300
56.668375
56.862200
57.042725
57.240625
57.429350
57.733675
57.952050
58.162950
58.767475
58.899200
59.000375
59.386125
59.767150
60.051500
60.230225
60.400750
60.572475
60.776750
60.944575
61.101500
61.256300
61.413500
61.542825
61.729550
61.878125
62.027775
62.192425
62.357250
62.515725
62.649300
62.790950
62.928975
63.053700
63.193025
63.462900
63.619850
63.745375
63.858075
64.037800
64.139050
64.222875
64.506475
64.628450
64.728550
64.854700
65.121300
65.262375
65.374350
65.499875
66.045150
66.185350
66.455925
66.606250
66.769600
66.930050
67.069850
67.155875
67.294300
67.438425
67.618200
67.770750
67.908700
68.055150
68.115200
68.293475
68.415625
68.547550
68.733425
68.863100
68.987550
69.104275
69.209775
69.361600
69.487100
69.640150
69.776000
70.010200
70.274750
70.404900
70.555875
70.666525
70.963700
71.062650
71.187375
71.326375
71.630650
71.742825
71.877625
72.021800
72.186350
72.317700
72.489050
72.652375
72.785300
72.898150
73.212775
73.357675
73.630925
73.760375
73.878250
74.039200
74.181625
74.306650
74.437400
74.572250
74.718975
74.861975
74.981325
75.104825
75.237250
75.389600
75.514775
75.611700
75.757900
75.882550
76.039750
76.184225
76.277150
76.412775
76.701750
76.784250
76.946850
77.079300
77.239325
77.382025
77.506900
77.614975
77.683075
77.849900
78.017750
78.102200
78.291950
78.487175
78.777025
78.905600
79.018475
79.144700
79.304875
79.454950
79.591500
79.733950
79.888075
80.055650
80.183025
80.309725
80.445675
80.614225
80.673175
80.862100
80.959300
81.126725
81.266850
81.411700
81.538250
81.679050
81.817300
81.962600
82.115600
82.294275
82.406350
82.511200
82.615550
82.910675
83.016050
83.056600
83.254250
83.354225
83.475050
83.587875
83.736925
83.914000
84.047475
84.175225
84.301125
84.594450
84.730450
85.027175
85.107550
85.175950
85.340525
85.443025
85.589725
85.715125
85.822275
85.937725
86.068825
86.163425
86.249075
86.436050
86.554850
86.644750
86.773200
86.860425
86.994325
87.150375
87.320225
87.543000
87.834000
87.991750
88.128000
88.255575
88.408200
88.493050
88.640025
88.769125
88.857175
89.041700
89.140400
89.285600
89.424350
89.501550
89.634100
89.944525
90.064125
90.213725
90.311475
90.413600
90.602250
90.731350
90.865300
90.990425
91.059725
91.257675
91.396425
91.520975
91.630750
91.744850
91.926525
92.099100
92.287800
92.407450
92.517325
92.601425
92.721750
92.879625
93.154600
93.292675
93.417000
93.554775
93.806600
93.910225
94.045250
94.136200
94.274775
94.382250
94.544400
94.720000
94.884525
94.974225
95.126450
95.328875
95.468950
95.582575
95.743075
95.871325
96.186125
96.327000
96.509750
96.641275
96.758825
96.870650
97.032975
97.163950
97.446925
97.563125
97.703575
97.839425
97.903525
98.048400
98.192275
98.334425
98.432475
98.614975
98.794500
98.940300
99.165050
99.260325
99.401675
99.513250
99.632550
99.781875
100.061600
100.149900
100.311875
100.446975
100.583325
100.721350
100.841675
100.983575
101.116400
101.265200
101.353975
101.469175
101.638375
102.071350
102.196625
102.317600
102.453900
102.603450
102.713975
102.841200
102.974075
103.082925
103.221150
103.353650
103.438200
103.566050
103.746250
103.846200
103.986950
104.092050
104.294400
104.401250
104.508375
104.606025
104.697225
104.851650
104.995450
105.110525
105.413925
105.576900
105.685875
105.802475
105.860350
106.044225
106.206850
106.366325
106.506000
106.616725
106.820850
106.989850
107.110250
107.223850
107.320850
107.405875
107.557775
107.654800
107.790100
107.901950
108.022475
108.311325
108.428075
108.565975
108.693700
108.827775
108.958525
109.091525
109.191800
109.209225
109.220625
111.240525
111.380225
111.584675
112.181950
112.297775
112.398725
112.923275
113.037525
113.139425
113.255575
113.467200
113.884150
113.937800
114.184575
114.318300
114.722450
116.467350
116.583175
116.664250
116.805850
117.029650
117.266425
117.443225
117.597850
117.780950
117.940525
118.166675
118.464625
118.862850
118.929625
119.022400
119.143700
119.658750
119.890850
120.076300
120.212950
120.416975
120.572150
120.725700
120.894825
121.023400
121.190450
121.324175
121.449525
121.661325
121.837225
121.952500
122.157425
122.307025
122.792450
122.947375
123.287550
123.379300
123.491400
123.602850
123.739875
124.029300
124.200700
124.382650
124.513900
124.670000
124.795925
124.947675
125.122425
125.357900
125.493275
125.743925
126.225150
126.361925
126.508400
126.637425
126.790100
126.910225
127.036250
127.219950
127.368125
127.519600
127.652700
127.781050
127.903100
128.039400
128.188475
128.326925
128.448775
128.824050
128.943350
129.057375
129.243550
129.384850
129.657725
129.806425
129.949050
130.070275
130.203075
130.375500
130.535050
130.652875
130.851100
130.996375
131.151975
131.305650
131.478900
131.619950
131.778200
131.839500
131.918775
131.999850
132.195875
132.326500
132.431025
132.578650
132.743125
132.844050
133.142425
133.214375
133.657700
133.789700
133.845225
133.905250
134.033700
134.183350
134.287725
134.404800
134.512450
134.661650
134.814900
134.918625
135.181000
135.261125
135.416975
135.518900
135.739375
135.846750
136.021100
136.190175
136.334500
136.438825
136.716850
136.823150
136.983400
137.224375
137.389800
137.549650
137.692925
137.855525
138.025250
138.303725
138.453475
138.597025
138.734125
138.900200
139.049475
139.193775
139.367325
139.525025
139.659175
139.818150
139.962775
140.134825
140.313175
140.673000
140.840725
141.008075
141.134625
141.262325
141.377575
141.544450
141.668650
141.821175
142.171075
142.326450
142.474525
142.568200
142.863450
143.042600
143.277300
143.423350
143.563375
143.764075
144.051275
144.249700
144.565450
144.692300
144.894075
145.047350
145.487425
145.593950
145.876300
146.017900
146.310375
146.477000
146.791075
146.984375
147.598550
147.747400
147.852425
148.121450
148.218075
148.423100
148.593300
148.778350
148.934100
149.097400
149.275250
149.457625
149.616450
149.762525
149.932975
150.066675
150.215800
150.518700
150.658875
150.857300
150.955350
151.148200
151.308450
151.480175
151.682125
151.810950
151.979125
152.113900
152.194375
152.384000
152.498425
152.660725
152.819525
153.084825
153.285475
153.365175
153.553500
153.712675
154.216200
154.367950
154.516075
154.684650
154.814650
154.975575
155.103425
155.233725
155.447450
155.547550
155.834125
155.971850
156.143200
156.290800
156.425250
156.586750
156.734925
156.864900
157.195625
157.321700
157.424550
157.584325
157.729625
157.869950
158.014175
158.140575
158.272250
158.432800
158.541900
158.622825
158.789925
159.108325
159.243425
159.344400
159.478200
159.601925
159.765675
159.955225
160.098850
160.215750
160.340275
160.486400
160.588200
160.717850
160.801650
161.062175
161.179925
161.345775
161.505350
161.642700
161.730975
161.864575
161.984850
162.079525
162.280025
162.416825
162.573250
162.699250
162.820975
162.942850
163.182475
163.324925
163.449125
163.562325
163.784300
163.901000
164.018900
164.149800
164.277425
164.412775
164.559200
164.774425
165.046350
165.290875
165.414300
165.517900
165.659950
165.920275
166.062075
166.201425
166.415725
166.522700
166.708625
166.982900
167.114750
167.321900
167.612650
167.725150
167.830500
167.967225
168.072850
168.202225
168.347175
168.624025
168.779475
168.917075
169.052575
169.184175
169.202000
169.219075
171.010050
171.101400
171.275300
171.929650
172.047550
172.161025
172.450000
172.551700
173.015575
173.118650
173.360675
173.484475
174.209575
174.670325
174.769625
174.852275
174.986950
175.196900
175.430200
175.671225
175.939750
177.320075
177.423525
177.561600
177.730825
177.920775
178.153600
178.359050
178.540975
178.701250
178.910325
179.130525
179.466650
179.824725
180.004475
180.321600
180.510600
180.695700
180.856175
181.070050
181.655750
181.834800
181.994725
182.157725
182.331175
182.514050
182.653000
182.819900
182.976950
183.179600
183.346075
183.498775
183.671925
183.791725
183.950575
183.961900
184.191275
184.336150
184.526325
184.678500
184.833450
185.150425
185.326000
185.515375
185.666500
185.790275
185.950500
186.122125
186.265700
186.416225
186.544100
186.720400
186.848650
186.970150
187.191050
187.365625
187.510575
187.624075
187.799875
187.949300
188.118150
188.237675
188.381650
188.560225
188.672875
188.799625
189.147350
189.279400
189.389275
189.485750
189.639225
189.782975
189.925175
190.058525
190.261425
190.426550
190.586700
190.873950
191.080125
191.225625
191.375500
191.508025
191.823250
191.953675
192.101325
192.280150
192.433625
192.798325
192.889000
193.031325
193.261975
193.558175
193.698050
193.880975
193.996725
194.122600
194.241850
194.379350
194.650325
194.966275
195.100650
195.267550
195.375350
195.656825
195.805650
195.977275
196.124825
196.224450
196.352500
196.511850
196.615775
196.839125
196.980975
197.078500
197.205450
197.331175
197.525100
197.689500
197.797350
197.905425
198.049525
198.169350
198.467425
198.558600
198.707125
198.892200
199.187075
199.319350
199.450700
199.587650
199.851550
199.992325
200.153950
200.524375
200.850775
200.983025
201.097175
201.331250
201.683950
201.808825
201.935325
202.096150
202.429100
202.691675
202.817550
202.954375
203.107175
203.267600
203.512225
203.613800
203.759550
203.929275
204.142950
204.361700
204.507625
204.739775
204.893175
205.074950
205.234075
205.342350
205.498325
205.694750
205.904850
206.025000
206.214950
206.341750
206.521225
206.895925
206.997700
207.219175
207.363275
207.507625
207.678725
207.958050
208.138900
208.329900
208.506625
208.985825
209.112025
209.278750
209.453300
209.584800
209.724225
209.878525
210.049625
210.192075
210.329750
210.473225
210.488125
210.689425
210.850775
210.972900
211.152675
211.270675
211.414525
211.588425
211.753575
211.925225
212.089800
212.263150
212.398950
212.596975
212.747350
212.959600
213.124025
213.327650
213.472650
213.725675
214.006250
214.202900
214.379925
214.494150
214.693775
214.844425
215.005925
215.136425
215.277425
215.428150
215.538975
215.725150
215.906375
216.026575
216.157250
216.309300
216.509525
216.629075
216.961225
217.132075
217.316975
217.404550
217.618775
217.784225
217.950975
218.115100
218.298350
218.438625
218.746525
218.906375
219.057125
219.197050
219.337075
219.541725
219.727250
219.897150
220.064475
220.237900
220.362200
220.534650
220.674175
220.791925
220.956175
221.116075
221.280275
221.429325
221.612800
221.720850
221.881775
222.188750
222.320825
222.480325
222.606175
222.840500
223.019300
223.172450
223.314300
223.496250
223.646050
223.827950
223.994725
224.118725
224.246950
224.472200
224.630675
224.829625
224.975400
225.127275
225.311050
225.452375
225.642250
225.788975
225.915000
226.050550
226.179700
226.323825
226.515725
226.661075
226.729050
226.892800
227.033650
227.143650
227.295950
227.473100
227.603550
227.695300
227.871250
228.068675
228.239725
228.399375
228.549900
228.711550
228.853650
228.998300
229.104925
229.199400
229.208100
231.456875
231.569300
231.693600
232.088525
232.194575
232.433600
232.564575
232.843125
233.090200
233.231875
233.553800
233.690775
233.820700
233.961200
234.320450
234.552200
234.980700
235.078975
235.248675
235.427650
236.097050
236.411200
236.581550
236.796825
236.931800
237.139800
237.354250
237.645875
237.814825
238.039200
238.212600
238.705425
238.847650
239.030750
239.349450
239.519450
239.894625
240.126125
240.342925
240.688850
240.856650
241.025975
241.188575
241.310575
241.471925
241.618450
241.774725
241.967425
242.125925
242.273650
242.416650
242.582300
242.735175
242.853950
243.022950
243.158050
243.277475
243.417800
243.540000
243.683300
243.851075
244.031650
244.181025
244.328625
244.505800
244.646125
244.768150
244.930150
245.076575
245.236725
245.380650
245.536975
245.688850
245.823075
246.003450
246.190575
246.355825
246.495125
246.647825
246.808225
246.935600
247.119925
247.269475
247.393525
247.557700
247.729425
247.928900
248.082500
248.191800
248.321900
248.478350
248.648300
248.815225
248.961800
249.114900
249.245425
249.400550
249.562775
249.694425
249.811325
250.089525
250.235675
250.351450
250.696200
250.996000
251.136975
251.287150
251.479050
251.641875
251.898750
252.086975
252.233450
252.381925
252.492025
252.603475
252.824700
252.998750
253.148100
253.433300
253.566775
253.654000
253.785975
253.907400
254.102275
254.263975
254.409875
254.539575
254.706125
254.852025
255.039350
255.206700
255.360300
255.469375
255.567400
255.752125
255.864250
256.072200
256.205650
256.345475
256.477475
256.600400
256.709750
256.962325
257.110150
257.279300
257.439075
257.539775
258.028700
258.172200
258.433075
258.603650
258.744325
258.829575
258.986600
259.156475
259.244500
259.422450
259.511000
259.690950
259.825325
259.939000
260.046175
260.140825
260.245550
260.348900
260.417575
260.629750
260.786200
261.147275
261.315450
261.469575
261.635900
261.775125
261.936900
262.046200
262.172800
262.319325
262.436650
262.607900
262.728950
262.946675
263.096300
263.247550
263.370675
263.527850
263.644075
263.800475
264.071950
264.235275
264.398100
264.545075
264.659975
264.780300
264.900500
265.190100
265.311075
265.428425
265.547100
265.679000
265.817725
265.990325
266.223875
266.394075
266.603150
266.748700
266.907450
267.148925
267.237275
267.297625
267.664450
267.807825
268.003350
268.144775
268.323425
268.491050
268.694975
268.947850
269.091700
269.360475
269.531900
269.765375
270.216875
270.378925
270.524175
270.670700
270.924175
271.064950
271.280900
271.464850
271.568525
271.630775
271.798775
271.917000
272.076975
272.271200
272.458700
272.617200
272.744475
272.887075
273.013325
273.183100
273.307525
273.443050
273.624425
273.712225
273.864225
274.070850
274.393075
274.543800
274.712875
274.884200
275.062550
275.161050
275.305375
275.482975
275.602800
275.737775
275.864650
275.992000
276.166275
276.321725
276.574075
276.668925
276.758100
276.921925
277.031925
277.220575
277.333100
277.492875
277.603400
277.731175
277.825625
277.943375
278.282025
278.364150
278.449725
278.609775
278.704925
278.835475
278.962650
279.123475
279.250100
279.614475
279.885975
280.024150
280.145275
280.361125
280.462000
280.530050
280.681075
280.773050
281.007800
281.143250
281.376275
281.489225
281.736500
281.873325
281.997275
282.088350
282.205550
282.502975
282.622375
282.752350
282.923125
283.072900
283.157775
283.309500
283.451000
283.609250
283.746125
283.874275
283.956225
284.128775
284.258075
284.399625
284.516625
284.671450
284.868375
285.039150
285.160800
285.270750
285.417625
285.594475
285.739000
285.892700
286.046225
286.176950
286.334825
286.461975
286.794850
286.991750
287.082800
287.237300
287.388100
287.566425
287.798450
287.935475
288.101975
288.208575
288.590825
288.762175
288.896625
289.011950
289.169875
289.199000
289.218725
290.947775
291.027450
291.130325
291.423425
291.661775
291.868550
292.231450
292.359475
292.724350
292.897475
293.503400
293.918200
294.109550
294.307850
294.409775
294.531850
294.727100
295.019675
295.305525
295.916725
296.676650
297.130550
297.234425
297.336025
297.428525
297.681875
297.898900
298.136725
298.362475
298.659625
299.308525
299.427075
299.874300
300.086800
300.317950
300.568100
300.767225
300.946850
301.113800
301.241775
301.408175
301.576550
301.701250
301.890875
302.038075
302.386175
302.535625
302.738825
303.057350
303.189350
303.541925
303.697500
303.811425
304.000975
304.176825
304.371750
304.523025
304.654225
304.769100
304.965950
305.127150
305.714400
306.154750
306.299100
306.451200
306.592925
306.754475
306.878475
307.076325
307.359375
307.504175
307.627950
307.938550
308.096400
308.252800
308.530350
308.693775
308.815575
309.144800
309.443150
309.584400
309.640725
309.845925
309.995925
310.130025
310.272650
310.571600
310.744150
310.872375
311.001950
311.219550
311.365825
311.522625
311.642275
311.962550
312.107200
312.257350
312.382775
312.662325
312.787050
312.893025
313.038750
313.220550
313.483850
313.595275
314.104250
314.207500
314.352525
314.500575
314.623825
314.781975
314.864750
315.133450
315.253625
315.364475
315.483375
315.555275
315.700425
315.780875
315.943075
316.243400
316.537975
316.848550
317.029000
317.170075
317.259425
317.387600
317.708825
317.865750
318.001000
318.120625
318.349125
318.513775
318.614300
318.706850
318.863950
318.953625
319.055450
319.201750
319.348850
319.454475
319.570400
319.684100
319.777900
319.896700
320.009275
320.174075
320.314025
320.420075
320.524325
320.625450
320.762000
320.845025
320.991475
321.148475
321.296875
321.469475
321.734675
321.901250
322.084925
322.248200
322.395050
322.517500
322.665700
322.834425
323.163675
323.309575
323.464150
323.618225
323.778825
323.922850
324.072625
324.209000
324.334475
324.465950
324.729950
324.840925
324.980725
325.218450
325.395050
325.563975
325.709375
325.830200
325.937300
326.119650
326.256525
326.484050
326.613250
326.799700
326.940500
327.051950
327.226075
327.520775
327.612100
327.911025
328.072775
328.244300
328.372475
328.550600
328.723125
328.888475
329.045225
329.189250
329.354925
329.485800
329.661925
329.808250
330.136100
330.287500
330.490750
330.625900
330.947000
331.073350
331.362850
331.532000
331.697550
331.976525
332.145700
332.523375
332.668075
332.828575
332.997225
333.122325
333.287850
333.405950
333.592250
333.706475
333.997825
334.212375
334.362500
334.510925
334.758950
334.889125
335.065375
335.222475
335.348600
335.507200
335.636875
335.820125
335.938375
336.085800
336.392150
336.646525
336.772600
336.904850
337.098200
337.156075
337.305800
337.447550
337.505200
337.685425
337.953575
338.148950
338.264300
338.397450
338.560450
338.661425
338.772050
338.932875
339.083000
339.209150
339.339725
339.463825
339.716875
339.773500
339.921675
340.068075
340.175975
340.335550
340.602975
340.731025
340.983500
341.068375
341.123425
341.319300
341.445700
341.544775
341.726025
341.839150
342.006100
342.308975
342.586975
342.869325
343.028400
343.333650
343.446000
343.590875
343.728125
343.843250
344.011175
344.305200
344.401100
344.605550
344.731925
344.877775
345.025150
345.117725
345.194450
345.288075
345.365125
345.521925
345.635950
346.020650
346.164950
346.304050
346.454425
346.721850
346.854175
347.335525
347.608250
347.765300
347.856900
347.990175
348.125775
348.239900
348.444525
348.654425
348.955500
349.092850
349.195625
349.204300
351.014350
351.152525
351.277550
352.204675
352.306425
352.961050
353.176575
353.660225
353.779325
353.887400
354.258475
354.432325
354.642775
354.857125
355.252475
355.672000
355.939575
356.040800
356.219475
357.668125
357.763425
357.852050
357.967800
358.188000
358.383525
358.575150
358.918225
359.387775
359.580800
359.753125
359.919625
360.101350
360.265125
360.457625
360.619550
360.971125
361.329750
361.551350
362.273425
362.377125
362.413200
362.556075
362.689925
362.809575
362.973550
363.090700
363.247175
363.377125
363.698300
363.823900
363.984475
364.131025
364.274875
364.466950
364.604500
364.771625
364.925525
365.069400
365.202000
365.359025
365.502175
365.662100
365.978300
366.123650
366.257550
366.585000
366.728650
367.006825
367.253700
367.762950
367.907325
368.049700
368.174825
368.338075
368.484125
368.663050
368.949025
369.119500
369.278225
369.451700
369.620075
369.786250
369.931500
370.387100
370.552175
370.709400
370.892000
371.360325
371.661025
371.838925
372.464675
372.613825
372.745650
372.884425
372.995250
373.231250
373.401125
373.550750
373.727800
373.863425
373.988775
374.154950
374.264525
374.590125
374.723375
374.861200
375.332850
375.624400
375.789675
375.949400
376.067800
376.350700
376.456325
376.718950
377.145550
377.452250
377.735000
377.891900
378.151550
378.455600
378.582975
378.750800
378.931700
379.037375
379.211550
379.985100
380.086900
380.259700
380.415950
380.578950
381.054775
381.197400
381.371500
381.506275
381.605300
381.943625
382.105175
382.240625
382.392925
382.568300
382.724875
383.022000
383.237475
383.421250
383.589025
383.780025
383.906525
384.149150
384.315725
384.558500
384.732075
384.845725
385.397675
385.481450
385.753300
386.030300
386.353225
386.519525
386.640200
387.292675
387.435325
387.630150
388.013350
388.126575
388.412425
388.583200
388.792450
389.133925
389.367500
389.673075
389.812700
389.993400
390.179125
390.321025
390.495075
390.839975
390.985525
391.258400
391.412100
391.661000
392.321850
392.397975
392.551625
392.694075
392.885650
393.019450
393.150950
393.296825
393.421125
393.529575
393.849300
393.995900
394.399425
394.461800
394.627675
394.851250
394.998400
395.249425
395.457800
395.584550
396.017375
396.310450
396.458850
396.564375
396.818075
396.913600
397.168625
397.315950
397.453250
397.570875
397.649225
397.827525
397.956050
398.117250
398.281775
398.359550
398.510725
398.676575
398.854600
399.021925
399.157700
399.288425
399.460050
399.569375
399.641975
399.786950
400.107400
400.228150
400.577600
400.838225
400.932600
401.093475
401.603500
401.913750
402.073975
402.226375
402.350550
402.512650
402.788150
402.905300
403.249250
403.444750
403.621875
403.750625
403.898025
404.075900
404.352650
404.482125
404.725000
404.840650
404.993825
405.113050
405.395675
405.666775
405.751100
406.037550
406.270825
406.407175
406.548250
406.679150
406.920000
406.987000
407.186725
407.345575
407.622850
407.859450
408.212650
408.334275
409.086225
410.721575
410.852575
410.922850
411.478100
411.620500
411.718325
411.807500
412.260600
412.469425
412.666375
413.013825
413.453450
413.620800
413.825925
414.338025
414.545925
415.322200
415.486575
416.633200
416.785425
417.063200
417.240175
417.441025
417.746725
417.989800
418.437275
418.590450
418.782925
419.572600
419.977875
420.160875
420.321375
420.475800
420.929650
421.264800
421.407575
421.766975
421.909150
422.067425
422.362075
422.741300
423.013150
423.153425
423.316475
423.641325
423.948275
424.076525
424.266200
424.425875
424.728050
424.933650
425.233600
425.420650
425.550250
425.745875
426.347875
426.508850
426.663650
426.803675
426.930200
427.518350
427.788000
428.103725
428.383575
428.519625
428.672275
428.990425
429.137700
429.282975
429.572425
429.671800
429.835600
429.999225
430.135350
430.478150
430.579275
430.745450
430.889650
431.175725
431.491625
431.791700
431.946350
432.101550
432.266325
432.407800
432.515925
432.642175
432.782425
432.934700
433.097425
433.892125
434.045850
434.211800
434.343750
434.451450
434.643800
434.811975
434.956100
435.249550
435.399400
435.559150
435.724075
435.824075
436.002225
436.131700
436.442025
436.586975
436.944800
437.084275
437.196575
437.345450
437.495950
437.629200
438.222100
438.343900
438.625250
438.797450
439.081725
439.261250
439.414550
439.762125
439.889050
440.025450
440.146700
440.472250
440.629050
440.784375
440.921750
441.508425
441.645600
441.738625
442.070100
442.239150
442.525425
442.684025
442.864675
443.034175
443.308700
443.482325
443.650450
443.771575
444.644825
444.823825
445.010725
445.192700
445.299475
445.397625
445.546500
445.689450
445.757025
446.091675
446.231500
446.753975
446.963275
447.523825
447.691875
447.985675
448.105525
448.236200
448.391125
448.499100
448.742900
448.908025
449.179275
449.413200
449.571575
450.294625
450.437075
450.586850
450.748000
450.981675
451.201575
451.385300
451.537100
451.679325
451.771850
451.910425
452.344075
452.582800
453.085650
453.245375
453.496525
453.629750
453.969325
454.210625
454.558650
454.684725
455.189625
455.424825
455.564750
455.709325
456.147600
456.553000
456.650925
457.152900
457.304325
457.443600
457.747975
457.883900
458.017425
458.143275
458.256725
458.380950
458.531050
458.920600
459.044425
459.140250
459.232075
459.590725
459.750775
460.100575
460.234950
460.396825
460.570100
460.846875
461.184625
461.333550
461.487400
461.658075
461.776100
461.924000
462.077025
462.200475
462.327875
462.505325
462.659250
462.798125
463.324100
463.560025
463.744375
464.011925
464.143000
464.270750
464.413375
464.432125
464.822525
464.973800
465.122100
465.349200
465.448525
465.848875
466.402100
466.624825
466.738150
467.147550
468.289600
468.473300
468.917475
469.042500
469.180175
470.700575
470.843050
470.997350
471.314675
471.823475
471.955800
472.307300
472.497900
473.173975
473.279425
473.520500
473.656475
474.383400
475.098825
475.190500
475.369900
475.598725
475.796550
475.992800
476.164800
476.609175
476.896250
476.972450
477.146150
477.629000
477.808725
478.383375
478.578375
479.418825
479.646750
479.882650
480.168600
480.313375
480.487975
480.631275
480.946750
481.276275
481.436600
481.718350
482.348275
482.511350
482.656275
483.013550
483.290125
483.562725
484.228725
484.432100
484.612975
484.890175
484.955725
485.462975
485.909400
486.049425
486.475550
486.944450
487.262125
487.558400
487.711725
488.088150
488.330875
488.430500
489.019750
489.388900
489.735200
490.348875
490.766250
490.851000
491.703200
492.597475
492.846125
493.768600
494.041800
494.360900
494.672975
494.792050
494.944100
495.104625
495.221150
495.554550
495.698275
495.851125
495.992700
496.112825
496.568100
496.933075
497.056100
497.571450
497.725525
497.877000
498.022200
498.168225
498.452000
498.661775
498.788300
498.925900
499.090700
499.248400
499.557100
499.805525
499.981500
500.164650
500.318875
500.854775
500.980100
501.315325
501.461250
501.708550
502.340900
502.529900
502.798250
503.275025
503.387675
503.764900
503.921300
504.353275
504.530175
504.615675
505.140075
505.376350
506.091725
506.382825
506.764050
507.092025
507.240400
507.398075
507.569175
507.691025
507.884800
508.027150
508.474550
508.819500
509.127225
509.320700
509.408750
510.088025
510.302650
510.521500
510.684600
510.983825
511.396425
511.516350
511.877550
511.906675
512.018925
512.383275
512.529500
512.698300
512.832550
512.965550
513.253625
513.523225
513.687275
514.189625
514.489525
514.615425
515.492300
515.694550
515.846475
516.139775
516.944750
517.344850
517.800100
518.317100
518.452275
518.784250
518.902900
519.140525
519.270225
519.540650
519.966825
520.195700
520.439475
520.681975
520.954425
521.078950
521.277375
521.563225
521.814075
521.925750
522.252300
522.526900
522.694400
522.806500
522.931975
523.245875
523.784075
524.201900
524.304325
524.523625
524.615050
524.747525
524.877625
525.012800
525.558750
525.972425
526.107550
526.213925
526.907025
527.080700
527.299475
527.469375
528.091775
528.646000
528.801050
529.062475
529.154450
530.894725
530.978150
531.473600
531.610725
531.836650
532.042900
532.627800
532.735175
532.850775
533.021550
533.581875
533.780125
534.575550
534.711300
535.129150
535.620775
535.853450
536.333250
536.531975
536.653675
536.825675
537.034525
537.325175
537.552550
538.395200
538.609650
538.800075
539.001650
539.499400
539.681525
539.846475
540.165675
540.327650
540.432375
540.611200
540.891475
541.062925
541.245625
541.868075
541.995025
542.109650
542.259500
542.462450
542.701350
542.839575
543.128675
543.659100
543.942575
544.086500
544.245725
545.058050
545.776375
546.126150
546.430400
546.780775
547.219250
547.376250
547.505950
547.679825
547.830875
547.972400
548.180150
548.327300
548.492650
549.436900
549.621650
549.936750
550.092425
550.505250
550.653075
551.024225
551.300525
551.481250
552.198900
552.618850
552.763600
553.071200
553.207525
553.379550
553.662625
553.973575
554.130200
554.600200
554.801725
554.941625
555.065525
555.212675
555.330950
555.583025
555.967600
556.182050
556.511775
556.940750
557.281800
557.434350
557.588225
557.866250
558.193925
558.789925
558.891950
559.217325
559.328450
559.433325
559.750150
560.128525
560.399975
560.557675
561.409950
561.531100
561.662775
562.221275
562.339850
562.614475
562.835675
563.418825
564.041725
564.340925
564.468250
565.336200
565.687325
566.498200
566.631875
567.173000
567.949675
568.142625
568.513525
568.642150
568.764175
568.894925
569.021850
569.179600
569.338600
569.507750
569.643800
569.766150
570.078500
570.220750
570.713975
571.082425
571.945450
572.277250
572.447300
573.328400
573.440725
573.520850
573.841050
574.230925
574.486875
574.582000
574.896050
575.380825
575.521025
575.946000
576.103400
576.458375
576.603075
577.081625
577.572700
578.166475
578.308025
578.528325
578.665425
580.169625
580.432500
580.660650
580.766925
581.633375
582.744450
582.854900
582.992125
584.031900
584.631225
584.869950
585.139325
585.246125
585.930625
586.493475
586.744375
586.926350
587.115600
588.074875
589.107975
590.592875
590.754275
591.127275
591.504325
591.625350
591.793350
592.242375
592.486725
592.761350
593.112900
593.635575
594.098050
594.237275
594.364775
594.835300
595.881850
596.016400
596.145050
596.589475
596.805775
597.029150
597.856925
598.071450
598.459800
598.673600
599.243275
599.659075
599.834825
600.080200
600.400750
600.777150
600.942425
601.137850
601.401375
601.542925
601.653450
601.805075
601.939150
602.270700
602.554025
603.143250
603.275600
603.408275
603.537075
603.662325
603.961075
604.097750
604.235425
604.866900
605.592900
605.600825
606.558150
606.914750
606.953950
607.555975
607.661550
608.054775
608.200750
608.334550
609.653250
609.828625
609.942400
610.084550
610.209725
610.338725
610.527075
610.663900
610.955750
611.126275
611.299625
611.872775
612.071775
612.390750
612.683375
612.845250
612.988100
613.676675
613.989600
614.124925
614.565250
614.872875
616.102400
616.305375
616.410675
616.976050
617.708150
617.849800
617.946075
618.051925
618.411175
619.580375
619.700250
619.869625
620.029625
620.184600
620.684825
621.053175
621.129575
621.284975
621.608575
621.974775
622.187075
622.348925
622.669225
622.838175
623.329575
623.489150
623.650875
623.829325
624.186675
624.529275
624.716900
625.346225
625.679900
625.832450
626.153675
626.486900
626.653150
626.820325
627.375925
627.741050
627.919175
628.051475
628.451325
628.806750
628.935625
629.801400
630.293400
630.701375
631.145450
631.486375
632.068850
632.322825
632.458725
632.567050
633.592425
633.862525
634.442650
634.516575
634.880850
635.031925
635.387000
635.695950
636.302450
637.051050
637.349675
637.976950
638.137625
638.464850
638.637775
640.767000
641.326175
642.142050
642.392675
642.599850
642.759850
642.879150
643.061625
644.296725
644.525975
645.058600
645.378975
645.513375
645.884500
646.047800
646.197850
646.534800
646.680325
647.082200
647.535575
647.907725
648.302650
648.637550
648.782925
648.944800
649.103800
651.012925
651.236175
651.587025
