# # All spikes for Neuron
0.073925
0.153675
0.344425
0.414975
0.464050
0.529625
0.568100
0.618575
0.638675
0.664050
0.731025
0.760700
0.941000
1.011150
1.197900
1.223800
1.276150
1.434800
1.487725
1.536975
1.623325
1.648725
1.674625
1.833850
2.037575
2.078075
2.387975
2.643525
2.721575
2.788475
2.909000
2.932275
3.093050
3.252125
3.421875
3.763250
3.843750
4.136675
4.826575
4.999275
5.099675
5.647075
5.669450
5.991225
6.072525
6.190550
6.206950
6.268325
6.379650
6.461475
6.484125
6.607250
6.634725
6.653325
6.696250
6.710750
7.010975
7.032725
7.087650
7.368825
7.389700
7.592550
7.611825
7.661000
7.704250
7.731950
7.820950
8.007575
8.044650
8.066950
8.134575
8.466725
8.676375
8.766150
9.041200
9.086625
9.341250
9.688800
9.724350
9.764100
9.788075
9.875500
9.929875
9.960325
10.183900
10.301825
10.475025
10.508925
10.848700
10.888150
10.947075
11.333300
11.466950
11.492950
11.533750
11.714600
11.888775
11.911725
11.928900
11.955425
11.978650
12.056325
12.134175
12.176950
12.197250
12.268800
12.365025
12.394650
12.595125
12.660625
12.780925
12.858600
12.961400
12.982575
13.129225
13.189075
13.269300
13.308100
13.346475
13.869000
13.968350
14.124100
14.248700
14.304750
14.341425
14.410750
14.454600
14.488250
14.633575
14.652275
15.188225
15.275250
15.333575
15.409300
15.421975
15.439075
15.475875
15.509175
15.580250
15.611075
15.663075
15.707325
16.009425
16.037950
16.094750
16.108450
16.122125
16.339950
16.371625
16.441725
16.541050
16.562100
16.623700
16.786425
16.826125
16.850600
16.915525
17.023375
17.091850
17.333075
17.373125
17.390875
17.585175
17.702050
17.813075
18.078750
18.122000
18.147175
18.303175
18.322325
18.804500
18.852325
18.921125
18.953475
19.081825
19.145550
19.162750
19.341100
19.514075
19.729900
19.748825
19.779150
19.854075
19.879450
19.934525
20.459275
20.514300
20.566775
20.750775
21.043250
21.121900
21.134000
21.195300
21.301225
21.543775
21.570800
21.595325
21.691250
21.775125
21.888150
21.942325
21.967525
22.172525
22.225575
22.362725
22.557275
22.674200
22.704575
22.845000
22.950300
23.044600
23.097900
23.153450
23.238425
23.328875
23.349075
23.427100
23.472275
23.489450
23.511225
23.643925
23.786900
23.934300
24.029400
24.309700
24.335550
24.375550
24.424575
24.726200
24.780050
25.059875
25.116375
25.218525
25.376425
25.439750
25.581550
25.652125
25.696825
25.724900
25.967700
26.194700
26.236825
26.449375
26.488250
26.647850
26.898500
26.920050
27.098900
27.156875
27.223650
27.268300
27.385300
27.404600
27.730200
27.756625
27.775650
27.790275
27.827750
28.095600
28.184950
28.252675
28.295575
28.504950
28.525775
28.565675
28.598600
29.512075
29.703100
29.712175
29.754000
29.765000
29.777450
29.793725
29.853750
29.975200
30.003425
30.037275
30.127225
30.164925
30.240100
30.305725
30.323400
30.377800
30.504100
30.724625
30.759550
30.772375
30.846000
30.912225
30.976575
31.016375
31.033700
31.091450
31.176300
31.319975
31.348625
31.386500
31.418625
31.435800
31.472750
31.497225
31.554525
31.580150
31.662925
31.688900
31.841575
31.861800
31.936925
32.004650
32.039850
32.287950
32.595425
32.621375
32.842775
32.943900
33.180400
33.334425
33.361350
33.461900
33.510450
33.652875
33.708775
33.772400
34.069550
34.234175
34.677650
34.762675
35.027200
35.302500
35.648825
36.103450
36.178225
36.391675
36.481425
36.535075
36.733800
37.009925
37.094400
37.557675
37.884275
37.957025
38.275875
38.498975
38.578700
38.760975
38.946025
38.998850
39.134475
39.942900
40.345625
40.907250
40.998325
41.051425
41.249875
41.283825
41.331625
41.492000
41.860350
41.923375
42.028100
42.103750
42.202375
42.382150
42.410975
42.432575
42.543075
42.580750
42.619425
42.683900
42.769925
42.886000
42.950425
42.984575
43.071025
43.108300
43.142325
43.172775
43.233800
43.272550
43.313225
43.344450
43.494775
43.570650
43.641250
43.724150
43.836850
43.870125
43.982625
44.010825
44.182875
44.224900
44.645275
44.767625
44.860400
44.946075
45.123325
45.162550
45.281575
45.399850
45.477625
45.517200
45.561575
45.590625
45.630550
45.696475
45.746875
45.800575
45.878550
45.992725
46.123600
46.138275
46.169175
46.826375
46.846350
46.981125
47.008300
47.125100
47.251025
47.291400
47.315925
47.364900
47.388850
47.420900
47.461825
47.580500
47.615275
47.639175
47.661025
47.695775
47.784150
47.828925
47.854375
47.876275
47.939825
47.976350
48.011375
48.026425
48.126325
48.170675
48.248175
48.273375
48.383225
48.444975
48.609300
48.726325
48.751500
48.815275
48.869800
49.037325
49.080025
49.184350
49.236075
49.322775
49.589000
49.601025
49.649400
49.751550
49.878050
50.091300
50.435700
50.452700
50.472300
50.492000
50.574525
50.647525
50.682600
50.701950
50.771750
50.848825
50.865475
50.973450
51.030300
51.437625
51.463525
51.485075
51.546800
51.663550
51.711300
51.822950
51.869125
52.163450
52.270625
52.360600
52.417800
52.438450
52.542050
52.680300
52.813150
52.881275
52.897000
52.917650
52.948550
53.032075
53.195950
53.420900
53.492525
53.661000
53.817850
53.916875
53.964725
53.994900
54.285325
54.516150
54.576200
54.628100
54.971500
55.053200
55.115100
55.428600
55.551525
55.752575
56.047375
56.135050
56.180150
56.427875
56.479925
56.640025
56.892175
57.061725
57.277700
57.458450
57.492575
57.563200
57.627150
57.659750
57.727100
57.745550
57.795850
57.888825
57.962550
58.031725
58.093350
58.154450
58.274325
58.307225
58.543875
59.138650
59.197000
59.246475
59.276750
59.308250
59.448725
59.719250
60.327075
60.352100
60.418075
60.457500
60.509125
60.719050
60.751100
60.794200
61.012500
61.031575
61.057425
61.102475
61.303725
61.417600
61.787175
61.841300
61.944900
62.814750
62.872875
63.724550
63.743475
63.772175
63.845625
64.683150
64.842775
65.434575
65.622725
65.693875
65.784450
65.840800
65.889250
65.928125
65.944275
66.430700
66.448950
66.586200
66.684975
67.268000
67.524950
67.723500
67.789525
68.081100
68.185975
68.240775
68.871575
68.890625
69.087400
69.282500
69.438975
70.647275
70.687650
71.285925
71.311925
71.356100
71.374925
71.387700
71.426575
71.436275
71.475400
71.571900
71.805100
71.844725
71.885025
71.945700
72.130425
72.175900
72.210925
72.269050
72.603450
72.673450
72.845900
72.876325
72.915725
73.086800
73.124450
73.160175
73.252600
73.277125
73.313325
73.361775
73.466825
73.622275
73.735950
73.769825
73.846075
73.866350
73.915175
73.945825
73.972950
74.015250
74.039400
74.202925
74.215425
74.335800
74.350800
74.473375
74.489250
74.551500
74.760500
74.870725
74.898125
74.932825
75.071875
75.224150
75.355875
75.375325
75.572275
75.764775
76.213300
76.434875
76.508825
76.689325
77.427625
77.573900
77.648075
77.712450
78.159500
78.375100
78.459200
78.684050
78.721775
78.807375
78.895150
79.106575
79.315400
79.493225
79.821750
79.934175
80.228675
80.333475
80.387075
80.607775
80.786675
80.989600
81.041800
81.086925
81.170825
81.219525
81.286775
81.413800
81.450675
81.587750
81.614000
81.720225
81.762775
81.837300
81.897450
81.971500
81.990750
82.009225
82.101650
82.120975
82.185625
82.242575
82.309850
82.461600
82.561600
82.593925
82.616900
82.835625
82.959375
83.000150
83.080100
83.133275
83.380150
83.478325
83.614575
83.968325
84.096875
84.312850
84.676650
84.880350
84.914450
85.024325
85.075900
85.106950
85.158350
85.314525
85.352950
85.465500
85.523850
85.547925
85.713000
85.736750
85.773575
85.855725
85.988450
86.032225
86.114000
86.171200
86.183500
86.219625
86.283575
86.304775
86.322175
86.386725
86.558475
86.634400
86.655375
86.833650
86.872325
87.010225
87.049050
87.215225
87.249250
87.370150
87.497525
87.523225
87.619600
87.730725
87.840300
87.876500
87.933925
87.995400
88.090975
88.116950
88.179925
88.231200
88.290325
88.325400
88.354675
88.446575
88.478450
88.560525
88.646375
88.714075
88.728750
88.826550
88.975600
89.028350
89.091350
89.271950
89.303375
89.342950
89.414075
89.427625
89.657875
89.856975
89.885075
89.914950
90.009425
90.053075
90.118250
90.479425
90.596675
90.673900
91.003200
91.079400
91.245300
91.557075
91.966825
92.001325
92.228800
92.315975
92.354450
92.481075
92.506400
92.654900
92.696450
92.953550
93.033375
93.094550
93.220275
93.383025
93.563900
93.652600
93.850550
93.889125
93.966150
94.094125
94.365700
94.498800
94.513275
94.550425
94.581525
94.653925
94.686675
94.774950
94.958250
95.081625
95.178500
95.206275
95.315825
95.375750
95.407425
95.458675
95.519525
95.710450
95.732600
95.785550
95.841400
95.966025
95.984850
96.108125
96.182650
96.225625
96.305475
96.330625
96.396350
96.526425
96.564725
96.665825
96.785350
96.826475
96.904500
96.939275
97.151175
97.198225
97.245775
97.282525
97.309050
97.401175
97.446550
97.488500
97.512300
97.692900
97.744925
97.761875
98.021400
98.031425
98.070250
98.080625
98.102225
98.137575
98.211075
98.241025
98.246950
98.272300
98.334350
98.404625
98.638550
98.655325
98.748750
98.769450
99.034400
99.072600
99.098475
99.132950
99.275000
99.285800
99.334450
99.380500
99.455700
99.709800
99.772775
99.842150
99.919100
100.033525
100.052950
100.079450
100.106575
100.117075
100.216450
100.264450
100.415425
100.455450
100.574625
100.670250
100.719875
100.738500
100.823200
100.985475
101.088400
101.130375
101.386525
101.408450
101.681700
101.800000
101.866250
101.895125
101.935475
101.999250
102.028625
102.090500
102.114875
102.167475
102.238250
102.454925
102.506950
102.625800
102.998925
103.131800
103.164750
103.559475
103.967625
104.156625
104.219725
104.435500
104.487050
104.638700
104.777375
104.854275
104.909150
104.955725
105.001400
105.099500
105.137675
105.167950
105.193075
105.232600
105.273325
105.362750
105.403825
105.706925
105.738200
105.802050
105.872425
105.917575
106.129025
106.310825
106.390600
106.408925
106.559975
106.609875
106.720975
106.852400
106.914425
106.958700
107.189475
107.215375
107.263475
107.398825
107.415325
107.457900
107.471350
107.575975
107.630450
107.671725
107.735875
107.812725
107.875450
107.929075
107.956800
107.978875
108.031075
108.045500
108.069550
108.148925
108.185525
108.330775
108.445975
108.521275
108.535650
108.581450
108.597825
108.769400
108.806800
108.909450
109.081425
109.104250
109.165350
109.257425
109.328375
109.546250
109.635875
109.661775
109.683175
109.755075
109.791925
110.046650
110.065425
110.163525
110.292075
110.310550
110.399900
110.451350
110.641325
110.727575
110.835550
110.911950
111.005300
111.032450
111.205125
111.290400
111.435150
111.462550
111.501225
111.581325
111.622900
111.656100
111.674925
111.749650
111.778700
111.834300
111.856900
111.874700
111.897775
111.946375
111.974675
112.047550
112.095750
112.196450
112.304975
112.449375
112.467750
112.487600
112.530150
112.713825
112.812675
112.972825
113.005325
113.043125
113.071575
113.132275
113.195250
113.245550
113.261325
113.304575
113.315825
113.327025
113.366900
113.383025
113.447500
113.502075
113.513800
113.525175
113.602475
113.687100
113.898825
113.947550
113.966050
114.002600
114.038725
114.164500
114.239425
114.263075
114.273475
114.413275
114.434125
114.479725
114.571575
114.596275
114.672150
114.709625
114.741700
114.780225
114.914775
114.940150
115.045750
115.068375
115.127550
115.429075
115.611550
115.720875
115.789850
115.865050
115.959225
116.404275
116.596500
116.653875
116.755575
117.053575
117.283700
117.353850
117.384950
117.428425
117.746950
117.934350
118.037400
118.178575
118.278325
120.095275
120.119400
120.153725
120.353700
120.474100
120.814850
120.986075
121.108650
121.315525
121.342350
121.959175
121.976500
121.985625
122.176500
122.476300
122.822875
122.834450
122.925725
123.034600
123.335425
123.583800
123.634775
123.680525
123.772050
123.782775
123.819025
123.877875
123.970850
124.492150
124.586350
124.789975
125.293150
125.583950
125.776675
125.833675
126.077500
126.237150
126.294725
126.424250
126.589225
126.779225
126.885625
127.236475
127.626425
127.728525
128.025925
128.622800
128.674000
128.690125
128.821525
130.738850
131.257650
131.332800
131.390450
131.484375
131.652375
131.713925
131.759800
131.915525
132.036200
132.111075
132.122175
132.178300
132.225350
132.369050
132.384650
132.425150
132.431425
132.581325
132.585125
132.608650
132.629475
132.642175
132.651525
132.713775
132.745600
132.792025
132.798625
133.081700
133.156175
133.225350
133.265625
133.283075
133.424200
133.444975
133.463500
133.601575
133.626575
133.703525
133.785475
133.820575
133.828475
133.843700
133.860650
133.950125
134.028600
134.053450
134.129000
134.152525
134.222700
134.234875
134.265100
134.360650
134.396350
134.430425
134.479500
134.768375
134.901175
134.933025
134.972600
134.992300
135.072125
135.503375
135.511575
135.544675
135.579050
135.604025
135.746775
135.955500
136.009675
136.072725
136.525075
136.595500
136.718550
136.746400
136.858825
136.992225
137.029675
137.154550
137.239075
137.279050
137.292925
137.440925
137.457575
137.607100
137.663675
137.763375
137.841750
138.152225
138.374075
138.495425
138.625900
138.648200
138.821300
138.842725
138.992600
139.094600
139.565225
139.627875
139.648250
139.719425
139.846850
139.960075
139.992425
140.014550
140.103550
140.128775
140.231825
140.302550
140.424800
140.463225
140.493125
140.595500
140.846225
140.927850
140.963650
140.979875
141.110625
141.279700
141.395775
141.435925
141.672125
141.914075
142.017050
142.038550
142.158325
142.322550
142.478325
142.531225
142.550450
142.664100
142.782625
142.854025
142.862300
142.948700
143.500875
143.549825
143.818550
143.890650
143.972050
143.997425
144.121475
144.189700
144.218750
144.233350
144.279125
144.307225
144.477225
144.549400
144.636550
144.733300
144.846050
144.915250
145.061750
145.082025
145.128175
145.339825
145.394400
145.540600
145.911175
146.093200
146.177375
146.368150
146.385775
146.462725
146.486725
146.588000
146.641275
146.667725
146.863350
146.933150
147.063600
147.485550
147.508075
147.589750
147.635350
147.663075
147.677200
147.718000
147.772800
147.803900
147.853125
147.903375
147.994575
148.086200
148.168325
148.408700
148.422375
148.437900
148.471525
148.601800
148.618325
148.646300
148.844975
148.903750
148.936425
148.998200
149.067075
149.181025
149.257775
149.492200
149.550200
149.601100
149.653975
149.942300
150.792825
150.857675
151.187025
151.225225
151.442250
151.554725
151.750000
151.771675
152.057200
152.263150
152.322575
152.568800
152.611650
152.650475
152.740800
152.848400
152.937600
153.002125
153.122300
153.164050
153.257925
153.365350
153.428100
153.503550
153.695025
153.797050
153.833275
153.882700
153.981975
154.088775
154.207175
154.262775
154.541300
154.634150
154.764675
154.918750
154.974625
155.033475
155.261350
155.372200
155.431425
155.461075
155.486425
155.665900
155.769525
155.905250
156.026150
156.060175
156.235975
156.282800
156.528600
156.554350
156.581525
156.603425
156.787975
156.812825
156.935050
157.098575
157.129050
157.371725
157.409400
157.436350
157.701725
158.042125
158.394800
158.485875
158.558600
158.751275
158.809175
158.909650
159.050475
159.268825
159.362625
159.429300
159.487050
159.510050
159.581850
159.699675
159.735225
159.856200
159.940600
160.160575
160.180800
160.546275
160.678475
160.923475
161.028500
161.294325
161.368175
161.409200
161.521600
161.822775
161.882200
162.055750
162.136700
162.168750
162.261750
162.409550
162.449450
162.562075
162.631000
162.647025
162.683450
162.755175
162.844750
162.869675
162.931675
162.956750
163.186800
163.262600
163.306775
163.329150
163.541500
163.563625
163.853150
163.951775
164.032775
164.100625
164.385950
164.511350
164.603875
164.698850
164.851650
164.893200
164.930800
164.951125
165.050650
165.225875
165.551025
165.577625
165.650575
165.697200
165.731850
165.902100
165.988075
166.013300
166.033575
166.055050
166.095375
166.266800
166.344900
166.406375
166.433825
166.456900
166.514675
166.537825
166.701625
166.738750
166.803725
166.905925
166.943000
167.263625
167.340625
167.392775
167.475100
167.508600
167.582400
167.686575
167.729325
167.811850
167.864225
167.958100
168.000275
168.163900
168.205725
168.292575
168.328100
168.628900
168.709200
168.754400
168.779250
168.851300
168.911900
169.012675
169.125025
169.780750
169.813000
170.111550
170.154025
170.239300
170.366750
170.450175
170.571100
170.600550
170.645500
170.678425
170.848075
170.937750
171.320125
171.408550
171.540150
171.593750
171.787200
171.926725
171.961575
172.128350
172.213075
172.236850
172.253975
172.318650
172.331125
172.349125
172.454625
172.502125
172.532200
172.611325
172.773625
172.809650
173.034375
173.115125
173.274825
173.451525
173.535425
173.920575
173.942475
173.983300
174.011500
174.193950
174.216000
174.315150
174.335600
174.403025
174.493900
174.667725
174.825475
174.839200
174.869100
174.886050
175.083700
175.175350
175.205000
175.278575
175.302275
175.429025
175.688900
175.769950
175.918350
175.930050
176.017175
176.038575
176.173425
176.231000
176.381925
176.409500
176.566900
176.647525
176.709875
176.724025
176.742675
176.769925
176.951675
176.963525
176.987950
177.248025
177.463900
177.569425
177.587150
177.821200
177.874600
177.885575
178.061425
178.381525
178.579925
178.656775
178.738975
178.757100
178.815850
178.965775
178.991200
179.014550
179.164775
179.220400
179.243325
179.423975
179.460400
179.619525
179.672825
179.845425
179.895100
179.952475
179.966325
180.043950
180.221875
180.321400
180.444150
180.528900
180.582150
180.604100
180.857925
180.904650
181.093725
181.109725
181.126625
181.409850
181.457650
181.514850
181.563900
181.586250
181.625400
181.772625
181.916925
181.935675
181.965125
182.170050
182.268650
182.279500
182.456500
182.623375
182.933050
183.479075
187.287425
187.971475
188.073175
189.778725
191.289325
191.451825
191.492450
191.766625
191.789950
191.798850
191.857950
191.916750
192.001475
192.167300
192.309425
192.349800
192.410475
192.503350
192.634275
192.713375
192.745825
192.773225
192.814275
193.041575
193.323175
193.361625
193.381400
193.382750
193.457125
193.539825
193.561975
193.638725
193.728550
193.814425
193.856625
194.012375
194.125175
194.160025
194.254375
194.354300
194.398200
194.655600
194.783200
194.802525
194.874950
194.886850
195.008350
195.026575
195.045150
195.088825
195.132225
195.147100
195.247250
195.291675
195.316825
195.359850
195.436600
195.531500
195.588375
195.794100
195.838175
195.880775
195.952450
196.067300
196.168925
196.207650
196.246725
196.364600
196.492325
196.517875
196.550550
196.598825
196.656575
196.717250
196.774625
196.820275
197.129125
197.223725
197.280600
197.360350
197.455650
197.529975
197.575550
197.686450
197.805075
197.955025
198.037750
198.089950
198.353775
198.426775
198.459600
198.565175
198.795825
199.160125
199.208575
199.269125
199.288150
199.315750
199.437350
199.591325
199.607775
199.627225
199.652275
199.776550
199.833175
199.948475
200.226525
200.295350
200.317600
200.455925
200.566500
200.582350
200.661575
200.682775
200.707800
200.877525
201.275275
201.310625
201.732400
201.755750
201.766500
201.790475
201.817000
201.989425
202.084675
202.132300
202.292275
202.495050
202.647150
202.667000
202.748100
202.892750
203.274275
203.313750
203.341925
203.444125
203.501125
203.579000
203.644225
203.860575
204.004525
204.070725
204.174600
204.391550
204.450825
204.515025
204.594025
204.826600
204.992775
205.166000
205.228325
205.345775
205.387775
205.432000
205.619575
205.792350
205.840475
205.948050
205.975025
206.051000
206.190675
206.310325
206.434875
206.436850
206.481900
206.711125
206.928575
206.952175
206.999500
207.395800
207.419250
207.465125
207.682000
207.813075
207.884800
207.903500
207.980525
208.108775
208.304550
208.327100
208.527050
208.551175
208.575275
208.702725
208.725775
208.900525
209.072000
209.282800
209.383625
209.414775
209.622550
209.772900
209.944225
210.076825
210.170350
210.214550
210.243825
210.318650
210.428300
210.520725
210.825575
210.945100
210.989950
211.372850
211.760625
211.855050
211.988050
212.123875
212.158300
212.194950
212.267725
212.433650
212.591025
212.724575
212.763450
212.787575
212.897975
212.961700
212.990950
213.201300
213.273475
213.666575
213.786475
213.863775
213.907350
214.037225
214.114900
214.224125
214.700400
214.765600
214.803300
215.002825
215.100150
215.261650
215.297125
215.393650
215.607400
215.687400
215.720775
215.785050
215.993850
216.176950
216.203975
216.249950
216.404900
216.419425
216.472600
216.493000
216.516950
216.616775
216.675275
216.711975
216.837550
216.849800
216.978600
217.087450
217.205800
217.302525
217.342425
217.577100
217.666875
217.823950
217.855075
218.074875
218.104875
218.523575
218.842375
218.953550
218.976075
219.182950
219.277775
219.360200
219.406400
219.419475
219.459800
219.491975
219.523525
219.664525
219.795550
219.921800
219.991725
220.009700
220.433125
220.456300
220.980925
221.040050
221.286650
221.402125
221.426300
221.463775
221.544800
221.824675
221.894900
221.971550
221.999275
222.379100
222.639300
222.984850
223.093025
223.157275
223.216975
223.364775
223.489400
223.814325
223.842425
223.860875
223.943525
224.023725
224.291375
224.445800
224.590525
224.637400
224.726550
224.758275
225.097900
225.150425
225.303825
225.360450
225.391725
225.436200
225.496500
225.540600
225.627400
225.685100
225.816825
225.939800
225.980900
225.995900
226.132300
226.227050
226.415175
226.447575
226.483300
226.538150
226.556850
226.597550
226.622925
226.653575
226.748100
227.255425
227.605875
227.641075
227.695075
227.806475
228.058825
228.211000
228.360500
228.393025
228.504850
228.575125
228.929800
229.079925
229.251550
229.295700
229.362125
229.455150
230.007200
230.144875
230.563000
230.654550
230.718150
231.023525
231.106675
231.744625
231.872350
231.897425
231.920200
231.936900
231.969125
232.010925
232.182375
232.672000
232.712700
232.738500
232.772150
232.957175
232.997150
233.042125
233.082175
233.160650
233.180100
233.264075
233.412025
233.464375
233.760400
233.871875
233.941075
233.972075
234.192700
234.248250
234.267350
234.378450
234.654950
234.671600
234.683775
234.896275
234.919125
234.947625
234.970800
235.202300
235.275425
235.448050
235.471125
235.489825
235.512800
235.556775
235.611550
235.643300
235.722600
235.785950
235.798000
235.810650
235.859250
236.015425
236.035675
236.166750
236.286650
236.357625
236.376200
236.418525
236.432875
236.487100
236.570600
236.626400
236.669850
236.724675
237.228050
237.465025
237.527025
237.581475
237.747575
237.829400
237.864175
237.942075
237.988450
238.034175
238.226700
238.683825
238.703825
238.790400
239.028850
239.085300
239.124175
239.144075
239.177700
239.260050
239.514050
239.528000
239.588950
239.779650
239.829650
239.897575
240.015425
240.090975
240.196325
240.499225
240.530950
240.608450
240.884550
240.920925
240.945250
241.808900
241.818050
243.728400
244.405375
244.412700
244.424900
244.431625
244.453375
244.520000
245.227525
246.809400
247.110175
247.123050
247.412450
248.425700
248.569400
249.372925
249.627375
249.961125
251.181200
251.305675
251.333750
251.378800
251.446750
251.497525
251.581400
251.693525
251.735875
251.755025
251.793325
251.916475
251.924000
251.939000
251.965750
252.059125
252.073000
252.139150
252.152275
252.188250
252.231550
252.267375
252.374950
252.441425
252.488275
252.511500
252.576700
252.638475
252.645075
252.747850
252.783025
252.821225
252.843950
252.856450
252.880175
252.888325
252.898000
253.041250
253.072350
253.087550
253.123100
253.159475
253.261425
253.272950
253.295450
253.508425
253.690650
253.757325
253.928775
254.109100
254.126625
254.273575
254.318475
254.561375
255.004425
255.115175
255.184175
255.291500
255.905550
256.240425
256.404675
256.416000
256.476475
256.630500
256.689675
256.705000
256.973775
256.999275
257.121225
257.264900
257.321475
257.548225
257.952625
257.964300
257.990025
258.114500
258.171725
258.321025
258.343775
258.574275
258.609375
258.812325
258.979525
259.422025
259.504225
259.527850
259.741475
259.842150
259.973025
260.534125
260.581025
260.606825
260.740525
260.949100
260.998500
261.152850
261.391300
261.814600
261.871775
262.299625
262.346525
262.518775
262.677275
262.736050
262.811225
263.141650
263.329575
263.408150
263.438700
263.481950
263.888575
264.141625
264.317075
264.346625
264.732250
264.809050
264.898100
265.000575
265.477125
265.898750
266.092750
266.149800
266.165175
266.189150
266.332000
266.398750
266.436300
266.570375
266.589450
266.768050
266.826200
266.874300
267.006850
267.060525
267.260025
267.347175
267.461700
267.531825
267.746950
268.068050
268.302925
268.731000
268.863875
269.053350
269.801850
270.098075
270.347175
270.398950
270.443950
270.548875
270.640400
270.664600
270.702750
270.758525
270.812050
270.976575
271.275650
271.307300
271.495700
271.522950
271.556175
271.615575
271.732000
271.788575
271.810950
271.847275
271.960925
272.026125
272.152475
272.300725
272.336975
272.383125
272.563550
272.624575
272.862075
273.273675
273.310475
273.615625
273.654450
273.741000
273.836150
273.848675
273.861150
274.166275
274.485600
274.581925
274.960525
274.993550
275.030825
275.059425
275.105900
275.331075
275.422625
275.502275
275.549050
275.583375
275.861825
275.946775
276.008750
276.373975
276.438900
276.459950
276.474925
276.495550
276.803825
276.839100
277.011575
277.053200
277.326425
277.509500
277.817400
278.162450
278.326075
278.546875
278.785550
278.855125
279.112150
279.167900
279.205450
279.449300
279.832450
279.999775
280.315750
280.706825
280.773775
280.786500
280.895000
280.976475
281.040400
281.055100
281.103125
281.162875
281.325150
281.388150
281.530575
282.150100
282.195175
282.214900
282.261575
282.325850
282.369550
282.490400
282.690750
282.806350
282.851600
283.312750
283.377975
283.609650
284.257400
284.426200
284.509350
284.618225
284.746750
284.775625
284.834425
284.980875
285.025125
285.072275
285.214450
285.239925
285.266075
285.323375
285.463600
285.509150
285.591800
285.630125
285.694350
285.716400
285.810225
285.824400
285.973575
286.028275
286.069525
286.444475
286.720575
286.819450
287.212850
287.282025
287.329900
287.384025
287.400475
287.419850
287.516100
287.583100
287.680725
287.829925
287.844100
287.971525
287.995375
288.201225
288.236550
288.270250
288.458200
288.648200
288.736875
288.801450
288.954150
289.075425
289.148000
289.496800
289.597150
289.707100
289.857350
289.879100
290.004175
290.072350
290.140975
290.204350
290.417600
290.467875
290.476475
290.567800
290.608925
290.624100
290.733875
290.747600
290.893125
290.971475
291.033075
291.077950
291.349675
291.391275
291.627450
291.711825
292.216900
292.407200
292.589750
292.843400
293.108900
293.305700
293.333875
293.544250
293.762325
293.901725
293.923325
294.002375
294.051900
294.178850
294.235125
294.431950
294.508925
294.616800
295.033925
295.055925
295.216250
295.329000
295.844425
296.079075
296.237475
296.384700
296.634475
297.121425
297.206675
297.342050
297.637550
297.659550
297.964925
298.038400
298.171425
298.287775
298.316925
298.371375
298.412450
298.522500
298.568000
298.599900
298.653975
298.682175
298.715950
298.824375
298.976775
299.182250
299.313050
299.587475
299.644600
300.234250
300.572650
301.729825
301.813175
301.970150
302.257150
302.315825
302.325075
302.725000
303.329675
303.840850
303.855225
303.910300
303.978575
304.028025
304.154225
304.298900
304.363300
304.371500
304.463275
304.521475
304.674025
304.766950
304.804200
304.817925
304.927775
305.001325
305.161500
305.318075
305.361600
305.413625
305.566950
305.660050
305.873300
306.065850
306.116825
306.217250
306.268000
306.364875
307.307025
307.417775
307.470775
307.718825
307.976925
308.062400
308.327650
308.414775
308.613800
308.669475
309.322925
309.404075
309.773500
310.269575
311.111675
311.129400
311.144350
311.161750
311.258725
311.276775
311.332200
311.352775
311.428375
311.478300
311.530975
311.628275
311.723975
311.744050
311.833950
311.890400
312.034975
312.039350
312.049275
312.084650
312.138050
312.283450
312.468600
312.508850
312.544350
312.674300
312.750375
313.080750
313.168125
313.342975
313.452400
313.497700
313.596525
313.620325
313.650750
313.680425
313.937350
314.012300
314.567900
314.725500
314.810725
314.873000
314.937625
315.052400
315.335575
315.589025
315.688225
315.824275
315.847300
315.872350
315.936125
316.006200
316.158350
316.534325
316.627175
316.917100
316.950525
317.001275
317.274300
317.296225
317.349325
317.363650
317.381100
317.525000
317.567625
317.770775
317.838875
317.867975
318.016550
318.022250
318.329950
318.750925
319.074475
319.349950
319.517250
319.764025
319.822075
319.969750
320.031625
320.381750
321.036500
321.208625
321.304575
321.463625
321.648025
321.913400
322.116925
322.157175
322.180225
322.298425
322.412425
322.709400
322.758725
323.013900
323.047350
323.089050
323.109225
323.153300
323.233425
323.435750
323.808725
323.838550
324.005750
324.108350
324.149125
324.188325
324.233975
324.529275
325.195750
325.302700
326.596600
326.688250
326.868075
327.049900
327.396950
327.759100
327.856375
328.106375
328.166175
328.227625
328.395750
328.420800
328.438750
328.479225
328.523225
328.558900
328.573175
328.585150
328.611025
328.666850
328.828850
328.871050
328.949300
328.973950
329.041950
329.263675
329.441150
329.477725
329.605725
329.646675
329.721250
329.964450
330.009950
331.111425
331.121750
331.184100
331.204100
331.225225
331.248575
331.296950
331.370925
331.462025
331.494250
331.583900
331.755775
331.936475
331.966825
332.015375
332.200075
332.307750
332.358550
332.419550
332.567325
332.630300
332.717800
332.748550
333.036925
333.101600
333.141325
333.200050
333.277450
333.355300
333.464825
333.612775
333.659275
334.082800
334.136725
334.202300
334.217725
334.244975
334.364100
334.378500
334.729800
334.831200
334.925650
334.965150
334.978925
335.009725
335.043150
335.184250
335.239800
335.258450
335.332025
335.378550
335.429950
335.443875
335.542275
335.659025
335.675800
335.729475
335.857550
335.876200
335.926950
336.131375
336.178200
336.255200
336.317675
336.369100
336.699275
336.736225
336.860100
336.877450
336.962300
337.099725
337.216675
337.321075
337.430100
337.680450
337.850825
338.027900
338.102375
338.169800
338.258125
338.294850
338.343225
338.461000
338.516325
338.689825
338.719325
338.809850
338.936925
339.145275
339.181900
339.289075
339.425750
339.687050
339.717725
339.759825
339.904350
339.992150
340.045925
340.074450
340.160850
340.209025
340.242800
340.261750
340.302500
340.432450
340.456475
340.770900
340.808825
340.868050
341.320050
341.427425
341.949800
342.013300
342.067975
342.088125
342.198200
342.375750
342.596300
342.715450
342.811600
343.189325
343.296500
343.322825
343.357450
343.440950
343.580100
343.702050
343.836050
343.865775
344.031875
344.068625
344.258650
344.489750
344.566975
344.591425
344.632975
344.855075
344.943350
345.015700
345.139625
345.165700
345.266975
345.475275
345.566825
345.949650
346.004600
346.045575
346.089800
346.179825
346.203550
346.395375
347.005975
347.039375
347.526775
347.937775
348.009400
348.037000
348.098850
348.126450
348.185225
348.362900
348.448500
348.558675
348.955100
349.118850
349.160275
349.258750
349.271550
349.296525
349.307200
349.321825
349.370375
349.437450
349.467725
349.763650
349.897025
349.975175
350.095675
350.124625
350.159175
350.209025
350.230125
350.401525
350.577100
350.680150
351.015875
351.093325
351.111425
351.291700
351.322350
351.430625
351.562475
351.605475
351.668325
351.745625
351.809100
351.905950
351.935000
351.980475
352.012175
352.173900
352.255450
352.451875
352.561275
352.584050
352.619050
352.659750
352.892400
352.895825
352.995275
353.244625
353.270575
353.328500
353.452325
353.494550
353.677325
353.753275
353.956400
354.035750
354.056850
354.262125
354.353325
354.391250
354.446125
354.462900
354.504775
354.526175
354.539200
354.558075
354.575475
354.649425
354.672600
354.730375
354.895550
354.976850
354.994600
355.196225
355.274500
355.342025
355.360850
355.561525
355.630650
355.686375
355.693275
355.702075
355.739200
355.774475
356.046600
356.070775
356.089650
356.246125
356.292250
356.376375
356.393175
356.481900
357.077025
357.100425
357.140725
357.285700
357.617725
358.027550
358.250000
358.297625
358.309975
358.451350
358.463875
358.552125
358.685700
358.887775
358.928875
359.011875
359.047100
359.133500
359.395150
359.564575
359.585775
359.756300
359.782400
359.840000
359.927200
360.056775
360.127450
360.176925
360.443800
360.543625
360.690050
361.029175
361.714400
361.758700
361.768225
361.810275
361.863375
361.965750
362.169350
362.196075
362.719750
362.914775
362.958525
363.001975
363.068200
363.718650
364.329275
364.468725
365.916700
366.220425
366.657750
367.604250
367.950700
368.008750
368.118250
368.305000
369.672300
369.722950
371.100775
371.230275
371.284550
371.319325
371.362425
371.432375
371.450700
371.472975
371.488675
371.572575
371.609800
371.646850
371.684500
371.714925
371.891400
372.011175
372.031400
372.076375
372.123625
372.156175
372.226600
372.457125
372.493350
372.535575
372.570675
372.598700
372.705875
372.727125
372.765125
372.780825
373.011125
373.036725
373.135275
373.193275
373.224350
373.283275
373.301675
373.491800
373.530725
373.640250
373.666700
373.693825
373.757450
373.807850
373.950975
374.033975
374.124275
374.231775
374.305625
374.355950
374.512450
374.615925
374.755475
374.775825
374.809075
374.835950
374.882075
374.930775
375.054450
375.231050
375.274250
375.392100
375.431175
375.499825
375.613175
375.715250
375.795175
375.937075
376.024050
376.055025
376.131250
376.296475
376.317200
376.351150
376.460000
376.591400
376.691725
376.743900
376.781800
376.816675
377.326850
377.460800
378.057825
378.214050
378.331150
378.522200
378.691500
378.902300
379.013975
379.156775
379.214975
379.283000
379.385900
379.482825
379.527275
379.575375
379.687300
379.780650
379.819825
379.861700
379.968400
380.036725
380.204175
380.294850
380.651150
380.798075
381.107450
381.244725
381.294975
381.326050
381.485750
381.521875
381.756350
381.904900
382.024400
382.062650
382.088300
382.102450
382.124525
382.164925
382.387575
382.450850
382.649075
382.668850
382.709500
382.827625
382.914150
382.945850
382.961850
383.098825
383.120300
383.252925
383.347000
383.511950
383.565375
383.588425
383.615675
383.728025
383.771975
383.814275
383.840250
383.867600
383.903750
383.940625
383.968500
384.027275
384.148400
384.175975
384.254925
384.342600
384.384075
384.811975
384.949600
384.967800
385.083600
385.264525
385.501600
385.624700
385.852550
386.064725
386.251175
386.321775
386.360025
386.434400
386.542375
386.726200
386.866400
386.917750
387.131050
387.154775
387.277475
387.303375
387.416300
387.494575
387.601200
387.639175
387.728850
387.763225
387.984275
388.146400
388.171125
388.344000
388.475200
388.530775
388.558250
388.662875
388.844250
389.025750
389.321775
389.791300
389.803475
389.915275
389.957425
390.335050
390.689700
390.823925
391.111675
391.247550
391.323050
391.342025
391.396900
391.497250
391.567675
391.605825
392.009525
392.190125
392.287950
392.313325
392.457375
392.721700
392.846350
393.079525
393.321625
393.466750
393.763125
393.801925
393.821600
394.225825
394.234725
394.425775
394.440825
394.484000
394.513350
394.635350
394.665125
394.677975
394.711450
395.028550
395.083725
395.160600
395.197750
395.313350
395.339875
395.515675
395.628925
395.741650
395.758600
395.985200
396.007525
396.037125
396.166500
396.202050
396.265175
396.276300
396.310050
396.315300
396.332500
396.384525
396.408925
396.456500
396.590100
396.657800
396.693300
396.743225
396.861800
396.898175
397.107075
397.286225
397.441650
397.536575
397.787950
397.993875
398.027025
398.060575
398.165575
398.217900
398.319925
398.390500
398.469700
398.493600
398.523425
398.550325
398.596125
398.634600
398.672875
398.815575
398.912225
399.324425
399.349850
399.394750
399.433475
399.499125
399.689550
399.741625
399.819250
399.887275
400.032775
400.477725
400.784425
400.806775
400.899650
400.914450
400.989250
401.014850
401.028425
401.037150
401.070075
401.142325
401.239075
401.272350
401.367725
401.383925
401.449500
401.477025
401.593100
401.611375
401.658100
401.743025
401.758350
401.770500
401.817575
401.841225
402.106025
402.162975
402.205575
402.236075
402.306600
402.340725
402.454425
402.723125
402.862650
402.974200
403.033800
403.106550
403.199475
403.552625
403.745975
403.872300
404.278450
404.359050
404.623400
404.721650
404.749475
404.781325
404.992225
405.024100
405.049275
405.119925
405.141175
405.368250
405.614725
405.705575
405.797950
405.822850
405.851575
405.999250
406.122200
406.221250
406.446825
406.489225
406.546725
406.863700
407.187125
407.249525
407.275425
407.381025
407.439525
407.469800
407.696525
407.815675
407.887950
408.098275
408.546025
408.567275
408.596500
408.761925
408.915625
408.993150
409.031825
409.099925
409.209875
409.252850
409.887075
409.935950
409.966300
410.013150
410.070700
410.166525
410.305950
410.329700
410.395400
410.832225
411.099800
411.123475
411.151050
411.171400
411.271200
411.380975
411.396675
411.487525
411.577600
411.718425
411.893925
411.931975
412.250200
412.452575
412.604625
412.646125
412.705750
412.821675
412.943125
412.968200
413.078150
413.093750
413.176325
413.363875
413.432275
413.471200
413.561550
413.601600
413.644100
413.735050
413.777850
413.796425
413.916125
413.997925
414.112475
414.137600
414.202750
414.271375
414.305175
414.324550
414.338450
414.367225
414.396600
414.740550
414.765925
414.814375
414.877450
415.032275
415.049425
415.074775
415.114650
415.234300
415.247375
415.342250
415.357525
415.368250
415.467300
415.530900
415.619225
415.633025
415.648200
415.855425
415.945125
415.967575
416.058150
416.221550
416.234250
416.364375
416.389525
416.414125
416.485775
416.504200
416.677350
416.708725
416.951975
416.984950
417.062750
417.112700
417.188800
417.216875
417.275675
417.295600
417.642100
417.859150
418.054800
418.153975
418.177450
418.283150
418.482700
418.525175
418.578075
418.615750
418.656375
418.779650
419.046450
419.060550
419.322675
419.366750
419.389375
419.466350
419.514875
419.622575
419.667350
419.949125
420.194375
420.212100
420.280575
420.421375
420.446050
420.673500
420.869200
420.924175
421.032650
423.899525
424.364375
426.700325
427.590725
428.150450
428.202275
430.294375
430.308550
430.704650
430.741700
430.901600
431.069050
431.146900
431.157125
431.189025
431.264425
431.340450
431.357000
431.400700
431.495050
431.590000
431.737425
431.856525
432.002925
432.127700
432.456750
432.489925
432.545275
432.586200
432.831750
432.998425
433.009925
433.031000
433.134800
433.150300
433.275175
433.351725
433.382025
433.575300
433.663425
433.788400
433.825425
433.968500
433.986200
434.066675
434.307975
434.440025
434.481050
434.559925
434.585575
434.691825
434.799425
434.829900
434.875875
434.922050
434.959000
435.055100
435.333375
435.404900
435.515700
435.673025
435.853025
436.389500
436.414275
436.473800
436.787325
436.928325
437.072550
437.109975
437.200950
437.262300
437.341675
437.424175
437.445850
437.487625
437.514875
437.586875
437.690925
437.972775
438.096225
438.197675
438.238600
438.306100
438.346350
438.416925
439.390925
440.090450
440.244850
440.547100
440.744000
440.798225
440.966275
441.243225
441.336975
441.532650
441.621825
441.730925
441.920275
441.937925
441.947000
441.982650
442.065975
442.140500
442.215500
442.347825
442.371425
442.550400
442.587175
442.686025
442.763025
442.887025
443.007675
443.081875
443.334450
443.397850
443.433350
443.490075
443.526125
443.711875
443.750950
443.912100
443.948275
444.089825
444.177075
444.512650
444.654775
444.705975
444.853100
444.866475
444.943150
444.971625
445.019100
445.095175
445.233600
445.379950
445.469750
445.548700
445.698525
445.744400
445.775900
446.444125
446.600425
446.878525
447.101950
447.352000
447.628575
447.677475
447.830875
447.896675
448.021975
448.078150
448.203750
448.323925
448.489050
448.631625
448.928600
449.021075
449.502275
449.547575
449.754400
449.797675
449.911575
450.113000
450.482475
450.740075
450.833675
451.361225
451.443775
451.479150
451.508600
451.555275
451.623125
451.781575
451.855050
451.950250
452.023625
452.058150
452.436125
452.508825
452.582350
452.822825
452.927050
452.954025
453.094625
453.106150
453.118700
453.171125
453.181175
453.241925
453.267625
453.291625
453.360550
453.371175
453.429050
453.656400
453.729025
453.750475
453.799025
453.865650
454.036325
454.066300
454.224850
454.442525
454.587525
454.729400
454.892650
454.977325
455.145925
455.366275
455.371450
455.460350
455.779500
455.814450
455.827775
455.937175
456.206025
456.247400
456.385975
456.707800
456.789825
456.973100
457.141275
457.169500
457.217525
457.411675
458.007225
458.204400
458.426600
458.837500
458.847100
458.932600
459.063150
459.267275
459.418100
459.474825
459.535950
459.696675
459.932700
460.160300
460.277850
460.569450
460.798950
461.091325
462.486600
463.021925
463.269075
464.158000
464.376825
464.410300
464.441825
464.854900
465.033700
465.192800
465.294725
465.318350
465.369700
465.557150
465.594450
465.861575
465.894725
466.222275
466.334275
466.375350
466.502700
466.576650
466.662600
466.742675
466.837425
466.971900
467.061925
467.159275
467.297875
467.477275
467.515250
467.769275
467.807900
467.841775
467.915100
467.960100
468.200850
468.261700
468.299050
468.432075
468.608225
468.633800
468.702125
468.932600
469.055000
469.195475
469.447775
469.469125
469.505200
469.540150
469.666425
469.748975
469.794200
469.919925
470.162225
470.238175
470.277775
470.426675
470.497100
470.573425
470.627350
470.757400
470.910600
470.930825
471.004625
471.024625
471.112675
471.124375
471.264850
471.423675
471.496425
471.612850
471.725475
471.757100
471.888425
471.939025
471.951200
472.128775
472.295750
472.326850
472.670250
472.683675
472.757600
473.073625
473.104100
473.130300
473.369150
473.398850
473.766200
473.804175
474.107950
474.145025
474.219075
474.235750
474.280575
474.361325
474.573775
474.771775
474.848350
474.954400
475.305575
475.330875
475.460725
475.547125
475.632350
475.705300
475.786300
475.811450
476.017225
476.077725
476.117325
476.309575
476.492800
476.562400
476.702725
476.758000
476.792325
476.828450
477.001700
477.045225
477.090975
477.162450
477.213550
477.497800
477.822600
477.853525
477.890600
477.928225
478.056875
478.090625
478.135875
478.382000
478.430625
478.582075
478.608625
478.764700
478.858925
479.175850
479.211125
479.241400
479.256700
479.287750
479.549850
479.632100
479.708275
479.726350
479.760625
479.870050
479.918600
480.142525
480.197000
480.297000
480.323275
480.417750
480.473700
480.608725
480.671125
481.006550
481.026900
481.087775
481.106600
481.961325
483.026400
483.259625
483.289575
484.418850
487.296350
487.355125
487.756825
488.081975
488.103025
488.249900
488.302000
488.553075
488.606375
488.696600
488.949800
489.094450
489.707275
490.159900
490.198950
491.540800
491.714750
491.748200
492.055000
492.190250
492.282025
492.300525
492.320700
492.397025
492.428300
492.460525
492.484175
492.518300
492.552975
492.856900
492.893650
492.921550
493.105200
493.153025
493.206850
493.260825
493.338125
493.377875
493.476525
493.625225
493.660500
493.683950
493.700775
493.765725
494.114825
494.174150
494.390050
494.608025
494.624775
494.737450
494.795400
494.947275
494.984375
495.105325
495.247050
495.334075
495.534500
495.650450
495.782925
495.869750
495.903325
495.954425
496.042300
496.256375
496.270825
496.331250
496.374325
496.468350
496.495250
496.521500
496.550975
496.558500
496.567350
496.591600
496.639275
496.653575
496.696225
496.701750
496.768725
496.786875
496.796825
496.896300
496.908950
496.922500
497.032300
497.159475
497.172900
497.301075
497.381850
497.521150
497.608175
497.624025
497.639325
497.687275
497.766850
497.801775
497.809400
497.840325
497.858575
497.999325
498.040775
498.075775
498.119625
498.137525
498.171275
498.210200
498.226000
498.297125
498.331325
498.409875
498.464875
498.544175
498.612025
498.676725
498.812125
498.835775
498.906325
498.957725
499.044950
499.084675
499.180725
499.194200
499.242500
499.526000
499.581875
499.643975
499.845450
499.870475
499.974725
500.063125
500.090300
500.137375
500.470175
500.504750
500.559075
500.604575
500.637450
500.729575
500.737125
500.861525
500.917900
500.927350
500.986300
501.103225
501.120250
501.329800
501.425300
501.715625
501.754875
501.795100
501.979825
502.015025
502.345725
502.564900
502.603875
503.063000
503.119125
503.239175
503.357600
503.556025
503.593650
503.639225
503.717400
503.917175
503.982725
504.055025
504.169175
504.482350
504.865375
505.105150
505.269825
505.389175
505.401850
505.417975
505.488525
505.545625
505.616125
505.827775
505.878100
505.996625
506.109900
506.207125
506.360925
506.406400
506.430725
506.607225
506.706650
506.931900
507.089500
507.478400
507.495375
507.544650
507.558175
507.655400
507.749425
507.795225
507.995600
508.056850
508.075175
508.195900
508.454650
508.596625
508.807450
508.953875
508.991675
509.020925
509.154100
509.179950
509.209525
509.440550
509.497075
509.592550
509.656375
509.683175
509.715600
509.835525
509.978025
510.015225
510.064625
510.102125
510.210825
510.222925
510.383750
510.494200
510.513200
510.639300
510.660950
511.067525
511.183500
511.208875
511.243875
511.266300
511.373775
511.560900
511.740525
511.989075
512.020725
512.113075
512.215400
512.245675
512.515550
512.568900
512.588550
512.734775
512.986175
513.015425
513.054600
513.208625
513.365475
513.466725
513.727725
513.793600
513.898075
513.958975
514.034950
514.217900
514.426225
514.489625
514.520175
514.718150
514.742100
514.757850
514.786950
514.800325
515.054675
515.085875
515.118375
515.166100
515.348750
515.454500
515.525275
515.659725
515.720800
515.831925
515.863600
515.988450
516.033825
516.073200
516.461475
516.544350
516.556950
516.575975
516.746950
516.780575
516.912875
517.086000
517.206450
517.280450
517.364400
517.488325
517.650100
517.706350
517.927925
518.017275
518.023900
518.059875
518.475575
518.493325
518.575300
518.679025
518.757000
518.888250
519.033775
519.331050
519.380700
519.492075
519.716375
519.787500
519.853300
519.867575
519.939175
519.963375
520.022050
520.180700
520.212200
520.368250
520.531675
520.556450
520.602875
520.715050
520.770475
520.849650
520.890175
520.909575
520.971700
521.117875
521.175200
521.405725
521.614850
521.927000
522.063900
522.130550
522.168925
522.444275
522.588400
522.672525
522.840675
522.888450
522.986400
523.060500
523.086050
523.134650
523.152675
523.559875
523.596025
523.669925
523.722975
523.875700
523.962475
524.243050
524.441050
524.517125
524.548475
524.740475
524.799800
524.979750
525.090200
525.174550
525.253575
525.326275
525.363500
525.458400
525.597450
525.828225
525.850350
525.887125
525.927875
526.095400
526.555675
526.596850
526.635675
526.723950
526.749700
526.863250
526.973300
527.041075
527.285575
527.472000
527.522775
527.702425
527.873700
528.189650
528.248900
528.279900
528.429200
528.549075
528.615075
528.784925
528.802900
528.825525
529.008475
529.028875
529.088875
529.165950
529.196450
529.240725
529.273900
529.456725
529.493725
529.509200
529.696325
529.734750
529.749300
529.812000
529.901575
529.942525
529.997500
530.221550
530.275050
530.302400
530.324500
530.366550
530.422100
530.488650
530.561225
530.614025
530.639775
530.666600
530.722000
530.757425
530.868775
530.914400
530.986850
531.024900
531.144950
531.182550
531.231325
531.346350
531.445600
531.528800
531.594875
531.621650
531.673725
531.769300
532.050900
532.232200
532.294475
532.374375
532.399900
532.438600
532.553350
532.604950
532.719850
532.950700
532.980100
533.248800
533.865450
533.946225
533.969950
534.041875
534.063625
534.088225
534.158575
534.432025
534.571125
534.608700
534.758825
534.838425
534.868350
534.885400
534.912350
534.956925
535.066700
535.121925
535.145500
535.181375
535.348600
535.435625
535.458850
535.507200
535.671675
535.864125
535.966775
535.993125
536.067650
536.126425
536.155175
536.204625
536.221125
536.297675
536.329075
536.434525
536.479025
536.532675
536.696025
536.739475
536.812450
537.000525
537.189550
537.213275
537.273675
537.283375
537.607675
537.623675
537.831300
537.860825
537.937150
537.982900
538.002650
538.059350
538.288900
538.407625
538.485925
538.587650
538.632575
538.649175
538.870175
538.975725
538.983975
539.075775
539.224850
539.390175
539.416775
539.490150
539.534300
539.795925
539.829500
539.852875
539.880775
540.281900
540.376150
540.474225
540.625800
540.810475
540.943050
541.355500
541.394600
541.600900
541.699500
541.945400
542.156650
542.181800
542.194800
542.740900
543.355400
543.495100
543.528875
543.549575
543.591225
543.608050
543.685175
543.835725
543.902975
544.050775
544.271050
544.401950
544.594000
544.791975
544.827175
544.843500
544.884400
544.901800
544.995500
545.100700
545.119925
545.147425
545.187025
545.692550
545.785625
545.835650
545.883075
545.892150
545.937775
545.949000
546.201250
546.948500
547.249175
547.283125
547.443125
547.782775
547.794275
548.251800
549.107575
549.143475
551.135350
551.207950
551.220600
551.376950
551.431175
551.485475
551.504475
551.563825
551.688600
551.849900
551.893025
551.943375
551.992775
552.011350
552.035350
552.079975
552.111250
552.162200
552.194575
552.236175
552.435200
552.609700
552.652000
552.735675
552.815375
553.164125
553.178825
553.521000
553.533900
553.648775
553.706950
553.716300
553.896500
553.957750
553.974750
554.156100
554.185825
554.257550
554.287925
554.348475
554.529450
554.756975
554.807200
554.904625
554.950425
555.070925
555.116375
555.129775
555.249300
555.356775
555.469425
555.527525
555.685675
555.780900
555.858500
556.008625
556.018900
556.093450
556.827650
556.943300
557.171425
557.319850
557.334900
557.619900
557.694450
557.719100
557.741375
557.765550
558.103525
558.509025
558.812050
558.853400
558.883825
559.043775
559.140925
559.598425
559.813050
559.905475
559.983950
560.095300
560.121625
560.379600
560.560650
560.616325
560.762275
560.882850
560.918400
560.956200
560.976100
561.521900
561.596775
561.671375
561.687025
561.737525
561.748775
561.922675
562.168550
562.195175
562.221875
562.334175
562.455225
562.473450
562.618150
562.737650
562.780925
562.816075
562.871750
562.933875
562.969875
563.012300
563.329250
563.426125
563.572750
563.608250
563.636100
563.732275
563.759325
563.866725
563.901575
564.009175
564.121225
564.172650
564.224775
564.288825
564.349575
564.409375
564.466975
564.582350
564.605450
564.711050
564.822450
564.927775
564.955550
565.085325
565.155475
565.178650
565.206525
565.246325
565.273850
565.341125
565.487475
565.648750
565.681675
565.764400
565.883075
565.974425
566.031775
566.050025
566.110400
566.127650
566.145125
566.331850
566.368325
566.432800
566.503700
566.770925
566.809625
566.960525
567.051925
567.091325
567.142600
567.309975
567.586675
567.640025
568.000225
568.350450
568.547000
568.602300
568.865000
568.933100
569.072325
569.132125
569.181075
569.608875
570.068050
570.116225
570.190975
570.224000
570.570750
571.010125
571.173200
571.219775
571.597950
571.647925
571.660400
571.772975
571.805525
571.987675
572.144475
572.164700
572.178875
572.326100
572.382700
572.403725
572.741750
572.804050
572.917100
572.971975
573.200850
573.244400
573.423225
573.545700
573.599800
574.125150
574.214325
574.384050
574.514225
574.595450
574.788875
575.098925
575.167825
575.420700
576.115775
576.186500
576.290475
576.534350
576.664450
576.944475
576.975400
577.071975
577.401000
577.428725
577.583600
577.628500
577.976750
578.018200
578.115100
578.236800
578.576125
578.711675
578.738300
578.771975
578.807000
578.976700
579.101850
579.295175
579.397575
579.473650
579.694300
579.962000
579.992275
580.014875
580.162525
580.280575
580.494550
580.706700
580.739900
581.046000
581.069950
581.177675
581.200400
581.285425
581.762750
581.888700
582.091275
582.135775
582.530200
582.549450
582.667250
583.476175
583.566575
583.587500
583.616425
583.624250
583.734125
584.195500
584.235750
584.270400
584.306025
584.338750
584.436150
584.490275
584.540825
584.578650
584.588375
584.742525
584.761775
585.532450
585.599600
585.895725
585.985225
586.150375
586.186050
586.648975
587.038800
587.334475
587.413550
587.437800
587.458850
587.608450
587.704600
587.823875
587.864525
587.937625
588.001500
588.121025
588.411125
588.595500
588.616075
588.646275
588.684875
588.730275
588.791800
588.838100
588.920750
589.091950
589.153750
589.238700
589.396450
589.433275
589.472300
589.500450
589.557725
589.581000
589.682600
589.799800
590.064650
590.167450
590.266225
590.298000
590.342375
590.380725
590.463725
590.562825
590.639375
591.019175
591.092300
591.271050
591.327700
591.459700
591.620700
591.680700
591.707400
591.788250
591.824225
591.921325
592.062350
592.562425
592.645200
592.957150
593.174850
593.243975
593.570350
593.742575
593.854200
593.928800
593.971475
594.275575
594.595400
594.710000
594.878100
595.166675
595.470925
595.604825
595.941450
596.382375
596.427325
596.559075
596.584375
596.605025
596.877800
596.974250
597.117500
597.166275
597.406475
597.532800
597.563375
597.670825
597.718750
597.787775
597.809925
597.989825
598.033075
598.316775
598.566150
598.632750
598.670625
598.689500
598.723450
598.785250
598.943050
599.249375
599.326800
599.751275
599.773125
599.828575
599.843050
599.954450
599.995950
600.030550
600.129225
600.180050
600.233825
600.263500
600.287800
600.298975
600.333200
600.448875
600.580275
600.619350
600.677875
600.747275
600.766900
600.847025
600.892575
600.947825
600.972800
602.128625
604.174125
604.237050
604.243800
604.467325
604.699550
604.836900
605.193850
606.178775
606.569350
606.686025
611.488025
611.535500
611.585900
611.631500
611.715125
611.771050
611.810100
611.868450
611.884450
612.001500
612.014200
612.025975
612.072525
612.081900
612.133625
612.144600
612.161050
612.169350
612.188025
612.288425
612.303525
612.334450
612.353425
612.364525
612.386625
612.473600
612.646350
612.763000
612.790675
612.888775
612.900425
613.092625
613.177700
613.231900
613.266025
613.290850
613.336075
613.405675
613.423875
613.528100
613.548625
613.618375
613.730100
613.752375
613.773600
613.832625
613.925725
614.010275
614.051700
614.335075
614.347650
614.497750
614.581375
614.630675
614.658000
614.679400
614.865000
615.039700
615.209075
615.334775
615.461675
615.650400
615.672050
615.704875
615.714325
615.889675
616.273150
616.327925
616.357025
616.382725
616.419575
616.511500
616.525225
616.538850
616.568000
616.705275
616.818025
616.840875
616.986025
617.216000
617.243450
617.329175
617.635125
617.807175
617.940650
618.020450
618.037025
618.054650
618.081900
618.146175
618.210075
618.279050
618.324925
618.339475
618.368400
618.390625
618.411100
618.486425
618.596375
618.641850
618.948725
618.991400
619.028550
619.240000
619.255025
619.283600
619.441275
619.507525
619.622600
619.665575
619.697150
619.707700
619.793900
619.908100
620.028275
620.068475
620.166825
620.248550
620.338800
620.409200
620.655600
620.780825
620.906200
620.944950
621.049025
621.128075
621.190100
621.231625
621.275875
621.292975
621.319225
621.397575
621.471325
621.487625
621.501925
621.544650
621.592525
621.608625
621.659150
621.699750
621.726100
621.790900
621.819250
621.838600
621.871425
621.905000
622.189000
622.203700
622.240175
622.308400
622.384925
622.700000
622.717050
622.863875
622.896800
622.994300
623.076650
623.217550
623.264250
623.285525
623.392475
623.399050
623.446025
623.636825
623.678900
623.765375
623.809875
623.833350
623.872075
624.001150
624.327325
624.430000
624.462125
624.485200
624.543675
624.715575
624.769350
624.880675
625.023450
625.103925
625.201550
625.229825
625.344200
625.427600
625.452175
625.466250
625.480475
625.586000
625.703700
625.732575
625.806025
625.820600
625.854350
626.035925
626.078525
626.185050
626.205325
626.351725
626.521500
626.590225
626.619550
626.644825
626.689375
626.832775
627.030725
627.119475
627.215725
627.271250
627.300100
627.372850
627.489575
627.604525
627.637925
627.692450
627.808500
627.994125
628.061225
628.162625
628.244925
628.312725
628.416200
628.532800
628.619325
628.641150
628.717300
628.808950
628.837275
628.894250
628.927750
628.992275
629.125850
629.412750
629.433825
629.578150
629.603300
629.800400
629.907250
630.070625
630.163875
630.444450
630.470325
630.599650
630.743900
630.843450
630.943875
631.090700
631.200800
631.281750
631.333850
631.352000
631.378150
631.403225
631.427225
631.574700
631.699425
631.719100
631.860875
632.002600
632.072700
632.100200
632.163750
632.178825
632.258475
632.324050
632.342975
632.530350
632.569700
632.589325
632.710825
632.720800
632.740175
632.849175
632.869900
632.915050
632.939300
633.042850
633.067050
633.334775
633.352225
633.415900
633.527375
633.632675
633.752500
633.778450
633.882850
633.946425
634.201250
634.345475
634.378625
634.400950
634.599575
634.625150
634.653250
634.734825
634.757925
634.780325
634.797775
634.895550
634.938625
634.957125
634.978550
635.141125
635.193050
635.263700
635.322625
635.373850
635.434625
635.489325
635.564325
635.682275
635.735900
635.819700
635.882400
635.893750
635.905750
635.920425
635.946225
636.013875
636.075575
636.114200
636.128750
636.177050
636.195025
636.290125
636.396850
636.426375
636.541575
636.558725
636.585050
636.636400
636.695800
636.775550
636.834000
636.864750
636.905450
636.989750
637.027550
637.061250
637.195450
637.350825
637.540725
637.708500
637.728725
637.780225
637.970175
638.156075
638.174475
638.277975
638.356500
638.475525
638.567950
638.630350
638.703550
638.712125
638.727625
638.739475
638.750200
638.798925
639.023750
639.057850
639.090425
639.153500
639.216750
639.251025
639.269025
639.318225
639.329625
639.390350
639.431825
639.488425
639.503250
639.652800
639.741375
639.766100
639.782625
639.796150
639.822275
639.900900
639.915100
640.002525
640.054650
640.148775
640.182250
640.215525
640.286425
640.321225
640.497275
640.525025
640.542400
640.602525
640.617700
640.700925
640.753500
640.901200
640.975625
641.162825
641.217950
641.347625
641.359950
641.376150
641.672300
641.709575
641.755375
641.818050
641.855875
641.873450
641.928275
641.943000
642.043425
642.246725
642.299500
642.335475
642.350700
642.376275
642.405525
642.432350
642.455250
642.550325
642.568375
642.647925
642.683825
642.733925
642.760525
642.872000
642.897800
642.926075
642.947800
643.062350
643.088625
643.254500
643.316550
643.333125
643.400325
643.874200
643.964300
643.982975
644.135300
644.153125
644.310875
644.341400
644.455000
644.520575
644.567225
644.867875
645.067625
645.156450
645.334050
645.357700
645.620250
645.687425
645.787575
645.829900
645.915400
645.947250
645.969900
645.993900
646.056275
646.155225
646.471850
646.575650
646.641750
646.685050
646.779025
647.053850
647.092500
647.131975
647.155350
647.287200
647.371200
647.400550
647.420275
647.671175
647.687525
647.815300
647.847000
647.925200
647.971050
648.063650
648.074275
648.083475
648.117950
648.136325
648.231525
648.287150
648.415150
648.667750
648.700175
648.716975
648.855025
648.883625
648.956450
649.207825
649.242425
649.257275
649.308700
649.324800
649.398450
649.448300
649.521350
649.726050
649.824350
649.888675
649.906125
649.967975
650.016700
650.053000
650.104650
650.112950
650.222475
650.264650
650.352775
650.632075
650.723125
650.829150
650.862950
650.901650
650.999675
651.028175
651.082275
651.137500
651.151850
651.353825
651.461125
651.498375
651.585050
651.610000
651.771925
651.835975
652.005075
652.467975
652.572525
652.609250
652.787025
652.802900
653.001875
653.147825
653.179275
653.389100
653.509400
653.570175
653.641525
653.712000
653.729900
653.748800
653.879275
653.946675
654.012550
654.106050
654.173275
654.207225
654.269375
654.352350
654.365400
654.526600
654.576075
654.586800
654.638950
654.663900
654.752325
654.793275
654.823350
654.954050
654.974275
655.023975
655.087650
655.099350
655.138275
655.191325
655.392300
655.522100
655.533175
655.541550
655.599250
655.637775
655.682175
655.769775
655.787225
655.796800
655.819725
655.841775
655.862625
655.902900
655.981225
656.017475
656.076800
656.089350
656.243475
656.377150
656.463275
656.553500
656.577800
656.709650
656.772300
656.822725
657.042650
657.067300
657.096475
657.117575
657.326700
657.359525
657.381775
657.429725
657.478950
657.728325
657.780400
657.829525
657.954525
657.964900
657.976025
657.990150
658.043550
658.128850
658.142775
658.157975
658.324400
658.373550
658.517525
658.572425
658.586650
658.820450
658.894525
658.903625
658.985250
659.024675
659.041575
659.138875
659.293800
659.327275
659.342425
659.378500
659.419025
659.549600
659.619500
659.689100
659.786850
659.843350
