0.002475
0.036050
0.058850
0.080650
0.111125
0.133700
0.154400
0.163950
0.200650
0.212125
0.235425
0.238925
0.291100
0.302125
0.310075
0.383425
0.405625
0.441050
0.451350
0.461300
0.495625
0.507725
0.533400
0.542325
0.555750
0.564950
0.587400
0.598475
0.637050
0.646375
0.670050
0.710000
0.734725
0.743900
0.755000
0.765400
0.804750
0.817550
0.831575
0.854950
0.877250
0.900475
0.910625
0.936400
0.973375
0.987400
1.007450
1.049825
1.079000
1.088325
1.105025
1.131875
1.149800
1.159950
1.175650
1.199425
1.246350
1.296625
1.383075
1.397275
1.436350
1.537275
1.551150
1.579775
1.590725
1.648850
1.655475
1.671050
1.679600
1.682125
1.686150
1.738650
1.745100
1.768550
1.771700
1.788225
1.806375
1.815700
1.824800
1.831425
1.980700
1.988600
2.031025
2.039775
2.063175
2.096800
2.122975
2.251125
2.260900
2.272750
2.323100
2.332500
2.364825
2.414725
2.445525
2.454125
2.475825
2.526925
2.567200
2.585875
2.596500
2.607425
2.655975
2.666825
2.685725
2.690450
2.741350
2.754475
2.772700
2.818025
2.830425
2.835925
2.846350
2.874550
2.882550
2.892425
2.901500
2.910350
2.952350
2.973500
2.995350
3.027225
3.035650
3.047775
3.079475
3.140500
3.164075
3.194425
3.244000
3.293175
3.302625
3.316175
3.351175
3.443400
3.454575
3.463375
3.490850
3.536675
3.539800
3.552875
3.589975
3.619125
3.655650
3.662275
3.686375
3.742675
3.745250
3.767075
3.782475
3.812175
3.818900
3.826350
3.840625
3.934000
3.957150
4.003575
4.041475
4.083650
4.116475
4.125275
4.129900
4.134250
4.277400
4.338275
4.414150
4.461375
4.471525
4.602200
4.636625
4.652325
4.693975
4.707300
4.728475
4.735350
4.742900
4.753300
4.777475
4.792675
4.803250
4.866550
4.873875
4.916750
4.946200
4.952175
5.003100
5.044650
5.056625
5.102350
5.126775
5.137325
5.175675
5.182825
5.195775
5.202500
5.220225
5.354300
5.374125
5.386800
5.405850
5.429950
5.495925
5.529500
5.541275
5.565800
5.605875
5.609450
5.617000
5.620875
5.640600
5.670550
5.736925
5.744700
5.808350
5.854375
5.867925
5.873500
6.016925
6.026325
6.063775
6.111775
6.120625
6.161225
6.300600
6.342450
6.360275
6.370100
6.375975
6.405375
6.450925
6.503200
6.548375
6.587400
6.650425
6.652750
6.677775
6.686925
6.729300
6.731775
6.749350
6.876775
6.893175
6.899875
6.936250
6.943025
7.011375
7.028950
7.148950
7.209100
7.219400
7.268050
7.276850
7.365075
7.405475
7.446250
7.470000
7.488825
7.502200
7.526050
7.534375
7.554425
7.577575
7.598250
7.635975
7.686175
7.729825
7.763450
7.854400
7.879425
7.909750
7.961800
7.985125
8.066600
8.101925
8.112300
8.123075
8.133675
8.139075
8.240775
8.288875
8.331250
8.380025
8.388275
8.457450
8.487975
8.508400
8.528475
8.542275
8.554250
8.621025
8.693925
8.703575
8.711125
8.787825
8.822175
8.866600
8.903625
8.939225
8.971575
9.023500
9.064825
9.074075
9.109400
9.117525
9.134925
9.182125
9.237400
9.262750
9.279775
9.318000
9.391975
9.480075
9.491100
9.503250
9.544500
9.556975
9.570150
9.593000
9.618700
9.711625
9.721925
9.753475
9.767225
9.842100
9.855475
9.868800
9.881725
9.890200
9.954225
10.083725
10.107025
10.119075
10.150425
10.158150
10.165775
10.256275
10.298425
10.342400
10.450900
10.462025
10.481175
10.542750
10.551850
10.567150
10.573975
10.662025
10.689975
10.708750
10.742300
10.790750
10.807025
10.890200
10.902225
10.963225
10.984875
11.057275
11.063125
11.104675
11.114675
11.132475
11.140675
11.161775
11.204625
11.211500
11.218925
11.240025
11.250825
11.427625
11.448375
11.475200
11.490025
11.502050
11.524350
11.552600
11.570275
11.591875
11.599125
11.601675
11.621650
11.636975
11.725250
11.755750
11.788050
11.797525
11.805125
11.810700
11.817500
11.827225
11.849650
11.921625
11.941075
11.959125
11.985000
11.996500
12.011875
12.050475
12.060725
12.073150
12.087875
12.102275
12.130475
12.197575
12.224325
12.232875
12.242425
12.270900
12.300600
12.366475
12.394850
12.434350
12.444875
12.504175
12.526825
12.540200
12.561575
12.612950
12.633100
12.673750
12.686300
12.690375
12.718925
12.740950
12.772225
12.788275
12.818200
12.849175
12.878625
12.895925
12.915750
13.014375
13.017775
13.074075
13.104125
13.128175
13.173000
13.210400
13.227550
13.240375
13.309675
13.337375
13.402175
13.418650
13.455700
13.468725
13.483425
13.488975
13.520850
13.538425
13.544975
13.562000
13.582575
13.588975
13.614825
13.652750
13.659400
13.668725
13.729000
13.740800
13.803250
13.839300
13.901675
13.916225
13.982750
14.098925
14.177225
14.238750
14.302800
14.372175
14.384450
14.443250
14.478350
14.523350
14.550050
14.560900
14.577200
14.600650
14.641950
14.695575
14.721575
14.841775
14.866050
14.900450
14.911250
14.950050
14.963550
14.989850
15.013500
15.020900
15.042350
15.063650
15.099250
15.142125
15.196325
15.231075
15.248850
15.292625
15.327425
15.335750
15.364075
15.443825
15.586850
15.667650
15.691975
15.744300
15.756700
15.773700
15.814250
15.823350
15.829325
15.856425
15.885700
15.930350
16.060925
16.082625
16.095100
16.150700
16.177675
16.221050
16.253250
16.286175
16.298200
16.352800
16.382400
16.402600
16.422050
16.460525
16.537550
16.560125
16.612050
16.674875
16.706125
16.737725
16.747425
16.757675
16.764525
16.845225
16.927700
16.938900
16.996300
17.003675
17.015375
17.075025
17.095325
17.097825
17.116375
17.179625
17.196550
17.200400
17.225025
17.238500
17.289600
17.311000
17.365625
17.372225
17.460925
17.484150
17.538875
17.562450
17.577000
17.662525
17.676300
17.706850
17.755425
17.762075
17.792350
17.848825
17.915375
17.925925
17.929550
17.943750
18.045700
18.051925
18.060675
18.125350
18.214375
18.241000
18.267300
18.310475
18.320450
18.458700
18.480800
18.507050
18.596650
18.609800
18.661275
18.722900
18.767650
18.816825
18.891650
18.939725
18.974000
18.992475
19.019500
19.088625
19.115675
19.209950
19.247575
19.303725
19.346850
19.427350
19.439850
19.561700
19.578100
19.642075
19.655375
19.756175
19.778425
19.806075
19.897100
19.974425
20.019725
20.112450
20.203000
20.228225
20.391875
20.494800
20.518675
20.524900
20.555400
20.579250
20.602975
20.612475
20.631075
20.638300
20.722175
20.728625
20.801475
20.825025
20.828525
20.837900
20.850000
20.925775
20.962175
21.152000
21.228325
21.462950
21.558175
21.589250
21.623450
21.634125
21.812250
21.831300
21.926175
21.948050
22.011175
22.029525
22.086100
22.150450
22.213500
22.226475
22.237600
22.366575
22.371950
22.388850
22.430675
22.472400
22.508350
22.531650
22.554325
22.569675
22.611050
22.615450
22.657200
22.756650
22.766325
22.776800
22.941150
22.971400
23.031750
23.043375
23.112325
23.137325
23.248475
23.256950
23.291650
23.351775
23.390500
23.433675
23.442725
23.492750
23.513300
23.526100
23.573725
23.597225
23.604250
23.609475
23.612950
23.618425
23.693250
23.711600
23.873375
23.887575
23.896550
23.921825
24.022900
24.050375
24.067750
24.086625
24.111900
24.178000
24.198850
24.210950
24.214350
24.270250
24.323325
24.335750
24.347575
24.353675
24.361725
24.463475
24.476275
24.577775
24.769600
24.793250
24.843850
24.856200
24.885275
24.949050
24.997825
25.009325
25.072325
25.096700
25.138150
25.147450
25.184075
25.193400
25.214425
25.259650
25.262875
25.432950
25.469350
25.504175
25.516225
25.591525
25.602300
25.617800
25.674175
25.683750
25.759825
25.785875
25.839550
25.872200
25.997800
26.046200
26.116000
26.169650
26.193175
26.245900
26.265775
26.302175
26.384825
26.540125
26.553050
26.567625
26.699575
26.731675
26.770450
26.796700
26.805650
26.825650
26.879950
26.882875
26.967650
27.029125
27.046075
27.079975
27.116375
27.133625
27.348850
27.364550
27.376150
27.383575
27.413550
27.495100
27.582300
27.589800
27.610800
27.625225
27.676250
27.683400
27.740800
27.758750
27.817850
27.823525
27.863375
27.871775
27.923825
27.946850
27.987475
27.994625
28.079975
28.095825
28.152175
28.198775
28.212475
28.243075
28.251375
28.259400
28.343650
28.381100
28.471350
28.488375
28.498600
28.517200
28.519750
28.561275
28.585350
28.610925
28.658175
28.674825
28.712175
28.725175
28.749350
28.782850
28.835650
28.910625
28.953375
28.994375
29.007925
29.018200
29.076450
29.154250
29.178500
29.231400
29.250525
29.285900
29.310950
29.326775
29.358500
29.371175
29.404250
29.442425
29.503625
29.506850
29.519300
29.544550
29.563425
29.587725
29.756350
29.759450
29.776575
29.803300
29.812275
29.819525
29.871275
29.888175
30.028050
30.055725
30.062750
30.071275
30.125575
30.161950
30.218250
30.241325
30.298175
30.357925
30.386425
30.487075
30.582425
30.635325
30.681200
30.748800
30.771975
30.794025
30.863975
30.980400
31.009725
31.022350
31.088275
31.104925
31.139875
31.362750
31.402500
31.448425
31.471775
31.601600
31.607250
31.657625
31.699400
31.750875
31.811550
31.884150
31.972825
32.025900
32.060725
32.137650
32.147975
32.177400
32.181775
32.252575
32.307075
32.343025
32.350050
32.400375
32.671450
32.827575
32.847775
32.941725
32.980450
33.005125
33.015275
33.069850
33.095350
33.106225
33.137125
33.152700
33.314675
33.359300
33.369650
33.385600
33.478750
33.506000
33.521225
33.707675
33.716050
33.739250
33.783150
33.794200
33.816750
33.840925
33.865250
33.946325
34.023125
34.112575
34.185475
34.232575
34.330900
34.374800
34.421200
34.453525
34.524175
34.557725
34.595950
34.622650
34.639850
34.686100
34.770625
34.779725
34.814150
34.852750
34.855725
34.869050
34.880125
34.999300
35.014700
35.055350
35.084025
35.263275
35.387650
35.404000
35.413400
35.451100
35.561250
35.647600
35.811725
35.862525
35.951675
35.974500
36.034925
36.204050
36.265750
36.495300
36.511475
36.626800
36.706675
36.801500
36.885425
36.971875
37.122525
37.175750
37.349550
37.375975
37.476475
37.577625
37.606475
37.653575
37.746375
37.841575
37.886175
37.905400
37.934800
37.951725
37.979925
38.179175
38.200700
38.230525
38.250550
38.252350
38.272600
38.291600
38.577700
38.623725
38.730100
38.784250
38.787325
38.794775
38.857700
38.870350
38.872900
38.884050
38.904875
38.947425
39.214700
39.301600
39.339950
39.354525
39.423425
39.439350
39.520325
39.602075
39.651350
39.707100
39.709950
39.731625
39.769275
39.808475
39.853775
39.876300
39.961600
40.276675
40.365675
40.373600
40.407725
40.417775
40.544150
40.639375
40.747675
40.778700
40.802850
40.827225
40.953650
40.963900
41.002650
41.018650
41.115675
41.124600
41.143575
41.366925
41.376500
41.415900
41.455050
41.467750
41.520850
41.613025
41.635425
41.662900
41.689250
41.726550
41.856950
41.895050
41.954175
42.022850
42.053850
42.061850
42.122475
42.131675
42.141175
42.163150
42.201225
42.356950
42.378700
42.495075
42.502150
42.555525
42.611250
42.652000
42.697025
42.794975
42.820400
42.931475
42.956525
42.962875
43.032150
43.064700
43.106625
43.159775
43.180375
43.220400
43.226625
43.313025
43.359050
43.363025
43.396075
43.478550
43.501025
43.572775
43.676550
43.770700
43.773550
43.794150
43.854750
43.916725
43.948850
43.958025
43.996875
44.006025
44.133325
44.209425
44.224275
44.227625
44.234775
44.277600
44.297625
44.324225
44.343650
44.361475
44.497425
44.542250
44.638250
44.667800
44.674600
44.693975
44.727550
44.735125
44.820475
44.856225
44.903375
44.943475
44.953225
45.006525
45.015625
45.020925
45.055225
45.087375
45.112325
45.147475
45.165475
45.181775
45.253050
45.262550
45.285825
45.326150
45.386325
45.391325
45.412075
45.440575
45.449500
45.469350
45.511500
45.542050
45.554825
45.626325
45.664450
45.685475
45.699325
45.704100
45.720675
45.734750
45.783650
45.796925
45.809825
45.871125
45.877225
45.888075
45.958500
45.997650
46.000450
46.006300
46.016150
46.021600
46.084325
46.166950
46.284100
46.341100
46.382050
46.509900
46.522325
46.581600
46.624150
46.725775
46.739575
46.763875
46.766850
46.835575
46.838975
46.857050
46.907475
46.967875
46.983650
47.052250
47.061900
47.203900
47.245025
47.295700
47.795325
47.865125
47.948500
47.958700
48.027800
48.094050
48.104650
48.137625
48.148400
48.196800
48.215800
48.407450
48.645950
48.682850
48.860800
48.873625
48.885400
48.925475
48.957625
48.981025
49.020475
49.170000
49.233000
49.236525
49.364475
49.654800
49.695050
49.699350
49.728625
49.746350
49.796925
49.854175
49.877200
49.916875
49.944750
50.080500
50.088625
50.124900
50.171400
50.205400
50.244825
50.265675
50.456025
50.551325
50.593225
50.650675
50.692850
50.732750
51.061875
51.070950
51.088450
51.159800
51.188825
51.196500
51.257900
51.301450
51.328325
51.542650
51.650475
51.661100
51.664475
51.726850
51.732425
51.767900
51.774200
51.782150
51.805525
51.815775
51.845750
51.892950
51.919775
51.957900
51.999225
52.149350
52.153125
52.220700
52.298200
52.308975
52.313475
52.378025
52.387225
52.413900
52.428375
52.464925
52.494600
52.542900
52.617100
52.634000
52.653850
52.694500
52.698400
52.716075
52.788050
52.834250
52.843800
52.865875
52.868825
53.072475
53.173400
53.204625
53.389000
53.408700
53.449275
53.490450
53.558525
53.588325
53.591125
53.595525
53.606300
53.618900
53.627575
53.658450
53.675450
53.710000
53.739275
53.797400
53.937450
53.947475
53.978300
54.076225
54.085475
54.115700
54.230925
54.241950
54.270200
54.309100
54.355750
54.388650
54.396875
54.407900
54.513950
54.586075
54.631150
54.656350
54.771875
54.903575
54.934575
54.942375
55.011750
55.021750
55.065550
55.164975
55.330925
55.412725
55.427475
55.489700
55.591625
55.661425
55.679175
55.893525
55.967450
55.979175
55.995600
56.006750
56.035775
56.204625
56.317950
56.389600
56.490600
56.547950
56.557125
56.583075
56.675375
56.764300
56.900475
57.007950
57.077325
57.260650
57.275400
57.349000
57.402875
57.421275
57.582975
57.662725
57.881475
57.903150
57.921600
57.945700
57.982175
57.999925
58.022750
58.059600
58.097700
58.224450
58.307075
58.386250
58.476725
58.598625
58.629325
58.658025
58.705925
58.744225
58.752900
58.754425
58.877300
58.906850
59.032325
59.213000
59.292825
59.378050
59.550575
59.554275
59.593775
59.624050
59.640150
59.645625
59.681150
59.691050
59.793600
59.825475
59.865475
59.898250
59.913825
59.975600
60.134350
60.260575
60.291100
60.420650
60.486200
60.537950
60.587575
60.604600
60.615175
60.640775
60.686600
60.700000
60.738350
60.757000
60.763225
60.851025
60.890200
61.097400
61.192700
61.225350
61.375675
61.642325
61.714975
61.831825
61.856325
61.865925
61.894225
61.954225
62.081950
62.175000
62.256000
62.290825
62.404575
62.541150
62.673775
62.885625
63.025575
63.186250
63.360275
63.619275
63.744900
63.823425
63.926875
63.945825
63.995950
64.144400
64.213275
64.317175
64.328750
64.371525
64.399075
64.462050
64.468925
64.525150
64.659100
64.678075
64.701675
64.708175
64.857675
64.875675
64.885100
64.901850
64.925400
65.239525
65.285225
65.329850
65.417200
65.662425
66.141300
66.157725
66.185775
66.220875
66.400000
66.411825
66.640000
66.665600
66.678975
66.728425
66.961975
67.070675
67.074250
67.091250
67.271125
67.294200
67.500275
67.563525
67.670575
67.781750
67.950425
67.969450
68.026475
68.151900
68.198450
68.229625
68.317600
68.432825
68.671375
68.673100
68.713775
68.954175
69.001100
69.140350
69.195650
69.202125
69.226025
69.419050
69.450850
69.452200
69.532525
69.570450
69.582025
69.737275
69.753125
69.828875
69.914525
69.922750
70.046725
70.139650
70.231600
70.304000
70.364425
70.426400
70.504600
70.683875
70.743275
70.778400
70.858125
70.929900
70.972675
71.063850
71.076775
71.108175
71.122625
71.133550
71.197825
71.204450
71.211700
71.221200
71.244650
71.437650
71.525375
71.627325
71.689475
71.700500
71.762825
71.830100
71.889725
71.897175
71.923225
72.056425
72.105400
72.125100
72.131925
72.160625
72.352725
72.450225
72.480925
72.555200
72.587700
72.611175
72.688375
72.694475
72.816625
72.832025
72.921200
73.079950
73.132825
73.414375
73.518725
73.573075
73.602875
73.629925
73.670675
73.750275
73.759000
73.769150
73.882125
73.948475
74.022925
74.385525
74.532900
74.609575
74.708725
74.728650
74.752150
74.828000
74.950275
75.028875
75.146000
75.162725
75.200775
75.222225
75.269350
75.307400
75.355450
75.432075
75.564225
75.880475
76.034150
76.200600
76.213425
76.409975
76.416375
76.468525
76.608100
76.748300
76.777525
76.782050
76.798250
76.821500
76.952400
76.984525
77.017400
77.078350
77.103275
77.257925
77.311525
77.378075
77.411025
77.428150
77.498125
77.570325
77.597875
77.756250
77.759825
77.843400
77.918350
77.924975
77.970800
78.000400
78.051725
78.072125
78.085525
78.139475
78.182575
78.213150
78.311750
78.368775
78.670300
78.705350
78.717900
78.725025
78.766850
78.799850
78.835875
78.942975
79.031875
79.081150
79.278150
79.417200
80.065225
80.319075
80.495900
80.585725
81.079900
81.366275
81.416200
81.607975
81.896200
81.908300
81.946050
81.997225
82.006775
82.022425
82.165500
82.406025
82.463625
82.573825
82.606525
82.723225
82.751225
82.819150
82.982975
83.025800
83.255450
83.312075
83.432750
83.466700
83.710825
83.730725
83.791400
83.817550
83.822025
83.910375
83.924025
83.944775
84.020950
84.111475
84.185675
84.197825
84.248600
84.263100
84.316700
84.376125
84.457325
84.470150
84.602425
84.681475
84.780775
84.870600
84.900650
85.026875
85.065000
85.201625
85.267625
85.275875
85.305725
85.324625
85.349225
85.464125
85.523375
85.667625
85.708750
85.811900
85.846475
85.903650
85.951575
85.982225
86.029625
86.117500
86.130450
86.151175
86.288200
86.498175
86.535025
86.540675
86.542100
86.634925
86.675075
86.720700
86.907150
86.947600
87.045975
87.071625
87.082975
87.112825
87.139375
87.192400
87.237575
87.259700
87.336700
87.351300
87.369825
87.424825
87.451500
87.500725
87.574700
87.719325
87.777475
87.797375
87.850175
87.991025
88.036075
88.204250
88.214800
88.233200
88.464200
88.474675
88.526400
88.577675
88.623625
88.866775
88.883025
89.062225
89.073800
89.091425
89.108425
89.127375
89.150975
89.222575
89.245775
89.262200
89.295925
89.318825
89.354725
89.363700
89.376725
89.414075
89.426100
89.590125
89.609350
89.868075
89.906475
89.916625
89.921600
90.056075
90.170725
90.176775
90.303000
90.362175
90.387375
90.488275
90.531700
90.578925
90.634500
90.699550
90.977875
91.047875
91.124450
91.359750
91.509200
91.542325
91.599250
91.714175
91.745525
91.765375
91.953625
92.021600
92.040825
92.089100
92.181550
92.211850
92.262150
92.320650
92.502550
92.593350
92.653250
92.705650
92.738625
92.973225
93.040300
93.449400
93.626700
93.662625
93.734475
93.822000
93.823925
93.856925
93.967600
93.990075
94.054900
94.253075
94.357725
94.414975
94.428275
94.451375
94.625775
94.675775
94.755025
94.826925
95.098100
95.148050
95.244325
95.379225
95.605200
95.619225
95.685150
95.786175
95.793650
96.118675
96.174700
96.201525
96.211500
96.337400
96.392100
96.463550
96.564075
96.613775
96.625500
96.652450
96.665400
96.733275
96.763775
96.773100
96.798425
96.806825
96.829275
96.943050
96.966150
97.022925
97.041875
97.051925
97.134400
97.184300
97.429725
97.485375
97.656000
97.737350
97.809925
97.928025
97.954525
97.974350
98.057625
98.064575
98.162125
98.204275
98.216725
98.221575
98.227625
98.275525
98.329700
98.351325
98.372425
98.396375
98.418650
98.496075
98.728225
98.765600
98.856750
98.910525
98.965700
99.035825
99.218775
99.317575
99.342675
99.368025
99.409600
99.445625
99.502300
99.543325
99.639025
99.690175
99.919325
99.932175
99.958325
100.128250
100.208125
100.391075
100.496675
100.543325
100.558875
100.674450
100.695250
100.786900
100.809750
100.907525
100.994700
101.010150
101.060500
101.073325
101.179950
101.368050
101.458225
101.541175
101.569125
101.681250
101.682425
101.824300
101.903150
101.912925
101.955325
102.060150
102.082100
102.144275
102.151350
102.157050
102.181275
102.371800
102.415375
102.432850
102.490950
102.501250
102.515825
102.517275
102.608375
102.688775
102.732850
102.810975
102.838400
102.895400
102.916625
102.975600
103.109150
103.135000
103.267050
103.306625
103.448950
103.475275
103.618500
103.671150
103.830075
103.848050
103.905475
103.946375
103.960025
103.994950
104.017975
104.033450
104.125200
104.277250
104.390750
104.607775
104.800650
105.009350
105.196975
105.263100
105.316025
105.508275
105.570875
105.708725
105.829775
105.970925
106.133625
106.319025
106.381225
106.547850
106.611275
106.691625
106.721950
106.907025
106.930050
107.011475
107.078450
107.115600
107.202575
107.216775
107.257825
107.363275
107.439275
107.468625
107.560075
107.624350
107.699125
107.824500
107.849475
107.897300
107.925975
108.028450
108.046175
108.128225
108.183500
108.206075
108.212300
108.314950
108.348400
108.390775
108.411325
108.429050
108.463200
108.531350
108.589400
108.650375
108.723225
108.749325
108.823225
108.867625
108.956250
109.011950
109.245000
109.316700
109.339200
109.394100
109.502475
109.539225
109.569925
109.629700
109.660450
109.784025
109.811825
110.190250
110.314325
110.317000
110.338100
110.368175
110.384125
110.393350
110.451175
110.509675
110.660100
110.734850
110.768275
110.871575
110.940375
110.980075
111.051300
111.102150
111.132550
111.172800
111.227775
111.252800
111.418750
111.615700
111.688975
111.748025
111.788525
111.822650
112.007000
112.021225
112.028950
112.133875
112.197100
112.373700
112.690875
112.721250
112.793875
112.845200
112.848450
112.921600
113.048725
113.116825
113.351125
113.382075
113.507975
113.535600
113.539150
113.553000
113.646000
113.673525
113.696950
113.779250
113.812000
113.915050
113.966325
114.084200
114.090850
114.097350
114.118475
114.129625
114.195950
114.226375
114.250250
114.409400
114.430000
114.432850
114.542675
114.637550
114.683950
114.710350
114.772175
114.800100
114.865525
114.938900
114.983600
114.994900
115.004525
115.087250
115.127625
115.217025
115.315200
115.380675
115.570275
115.608300
115.651525
115.749350
115.791375
115.794150
115.852500
115.866600
115.882150
115.900950
115.903900
116.181200
116.206125
116.209900
116.260575
116.279700
116.304425
116.308875
116.357375
116.397925
116.577525
116.593675
116.751950
116.846575
116.941975
117.011850
117.018175
117.241275
117.252000
117.338600
117.426900
117.443650
117.495850
117.561450
117.685800
117.690975
117.699825
117.788600
117.910400
118.058375
118.190600
118.230625
118.264550
118.271200
118.281850
118.290350
118.317775
118.397875
118.453075
118.520250
118.524650
118.738125
118.886850
119.093425
119.128750
119.236125
119.380775
119.408550
119.461150
119.778325
119.799075
119.811350
119.820850
119.876350
119.891100
119.910900
119.960025
120.135525
120.451300
120.555375
120.621500
120.773725
120.787175
120.806900
120.827500
120.902825
120.978250
121.076100
121.092050
121.164700
121.185675
121.227125
121.233675
121.304775
121.428000
121.446625
121.531650
121.536650
121.603700
121.697475
121.727525
121.756525
121.803925
121.842375
121.876325
122.105875
122.208475
122.358550
122.363650
122.404650
122.450825
122.560275
122.591550
122.605625
122.619125
122.640600
122.679150
122.706075
122.718650
122.762175
123.014250
123.026950
123.066325
123.113475
123.387350
123.512300
123.536200
123.571875
123.597725
123.660625
123.690175
123.985800
124.035425
124.173425
124.206850
124.209950
124.269925
124.290825
124.306500
124.436575
124.446400
124.449550
124.471925
124.504475
124.589625
124.680925
124.744450
124.858100
124.959100
124.985975
125.122725
125.131750
125.176300
125.216525
125.339275
125.359775
125.388750
125.405850
125.434075
125.517300
125.542025
125.610125
125.658400
125.892425
125.898400
125.924550
125.937825
126.198150
126.243200
126.268975
126.308175
126.412950
126.427975
126.484325
126.520025
126.548250
126.569700
126.666125
126.790175
126.841825
126.870075
126.890375
126.956525
126.999075
127.032700
127.060075
127.131375
127.134500
127.147550
127.155275
127.204700
127.448350
127.513350
127.543650
127.570650
127.584850
127.592825
127.822200
128.051300
128.060825
128.128225
128.159300
128.195775
128.431150
128.509425
128.648800
128.678175
128.685800
128.700600
128.727675
128.893650
129.003600
129.015975
129.024625
129.035350
129.052600
129.059325
129.112525
129.156875
129.188950
129.194850
129.210725
129.213525
129.263900
129.280550
129.323000
129.344750
129.545150
129.653575
129.711400
129.745750
130.006400
130.012625
130.055325
130.066125
130.084575
130.200575
130.261550
130.371200
130.405150
130.422775
130.533950
130.707800
130.726525
130.738250
130.746925
130.908025
131.006775
131.128550
131.167800
131.178875
131.204450
131.238900
131.242450
131.296675
131.319775
131.350100
131.387325
131.669925
131.691475
131.724800
131.842925
132.003475
132.075425
132.180650
132.201150
132.224050
132.264450
132.401850
132.468175
132.501025
132.599800
132.605800
132.652925
132.662175
132.671925
132.729450
132.741275
132.814525
132.869625
132.907400
132.964725
132.993950
133.240075
133.280025
133.291800
133.536875
133.627000
133.716850
133.729175
133.774750
133.884225
133.924500
134.080875
134.092250
134.301350
134.378950
134.564375
134.594750
134.620225
134.676200
134.678500
134.721200
134.729550
134.781675
134.801300
134.841925
134.989925
135.068150
135.103600
135.119675
135.147275
135.233500
135.270050
135.342625
135.368125
135.402550
135.409575
135.440050
135.485575
135.596475
135.668050
135.717200
135.769425
135.794125
135.815775
135.857650
135.912150
135.921425
136.000650
136.024775
136.054900
136.130975
136.375925
136.480875
136.601750
136.694825
136.810800
136.894325
136.905725
136.918950
137.047475
137.093275
137.102950
137.129825
137.140525
137.157900
137.170875
137.206225
137.305075
137.370575
137.387700
137.427500
137.529025
137.531800
137.543675
137.630075
137.761150
137.831700
137.851375
137.895750
138.023975
138.070500
138.086800
138.130200
138.145325
138.152550
138.345325
138.358125
138.436025
138.516775
138.544300
138.683375
138.730100
138.784100
138.799175
138.892925
138.931675
138.979250
139.031100
139.053550
139.088850
139.133975
139.164375
139.240375
139.266250
139.353400
139.370725
139.404525
139.420800
139.437725
139.440575
139.507625
139.555100
139.631300
139.656050
139.676275
139.706450
139.795375
139.804375
139.838500
139.940025
139.965425
139.967150
139.986550
140.044525
140.087000
140.132875
140.156350
140.182425
140.276950
140.310325
140.396550
140.416700
140.429875
140.446800
140.487850
140.552825
140.571575
140.640325
140.687625
140.800100
140.825775
140.881475
140.969450
141.026150
141.041000
141.087150
141.116800
141.148675
141.252475
141.339000
141.452625
141.507925
141.638375
141.672425
141.702725
141.748150
141.761750
141.819500
141.886300
142.001175
142.014350
142.047875
142.073125
142.181050
142.218475
142.221150
142.323650
142.336500
142.379175
142.391400
142.443475
142.705900
142.817325
142.897050
142.911250
142.921075
142.993225
143.090200
143.117975
143.143100
143.211200
143.261250
143.443375
143.451850
143.548775
143.561350
143.583700
143.611075
143.728750
143.780725
143.830750
143.957050
143.960250
143.983775
144.007100
144.138100
144.157625
144.170300
144.196750
144.233575
144.301675
144.488300
144.573250
144.615650
144.628550
144.657000
144.748350
144.801775
144.872050
145.027200
145.053150
145.067650
145.096525
145.114050
145.301525
145.331175
145.434500
145.454150
145.596800
145.614325
145.628700
145.702775
145.745250
145.762200
145.764850
145.803900
145.854125
145.869400
146.018375
146.127625
146.200525
146.248925
146.253775
146.276425
146.296375
146.312300
146.361050
146.410975
146.471100
146.561075
146.623050
146.670475
146.790850
146.796050
146.835525
146.863150
146.895000
147.006475
147.036475
147.091675
147.150050
147.164100
147.210875
147.292600
147.340425
147.367400
147.391875
147.428175
147.503500
147.896725
147.918200
147.937475
147.983200
148.007850
148.057675
148.204625
148.297000
148.298650
148.349975
148.448375
148.466500
148.483975
148.519175
148.552525
148.574200
148.635625
148.843375
148.864950
148.905375
149.073850
149.098925
149.148650
149.343875
149.400075
149.423925
149.450975
149.599000
149.637900
149.699650
149.716850
149.779525
149.805525
149.852025
149.854025
149.882050
149.996775
150.070375
150.120775
150.163925
150.270475
150.290000
150.321600
150.438925
150.494700
150.582725
150.616275
150.617825
150.669725
150.737825
150.934875
151.075250
151.174325
151.215175
151.317725
151.339975
151.399850
151.503025
151.538200
151.608300
151.677250
151.948150
151.996600
152.124450
152.203050
152.249150
152.266225
152.398825
152.413250
152.470325
152.501475
152.562300
152.585925
152.597975
152.705075
152.794675
152.830275
152.868725
152.898200
152.974850
152.986350
153.034250
153.061325
153.141275
153.181925
153.453975
153.538800
153.557750
153.561700
153.589625
153.621125
153.863250
153.960800
153.973150
153.974525
154.019975
154.044350
154.051575
154.084525
154.135375
154.326725
154.354550
154.384850
154.408600
154.450625
154.507075
154.587600
154.602950
154.707075
154.713125
154.758025
154.832400
154.945575
155.002700
155.030000
155.148150
155.161750
155.182950
155.246850
155.269700
155.323525
155.399400
155.401550
155.426175
155.491000
155.578925
155.613200
155.696650
155.797700
155.828025
155.838200
155.859550
155.922925
155.989900
156.006725
156.149275
156.180925
156.185875
156.189975
156.233575
156.338575
156.407200
156.449050
156.514350
156.533775
156.546825
156.616375
156.619150
156.758100
156.791700
156.954125
156.985375
156.993000
157.039825
157.262675
157.304875
157.467150
157.479525
157.484925
157.498575
157.527450
157.576200
157.588300
157.714475
157.741850
157.779625
157.791875
157.866675
157.941525
157.956400
157.963450
158.026775
158.078475
158.174425
158.198325
158.309025
158.333025
158.384400
158.391475
158.450525
158.610200
158.679150
158.702300
158.772700
159.010900
159.023075
159.095525
159.213925
159.356850
159.374350
159.412125
159.434075
159.564125
159.928300
159.973150
159.981425
160.028150
160.168975
160.184250
160.288750
160.377175
160.403550
160.419150
160.424375
160.508300
160.511950
160.573550
160.708675
160.751875
160.915475
160.919000
160.926800
160.964675
160.968025
161.051450
161.075000
161.077050
161.084325
161.140375
161.176925
161.242800
161.303475
161.320800
161.406175
161.501600
161.628750
161.652400
161.658075
161.673700
161.679450
161.723200
161.772775
161.792125
161.819650
161.844925
161.865750
161.867800
161.893050
161.917925
161.934750
161.946425
161.962900
162.123425
162.154275
162.209900
162.307700
162.375125
162.421000
162.498025
162.518275
162.601275
162.605350
162.626125
162.680300
162.686000
162.793425
162.888400
162.978000
163.089350
163.141425
163.191575
163.205350
163.212950
163.226500
163.234750
163.245325
163.250500
163.299400
163.342975
163.366225
163.385800
163.421025
163.632600
163.722075
163.746675
163.778175
163.824225
163.829100
163.841550
163.903100
163.918875
164.077300
164.097350
164.332300
164.395125
164.476325
164.581375
164.591150
164.721575
164.772600
164.797400
164.844600
164.850600
164.859025
164.870875
164.875000
164.881250
164.886350
164.889900
164.901050
164.932850
164.944025
165.020325
165.154250
165.191675
165.197625
165.227700
165.265725
165.275850
165.504875
165.616450
165.623950
165.670600
165.681175
165.728925
165.734350
165.758875
165.912175
165.915225
165.927900
166.008625
166.041425
166.061725
166.154325
166.189225
166.244000
166.314850
166.344200
166.391200
166.441625
166.553500
166.567500
166.675075
166.695500
166.724025
166.745525
166.987375
167.081575
167.114350
167.181200
167.227000
167.236925
167.290775
167.299400
167.371375
167.395875
167.543200
167.548925
167.620350
167.634825
167.750175
167.848350
167.871050
167.945175
167.996675
168.111925
168.126125
168.130825
168.140050
168.169450
168.196125
168.231025
168.255500
168.316850
168.351375
168.533850
168.581500
168.705300
168.763100
168.796150
168.882925
168.910050
168.977700
168.995725
169.058825
169.097300
169.102350
169.120925
169.138050
169.144750
169.338800
169.596375
169.647125
169.676775
169.798775
169.860225
169.907125
169.957775
170.062950
170.108650
170.118700
170.173925
170.279025
170.326275
170.337250
170.408025
170.410325
170.541125
170.603225
170.718425
170.736825
170.882450
170.941800
171.006650
171.047575
171.194450
171.342925
171.393675
171.413475
171.469400
171.493775
171.529275
171.602450
171.621900
171.666625
171.685125
171.704825
171.762950
171.862600
171.891525
171.901800
171.950475
171.980375
171.999800
172.017325
172.026825
172.053025
172.140800
172.168600
172.178275
172.244050
172.256200
172.276875
172.399175
172.516800
172.550000
172.614300
172.656125
172.674400
172.717850
172.721200
172.757950
172.775500
172.790525
172.830200
172.882225
172.921500
173.051800
173.151025
173.226325
173.246775
173.301825
173.305075
173.363600
173.456350
173.472300
173.497825
173.527700
173.659950
173.691675
173.737500
173.836750
174.082400
174.094275
174.106950
174.150700
174.172550
174.362875
174.373350
174.379500
174.394875
174.402475
174.528500
174.648700
174.663200
174.679250
174.731175
174.762075
174.835000
174.991275
174.997200
175.022675
175.127525
175.188650
175.207525
175.387600
175.413400
175.448300
175.473950
175.512525
175.518100
175.545150
175.809350
175.869000
176.023650
176.035625
176.044500
176.079625
176.105675
176.166075
176.180375
176.226625
176.262125
176.283700
176.388100
176.427850
176.466900
176.526050
176.550875
176.748250
176.766400
176.836275
176.854175
176.897625
177.122875
177.150850
177.178250
177.186675
177.284100
177.357650
177.382175
177.401825
177.410275
177.431500
177.490700
177.576350
177.638575
177.682675
177.706100
177.828075
177.865600
177.914475
177.940775
177.970500
178.045075
178.061125
178.090525
178.128850
178.154350
178.160600
178.272525
178.331625
178.451875
178.501025
178.593225
178.623500
178.705100
178.832075
178.899400
178.910225
178.981150
179.062125
179.095025
179.126875
179.222350
179.233325
179.314250
179.388875
179.447950
179.510175
179.529125
179.576975
179.578250
179.624575
179.668825
179.733350
179.761250
179.820675
179.948600
179.982200
180.042050
180.056225
180.084275
180.127900
180.142725
180.243925
180.289400
180.396225
180.403200
180.431000
180.603825
180.636300
180.772725
180.931325
180.975025
181.002400
181.099650
181.138700
181.312125
181.329325
181.455375
181.492150
181.510475
181.522900
181.668525
181.745050
181.778275
181.790575
181.846100
181.872950
181.999225
182.085400
182.123950
182.137275
182.229975
182.260200
182.313525
182.365350
182.392375
182.465325
182.492500
182.521825
182.554150
182.573075
182.574650
182.623275
182.662100
182.758100
182.780850
182.830500
182.841150
182.849675
182.877950
182.929650
182.936800
182.965475
182.976200
183.017225
183.090725
183.111600
183.133550
183.194275
183.257500
183.272550
183.280150
183.343675
183.403725
183.469900
183.498375
183.509125
183.601550
183.620275
183.680200
183.723400
183.753000
183.784700
183.830400
183.840525
183.890025
183.907700
183.922125
183.945000
183.951675
184.032700
184.054025
184.080200
184.114750
184.265650
184.289400
184.510375
184.601425
184.633375
184.672875
184.688925
184.873450
185.002625
185.174475
185.258825
185.326775
185.381600
185.394050
185.450425
185.505400
185.511425
185.603700
185.644150
185.695425
185.733425
185.760525
185.780125
186.016825
186.039550
186.050050
186.081825
186.130700
186.137100
186.153175
186.234075
186.319750
186.361925
186.385025
186.441925
186.472875
186.597700
186.625025
186.638175
186.647850
186.710875
186.717250
186.723875
186.766575
186.948050
186.955100
186.968200
187.067275
187.222150
187.231250
187.311050
187.344150
187.376075
187.406025
187.427825
187.464425
187.484375
187.519175
187.551575
187.575925
187.619850
187.680475
187.710875
187.746950
187.755900
187.765600
187.782350
187.990925
188.033525
188.063325
188.067750
188.082725
188.198150
188.292725
188.374550
188.390175
188.422875
188.464550
188.503250
188.522375
188.612675
188.636250
188.654025
188.676875
188.712875
188.719375
188.820175
188.838175
188.853650
188.867000
188.880800
188.885050
188.920650
188.937200
188.966250
189.068550
189.097750
189.101675
189.143475
189.256225
189.354775
189.413625
189.514000
189.561250
189.590175
189.630550
189.643250
189.664325
189.759525
190.011700
190.037325
190.071050
190.106850
190.151875
190.266350
190.286650
190.315050
190.431850
190.474675
190.563725
190.566975
190.591475
190.619425
190.622825
190.650825
190.675575
190.697450
190.868225
190.944950
191.027750
191.030550
191.143925
191.167325
191.219525
191.223275
191.237975
191.292150
191.309300
191.398225
191.542850
191.544700
191.557925
191.579900
191.664225
191.723200
191.762200
191.859275
191.894600
191.917850
191.971325
192.000125
192.069400
192.220125
192.295900
192.387850
192.403700
192.409900
192.478100
192.639950
192.671975
192.682950
192.696400
192.726225
192.762875
192.792450
192.838900
192.858300
192.876725
192.902700
192.954575
193.010775
193.028150
193.077000
193.120425
193.289650
193.302650
193.316150
193.317800
193.420975
193.486050
193.512500
193.612800
193.715275
193.812425
193.842775
193.890725
193.896800
193.953350
193.990425
194.008550
194.028900
194.053600
194.079375
194.263325
194.289425
194.303050
194.304700
194.319200
194.368325
194.426800
194.462325
194.561275
194.626675
194.725800
194.744525
194.768275
194.801250
194.820425
194.833450
194.858575
194.905450
195.074050
195.097900
195.186200
195.209600
195.222425
195.299975
195.340500
195.427675
195.476550
195.492250
195.604175
195.633750
195.659250
195.699450
195.787325
195.877200
195.925275
195.938875
195.984500
196.036425
196.147025
196.177625
196.225150
196.227750
196.240350
196.332800
196.452700
196.469725
196.700700
196.720000
196.829975
196.861625
196.868600
196.887025
196.955025
196.976650
197.041325
197.046250
197.066075
197.173725
197.192000
197.226650
197.242725
197.332925
197.357925
197.380725
197.418175
197.442450
197.466400
197.471400
197.494900
197.518900
197.527775
197.575650
197.598700
197.618925
197.653850
197.696050
197.706000
197.780075
197.816375
197.841650
197.904600
198.007525
198.110475
198.131225
198.138250
198.147400
198.165325
198.234200
198.278075
198.284425
198.475350
198.509875
198.578175
198.665100
198.780750
198.868075
198.938975
198.944125
199.284325
199.332175
199.368650
199.378200
199.380200
199.490500
199.494800
199.519750
199.544850
199.555825
199.571400
199.586525
199.638325
199.648525
199.724475
199.726450
199.812800
199.829650
199.974925
200.032750
200.069225
200.076325
200.093825
200.120200
200.132700
200.162175
200.185400
200.283050
200.342050
200.399275
200.527425
200.709000
200.760625
200.774975
200.838925
200.895250
200.898900
200.935825
200.998875
201.043225
201.121700
201.168075
201.199750
201.231800
201.258350
201.274875
201.292525
201.315950
201.321500
201.326075
201.558525
201.568000
201.588100
201.622125
201.653825
201.685825
201.738750
201.758900
201.772875
201.800200
201.830675
201.857250
201.899175
201.903850
201.938300
201.994050
202.001175
202.037200
202.114175
202.135125
202.141700
202.170000
202.269025
202.314625
202.390050
202.481650
202.520150
202.606250
202.628775
202.655725
202.681925
202.738950
202.757025
202.771825
202.773850
202.856375
202.873400
202.889250
202.890300
202.914275
202.942400
202.996700
203.014325
203.027675
203.045175
203.061400
203.142500
203.199225
203.336125
203.358875
203.375700
203.431675
203.438700
203.441300
203.485025
203.527550
203.545900
203.657425
203.660575
203.780500
203.840925
203.865050
203.878500
203.933550
203.942050
203.954225
203.956575
203.978375
204.096650
204.123825
204.160050
204.247225
204.412450
204.424700
204.438100
204.459725
204.487350
204.497250
204.516950
204.522950
204.686350
204.801175
204.847150
204.934300
204.957975
205.024325
205.039775
205.132875
205.165925
205.183325
205.195400
205.200125
205.206075
205.244825
205.300800
205.321800
205.388550
205.404000
205.541925
205.577450
205.618500
205.833775
205.848250
205.901175
205.909900
205.941525
205.952150
205.961375
205.996350
206.008875
206.052025
206.094550
206.234900
206.255525
206.263700
206.268450
206.311525
206.328450
206.333275
206.351275
206.356000
206.392850
206.415100
206.484525
206.581425
206.588900
206.601550
206.605875
206.611450
206.619300
206.657525
206.658900
206.663200
206.671450
206.677575
206.715350
206.752700
206.817225
206.824100
206.882625
206.906000
206.918050
206.952050
206.995100
207.164725
207.172300
207.183600
207.186375
207.206175
207.265750
207.293875
207.296450
207.422475
207.449475
207.555900
207.610275
207.719225
207.747775
207.763675
207.820725
207.939075
207.994375
208.004350
208.075950
208.086075
208.092550
208.157150
208.176425
208.229575
208.282975
208.362950
208.399525
208.450925
208.511175
208.694100
208.708175
208.790800
208.825875
208.874975
208.925500
208.954675
208.965500
209.072050
209.131625
209.140975
209.202300
209.338775
209.354825
209.366925
209.475125
209.510300
209.606550
209.628700
209.697250
209.700100
209.708625
209.712300
209.721525
209.725025
209.734525
209.745900
209.800975
209.877775
209.952400
210.034925
210.076000
210.080650
210.087450
210.159100
210.210325
210.222575
210.225575
210.228800
210.422050
210.465450
210.488000
210.504325
210.621325
210.632975
210.651950
210.741275
210.832000
210.840775
210.861325
210.936625
210.977875
211.045150
211.175475
211.243450
211.260075
211.261275
211.338475
211.380175
211.433675
211.460400
211.509850
211.548700
211.595275
211.679025
211.725525
211.745150
211.746725
211.837900
211.866150
211.910175
211.952900
211.967000
211.977825
212.004925
212.047975
212.226825
212.363025
212.396200
212.425000
212.436225
212.570900
212.577150
212.635450
212.663825
212.693200
212.746375
212.767350
212.781150
212.799225
212.827025
212.903725
212.936225
213.030750
213.105900
213.130500
213.150775
213.191350
213.309750
213.335325
213.370450
213.405625
213.438075
213.447850
213.546750
213.567600
213.599150
213.657075
213.662125
213.720900
213.757825
213.828250
213.932975
213.941350
213.959450
213.969225
214.090600
214.115600
214.122625
214.190700
214.211775
214.296175
214.333100
214.474425
214.512475
214.601375
214.614175
214.634900
214.693775
214.698400
214.719525
214.752525
214.770225
214.803600
214.832725
214.860925
214.918475
214.949725
215.033375
215.204100
215.227200
215.236100
215.274625
215.282725
215.342525
215.362250
215.386225
215.407400
215.499325
215.545875
215.560125
215.561475
215.720250
215.776450
215.807550
215.885500
215.926050
215.952500
215.979400
216.023875
216.035950
216.051700
216.151600
216.194725
216.228200
216.287175
216.310625
216.340925
216.419500
216.448750
216.505400
216.535625
216.593950
216.707375
216.732000
216.733625
216.772525
216.818350
216.847575
216.884900
216.885875
216.908600
216.947000
216.966750
216.990400
217.022225
217.048975
217.072950
217.088975
217.205450
217.218200
217.264700
217.356950
217.451600
217.493525
217.513775
217.531925
217.565375
217.608225
217.632575
217.650375
217.709400
217.714700
217.755500
217.762325
217.823400
217.930050
217.941150
217.975875
218.018400
218.032575
218.051200
218.080025
218.138525
218.152700
218.156325
218.159550
218.192500
218.290025
218.346475
218.396875
218.460550
218.465175
218.515425
218.544325
218.553175
218.579625
218.590900
218.640575
218.687425
218.696550
218.706075
218.752950
218.778250
218.849000
218.915000
218.937650
218.950450
218.954650
218.979350
219.030250
219.065000
219.093225
219.117850
219.146100
219.229475
219.267750
219.270100
219.435375
219.459575
219.518875
219.552100
219.636475
219.704225
219.809275
219.880975
219.884475
219.933325
219.979100
219.999900
220.027775
220.092825
220.113125
220.147450
220.170800
220.223900
220.267375
220.286875
220.374650
220.424400
220.452825
220.564850
220.577575
220.631525
220.649225
220.685175
220.725025
220.762250
220.795925
220.875725
220.913800
220.931300
221.060350
221.117175
221.128425
221.138775
221.154125
221.165225
221.240850
221.259225
221.271450
221.283175
221.295775
221.350100
221.388350
221.421200
221.433350
221.434900
221.461625
221.476050
221.632900
221.642875
221.707700
221.817450
221.823775
221.837300
221.875200
221.912150
221.925225
221.939125
221.945950
221.952175
222.011950
222.028625
222.044950
222.086800
222.088325
222.206250
222.214825
222.241875
222.250275
222.261850
222.274200
222.285000
222.325175
222.398200
222.462425
222.499375
222.590475
222.595975
222.663025
222.683000
222.702750
222.722775
222.752500
222.767100
222.822975
222.831425
222.848825
222.876900
222.889775
222.907325
222.928625
222.936850
222.977700
223.020500
223.068250
223.100725
223.111250
223.137875
223.159775
223.226375
223.366425
223.460225
223.474600
223.510925
223.555225
223.582600
223.615425
223.634050
223.666950
223.682300
223.729850
223.745050
223.755975
223.774075
223.776900
223.808200
223.827275
223.857700
223.921650
223.975250
223.978225
223.987100
224.038075
224.073000
224.132425
224.173300
224.219125
224.223300
224.238825
224.282175
224.340500
224.345600
224.383125
224.426925
224.475775
224.506250
224.518200
224.530400
224.545475
224.586425
224.606175
224.688350
224.709450
224.712350
224.719525
224.720750
224.785625
224.915125
224.931225
225.019325
225.060550
225.076200
225.228775
225.248150
225.383825
225.434850
225.474400
225.536825
225.604950
225.623225
225.649975
225.780175
225.811050
225.898375
225.926825
225.947850
225.954625
226.151200
226.187350
226.218150
226.253275
226.278950
226.372575
226.548300
226.641025
226.811625
226.831200
226.889775
226.914400
226.949100
226.969575
227.011825
227.038250
227.064375
227.107650
227.142450
227.157300
227.181700
227.193300
227.208900
227.229600
227.266700
227.277800
227.300450
227.334725
227.349975
227.371700
227.384525
227.432975
227.489300
227.581825
227.592800
227.599800
227.612750
227.643750
227.682825
227.691050
227.750925
227.813925
227.841075
227.844450
227.994575
228.024500
228.067125
228.090850
228.117325
228.149600
228.201775
228.212850
228.272925
228.312025
228.356150
228.374225
228.390150
228.406850
228.434775
228.489675
228.518150
228.543600
228.564900
228.580200
228.648250
228.692000
228.706525
228.714625
228.729900
228.786725
228.806600
228.822275
228.858425
228.897550
228.981250
229.013350
229.054775
229.058425
229.092100
229.103025
229.106450
229.128300
229.135125
229.262600
229.264550
229.365250
229.379100
229.397650
229.421025
229.425850
229.466550
229.561500
229.691225
229.711050
229.737775
229.756375
229.775550
229.780000
229.799925
229.816725
229.837250
229.857050
229.870250
229.887825
229.919075
229.940750
229.981050
230.024000
230.056425
230.072050
230.102750
230.110000
230.145925
230.161275
230.215000
230.237650
230.289575
230.355025
230.391600
230.412175
230.440575
230.476475
230.518600
230.547200
230.573750
230.593025
230.678150
230.769925
230.837000
230.864900
230.896600
230.948075
231.057200
231.104625
231.135800
231.172025
231.255750
231.269300
231.308825
231.482675
231.499800
231.510450
231.585825
231.607550
231.629000
231.652200
231.674725
231.735000
231.746325
231.802800
231.830650
231.916575
231.939075
231.965625
232.039275
232.051125
232.060100
232.095125
232.164025
232.245250
232.318450
232.384700
232.432800
232.462400
232.476475
232.531750
232.559350
232.593075
232.598575
232.605900
232.643600
232.664175
232.746975
232.767050
232.823175
232.836125
232.854825
233.029375
233.112175
233.193600
233.211300
233.241700
233.272875
233.319125
233.326275
233.373275
233.388200
233.395450
233.414725
233.419550
233.513900
233.525600
233.545600
233.585475
233.661275
233.675850
233.696300
233.728825
233.762625
233.777850
233.799075
233.819150
233.878175
233.891950
233.914900
233.926875
233.997875
234.087875
234.101475
234.129975
234.137325
234.262125
234.312275
234.345600
234.391025
234.407850
234.450150
234.484825
234.547650
234.585950
234.606800
234.608500
234.632275
234.667800
234.703475
234.718350
234.871125
234.914800
234.923675
234.930425
234.996525
235.039825
235.094275
235.124800
235.151975
235.306150
235.339050
235.426325
235.462875
235.493150
235.501300
235.522225
235.528150
235.580900
235.585525
235.600700
235.710825
235.740075
235.743775
235.808575
235.818375
235.890025
235.940275
236.026700
236.054875
236.080775
236.113750
236.154175
236.197850
236.257425
236.289925
236.336825
236.389550
236.456375
236.478475
236.495325
236.514975
236.647925
236.679200
236.697100
236.736925
236.756125
236.856900
236.909150
236.988725
237.029700
237.122425
237.123600
237.158525
237.199600
237.242175
237.255800
237.325450
237.327150
237.394800
237.441650
237.457875
237.461675
237.492600
237.500275
237.512850
237.552625
237.563225
237.579775
237.596150
237.606100
237.624625
237.711700
237.766400
237.802325
237.834425
237.908000
237.957100
238.011150
238.078000
238.144775
238.176525
238.189000
238.229075
238.288600
238.421550
238.456725
238.511825
238.604975
238.608450
238.806725
238.904250
238.934775
239.000950
239.030600
239.054475
239.071600
239.088350
239.186825
239.339925
239.425775
239.445600
239.575575
239.641375
239.655350
239.723475
239.743725
239.761000
239.786100
239.849150
239.956950
239.970825
240.052600
240.132025
240.242375
240.243775
240.273775
240.312625
240.348850
240.356475
240.400075
240.403800
240.442950
240.457325
240.545475
240.566200
240.656650
240.682300
240.685225
240.710075
240.743500
240.750175
240.767000
240.777075
240.798575
240.859050
240.878000
240.949525
241.028925
241.056825
241.116600
241.196850
241.198300
241.238800
241.269925
241.290050
241.332975
241.340450
241.372150
241.389525
241.397125
241.438500
241.546900
241.553000
241.573550
241.593225
241.638500
241.690825
241.766250
241.779450
241.784550
241.852875
241.884825
241.927350
241.979600
241.987300
242.004725
242.047300
242.048700
242.060475
242.099925
242.178050
242.198025
242.209700
242.223800
242.236575
242.249050
242.267425
242.281100
242.292975
242.329700
242.363075
242.459150
242.475800
242.490700
242.501550
242.515500
242.616300
242.672525
242.960250
242.987175
243.007200
243.057375
243.075450
243.087100
243.095075
243.204250
243.260800
243.306875
243.321450
243.359625
243.458300
243.478350
243.483125
243.494050
243.513475
243.542475
243.617550
243.642875
243.651425
243.701125
243.831325
243.877400
243.950800
244.070400
244.092275
244.108400
244.140050
244.148675
244.209550
244.281125
244.321075
244.334725
244.397050
244.461250
244.480550
244.544375
244.600025
244.727125
244.762550
244.813300
244.822325
244.838175
244.851400
244.882025
244.976350
245.008400
245.023400
245.036775
245.069625
245.086225
245.124875
245.151550
245.153575
245.175050
245.191225
245.194875
245.241825
245.322525
245.340825
245.368125
245.387575
245.456975
245.469400
245.472875
245.581350
245.689800
245.738975
245.759400
245.761875
245.773325
245.785975
245.806575
245.824200
245.841425
245.845475
245.851325
245.861325
245.898325
245.907200
245.945200
245.961625
246.020425
246.032650
246.049375
246.061200
246.073500
246.085025
246.160925
246.196950
246.232150
246.264200
246.586125
246.617325
246.660150
246.744975
246.770850
246.828200
246.849050
246.856175
246.860800
246.863000
246.920950
246.934500
246.937750
246.957000
246.970000
247.074000
247.139450
247.143900
247.150075
247.161400
247.298875
247.343225
247.363275
247.376025
247.423200
247.450825
247.458600
247.497325
247.542175
247.567700
247.598575
247.604550
247.678000
247.711500
247.775300
247.818650
247.849625
247.876050
247.899275
247.917425
247.969500
248.012425
248.036300
248.081775
248.094000
248.115650
248.145550
248.150700
248.206850
248.345275
248.432625
248.436950
248.459275
248.512250
248.631925
248.701075
248.750725
248.758025
248.794750
248.815550
248.863100
248.934200
248.973400
248.984000
249.002700
249.031125
249.077925
249.086300
249.115125
249.120300
249.154750
249.248925
249.282925
249.323075
249.373375
249.411775
249.448725
249.461300
249.513925
249.583725
249.597425
249.656200
249.698275
249.759700
249.777450
249.820150
249.849050
249.880575
249.896775
249.915800
249.986000
