0.096550
0.146150
0.231775
0.439750
0.473450
0.661650
0.818050
0.928650
1.264425
1.542775
1.995125
2.041850
2.094625
2.130350
2.309325
2.471750
2.540875
2.568075
2.612350
2.831150
2.917775
2.963550
3.040775
3.108225
3.194725
3.384625
3.467975
3.540450
3.579400
3.619625
3.670575
3.709325
3.750800
3.779875
3.836425
3.872400
4.198725
4.228900
4.635800
4.699625
4.874675
5.036800
5.185925
5.267425
5.388250
6.038675
6.287350
6.646875
6.942600
7.888150
7.973050
8.044100
8.089975
8.123100
8.149950
8.254075
8.468925
8.514300
8.812300
9.067850
9.166600
9.461025
9.516750
9.627650
9.754150
9.813125
9.872325
10.187900
10.240275
10.299950
10.379225
10.744500
10.818825
10.836600
10.848675
11.034675
11.191800
11.868250
12.482150
12.656275
12.792700
12.952100
12.991250
13.014750
13.057550
13.094925
13.145425
13.311450
13.396900
13.484175
13.582875
13.631175
14.341950
14.374450
14.660625
14.820200
14.872675
14.973575
15.036200
15.126150
15.157500
15.425600
15.507150
15.767150
15.820650
17.339700
17.393250
17.508100
17.576775
17.708800
17.777050
17.942975
18.586500
18.839125
18.964825
19.043400
19.223725
19.250750
19.305875
19.462425
19.673325
20.194750
20.379375
20.701425
21.563125
22.073025
22.216550
22.702525
22.740425
22.752175
22.770700
22.864300
22.934075
22.991925
23.044850
23.151525
23.706175
23.965175
24.012800
24.098750
24.185450
24.245675
24.279825
24.511975
24.605375
24.655225
24.702450
24.901325
25.574150
25.742200
25.804000
25.877425
25.985050
26.098425
26.177325
26.272425
26.353725
26.799525
26.868075
27.498750
27.711350
27.753875
27.818075
27.912525
27.985325
28.099425
28.414825
28.866175
29.073100
29.173950
29.225850
29.266450
29.320775
29.403150
29.437750
29.490175
29.546525
29.605525
29.647250
30.547650
31.270900
31.356850
31.574275
31.979075
32.017600
32.033525
32.160800
32.197075
32.346425
32.389750
32.435275
32.508950
32.533525
32.603450
32.769750
33.009700
33.064950
33.113675
33.263425
33.327200
33.461625
33.669275
33.734925
33.848975
33.908525
34.041300
34.115600
34.289475
34.588000
34.711475
34.743450
34.954075
35.053200
35.172275
35.382075
35.593525
35.646550
35.665900
35.703100
35.857350
35.874200
36.020375
36.172050
36.213975
36.318625
36.384800
36.431875
36.463100
36.519475
36.684575
36.708050
37.263675
37.346650
37.567825
37.646050
37.794700
37.861575
37.980850
38.166800
38.355925
38.425250
38.533625
38.577300
38.695925
38.828750
39.412925
39.645875
39.841325
39.905325
40.007275
40.060400
40.108950
40.182725
40.317600
40.501950
40.753925
41.077150
41.485675
41.603425
41.931625
42.198650
42.255900
42.293975
42.339150
42.416750
42.473525
42.563000
42.638575
42.693775
42.732725
42.883375
43.084200
43.131200
43.189650
43.232350
43.472850
43.506350
43.641075
43.770900
43.794575
43.887650
44.198650
44.463200
44.503100
44.581150
44.650500
44.749775
44.791925
44.980975
45.187525
45.210225
45.442775
45.647250
45.670425
45.969550
46.087725
46.112725
46.272625
46.419300
46.558925
46.751700
47.436625
47.559425
47.688500
47.768925
47.817175
47.952700
48.067900
48.105550
48.196750
48.300800
48.388150
48.589600
48.742550
48.896275
48.974825
49.042500
49.129825
49.346200
49.927050
50.142175
50.690525
50.776275
50.816625
50.865225
50.966925
51.023625
51.188325
51.225425
51.306125
51.437475
51.564825
51.654500
51.708325
51.844850
51.958100
52.201775
52.265100
53.036400
53.104425
53.905550
54.548650
54.797150
54.907000
54.966500
55.029025
55.153900
55.249650
55.303125
55.345700
55.394675
55.477850
55.508175
55.553550
55.744025
55.841300
56.005125
56.025425
56.300275
56.337075
56.452825
56.642125
56.813150
56.895950
57.156650
57.488725
57.600950
57.858825
58.697100
58.745525
58.797000
58.855000
58.894400
58.967800
59.367775
59.480575
59.550375
59.583925
59.613850
59.696175
59.731275
59.762900
59.828675
59.973950
60.065225
60.274650
60.424775
60.513200
60.542125
60.686475
60.732300
60.775775
61.007375
61.400100
61.611125
61.753650
61.940625
61.964450
63.246950
63.440300
63.466000
63.501400
63.604525
63.652700
63.736475
63.775000
63.822350
63.834650
64.297325
64.360325
64.413950
64.431675
64.522700
64.721200
65.266325
65.352350
65.401675
65.434325
65.528725
65.584750
65.652575
65.707500
65.838300
65.913000
66.023450
66.088150
66.292100
66.329650
66.381500
66.435000
66.516975
66.536950
66.677475
66.703575
66.846775
66.939150
66.986200
67.030900
67.071125
67.316825
67.483100
67.575025
67.746225
67.983325
68.140200
68.238250
68.306125
68.409525
68.473600
68.565575
69.046975
69.128775
69.799725
69.892550
69.915250
69.969700
70.003525
70.051050
70.202075
70.270550
70.344675
70.379325
70.470100
70.591200
70.759175
70.978450
71.011325
71.050725
71.258800
71.444475
71.693700
72.131025
72.398575
72.557625
73.062150
73.223625
73.292500
73.357450
73.568925
73.623125
73.747300
74.099125
74.183800
74.204225
74.258725
74.304825
74.403875
74.557425
75.071050
75.191125
75.292525
75.329875
75.417000
75.517400
75.644425
75.731175
76.418275
76.483450
76.720100
76.834825
76.924200
77.050800
77.156525
77.406700
78.004400
78.202425
78.217750
78.320250
78.379625
78.519775
78.639100
78.688975
78.775675
78.874400
78.938025
79.157875
79.244075
79.316225
79.664025
80.022500
80.171925
80.249825
80.628625
80.674875
80.805975
80.838925
80.952475
81.080375
81.120050
81.355125
81.453150
81.829100
81.950900
82.138000
82.270325
82.313300
82.560300
82.852900
82.969350
83.215825
83.289875
83.341300
84.063075
84.104550
84.155975
84.209750
84.285825
84.345550
84.391800
84.419400
84.496800
84.578025
84.988100
85.364050
85.395525
85.743450
85.829500
87.143025
87.274725
87.409125
87.467850
87.532250
87.591650
87.664175
87.730450
87.887075
87.940425
88.015825
88.106200
88.437075
88.517250
89.042800
89.080075
89.121700
89.240025
89.396625
89.467325
89.704000
89.972100
90.022225
90.366675
92.071275
92.108275
92.127950
92.167200
92.220775
92.276650
92.346250
92.538850
92.837850
92.971250
93.086550
93.562275
93.629650
93.696975
94.011425
96.045750
96.100875
96.137600
96.171675
96.389100
96.421775
96.515525
96.563150
96.664750
96.690050
96.820925
96.992900
97.087350
97.484450
97.612300
97.683225
97.749825
97.837375
97.888700
97.930850
98.296675
98.389975
98.689525
99.012450
99.549125
99.999975
100.386925
100.456125
100.950900
100.982500
101.423850
101.931050
101.985700
102.226275
102.275125
102.302075
102.320525
102.366150
102.422450
102.499100
102.553150
102.610025
102.627875
102.730450
102.746775
102.839825
103.086250
103.392875
103.470900
103.622175
103.707750
103.740925
103.812775
103.896525
105.734325
105.887750
106.045225
106.192900
106.251650
106.401150
106.449125
106.554000
106.601000
106.758150
106.816050
106.873600
106.890975
107.027700
107.148725
107.211250
107.265600
107.302475
107.354850
107.392225
107.562525
107.742375
107.839150
107.890075
107.990425
108.006050
108.242575
108.366275
108.807700
108.888325
110.116525
110.134975
110.158400
110.186225
110.202525
110.226300
110.244925
110.295350
110.394875
110.575650
110.977675
111.052200
111.067275
111.143825
111.245675
111.366350
111.432775
113.909725
114.282600
114.955325
115.038675
115.058550
115.095250
115.124250
115.166325
115.216950
115.379425
115.403775
115.533775
115.632950
115.872850
115.921150
115.987725
116.166700
116.393550
116.871525
116.999075
117.645775
118.351400
118.461175
118.511925
118.551550
118.600050
118.628000
118.908775
118.986150
119.038175
119.082100
119.162350
119.284075
119.556475
119.848675
120.041750
120.112025
120.160850
120.779950
120.815475
120.842975
120.867725
120.941275
121.023350
121.037100
121.072325
121.104675
121.135800
121.210400
121.354475
121.430125
121.561625
121.591875
121.980700
122.054350
122.158675
122.187175
122.483100
122.891750
122.986900
123.225075
123.429525
123.563525
123.719075
124.460200
124.509150
124.533550
124.660450
124.797350
124.825575
124.888550
124.990050
125.331775
125.365100
125.556775
126.003925
126.068825
126.127575
126.215050
126.280650
126.463075
126.670300
126.700725
126.741875
126.815600
126.884575
126.986300
127.093075
127.140875
127.348575
127.392725
127.446825
127.471200
127.623800
127.694850
128.081975
130.835100
130.891950
130.936575
130.966225
131.023000
131.067375
131.250725
131.309775
131.413850
131.462775
131.814800
131.937575
132.049975
132.129875
132.251425
132.274475
132.295325
132.378925
132.621325
132.691650
132.813850
133.107350
133.433675
133.591650
134.040925
135.824575
135.864700
135.922750
136.029600
136.077700
136.132525
136.167725
136.206350
136.356350
136.692050
137.278750
139.105475
139.252675
139.620700
139.657225
139.768925
139.783775
140.165900
140.679825
140.830500
140.906350
140.948975
141.087950
141.185925
141.233100
141.907275
142.569375
142.642650
143.162975
143.285725
143.544050
143.577300
143.637975
143.689050
143.776450
143.820725
143.868625
143.901625
144.055975
144.411000
144.551125
145.414950
145.486575
145.677950
145.857125
145.923450
146.129825
146.312350
147.330100
147.646900
147.764250
147.791325
147.813775
147.905375
147.922225
148.037625
148.408825
149.138050
149.211275
149.234450
149.350775
149.426825
149.517550
149.571825
149.650825
150.024800
150.061525
150.215775
150.285025
150.467150
150.786025
150.866050
151.015175
151.120700
151.325125
151.802800
151.940225
152.276875
152.857950
153.367850
153.512125
153.565675
153.681100
153.719975
153.822275
154.003050
154.059200
154.178700
154.239325
154.402400
154.443275
154.617325
154.650950
154.737250
154.914650
155.773200
155.848350
155.898950
155.934600
155.975475
156.094500
156.269550
156.465000
156.499750
156.605600
156.742975
156.901475
157.027000
157.109850
157.237025
157.300050
157.435925
157.504725
157.732675
157.826600
158.032225
158.129875
158.195250
158.864025
158.912000
158.949950
159.050300
159.111025
159.206650
159.242150
159.262300
159.409775
159.453000
159.598950
160.113975
160.277025
160.423825
160.640075
160.814425
161.021550
161.415625
161.599450
162.085175
162.441775
162.479000
162.515375
162.536225
162.596250
162.685000
162.753350
162.948750
162.988350
163.172625
163.245600
163.317175
163.428750
163.541825
163.620425
163.748175
163.796225
163.906525
164.161050
164.524450
164.706925
165.103900
165.382550
165.753050
166.110525
166.688075
166.843000
167.210150
167.447425
167.592900
167.628250
167.714325
167.793850
167.841925
167.951375
168.021200
168.044075
168.202750
168.247725
168.321800
168.352725
168.390000
168.510275
168.525925
168.577825
168.675125
168.690950
168.879725
168.952025
169.088625
169.162875
169.190450
169.305650
169.542325
169.711725
169.919100
170.044750
170.345775
170.689500
171.409800
171.445475
171.479300
171.531725
171.553925
171.575450
171.598075
171.673200
171.698750
171.723550
171.787975
171.828050
172.002175
172.052825
172.093175
172.377250
172.470625
172.649300
172.771150
172.817800
173.008200
173.585375
173.719850
173.793050
173.857500
174.012225
174.073575
174.196275
174.266750
174.391500
174.429225
174.522600
174.554100
174.625650
174.715925
174.841850
174.906050
175.080250
175.123750
175.208725
175.424550
175.608850
175.720900
175.775650
175.937400
176.215050
176.432475
176.751475
176.986425
177.156150
177.477125
177.809525
177.865250
177.996050
178.041400
178.085250
178.206225
178.432100
178.485450
178.568300
178.661625
178.693200
178.718250
178.823000
178.861800
178.888475
178.921125
179.135475
179.161700
179.288050
179.307275
179.428475
179.608275
179.790025
179.911950
179.963750
180.155325
180.197275
180.490625
180.540800
180.627800
180.686875
180.808425
180.924500
181.014375
181.329800
181.372025
181.409750
181.441575
181.530625
181.594925
181.612075
181.676900
181.706800
181.827700
181.981875
182.053200
182.278000
182.339725
182.451500
182.939600
183.298125
183.732525
183.883050
184.081625
184.103275
184.169200
184.932800
185.063125
185.135500
185.193875
185.264775
185.303475
185.529900
185.677100
185.742000
185.809650
186.009075
187.199075
187.602525
188.964075
190.012350
190.169000
190.184200
190.314700
190.341750
190.467275
190.506825
190.594625
190.722400
190.843050
191.543075
191.809475
192.065525
194.232250
194.541800
194.769750
195.226625
195.951325
196.059900
196.103200
196.149525
196.183750
196.307150
196.590675
196.841600
196.896125
197.046000
197.114050
197.331975
197.709850
197.756350
197.892525
199.169275
199.234900
199.984600
201.152425
202.109175
202.197675
202.573275
202.645200
202.718325
202.991300
203.179800
203.415550
203.477575
203.856675
203.996150
204.483275
204.742650
204.827925
205.580775
207.122850
207.753975
208.574050
209.846050
210.065850
210.400100
210.534525
210.601700
210.619900
210.762000
210.777950
210.973300
211.167150
211.273925
211.292250
211.832500
212.021025
212.192975
212.342950
212.667050
212.808575
215.518100
215.851250
216.171725
216.316025
216.484375
216.538275
216.562800
216.599150
216.681775
216.825700
216.872550
216.948325
217.006375
217.225800
217.239425
217.311275
217.425775
217.462050
217.510450
217.571525
217.613375
217.665975
217.856825
217.952375
218.580675
218.651400
219.120075
219.178075
219.278575
219.701150
219.978125
219.996725
220.158350
220.245175
220.277800
220.389350
220.445400
220.554075
220.583925
220.716800
220.943250
221.098300
221.321125
221.340925
221.413425
221.512075
221.737975
222.024225
222.133325
222.224925
222.291625
222.307875
222.399450
223.023950
223.693400
223.792475
223.859675
223.882200
223.988250
224.244725
224.401000
224.731575
224.826000
224.870550
224.890150
224.970300
225.030225
225.103900
225.145150
225.273625
225.816275
225.921200
225.942400
226.302600
226.724725
227.409600
227.665350
227.735325
228.574175
229.264675
229.696425
229.800050
229.877000
229.936425
230.194725
230.376100
230.568850
230.625475
230.719025
233.466925
234.311725
234.777450
234.795125
235.435275
235.515225
235.676025
235.893825
235.933025
235.970850
236.127375
236.211575
236.259925
236.373850
236.762025
236.857300
236.988650
237.101950
237.124775
237.312325
237.452775
237.514625
237.650875
238.012500
238.147850
239.568700
239.968175
240.129375
240.262450
240.358925
240.496450
240.529900
240.749175
241.037625
241.189725
241.233375
241.336600
241.356850
241.423175
241.652225
241.691675
241.829900
241.888650
242.073200
242.144375
242.200975
242.221925
242.337000
242.642500
242.763625
243.130825
243.227675
243.352825
243.510800
244.164850
244.223675
244.278150
244.310950
244.362225
244.397350
244.519000
244.563700
244.657725
244.673825
244.764375
244.790675
244.842975
244.976050
245.270825
245.719750
245.759050
245.800650
245.941500
246.026900
246.187700
246.363200
246.892925
247.062800
247.640325
247.783200
248.246575
248.262025
248.543750
250.030100
250.109175
250.150125
250.209325
250.255050
250.283125
250.383100
250.428625
250.486675
250.518125
250.654925
250.887775
250.961000
251.074200
251.119350
251.282725
251.393350
251.450575
251.667275
251.715125
251.747225
251.940900
252.088975
252.176150
252.231025
252.347150
252.451275
252.590025
253.008475
253.137625
253.590250
253.815725
254.229100
254.288425
254.335750
254.376075
254.439225
254.547150
254.585175
254.601625
254.659450
254.752700
254.949625
254.986700
255.080175
255.248575
255.582500
255.672775
255.775350
255.858475
255.883200
256.060225
256.129100
256.177800
256.245150
256.362450
256.458300
256.576375
256.672600
256.719425
256.793925
256.810950
256.927300
256.952150
257.135725
257.162325
257.293325
257.319800
257.445325
257.634975
257.658975
257.676125
258.126600
258.453625
258.521825
258.602100
258.624775
258.684950
258.716700
258.732150
258.830275
258.907325
258.974050
258.999500
259.019325
259.073700
259.151275
259.325475
259.431225
259.505350
259.732250
259.789775
259.859500
259.883500
259.960300
260.580400
260.755825
260.814700
260.831825
260.877925
260.893775
261.005225
261.034450
261.099525
261.226700
261.293350
261.331575
261.465325
261.543125
261.572500
261.684400
261.828775
261.945825
262.200200
262.251175
262.590700
262.616800
262.865350
263.162375
263.214075
263.238925
263.271025
263.286100
263.309900
263.353750
263.406325
263.499475
263.545500
263.664650
263.716350
263.783500
263.803650
264.179900
264.300700
264.405950
264.444800
264.490325
264.575225
264.643250
264.754975
264.775525
264.831425
265.029825
265.079300
265.164775
265.247950
265.556325
265.632850
265.794825
265.972625
266.101125
266.385600
266.420175
266.434250
266.561300
267.173625
267.287175
267.432950
267.467450
267.488450
267.615900
267.854925
267.902950
267.959050
268.015775
268.047650
268.131500
268.324075
268.388025
268.488625
268.592950
268.764425
268.797700
269.120625
269.158150
269.188825
269.287550
269.430075
269.753925
269.908175
269.979975
270.131575
270.196150
270.306325
270.436775
270.518125
270.548200
270.733200
270.885050
271.142250
271.669550
271.712000
272.150150
272.518950
272.780925
273.170250
273.188925
273.288350
273.346525
273.360275
273.429575
273.487325
273.596550
273.674725
273.691325
273.875125
274.182975
274.266150
274.447850
274.649800
274.750350
274.798025
274.889525
275.007075
275.201125
275.315025
275.435550
275.599825
275.623425
275.709975
276.358075
276.448250
276.867125
276.894325
277.601775
277.663925
277.796325
277.831325
277.848500
277.892275
278.032950
278.249325
278.423750
278.507650
278.630775
278.669450
278.751425
278.923075
278.963775
279.296800
279.471125
280.019900
280.548950
280.760550
280.864175
280.964675
281.062900
281.106500
281.174750
281.261400
281.309825
281.328775
281.443275
281.460025
281.531650
281.595750
281.710000
281.760850
282.000850
282.090325
282.173625
282.248700
282.358800
282.420850
282.464050
283.297350
283.486325
284.488250
284.876375
285.151575
285.393925
285.407500
285.442700
285.490450
285.538800
285.674275
285.796925
285.915925
285.993350
286.084725
286.245950
286.361075
286.576575
286.663550
286.754625
286.812700
286.890450
286.980650
287.139550
287.361700
287.952300
287.984550
288.489850
288.586400
289.503125
289.526975
289.560375
289.600275
289.764950
290.301325
290.422100
290.498050
290.710225
290.753550
290.975700
291.082625
291.208650
291.292275
291.399975
291.580375
291.690750
291.928100
292.151675
293.201025
293.251225
293.281950
293.305525
293.406800
293.455250
293.621200
293.831200
294.046475
294.205650
294.221850
294.412300
294.475200
294.520575
294.621000
294.685925
294.723875
294.789975
294.901650
295.215475
295.378950
296.249175
296.376275
297.140525
297.659250
297.696250
297.736675
297.929600
298.006000
298.034625
298.069775
298.110350
298.143250
298.170350
298.255450
298.344400
298.382850
298.439275
298.645975
298.735725
298.765250
298.848000
298.893200
298.925425
299.148775
299.258875
299.522775
299.655175
299.830000
299.990625
300.151300
300.403475
300.490325
300.559950
