0.128925
0.140075
0.168250
0.180725
0.242850
0.278950
0.320950
0.534325
0.604000
0.613250
0.620300
0.631475
0.644550
0.657750
0.925000
0.943750
1.097400
1.116175
1.165825
1.174375
1.233650
1.234900
1.302375
1.329450
1.351000
1.458100
1.541675
1.638850
1.721100
1.735400
1.814700
1.836425
1.846150
1.854600
1.887175
1.896675
1.928675
1.987075
2.043750
2.124875
2.163300
2.242175
2.277425
2.287725
2.350700
2.373950
2.473725
2.604150
2.692875
2.714625
2.883700
2.947175
2.994375
3.011225
3.039675
3.091100
3.372125
3.416800
3.426475
3.443700
3.451325
3.461425
3.487125
3.533625
3.543975
3.579500
3.684575
3.712775
3.742625
3.792250
3.842250
3.873275
3.963525
3.977175
4.010525
4.037525
4.055775
4.074400
4.117175
4.137550
4.181400
4.209525
4.223625
4.229150
4.267250
4.313550
4.378100
4.398025
4.416775
4.429100
4.539325
4.573575
4.599750
4.616200
4.636625
4.650025
4.670075
4.705400
4.732800
4.797625
4.815950
4.910975
4.942100
5.037850
5.076650
5.112500
5.134450
5.158550
5.187075
5.234600
5.262275
5.277800
5.291400
5.301900
5.323875
5.345225
5.360150
5.370350
5.438975
5.458100
5.475400
5.524675
5.558025
5.586475
5.649600
5.701350
5.737800
5.823125
5.865300
5.880275
5.891700
5.903800
5.911875
5.932175
5.974300
5.989625
6.005675
6.013825
6.047200
6.093025
6.126525
6.181125
6.225650
6.376425
6.386975
6.395000
6.409675
6.414950
6.429000
6.437400
6.444600
6.511775
6.525625
6.565625
6.594450
6.602325
6.711275
6.733750
6.824000
6.944150
6.978075
6.986900
6.993825
7.001975
7.040725
7.066975
7.080000
7.090475
7.145125
7.168600
7.189950
7.198700
7.208925
7.252200
7.261025
7.289725
7.392025
7.483775
7.495425
7.497975
7.509425
7.517875
7.538425
7.546325
7.555675
7.574450
7.594250
7.620450
7.645975
7.700100
7.773325
7.782450
7.791700
7.840175
7.882250
7.906750
7.947400
8.039000
8.048850
8.056025
8.063025
8.094775
8.145550
8.162375
8.173900
8.208100
8.216975
8.219000
8.234750
8.255600
8.333500
8.548200
8.579175
8.590650
8.613725
8.624350
8.671625
8.686550
8.705125
8.752950
8.767975
8.793400
8.819850
8.854275
8.869525
8.894100
8.924100
8.962875
8.976100
9.161925
9.174725
9.187150
9.206375
9.215000
9.224425
9.237725
9.249800
9.262175
9.275425
9.329400
9.346400
9.356900
9.366350
9.391275
9.400725
9.413200
9.430875
9.457100
9.468525
9.477050
9.486375
9.499450
9.523975
9.544125
9.584225
9.610300
9.727175
9.739175
9.755675
9.773225
9.799000
9.828975
9.875625
9.914875
9.955375
10.000675
10.059625
10.072050
10.104350
10.112000
10.121975
10.190650
10.209300
10.285125
10.332850
10.354750
10.372725
10.404550
10.426375
10.461025
10.490825
10.518375
10.531850
10.545700
10.567675
10.622225
10.656200
10.684275
10.701775
10.728775
10.828775
10.858325
10.867125
10.942825
10.950750
10.962300
10.974800
10.986025
11.028000
11.034300
11.050100
11.059525
11.068300
11.091525
11.111475
11.118875
11.142475
11.148925
11.194075
11.210575
11.402850
11.428075
11.439900
11.478725
11.495525
11.514625
11.532950
11.544650
11.607625
11.638625
11.664000
11.714575
11.725000
11.820400
11.847400
11.876325
11.960275
11.989325
12.054575
12.075825
12.092050
12.123250
12.168975
12.209575
12.277575
12.332400
12.364875
12.418750
12.503525
12.510975
12.576775
12.584600
12.597475
12.666825
12.726675
12.745775
12.789650
12.879300
12.891525
12.900500
13.024575
13.033400
13.097475
13.114125
13.185500
13.234325
13.252400
13.269125
13.538075
13.619875
13.659475
13.760550
13.780700
13.836250
13.866825
13.920550
13.962575
13.980550
14.000750
14.021050
14.033225
14.073075
14.111125
14.188600
14.245325
14.262225
14.285075
14.348300
14.426375
14.681150
14.704975
14.777250
14.819400
15.063300
15.089500
15.112650
15.122350
15.142700
15.170475
15.288125
15.325725
15.359250
15.372625
15.455875
15.592300
15.612075
15.624750
15.668875
15.718450
15.756500
15.786025
15.824700
15.855375
15.932175
15.960075
16.016100
16.031975
16.076200
16.086500
16.100875
16.104150
16.135350
16.160400
16.169025
16.180775
16.225650
16.265475
16.307000
16.325175
16.337250
16.384775
16.406250
16.433550
16.461450
16.539275
16.554250
16.604350
16.614650
16.633900
16.668025
16.687375
16.725275
16.733900
16.809675
16.949325
17.015350
17.031500
17.043975
17.056600
17.082900
17.115600
17.125450
17.160350
17.191400
17.200200
17.224875
17.237975
17.285650
17.295600
17.310000
17.379900
17.400725
17.453675
17.564900
17.575300
17.586925
17.608225
17.616375
17.623900
17.639725
17.685050
17.696500
17.708500
17.734950
17.745600
17.758275
17.789750
17.790750
17.812650
17.829350
17.864425
17.881450
17.930775
17.952500
17.972850
18.099850
18.131775
18.150950
18.165100
18.170800
18.173025
18.180575
18.212625
18.222825
18.231150
18.268300
18.270875
18.320150
18.396150
18.412450
18.423625
18.434075
18.449700
18.462975
18.478800
18.541925
18.578475
18.629600
18.661175
18.663275
18.680000
18.775550
18.819025
18.874925
18.890575
18.929975
19.036675
19.159450
19.292850
19.294625
19.315400
19.330250
19.376700
19.395625
19.411850
19.428250
19.455375
19.519475
19.536350
19.547025
19.568800
19.634800
19.658425
19.752225
19.806600
19.823150
19.829725
19.844925
19.851375
19.859200
19.973425
19.993250
20.008275
20.027300
20.052575
20.103275
20.202300
20.233750
20.347650
20.439525
20.472275
20.485300
20.494075
20.502025
20.513500
20.515875
20.533800
20.546425
20.553600
20.557675
20.622375
20.624825
20.637075
20.660350
20.694900
20.709025
20.722750
20.893325
20.908475
20.927700
20.938375
20.951975
20.969475
21.003125
21.032325
21.052275
21.078475
21.115150
21.150575
21.182425
21.236150
21.273325
21.300325
21.314475
21.332400
21.365900
21.529325
21.653350
21.693875
21.718175
21.753650
21.765700
21.772125
21.786325
21.794975
21.817725
21.885450
21.917500
22.067075
22.082375
22.097675
22.116500
22.150900
22.183450
22.209700
22.272900
22.289450
22.369100
22.381200
22.411525
22.519525
22.664475
22.728775
22.901575
22.919725
22.941700
23.018900
23.033400
23.048750
23.066700
23.082800
23.093650
23.116550
23.130050
23.143825
23.165225
23.190500
23.226900
23.262800
23.326075
23.346200
23.354650
23.370525
23.376250
23.388150
23.394425
23.422975
23.428300
23.437650
23.450200
23.522325
23.533825
23.632550
23.856725
23.866950
23.873025
23.877500
23.919325
23.955025
23.964400
24.049925
24.072300
24.107125
24.200325
24.243600
24.314050
24.386325
24.407525
24.546475
24.566825
24.679975
24.706350
24.750875
24.856675
24.862725
24.976450
24.988600
25.039650
25.146200
25.155375
25.192500
25.205150
25.332625
25.348250
25.465475
25.492450
25.544400
25.640425
25.648900
25.656400
25.678125
25.688125
25.847700
25.871200
25.942925
25.997050
26.013025
26.030250
26.058325
26.087525
26.175600
26.379075
26.405475
26.444050
26.486975
26.523175
26.597125
26.628100
26.658425
26.820950
26.862000
26.870275
26.890150
26.913825
26.933775
26.996600
27.026550
27.259925
27.274000
27.301675
27.321400
27.379700
27.400650
27.467300
27.553600
27.554925
27.605775
27.640650
27.692050
27.705075
27.714225
27.729600
27.746800
27.819650
27.873000
27.900500
27.922450
27.936550
27.976700
28.162775
28.215425
28.273575
28.339300
28.384200
28.572850
28.607650
28.649450
28.692050
28.721900
28.783150
28.873375
28.930125
28.964500
28.985875
29.032375
29.084625
29.114000
29.140025
29.217950
29.309075
29.321450
29.362275
29.370450
29.385925
29.394625
29.438700
29.502700
29.516950
29.574825
29.579425
29.802225
29.824000
29.840700
29.857225
29.863675
29.873050
29.897850
29.911400
30.004850
30.015700
30.286950
30.304375
30.327925
30.338975
30.372200
30.379100
30.389375
30.402275
30.430450
30.454550
30.515575
30.530800
30.626850
30.686500
30.711075
30.724925
30.729050
30.791075
30.802875
30.813675
30.833700
30.842900
30.852900
30.862675
30.880425
30.900150
30.904725
30.928700
30.949675
30.963725
30.994925
31.042325
31.083425
31.109875
31.145850
31.197175
31.228650
31.236525
31.285850
31.312125
31.325400
31.390100
31.424375
31.441300
31.545075
31.572700
31.584675
31.604975
31.615250
31.637800
31.656750
31.669000
31.682050
31.695875
31.752700
31.865975
31.877425
31.919325
31.962850
31.989575
31.999300
32.043300
32.052425
32.067650
32.079500
32.093925
32.104850
32.138025
32.162200
32.203650
32.222975
32.231225
32.288450
32.318425
32.354225
32.539150
32.554175
32.562175
32.572450
32.573575
32.580100
32.587950
32.596150
32.603775
32.625550
32.656825
32.692400
32.702725
32.738925
32.785325
32.800050
32.814350
32.829500
32.850075
32.863400
32.877950
32.904075
32.941650
32.960425
32.970250
32.992250
33.024325
33.137425
33.150300
33.167275
33.175300
33.187800
33.196000
33.205050
33.214600
33.232300
33.243650
33.251925
33.287475
33.296800
33.307700
33.331550
33.382675
33.406600
33.421950
33.435025
33.454125
33.464675
33.471750
33.504725
33.514200
33.545550
33.567400
33.607950
33.668075
33.713625
33.727200
33.737525
33.747575
33.759975
33.789900
33.801325
33.819250
33.836925
33.853200
34.000525
34.034350
34.062775
34.063975
34.073400
34.100525
34.111900
34.120525
34.131925
34.155800
34.165200
34.170125
34.175000
34.207500
34.220700
34.279800
34.305475
34.335050
34.387475
34.398775
34.408700
34.421150
34.431325
34.438900
34.454650
34.462375
34.469150
34.475850
34.510675
34.516950
34.519425
34.524625
34.531000
34.536875
34.560875
34.568875
34.713350
34.721675
34.754100
34.834325
34.891700
35.010950
35.029800
35.046750
35.060250
35.076675
35.085600
35.102475
35.110650
35.125200
35.131250
35.156550
35.173500
35.199175
35.220150
35.258725
35.353050
35.369025
35.392775
35.418100
35.459325
35.474700
35.488675
35.556625
35.564800
35.580100
35.588575
35.644125
35.721725
35.751300
35.779175
35.792875
35.815875
35.837375
35.845875
35.921950
35.938300
35.977750
35.994425
36.007500
36.027725
36.034350
36.062200
36.081600
36.102425
36.122725
36.137425
36.245875
36.266950
36.312300
36.335925
36.375050
36.407450
36.424350
36.433825
36.452500
36.460175
36.467000
36.504900
36.596925
36.605000
36.611475
36.627200
36.634825
36.750400
36.763900
36.773325
36.806400
36.856375
36.868700
36.910475
36.931075
36.988775
37.142950
37.322500
37.345425
37.372175
37.400125
37.413475
37.447350
37.564825
37.613675
37.627100
37.640350
37.654575
37.758575
37.794950
37.832050
37.863575
37.903125
37.914525
37.917550
37.981700
38.010775
38.034800
38.060550
38.089650
38.099925
38.138075
38.249050
38.261300
38.352650
38.358875
38.452000
38.470000
38.543550
38.596275
38.677175
38.762575
38.774000
38.811800
38.829750
38.838225
38.847975
38.909400
38.916175
38.959300
38.966050
39.057000
39.064500
39.073250
39.081100
39.098750
39.133825
39.153950
39.167850
39.180050
39.202525
39.262550
39.310800
39.322400
39.332100
39.371675
39.414700
39.462875
39.488400
39.551850
39.560975
39.601975
39.674850
39.707050
39.718600
39.742875
39.841875
39.902350
39.917075
39.927425
39.954075
39.968825
39.982075
39.988225
40.012925
40.049625
40.068925
40.083475
40.128625
40.157750
40.192175
40.199325
40.213025
40.282100
40.289450
40.301775
40.326300
40.372900
40.382825
40.392375
40.419825
40.446800
40.460275
40.481350
40.507400
40.517225
40.529125
40.540000
40.550200
40.576800
40.588925
40.631050
40.641300
40.649525
40.663325
40.711825
40.733075
40.765100
40.779925
40.794275
40.830600
40.899125
40.999425
41.010800
41.026150
41.052225
41.060675
41.072050
41.080025
41.093800
41.115075
41.149675
41.166150
41.200675
41.209750
41.243475
41.260100
41.271150
41.300625
41.320025
41.347225
41.367500
41.426950
41.488075
41.542250
41.578400
41.594175
41.604550
41.617550
41.640325
41.645150
41.648425
41.667600
41.675975
41.694900
41.726575
41.744300
41.763750
41.779350
41.803150
41.835925
41.845700
41.867000
41.877625
41.911700
41.933775
41.946250
41.952825
41.966500
41.975550
42.062600
42.116100
42.155425
42.217150
42.265100
42.283000
42.290550
42.311825
42.329325
42.352700
42.362625
42.386425
42.400675
42.427825
42.435400
42.492950
42.507375
42.516825
42.530850
42.553375
42.579525
42.595000
42.648650
42.671775
42.702450
42.734000
42.744550
42.757500
42.770675
42.782875
42.792225
42.799850
42.817950
42.825600
42.921550
42.929850
42.938425
42.953600
42.957725
42.965475
43.005125
43.042025
43.054500
43.086700
43.125225
43.192425
43.208650
43.220475
43.232250
43.248125
43.271575
43.291325
43.334450
43.398275
43.414875
43.448050
43.456875
43.464625
43.472400
43.485825
43.519775
43.533025
43.567550
43.578475
43.596425
43.605850
43.646050
43.779175
43.974100
43.995975
43.998150
44.011300
44.022550
44.035175
44.045650
44.055375
44.064050
44.085275
44.107025
44.134875
44.144750
44.203150
44.213750
44.239050
44.245725
44.260875
44.273400
44.282750
44.292950
44.329400
44.351575
44.440325
44.457250
44.470425
44.516150
44.536825
44.628600
44.707850
44.718425
44.735700
44.747275
44.755200
44.762550
44.785700
44.795375
44.823500
44.831175
44.857750
44.866600
44.889975
44.942375
44.949875
45.010725
45.047950
45.066625
45.095750
45.120050
45.230250
45.241925
45.269325
45.273675
45.287300
45.294875
45.319200
45.326450
45.334725
45.340825
45.356975
45.379975
45.393375
45.399375
45.410075
45.427675
45.525700
45.535625
45.567950
45.581350
45.633225
45.654450
45.699400
45.734675
45.744250
45.787900
45.802025
45.827025
45.840250
45.902625
45.915075
45.974425
45.983700
46.001525
46.020775
46.068800
46.079975
46.092475
46.119925
46.128325
46.136050
46.153525
46.189575
46.208600
46.216975
46.224550
46.242825
46.250650
46.269025
46.281550
46.296025
46.303425
46.387950
46.443800
46.461625
46.503000
46.555550
46.596700
46.614000
46.656975
46.706025
46.791650
46.806350
46.816100
46.939100
46.955350
47.104625
47.126150
47.216075
47.273350
47.299900
47.351875
47.386900
47.412900
47.464725
47.495225
47.529625
47.555250
47.592400
47.611775
47.651000
47.682950
47.726950
47.734475
47.852800
47.868650
47.964775
48.062825
48.158100
48.180025
48.199200
48.208475
48.310975
48.382775
48.400125
48.407150
48.413800
48.416425
48.435625
48.475875
48.549525
48.643300
48.675725
48.726825
48.745075
48.761425
48.783950
48.814150
48.823050
48.944050
49.039825
49.066075
49.080100
49.095000
49.142125
49.179300
49.262150
49.272050
49.309500
49.339750
49.398575
49.613900
49.632925
49.663375
49.745300
49.852250
49.862075
49.939500
49.994500
50.015125
50.058425
50.118575
50.255650
50.276275
50.284050
50.405925
50.434150
50.556725
50.576575
50.606075
50.732625
50.746875
50.769700
50.807925
50.826300
50.874125
50.917900
50.943750
51.020150
51.039175
51.107175
51.173350
51.210650
51.264100
51.289325
51.301500
51.317100
51.327400
51.358750
51.381125
51.410600
51.464725
51.524850
51.571875
51.658925
51.669000
51.676250
51.812800
51.931750
51.961525
52.050025
52.116150
52.301525
52.346525
52.385475
52.493575
52.525950
52.569725
52.598950
52.613750
52.625900
52.636225
52.644475
52.678125
52.686725
52.714300
52.725175
52.794525
52.805700
52.873875
52.900800
52.914650
52.935725
52.971625
53.037200
53.060425
53.118125
53.126775
53.136600
53.148175
53.157900
53.167075
53.197000
53.214675
53.228750
53.252125
53.256650
53.283350
53.357225
53.376425
53.411625
53.434150
53.453025
53.467225
53.478400
53.508550
53.554750
53.563625
53.575325
53.611325
53.624325
53.674075
53.689875
53.704775
53.747125
53.853375
53.858125
53.919175
53.939475
53.965950
54.011650
54.022550
54.035425
54.053475
54.083600
54.141125
54.151675
54.160950
54.177475
54.204900
54.227200
54.236850
54.257925
54.307875
54.356625
54.423275
54.485425
54.572800
54.641650
54.716375
54.797475
54.852700
54.864900
54.889425
54.900400
54.924475
54.965900
54.993825
55.016275
55.065150
55.097350
55.118200
55.180625
55.250850
55.264800
55.275025
55.284900
55.334375
55.348000
55.393700
55.460375
55.484675
55.538175
55.568475
55.583575
55.621825
55.638550
55.639825
55.657600
55.695825
55.712300
55.724275
55.796625
55.809250
55.862175
55.894700
55.910650
56.051850
56.121675
56.139125
56.152025
56.173425
56.204650
56.253250
56.265450
56.349050
56.383275
56.448075
56.457625
56.478600
56.487800
56.498875
56.533250
56.548350
56.568000
56.576550
56.589875
56.633650
56.694425
56.746400
56.760650
56.770150
56.801150
56.810725
56.828425
56.848075
56.871000
56.882200
56.902600
56.913975
56.949150
56.966125
56.985375
57.011925
57.031000
57.040025
57.049600
57.087300
57.105525
57.123275
57.153625
57.163475
57.175625
57.190350
57.214525
57.223400
57.234700
57.271050
57.281750
57.292200
57.322225
57.360550
57.375400
57.404200
57.418700
57.441650
57.467725
57.508000
57.515500
57.592100
57.623050
57.759375
57.790600
57.849825
57.957750
57.971925
57.992700
58.126650
58.158900
58.381275
58.391600
58.413075
58.417200
58.467725
58.501075
58.711050
58.738350
58.785150
58.826350
58.840375
58.888225
58.924750
58.991650
59.006600
59.088975
59.108450
59.275225
59.290775
59.305050
59.313800
59.330550
59.341250
59.351850
59.366250
59.421600
59.449025
59.481250
59.550025
59.595075
59.617625
59.638575
59.659800
59.687125
59.705600
59.725550
59.729700
59.740500
59.757625
59.786600
59.854300
59.927350
59.961900
59.987225
60.017450
60.052225
60.053300
60.069475
60.093925
60.120125
60.137825
60.175500
60.185275
60.205300
60.223150
60.239375
60.248150
60.257375
60.285675
60.301625
60.309275
60.330275
60.344475
60.389050
60.411975
60.451575
60.480750
60.503250
60.521675
60.567050
60.599350
60.615000
60.642200
60.651950
60.672100
60.691825
60.701300
60.711975
60.721425
60.729000
60.740775
60.744775
60.789850
60.813300
60.839900
60.875300
60.884600
60.909300
60.920025
60.929250
60.953325
60.981150
60.989175
61.015300
61.037100
61.059325
61.067150
61.175850
61.204575
61.228225
61.251950
61.273025
61.288650
61.349025
61.357550
61.366000
61.376000
61.425325
61.492875
61.510250
61.556925
61.661975
61.671375
61.688975
61.705650
61.719775
61.731775
61.744500
61.756950
61.774825
61.787825
61.842825
61.849450
61.883325
61.891525
61.898925
61.911350
61.950625
61.960625
61.967300
61.975800
61.985125
62.026000
62.044650
62.068275
62.070175
62.106225
62.132925
62.158750
62.173000
62.183750
62.213200
62.230725
62.256450
62.280075
62.320100
62.368875
62.403050
62.420100
62.434325
62.456000
62.470375
62.480300
62.535550
62.544625
62.554050
62.563250
62.579375
62.659250
62.685875
62.719450
62.730250
62.759025
62.775350
62.797175
62.798325
62.842425
62.855725
62.871150
62.897325
62.900300
62.914725
62.921900
62.934625
62.949975
63.099450
63.149125
63.234775
63.237950
63.305550
63.324875
63.331650
63.350225
63.354825
63.374225
63.464100
63.583875
63.637875
63.656650
63.766275
63.788825
63.818900
63.831550
63.846125
63.857100
63.868525
63.877475
63.886850
63.928600
63.936850
63.954800
63.973500
64.040875
64.045200
64.092650
64.105750
64.156650
64.194900
64.284050
64.289075
64.312375
64.321075
64.375525
64.401575
64.419100
64.437925
64.458050
64.479600
64.550200
64.605650
64.636300
64.674175
64.685250
64.718800
64.751375
64.759400
64.837225
64.861550
64.863575
64.882825
64.915625
64.941675
64.950000
65.019950
65.077600
65.137700
65.207400
65.355875
65.443775
65.453450
65.462725
65.473050
65.494975
65.512100
65.546150
65.565500
65.578400
65.591375
65.601850
65.613025
65.621975
65.653825
65.690500
65.697525
65.707750
65.709100
65.718600
65.740425
65.755625
65.762450
65.785050
65.819475
65.877750
65.879925
65.883825
65.898250
65.951175
65.980325
66.001175
66.028375
66.036700
66.047725
66.062525
66.085800
66.149725
66.160050
66.220925
66.262275
66.295250
66.379550
66.406725
66.546625
66.688575
66.703550
66.725525
66.739200
66.755625
66.781475
66.823925
67.051875
67.070125
67.084100
67.147625
67.241525
67.266075
67.274775
67.379225
67.414650
67.474175
67.520650
67.541125
67.672800
67.682300
67.692825
67.698950
67.708250
67.735975
67.771375
67.799350
67.814650
67.832825
67.841050
67.851350
67.886875
67.904350
67.975500
67.977550
67.986850
68.000900
68.059900
68.112475
68.127925
68.135875
68.141800
68.147600
68.154125
68.166375
68.180500
68.194650
68.212625
68.228900
68.248775
68.266000
68.291325
68.309525
68.331375
68.347800
68.351375
68.436075
68.460950
68.478625
68.498050
68.528075
68.536675
68.545250
68.556800
68.579025
68.643400
68.652350
68.706475
68.782025
68.792050
68.910725
68.919275
68.990000
69.235350
69.257025
69.270700
69.295275
69.304675
69.524300
69.578075
69.593925
69.612700
69.650250
69.663825
69.695850
69.706475
69.722550
69.728525
69.749150
69.817250
69.895275
69.904000
69.931300
69.958050
69.984125
69.998900
70.000575
70.010600
70.017525
70.027700
70.042550
70.059650
70.090775
70.154850
70.167850
70.178875
70.191875
70.211500
70.241900
70.282250
70.323775
70.355600
70.372275
70.400425
70.418550
70.428450
70.438125
70.451600
70.470050
70.482275
70.490500
70.496625
70.514250
70.529050
70.542700
70.563825
70.569700
70.579450
70.594275
70.601625
70.655775
70.685350
70.693350
70.733875
70.740775
70.761750
70.768300
70.849050
70.882725
70.888000
70.913025
70.948950
70.962825
70.974200
71.039650
71.059600
71.118200
71.138275
71.180250
71.231300
71.266350
71.301525
71.330375
71.347850
71.362300
71.371175
71.379850
71.389175
71.404750
71.434650
71.496550
71.517475
71.528175
71.541875
71.554125
71.566825
71.580850
71.602075
71.639950
71.678975
71.715100
71.728100
71.740500
71.761750
71.773775
71.787850
71.814175
71.833350
71.868875
71.892025
71.905450
71.926150
71.946650
71.970475
71.980250
72.031175
72.043025
72.089075
72.107775
72.118875
72.140325
72.153275
72.170775
72.189350
72.201725
72.211625
72.221325
72.232000
72.250525
72.271050
72.283325
72.304950
72.315800
72.392750
72.407025
72.419200
72.431500
72.456675
72.498925
72.538425
72.559050
72.587750
72.616275
72.637100
72.657875
72.671025
72.681175
72.697750
72.760950
72.881775
72.902350
72.914375
72.926025
72.938925
72.950375
72.963750
72.978175
72.994900
73.021150
73.024525
73.057575
73.075075
73.097550
73.110525
73.149125
73.167050
73.258225
73.323700
73.407425
73.455725
73.482025
73.485425
73.494750
73.509175
73.527125
73.535250
73.541875
73.547075
73.557375
73.588050
73.596325
73.601750
73.622025
73.651125
73.661975
73.671025
73.688975
73.713150
73.722750
73.740750
73.750525
73.757975
73.771750
73.788900
73.813075
73.867975
73.883475
73.904275
73.931475
73.968225
74.016075
74.073100
74.103100
74.112225
74.129950
74.144525
74.159125
74.167300
74.183050
74.206575
74.243825
74.267475
74.275400
74.286575
74.309900
74.317475
74.320250
74.357325
74.367700
74.457150
74.496000
74.562900
74.595600
74.621275
74.628900
74.662175
74.667625
74.681575
74.685600
74.695500
74.728625
74.736825
74.743975
74.753625
74.762250
74.797575
74.849150
74.876450
74.878375
74.911725
74.915300
74.935600
74.960450
74.987375
74.999400
75.013850
75.038800
75.052775
75.090325
75.109175
75.119975
75.134375
75.176175
75.187075
75.201600
75.211950
75.222825
75.230450
75.252600
75.259600
75.267800
75.273850
75.280900
75.328250
75.468475
75.506525
75.536825
75.588100
75.657650
75.670300
75.689750
75.700275
75.755425
75.790325
75.801500
75.901850
75.917150
75.931550
75.965425
75.974500
75.995725
76.007900
76.017075
76.026375
76.058925
76.074200
76.081075
76.139825
76.219775
76.354400
76.376650
76.409600
76.416175
76.456750
76.458250
76.483500
76.613850
76.656050
76.697975
76.705625
76.856125
76.863975
76.883600
76.931450
76.966875
76.981200
76.982625
76.996775
77.014725
77.024025
77.035675
77.055150
77.064975
77.074775
77.091000
77.167075
77.177975
77.185725
77.218450
77.235750
77.273100
77.298650
77.321325
77.350725
77.364100
77.471550
77.525325
77.527400
77.559750
77.608175
77.623725
77.649725
77.660550
77.668975
77.679375
77.708375
77.720575
77.762625
77.775275
77.791425
77.801850
77.832900
77.842575
77.849400
77.905000
77.931775
77.948800
77.959625
77.968775
78.015575
78.083300
78.110150
78.222650
78.268075
78.269975
78.304000
78.319925
78.333775
78.344625
78.367550
78.384625
78.421025
78.476000
78.493250
78.531950
78.570925
78.607475
78.665375
78.686650
78.699050
78.741975
78.755800
78.848550
78.866150
78.876850
78.916900
78.953475
78.970250
78.985850
79.009300
79.041725
79.065975
79.167850
79.206625
79.209450
79.247975
79.262225
79.300875
79.406425
79.425075
79.442275
79.452200
79.471250
79.490275
79.611875
79.639600
79.663225
79.721600
79.789750
79.814575
79.845875
79.895500
79.940850
80.003125
80.015225
80.022150
80.078525
80.110150
80.130800
80.176700
80.179275
80.192225
80.204900
80.218250
80.227500
80.303075
80.321075
80.337450
80.359900
80.370450
80.374625
80.408650
80.423575
80.491275
80.501875
80.548275
80.563125
80.606500
80.636725
80.672625
80.720100
80.764050
80.807350
80.829750
80.848100
80.861900
80.896950
80.905075
80.941500
81.000675
81.065950
81.087150
81.117575
81.146400
81.182100
81.184250
81.209850
81.215175
81.246350
81.259425
81.276400
81.293400
81.345975
81.413025
81.464550
81.519550
81.586475
81.608950
81.653025
81.669325
81.703850
81.712575
81.759700
81.763150
81.770075
81.804900
81.828225
81.851475
81.864425
81.871875
81.910350
81.932875
81.946900
81.988925
82.003400
82.075625
82.094475
82.111225
82.138750
82.163250
82.212350
82.243450
82.255900
82.320825
82.352700
82.374300
82.400850
82.458650
82.538975
82.566675
82.623650
82.722525
82.756775
82.894550
82.920625
82.950225
82.981400
83.011125
83.057900
83.095250
83.118925
83.131950
83.152625
83.180025
83.234900
83.260175
83.276375
83.288125
83.331050
83.350825
83.405250
83.491650
83.584600
83.592975
83.599975
83.611525
83.627350
83.722375
83.724050
83.730350
83.737575
83.753200
83.758600
83.767100
83.772700
83.774925
83.840350
83.900050
83.932500
83.981250
84.066800
84.113675
84.118275
84.151175
84.172275
84.188750
84.282975
84.304450
84.356975
84.362700
84.454025
84.540000
84.578400
84.587975
84.603625
84.621150
84.684100
84.734650
84.749125
84.810875
84.825550
84.879025
84.890750
84.953050
84.978200
85.001450
85.012325
85.021400
85.065975
85.087650
85.121650
85.137725
85.145825
85.223100
85.234675
85.262350
85.316525
85.469000
85.504075
85.509025
85.529225
85.550225
85.601225
85.617825
85.653625
85.689350
85.717475
85.760425
85.773950
85.784575
85.807475
85.903100
85.936925
85.987000
85.996350
86.029550
86.066050
86.083825
86.105025
86.128825
86.137300
86.147550
86.168925
86.172975
86.208600
86.238000
86.305075
86.333500
86.358400
86.412050
86.463525
86.513725
86.539600
86.570300
86.600050
86.616875
86.642925
86.653850
86.668350
86.682525
86.709475
86.715950
86.856600
87.012800
87.033775
87.046775
87.058225
87.067825
87.073950
87.079200
87.086550
87.106825
87.123075
87.197550
87.220600
87.233800
87.256000
87.268475
87.281850
87.287575
87.318400
87.350950
87.396550
87.424250
87.440450
87.452775
87.469200
87.499300
87.516550
87.539450
87.597700
87.630825
87.693500
87.718800
87.735825
87.746025
87.750925
87.765300
87.772650
87.786975
87.829650
87.893975
88.122800
88.135600
88.146650
88.165625
88.204375
88.216550
88.228850
88.246625
88.258500
88.268150
88.299550
88.346750
88.371275
88.406725
88.422250
88.437575
88.452600
88.478575
88.532950
88.577025
88.596175
88.684700
88.770175
88.784600
88.805750
88.823975
88.845025
88.855750
88.865850
88.869225
88.879275
88.906900
88.921075
88.927175
89.012950
89.025750
89.033625
89.049225
89.050875
89.058525
89.106350
89.160375
89.169500
89.179000
89.187750
89.208425
89.264350
89.341600
89.426375
89.475550
89.483375
89.511775
89.517325
89.528450
89.534425
89.576875
89.584500
89.631125
89.659475
89.679750
89.693450
89.721675
89.742000
89.763375
89.807025
89.823275
89.859650
89.892925
89.920900
89.928925
89.997300
90.013375
90.023075
90.039100
90.045800
90.070675
90.193725
90.277550
90.287350
90.377500
90.418975
90.440275
90.448750
90.453800
90.469825
90.485800
90.492400
90.543800
90.561450
90.587775
90.590125
90.645250
90.719100
90.739025
90.766025
90.791250
90.795550
90.810550
90.843050
90.890425
90.903775
90.927475
90.941025
90.971100
91.008775
91.031075
91.039450
91.066475
91.111850
91.125925
91.186175
91.223775
91.377175
91.400650
91.458125
91.484200
91.511950
91.524400
91.529650
91.546300
91.567125
91.579375
91.601975
91.631475
91.684950
91.742575
91.771600
91.786550
91.917450
92.026900
92.044300
92.073125
92.079400
92.106725
92.132500
92.158550
92.166750
92.199150
92.208325
92.220500
92.232850
92.271250
92.313875
92.369775
92.400400
92.595750
92.610200
92.615525
92.625350
92.648050
92.657925
92.681175
92.689025
92.744350
92.753775
92.793775
92.802550
92.815375
92.864075
92.877200
92.939050
92.988550
93.027150
93.044125
93.079025
93.097850
93.112675
93.135700
93.199675
93.279625
93.328425
93.376175
93.386700
93.413825
93.436425
93.446425
93.461200
93.474525
93.501150
93.522825
93.541600
93.563250
93.655025
93.712100
93.785200
93.811575
93.843750
93.904650
93.922000
93.939300
93.948450
93.959525
94.023375
94.061425
94.114250
94.116550
94.152675
94.190125
94.231500
94.260900
94.278075
94.319575
94.374650
94.388200
94.397700
94.405225
94.435050
94.474350
94.486200
94.502600
94.570375
94.580750
94.591275
94.600000
94.635600
94.658800
94.697200
94.709375
94.716375
94.734125
94.803500
94.818225
94.856175
94.876100
94.954950
94.987225
95.035625
95.062425
95.101325
95.120850
95.134725
95.136900
95.149800
95.163250
95.170600
95.173425
95.209675
95.221850
95.230475
95.231925
95.244875
95.346875
95.360725
95.364025
95.384250
95.438000
95.465250
95.485300
95.495350
95.509025
95.523775
95.533550
95.547225
95.576650
95.587150
95.611200
95.626350
95.649350
95.658300
95.698750
95.714175
95.725250
95.732925
95.818375
95.828950
95.932300
95.944775
95.956750
95.976000
95.996450
96.004900
96.048600
96.105150
96.146275
96.159775
96.186100
96.198450
96.209100
96.225900
96.239700
96.246375
96.254750
96.280425
96.296325
96.327025
96.397825
96.416050
96.434650
96.457750
96.478950
96.566550
96.584525
96.606975
96.635375
96.703725
96.729450
96.748550
96.791425
96.807900
96.819350
96.838225
96.846100
96.873875
96.905600
96.929325
96.950250
96.968625
97.084525
97.107975
97.119550
97.130425
97.161150
97.180525
97.237325
97.327975
97.434525
97.515350
97.527725
97.569950
97.571000
97.595450
97.618675
97.648700
97.736600
97.743825
97.808725
97.866975
97.879275
97.918025
97.941250
97.961850
97.974400
98.025875
98.119725
98.138325
98.159225
98.242775
98.257700
98.276700
98.282875
98.393075
98.559450
98.610325
98.622475
98.644175
98.648425
98.712075
98.758700
98.828700
98.900125
98.981375
98.999150
99.049000
99.193175
99.257525
99.453175
99.517125
99.648875
99.782900
99.839175
99.869950
99.886025
99.938925
99.957450
99.978300
100.098450
100.244850
100.260025
100.369225
100.452500
100.485450
100.505475
100.539525
100.585650
100.613600
100.661975
100.677975
100.848500
100.879875
100.914650
101.000050
101.034625
101.049875
101.058400
101.076550
101.089550
101.097150
101.121225
101.154700
101.176550
101.185200
101.206125
101.230050
101.251925
101.269050
101.277275
101.289775
101.298475
101.334075
101.345300
101.395925
101.420075
101.457025
101.571225
101.597175
101.628100
101.643800
101.656350
101.664325
101.679550
101.693650
101.707350
101.716375
101.726400
101.752300
101.760700
101.776600
101.784450
101.791100
101.799000
101.834000
101.860425
101.886725
101.905825
101.915300
101.943250
102.018175
102.052850
102.072550
102.096950
102.107875
102.124650
102.321600
102.330650
102.349650
102.373075
102.390000
102.395600
102.445175
102.485625
102.494750
102.535050
102.555675
102.588750
102.596725
102.628450
102.635925
102.653500
102.664475
102.685675
102.733175
102.775150
102.828625
102.877900
102.887475
102.902975
102.927950
102.947550
102.962075
102.979325
102.991225
103.005250
103.017800
103.038950
103.072150
103.100450
103.154800
103.187150
103.268450
103.316725
103.333200
103.439850
103.448100
103.525200
103.619225
103.707150
103.710175
103.716200
103.749525
103.773450
103.787625
103.816700
103.897775
103.908850
103.988550
104.012725
104.033025
104.054325
104.072625
104.154750
104.170400
104.174000
104.186375
104.197900
104.225300
104.234300
104.244200
104.264675
104.317650
104.331375
104.356275
104.368350
104.398200
104.433650
104.523975
104.714250
104.722850
104.754900
104.782800
104.785150
104.793875
104.808600
104.828025
104.840525
104.857225
104.893150
104.926775
104.954725
104.977175
105.011700
105.103925
105.294925
105.314925
105.342275
105.363325
105.373800
105.476100
105.487300
105.502950
105.553375
105.577875
105.622550
105.656525
105.682450
105.724325
105.733950
105.744025
105.758200
105.838425
105.873850
105.883100
105.891525
105.906650
105.951725
105.966150
105.992800
106.019950
106.033025
106.060950
106.100450
106.126875
106.148025
106.179475
106.227075
106.252700
106.292425
106.314450
106.325150
106.335500
106.357400
106.367075
106.377575
106.387250
106.402975
106.413425
106.436050
106.452950
106.464000
106.501200
106.540325
106.602100
106.641875
106.666500
106.691400
106.703375
106.717800
106.744150
106.779175
106.815450
106.824875
106.931225
106.953775
106.967625
107.014975
107.095800
107.108350
107.159775
107.216075
107.245825
107.256425
107.264500
107.275800
107.287675
107.323925
107.373575
107.435550
107.449700
107.463525
107.488500
107.544900
107.623475
107.733075
107.775425
107.799300
107.866775
107.880800
107.911450
107.917575
107.943225
107.968225
108.010175
108.024475
108.078200
108.105825
108.162325
108.175350
108.194275
108.225775
108.273650
108.291175
108.302975
108.424725
108.445425
108.483250
108.510625
108.528500
108.552650
108.641325
108.689750
108.710500
108.746675
108.814775
108.871750
108.952925
108.957025
108.974150
108.997750
109.044325
109.132675
109.142300
109.175175
109.197300
109.211950
109.230925
109.256425
109.277975
109.286400
109.302375
109.327775
109.337325
109.381050
109.393375
109.524475
109.600350
109.614800
109.628775
109.661025
109.674300
109.689350
109.698000
109.720550
109.730950
109.779075
109.828825
109.838025
109.845925
109.895450
109.924175
109.943075
109.958375
110.020675
110.033850
110.068275
110.084750
110.107525
110.122425
110.141400
110.174975
110.192200
110.246325
110.259575
110.273350
110.287050
110.301400
110.461300
110.557575
110.629725
110.682400
110.690200
110.700775
110.744725
110.826525
110.898225
110.916575
111.057750
111.102975
111.192050
111.207225
111.221300
111.236725
111.244175
111.277525
111.296075
111.339325
111.353125
111.369225
111.422000
111.451500
111.471250
111.542250
111.579925
111.599900
111.823425
111.836750
111.876200
111.884375
111.914750
111.950025
112.033700
112.112425
112.121175
112.139800
112.152200
112.168275
112.204875
112.236100
112.297150
112.305925
112.610200
112.651275
112.696300
112.728725
112.732800
112.749200
112.776450
112.798625
112.860750
112.869200
112.979650
113.001900
113.027200
113.040925
113.054625
113.089550
113.150575
113.164650
113.196175
113.212625
113.222825
113.240625
113.264825
113.285000
113.505125
113.556150
113.584125
113.598025
113.616675
113.624550
113.626700
113.659550
113.704175
113.748050
113.825800
113.865275
113.904400
113.941200
113.984900
114.006925
114.014600
114.038350
114.053525
114.062050
114.105300
114.122700
114.143050
114.148850
114.157325
114.171975
114.179275
114.239850
114.250975
114.277025
114.283700
114.305275
114.330000
114.358925
114.373400
114.387125
114.426025
114.513400
114.558825
114.623875
114.650350
114.732550
114.746375
114.756875
114.814100
114.846775
114.880075
114.970250
114.990125
114.995300
115.006200
115.016500
115.025825
115.033275
115.040850
115.069925
115.076850
115.098925
115.106950
115.164075
115.172625
115.211875
115.255825
115.281625
115.290350
115.304475
115.321675
115.335550
115.379875
115.492550
115.565725
115.582250
115.592700
115.600600
115.610000
115.617975
115.626550
115.646225
115.707175
115.724725
115.747625
115.769650
115.908300
115.974025
115.976900
115.994150
116.004450
116.014500
116.024225
116.040925
116.049875
116.086900
116.095800
116.113825
116.127750
116.150750
116.171600
116.248800
116.291100
116.322650
116.336250
116.346175
116.355050
116.366525
116.378700
116.392175
116.400825
116.419400
116.426725
116.438175
116.443425
116.488850
116.574375
116.610900
116.625750
116.651425
116.662750
116.695700
116.737175
116.765050
116.783225
116.803775
116.820150
116.858450
116.879825
116.909050
116.920100
116.930275
116.945875
117.066375
117.077525
117.133700
117.186475
117.187900
117.219050
117.246400
117.261925
117.270400
117.287550
117.295900
117.303775
117.319400
117.326725
117.334300
117.339500
117.342875
117.349350
117.383725
117.393450
117.406525
117.424650
117.435700
117.470100
117.499525
117.505700
117.521675
117.530150
117.550050
117.559700
117.612425
117.635300
117.647950
117.703825
117.735725
117.769150
117.788400
117.801825
117.815625
117.854750
117.862675
117.871125
117.881850
117.903425
117.915875
117.960800
117.968350
118.002775
118.012350
118.024425
118.130625
118.135125
118.156325
118.165625
118.166850
118.175300
118.185725
118.194075
118.202050
118.215350
118.222500
118.245675
118.262400
118.270350
118.305225
118.316000
118.363850
118.452025
118.487175
118.572300
118.576150
118.588275
118.597450
118.606075
118.614725
118.636975
118.670450
118.679850
118.717375
118.792175
118.835000
118.912950
118.983650
119.006800
119.018150
119.034050
119.041350
119.059450
119.066025
119.096025
119.122775
119.128150
119.135075
119.162325
119.177225
119.187075
119.256600
119.273575
119.274675
119.299900
119.316150
119.435675
119.439300
119.486900
119.498575
119.533200
119.588950
119.682675
119.694900
119.733550
119.799550
120.050475
120.101150
120.131675
120.161950
120.200400
120.205775
120.236950
120.273175
120.306350
120.388475
120.456025
120.488500
120.608400
120.627600
120.860150
120.886525
120.942600
120.963450
120.970475
121.037450
121.149350
121.294300
121.315275
121.348375
121.610850
121.776100
121.790300
121.841600
121.863900
121.890950
121.960600
121.979750
121.991350
122.001075
122.057875
122.084875
122.156600
122.293550
122.325300
122.354075
122.360375
122.373425
122.450725
122.458150
122.467450
122.550075
122.774225
122.809225
122.816625
122.823775
123.003725
123.059850
123.087175
123.211275
123.430625
123.487525
123.640550
123.681725
123.696925
123.837675
123.893950
124.147625
124.157850
124.182150
124.198750
124.245700
124.268650
124.287325
124.297400
124.306000
124.324775
124.347650
124.441200
124.443600
124.479750
124.495725
124.510575
124.520350
124.540400
124.557875
124.577200
124.588300
124.608075
124.609350
124.643500
124.684250
124.696250
124.708375
124.723950
124.732800
124.746750
124.765275
124.790525
124.842150
124.901000
124.937675
124.952225
124.990700
125.002050
125.047825
125.060375
125.067475
125.100225
125.138400
125.145475
125.146925
125.192800
125.237375
125.252625
125.262925
125.332375
125.416200
125.432400
125.449250
125.462450
125.486775
125.530225
125.545250
125.571550
125.597400
125.625675
125.672400
125.684250
125.728300
125.734750
125.744550
125.751350
125.920575
125.960275
125.971100
125.990550
126.006075
126.082675
126.102050
126.145075
126.214725
126.245075
126.246425
126.274975
126.279075
126.285925
126.292875
126.302775
126.320450
126.328125
126.350300
126.368100
126.381575
126.400975
126.414450
126.424925
126.450675
126.458650
126.468400
126.543375
126.590525
126.608375
126.686400
126.804175
126.814175
126.832425
126.840325
126.847200
126.856150
126.877400
126.893700
126.933175
126.966625
127.008000
127.039875
127.075850
127.098300
127.139150
127.200875
127.213925
127.219400
127.233175
127.267250
127.269200
127.287675
127.365475
127.370350
127.427250
127.467275
127.490150
127.503775
127.515950
127.532125
127.697700
127.862325
127.880450
127.903525
127.921000
127.930125
128.024175
128.042750
128.084625
128.103675
128.146600
128.162575
128.213025
128.373975
128.418000
128.434725
128.438600
128.453225
128.471650
128.484475
128.493850
128.503700
128.515300
128.575425
128.578025
128.610750
128.662475
128.735450
128.824975
128.941925
128.957525
129.048050
129.067900
129.090425
129.114825
129.140275
129.173250
129.201175
129.224875
129.243850
129.251950
129.260275
129.278525
129.297350
129.308925
129.385325
129.426475
129.437400
129.448700
129.457925
129.468875
129.502675
129.529325
129.542350
129.560750
129.594225
129.671125
129.679575
129.680650
129.688750
129.697100
129.758975
129.797500
129.814300
129.819100
129.932325
129.947650
129.960275
129.990550
130.037900
130.048050
130.061675
130.089400
130.109050
130.115350
130.158100
130.198625
130.266925
130.285625
130.447475
130.465775
130.475175
130.478125
130.512000
130.532050
130.559750
130.569475
130.660975
130.687075
130.731875
130.771575
130.865450
130.898150
130.912450
130.925350
130.932625
130.945400
130.957950
130.969225
130.984875
130.987550
131.003050
131.011500
131.030825
131.096600
131.107325
131.174200
131.180400
131.188425
131.275375
131.359350
131.378325
131.456000
131.638500
131.795875
131.905975
131.926925
131.936375
132.004425
132.131050
132.132900
132.193650
132.250150
132.280000
132.304675
132.344325
132.420775
132.486475
132.586150
132.638850
132.674425
132.684650
132.697575
132.723700
132.748375
132.788350
132.798150
132.854125
132.881925
132.907125
132.928900
132.941675
132.956000
132.968275
133.018500
133.058900
133.069775
133.096850
133.129900
133.153500
133.172400
133.187250
133.246425
133.272225
133.385175
133.525225
133.541350
133.559950
133.584375
133.639575
133.681525
133.696750
133.713725
133.770975
133.811575
134.009500
134.029550
134.033000
134.041475
134.071050
134.085250
134.096850
134.166050
134.201950
134.228300
134.246175
134.262400
134.288900
134.302100
134.338100
134.355450
134.372425
134.391275
134.408825
134.537825
134.544300
134.637200
134.650375
134.662625
134.693175
134.711300
134.737700
134.912475
134.986075
135.028975
135.047025
135.062525
135.077125
135.086225
135.097250
135.105775
135.115825
135.135000
135.157500
135.172825
135.223300
135.241500
135.269650
135.442700
135.451600
135.461575
135.479050
135.487775
135.506100
135.533200
135.548225
135.564550
135.609750
135.847825
135.867500
135.880700
135.908375
135.917175
135.934550
135.943575
135.959050
136.073725
136.086275
136.101650
136.157500
136.200750
136.217650
136.234600
136.254300
136.265875
136.282150
136.300450
136.342950
136.354350
136.366600
136.391725
136.396925
136.420000
136.556075
136.691825
136.714550
136.729250
136.775225
136.789300
136.813375
136.839350
136.916100
136.937675
136.954850
136.956225
136.970925
136.979250
137.017750
137.026950
137.077200
137.105975
137.145800
137.168650
137.192875
137.209275
137.252525
137.406700
137.432900
137.456250
137.617525
137.712300
137.743550
137.791875
137.858475
137.893850
137.905950
137.971575
137.984075
138.003225
138.016950
138.049400
138.069025
138.081375
138.099725
138.111950
138.125875
138.138575
138.154600
138.171150
138.187900
138.198250
138.247750
138.298450
138.318050
138.333175
138.345925
138.356900
138.368475
138.380375
138.384350
138.405425
138.473650
138.501900
138.514400
138.526750
138.567575
138.630725
138.641800
138.670425
138.706675
138.782575
138.795525
138.805575
138.810850
138.817925
138.828750
138.839400
138.847025
138.858425
138.878750
138.891375
138.902850
138.927125
138.937900
138.981925
138.988650
138.997750
139.007600
139.088575
139.141900
139.175350
139.208375
139.220975
139.238350
139.243225
139.351225
139.379800
139.392100
139.395150
139.403975
139.475550
139.562800
139.610625
139.645725
139.677175
139.691525
139.714350
139.730875
139.779725
139.800275
139.815325
139.831400
139.860850
139.921700
139.933450
139.947425
139.956875
139.975050
140.005925
140.017200
140.030675
140.064975
140.088300
140.120225
140.151700
140.157375
140.165350
140.180875
140.227775
140.241550
140.254075
140.292525
140.311600
140.327500
140.361250
140.373675
140.385875
140.409000
140.412275
140.430450
140.440625
140.468625
140.495050
140.508275
140.513075
140.520325
140.532300
140.548925
140.568275
140.578725
140.617400
140.632425
140.652550
140.668900
140.691500
140.949200
140.955925
140.963650
140.969500
140.977775
140.985875
140.994375
141.024300
141.047050
141.081350
141.131050
141.156500
141.174125
141.187325
141.201875
141.213525
141.239100
141.253275
141.269700
141.277650
141.299675
141.317400
141.355150
141.390500
141.457775
141.495100
141.622250
141.635350
141.639625
141.646525
141.655825
141.667750
141.675525
141.693075
141.716800
141.740025
141.766000
141.787175
141.800075
141.811350
141.821025
141.829525
141.862850
141.871450
141.882325
141.903775
141.912875
141.947875
141.960350
141.971600
141.981400
142.003100
142.061700
142.153300
142.179425
142.192700
142.208950
142.210525
142.262950
142.272500
142.275600
142.288600
142.299650
142.323350
142.340400
142.364225
142.386800
142.466925
142.533425
142.560400
142.652525
142.662350
142.672375
142.690200
142.698425
142.705900
142.721675
142.733525
142.774925
142.797550
142.814725
142.833825
142.865950
142.875975
142.893625
142.907750
142.919850
142.934075
142.949900
142.984250
142.991100
143.009900
143.047400
143.153750
143.178450
143.260850
143.288700
143.325200
143.333100
143.346200
143.377025
143.394475
143.465850
143.487825
143.520425
143.546650
143.562375
143.573250
143.598975
143.765725
143.815950
143.842400
143.855450
143.865025
143.876125
143.902450
143.940600
144.021925
144.046300
144.071875
144.086050
144.102600
144.138375
144.156775
144.180200
144.195075
144.218250
144.233125
144.258775
144.342150
144.445200
144.446500
144.457150
144.468850
144.474975
144.487275
144.502050
144.519575
144.557675
144.569450
144.604800
144.634975
144.637000
144.822400
144.937525
144.938950
145.010850
145.144850
145.184150
145.198400
145.208850
145.219550
145.234375
145.251775
145.276000
145.399625
145.567325
145.592050
145.604350
145.614675
145.629375
145.659250
145.676700
145.695225
145.743400
145.745075
145.793500
145.825025
145.872150
145.893400
145.896000
145.901775
145.958975
145.972525
145.985575
145.999850
146.019650
146.034575
146.056925
146.076400
146.099700
146.121375
146.141850
146.183150
146.217175
146.250450
146.307200
146.327300
146.458250
146.478025
146.498975
146.512200
146.524375
146.534200
146.546000
146.594775
146.775050
146.804750
146.823650
146.849400
146.865500
146.893450
146.929225
146.954100
147.027750
147.059650
147.087200
147.109650
147.146000
147.153850
147.219550
147.268100
147.317750
147.415250
147.473950
147.491050
147.506275
147.537450
147.581050
147.615825
147.625500
147.632800
147.633975
147.641175
147.650650
147.669000
147.681200
147.689125
147.705950
147.715300
147.735775
147.746450
147.758925
147.803400
147.814900
147.846500
147.866400
147.881050
147.918500
147.942375
147.957275
147.968625
147.987375
148.030550
148.077650
148.197125
148.226050
148.261075
148.289550
148.315500
148.331100
148.379425
148.450850
148.525500
148.556125
148.750450
148.772675
148.874225
148.883475
148.892075
148.900850
148.931600
148.947150
148.948225
148.976925
148.995850
148.998650
149.018875
149.037950
149.047850
149.060850
149.119300
149.127400
149.182975
149.212550
149.234675
149.239425
149.257225
149.304850
149.322750
149.355625
149.384550
149.401975
149.450575
149.501125
149.531700
149.556125
149.596025
149.645750
149.759175
149.823475
149.934875
149.968175
150.004575
150.021500
150.037300
150.072525
150.128075
150.167200
150.258925
150.267850
150.282975
150.290225
150.303400
150.329325
150.355175
150.393575
150.472250
150.508850
150.548050
150.558450
150.628025
150.636900
150.665750
150.696875
150.735675
150.879825
150.911000
150.926075
150.936150
150.955075
150.965975
151.064800
151.080400
151.099525
151.114475
151.136800
151.191975
151.243100
151.303850
151.316250
151.338625
151.354125
151.383925
151.394650
151.405625
151.410800
151.461550
151.470550
151.483875
151.488975
151.498275
151.502200
151.571950
151.658600
151.672325
151.732700
151.755350
151.818375
151.902925
151.967150
151.980800
151.998125
152.006650
152.015700
152.041775
152.063575
152.075750
152.160675
152.202850
152.227375
152.263075
152.278825
152.306800
152.331125
152.417675
152.435550
152.448200
152.462325
152.472675
152.507450
152.545325
152.547575
152.574625
152.585675
152.598375
152.612250
152.647200
152.648500
152.678975
152.715600
152.739900
152.752550
152.757975
152.780550
152.799825
152.905925
152.923100
152.928550
153.020425
153.087300
153.144475
153.225725
153.245575
153.262275
153.299375
153.312100
153.319275
153.355225
153.393800
153.403125
153.433350
153.451775
153.551100
153.643950
153.723875
153.774075
153.796075
153.812450
153.833900
153.850900
153.870200
153.905650
154.004675
154.069625
154.126150
154.132325
154.182700
154.261825
154.314975
154.353800
154.369375
154.413250
154.425575
154.452300
154.465625
154.506625
154.645275
154.665600
154.691675
154.723275
154.730350
154.746675
154.792600
154.810475
154.833675
154.866100
155.009425
155.032525
155.048350
155.059150
155.067350
155.075775
155.128550
155.281125
155.305525
155.346300
155.366275
155.377450
155.395700
155.405925
155.433200
155.471450
155.486500
155.510225
155.525050
155.560675
155.615500
155.662475
155.706250
155.735425
155.818850
155.840275
155.943875
155.980275
155.985525
155.994100
156.021125
156.050925
156.096275
156.109250
156.126100
156.150950
156.179400
156.198075
156.225675
156.240550
156.318900
156.483100
156.496950
156.502000
156.508025
156.515250
156.528175
156.531525
156.562825
156.566725
156.574600
156.587925
156.621125
156.665350
156.742150
156.778450
156.789300
156.796050
156.820400
156.879425
156.912175
157.067750
157.112425
157.139375
157.169650
157.194300
157.216775
157.239175
157.244600
157.252400
157.258775
157.300450
157.304900
157.312750
157.332375
157.342325
157.396875
157.594550
157.610300
157.625050
157.642575
157.675700
157.692575
157.699175
157.784700
157.815075
157.884325
157.894950
157.903775
157.911450
157.943525
157.986425
158.021900
158.081000
158.106725
158.115025
158.117150
158.124975
158.146550
158.209700
158.282425
158.289975
158.374975
158.453025
158.553325
158.576300
158.606700
158.639050
158.670850
158.687650
158.785475
158.871700
158.881750
158.886425
158.893450
158.899700
158.907500
158.914825
158.961275
159.036000
159.047050
159.053500
159.077200
159.087750
159.101625
159.130350
159.139050
159.180625
159.271025
159.308000
159.324775
159.343300
159.370100
159.402500
159.413375
159.430575
159.622300
159.632800
159.643375
159.704625
159.729775
159.744700
159.801975
159.872900
159.915075
159.991225
160.091225
160.135350
160.142425
160.151350
160.173525
160.185925
160.235775
160.257400
160.495525
160.502450
160.518850
160.542800
160.552250
160.570550
160.588175
160.740750
160.799800
160.962200
161.056875
161.067925
161.079175
161.091025
161.103525
161.110575
161.123050
161.149525
161.228500
161.283275
161.320475
161.346825
161.351725
161.360100
161.365725
161.369975
161.378450
161.390650
161.427800
161.444525
161.491150
161.534925
161.544075
161.594100
161.621700
161.637250
161.647175
161.672175
161.689350
161.847725
161.926275
161.938500
161.950550
161.960200
161.992050
162.000725
162.039825
162.094150
162.110975
162.130150
162.148150
162.215100
162.234475
162.253250
162.293350
162.328100
162.370850
162.436575
162.456975
162.466125
162.475500
162.484450
162.492875
162.499700
162.536050
162.559800
162.575275
162.620050
162.644800
162.687125
162.696600
162.722525
162.732000
162.762825
162.829525
162.850675
162.967675
162.977375
162.990375
162.997950
163.032825
163.072150
163.078925
163.087425
163.112700
163.140925
163.149350
163.263500
163.271325
163.308175
163.328575
163.392650
163.419775
163.437150
163.448875
163.451700
163.467525
163.469025
163.500425
163.515125
163.523150
163.544875
163.556425
163.565625
163.582900
163.594300
163.635100
163.643100
163.661500
163.669775
163.678925
163.708350
163.767650
163.786300
163.800075
163.855800
163.906650
164.009125
164.028900
164.049775
164.061850
164.098875
164.111675
164.126900
164.145250
164.162325
164.172725
164.184325
164.194825
164.221150
164.229350
164.298450
164.318025
164.329700
164.347275
164.404350
164.417725
164.420450
164.432825
164.454175
164.468350
164.505650
164.529200
164.545825
164.604875
164.647700
164.658625
164.670000
164.682775
164.714675
164.732550
164.744775
164.757500
164.770700
164.803000
164.814175
164.815600
164.826575
164.845225
164.872850
164.914400
164.926375
164.933525
164.946850
164.965125
164.994425
164.996175
165.076850
165.087075
165.109425
165.128725
165.166575
165.200750
165.215350
165.277200
165.343800
165.355125
165.373950
165.382725
165.390100
165.403425
165.409825
165.416125
165.436275
165.482125
165.498475
165.565375
165.584575
165.597500
165.613575
165.627850
165.664950
165.722300
165.750975
165.857875
165.879875
165.882675
165.895000
165.933950
165.954000
165.964150
165.973225
166.011925
166.021625
166.034675
166.056075
166.068100
166.092175
166.100275
166.109825
166.111600
166.119925
166.149375
166.173525
166.203975
166.214575
166.233800
166.267050
166.286350
166.290800
166.370150
166.442575
166.491100
166.513800
166.527200
166.534750
166.552200
166.567875
166.575950
166.586775
166.595100
166.647000
166.662400
166.679025
166.711425
166.718925
166.749200
166.761375
166.773850
166.809700
167.021900
167.048850
167.070600
167.098125
167.106325
167.130775
167.140925
167.158850
167.179750
167.232500
167.257575
167.275225
167.308175
167.427875
167.445775
167.454000
167.463325
167.465050
167.520100
167.534125
167.535475
167.560675
167.613275
167.655000
167.669375
167.682225
167.691875
167.750450
167.763350
167.789000
167.799825
167.801775
167.813125
167.850025
167.892325
167.937500
167.970750
168.063600
168.098875
168.124425
168.133150
168.148400
168.186175
168.202625
168.226075
168.249800
168.282600
168.298600
168.312275
168.320425
168.331200
168.349625
168.358025
168.365500
168.376250
168.387200
168.395450
168.406725
168.417475
168.453575
168.479700
168.761425
168.772700
168.784500
168.798000
168.811425
168.817000
168.832025
168.837425
168.846350
168.863900
168.887750
168.904575
169.013475
169.033475
169.040675
169.049750
169.110775
169.143125
169.161375
169.327550
169.351050
169.363025
169.375475
169.391675
169.400025
169.438050
169.445550
169.454550
169.488375
169.525975
169.542825
169.562800
169.589925
169.615900
169.641650
169.669625
169.680700
169.724725
169.805925
169.846150
169.866175
169.869975
169.908400
169.918150
169.925425
169.934175
169.946925
170.028875
170.102950
170.115075
170.126725
170.157625
170.181125
170.199475
170.208325
170.250925
170.260350
170.271350
170.354075
170.449150
170.473850
170.497600
170.540325
170.556800
170.571225
170.574875
170.598625
170.610675
170.621050
170.643000
170.688900
170.702250
170.732250
170.741950
170.766875
170.783275
170.784625
170.791950
170.825950
170.839725
170.847475
170.861250
170.868100
170.929450
170.982100
171.006575
171.063150
171.186575
171.188475
171.284600
171.296025
171.304300
171.311575
171.330200
171.343150
171.388800
171.497475
171.550275
171.617125
171.660175
171.715050
171.775025
171.794500
171.805400
171.818700
171.830225
171.836825
171.847950
171.862500
171.876175
171.883625
171.892300
171.907175
171.917150
171.943150
171.950650
171.959050
171.997425
172.004025
172.012450
172.098625
172.113800
172.128200
172.145750
172.165000
172.221400
172.231750
172.253000
172.281325
172.292000
172.305425
172.330900
172.333775
172.364600
172.385500
172.429250
172.449575
172.456775
172.587325
172.641150
172.656350
172.757075
172.787300
172.797075
172.801900
172.804050
172.809600
172.818825
172.839100
172.857150
172.878625
172.895950
172.914125
172.929250
172.963075
172.973175
173.005450
173.027450
173.028500
173.041825
173.059800
173.080475
173.114750
173.130125
173.132325
173.141075
173.158325
173.178350
173.181725
173.193900
173.197375
173.253225
173.276725
173.277750
173.286550
173.297225
173.304650
173.330550
173.339575
173.350200
173.381975
173.441300
173.465925
173.501350
173.526500
173.630250
173.663225
173.686150
173.700400
173.722350
173.731550
173.741325
173.748600
173.764950
173.791150
173.810900
173.832325
173.881125
173.914225
173.921825
173.958750
174.015775
174.021625
174.081850
174.088475
174.099550
174.112775
174.125050
174.139900
174.149550
174.159825
174.170825
174.181750
174.207825
174.226900
174.271925
174.281900
174.310125
174.338925
174.359775
174.371675
174.388000
174.452300
174.537000
174.572025
174.635175
174.672925
174.695675
174.734550
174.767000
174.785825
174.808450
174.886925
174.906250
174.919000
174.937575
174.953950
175.001825
175.068825
175.153650
175.197975
175.230375
175.244975
175.256150
175.257800
175.280150
175.288975
175.312075
175.330425
175.337075
175.353400
175.376075
175.399000
175.437550
175.479350
175.496000
175.501875
175.521675
175.567700
175.611900
175.638850
175.674550
175.809000
175.873700
175.883700
175.892325
175.952175
176.008450
176.036600
176.150425
176.403425
176.423175
176.571925
176.662325
176.698200
176.872550
177.057125
177.062025
177.067500
177.128400
177.138125
177.148600
177.208250
177.414200
177.510275
177.599275
177.658075
177.672950
177.726225
177.987350
178.018475
178.093175
178.248075
178.377550
178.385200
178.389600
178.524975
178.780650
178.787900
178.823800
178.909425
178.990100
179.004175
179.233350
179.296075
179.386775
179.445175
179.609825
179.675000
179.693225
179.760225
179.821500
179.928525
180.153400
180.212325
180.491550
180.654850
180.700150
180.768700
180.963375
181.076850
181.230775
181.320525
181.332225
181.365100
181.416825
181.610350
181.743125
181.798300
181.860575
181.945450
182.011750
182.058125
182.078850
182.127050
182.302650
182.313250
182.692650
183.038275
183.222975
183.400750
183.596600
183.646525
183.689200
183.704525
183.723150
183.756175
183.766575
183.782800
183.811475
183.832975
183.883325
183.900550
183.909275
184.046125
184.062175
184.075275
184.140100
184.200050
184.222600
184.253225
184.279275
184.357725
184.442525
184.533900
184.595550
184.626750
184.741525
184.775650
184.860150
185.188825
185.215725
185.527400
185.607075
185.625650
185.693375
185.880150
185.923100
185.949050
185.992000
186.074600
186.239375
186.269625
186.273050
186.278425
186.361850
186.368825
186.387725
186.613700
186.746325
186.780300
186.792125
186.820925
186.839450
186.872975
186.892350
186.955900
186.976900
187.003800
187.010775
187.046425
187.058700
187.153925
187.168300
187.208075
187.242925
187.337125
187.408025
187.444925
187.526325
187.533225
187.563575
187.586050
187.592350
187.599975
187.622975
187.663875
187.840850
187.890800
187.923025
187.950450
187.971200
188.068225
188.210375
188.320675
188.446475
188.565200
188.699800
188.720900
188.932750
188.972850
189.052000
189.123200
189.141650
189.154150
189.175275
189.327675
189.518125
189.563450
189.594950
189.627475
189.776950
189.791500
189.815900
189.823850
190.040050
190.119475
190.197200
190.408850
190.443775
190.475175
190.486025
190.552900
190.632375
190.687300
190.945375
191.210225
191.284650
191.351750
191.375000
191.421100
191.482375
191.520375
191.620425
191.633825
191.667975
191.762600
191.773475
191.799675
191.869800
191.989100
192.067950
192.147425
192.150225
192.191325
192.211550
192.242375
192.249400
192.397125
192.562250
192.632700
192.722625
192.732875
192.753375
192.813975
192.825225
192.861225
192.938975
192.984600
193.107025
193.117050
193.125825
193.181375
193.216425
193.241775
193.432250
193.486075
193.531000
193.716250
193.742100
194.307200
194.458175
194.544800
194.571825
194.760625
194.787525
194.917925
195.015700
195.095250
195.180300
195.205150
195.218475
195.348475
195.531000
195.545400
195.682950
195.823150
196.063100
196.186500
196.328525
196.539150
196.667100
197.014775
197.021825
197.028050
197.054600
197.209525
197.232600
197.465675
197.622250
197.727875
197.731475
197.951675
198.130050
198.379275
198.414825
198.475950
198.674525
198.702625
198.786400
198.828200
199.000950
199.031250
199.032650
199.090775
199.399150
199.435875
199.454900
199.483100
199.530675
199.598775
199.637425
199.697375
199.901200
200.011150
200.020075
200.021325
200.036825
200.124750
200.328950
200.497800
200.532325
200.759050
200.811950
200.912975
201.029100
201.323825
202.313475
202.389250
202.418400
202.520675
202.799125
203.279900
203.378175
203.389250
203.392600
203.442750
203.554250
203.572025
203.622025
203.744500
203.767325
203.838050
203.866500
203.950725
204.012550
204.019700
204.134875
204.356825
204.415975
204.485525
204.580725
204.632675
204.641700
204.716275
204.930800
204.946125
204.962650
204.997600
205.030475
205.068175
205.136225
205.152175
205.192900
205.293550
205.311325
205.455425
205.457800
205.480600
205.534125
205.538600
205.582500
205.633175
205.640250
205.703000
205.714675
205.730550
205.769825
205.771175
205.830700
205.938725
205.992100
206.085525
206.123525
206.127025
206.202275
206.218575
206.244125
206.319375
206.323800
206.330450
206.384525
206.397525
206.479275
206.580125
206.768700
206.769825
206.804925
206.815625
206.822150
206.904700
207.057625
207.065425
207.075775
207.194675
207.384675
207.397950
207.423500
207.463300
207.484725
207.534875
207.543650
207.546375
207.558075
207.668650
207.744175
207.868175
207.939375
208.043800
208.078050
208.150675
208.227475
208.256975
208.659400
208.884150
209.117375
209.275775
209.284300
209.419725
209.494950
209.598125
209.616775
209.659975
209.701600
209.827075
209.881575
209.907600
209.988300
210.101300
210.203150
210.530900
210.546100
210.671875
210.681225
211.112025
211.297650
211.326125
211.338300
211.366375
211.442350
211.457700
211.491350
211.847500
212.113300
212.128300
212.198600
212.209375
212.218350
212.242125
212.254025
212.319650
212.340875
212.345250
212.366075
212.367450
212.387100
212.485850
212.671575
212.748025
212.762525
212.813325
212.828200
212.900000
212.972375
213.026650
213.041450
213.119350
213.162875
213.183775
213.193400
213.213350
213.227850
213.251450
213.273350
213.320475
213.326700
213.515175
213.517175
213.541550
213.571875
213.648850
213.690075
213.763550
213.809125
213.927900
213.948325
214.069750
214.221500
214.242825
214.293825
214.302650
214.338075
214.408225
214.644550
214.727400
214.944425
215.015750
215.099700
215.107725
215.212425
215.308525
215.382800
215.493625
215.814825
215.819850
215.826600
215.904100
216.033800
216.351725
216.470475
216.739075
216.937975
217.025500
217.134200
217.186500
217.220950
217.275050
217.336675
217.370800
217.438225
217.494225
217.534400
217.694000
217.761300
218.059700
218.120300
218.201175
218.432325
218.468525
218.520125
218.597500
218.605900
218.617775
218.630450
218.654550
218.660375
218.769575
218.787625
218.792825
218.808600
218.841925
218.938475
218.972875
219.011750
219.072200
219.082425
219.092875
219.102225
219.134175
219.207250
219.286800
219.443500
219.454975
219.482500
219.623275
219.671350
219.715050
219.774875
219.814325
219.934700
220.077875
220.128350
220.202875
220.301850
220.314450
220.341125
220.369425
220.391800
220.393900
220.462500
220.516825
220.541600
220.663450
220.684400
220.790975
220.847200
220.940900
221.017700
221.125900
221.205200
221.247850
221.254700
221.346625
221.432150
221.600850
221.608600
221.647225
221.665475
221.920900
222.001575
222.100900
222.169925
222.253025
222.261275
222.269800
222.430000
222.485300
222.522250
222.555975
222.703125
222.918250
223.136925
223.163750
223.207125
223.223350
223.245050
223.301350
223.327800
223.342725
223.470300
223.489925
223.497800
223.560125
223.658825
223.670625
223.700150
223.710575
223.726750
223.779025
223.814350
223.837525
223.901925
223.932450
223.999850
224.001450
224.061100
224.215475
224.290700
224.313175
224.335700
224.352350
224.390125
224.397400
224.410875
224.420900
224.524625
224.527775
224.561125
224.606650
224.730975
224.750500
224.762025
224.800525
224.829600
224.840725
224.982925
225.005725
225.311025
225.517300
225.538775
225.559975
225.569025
225.587075
225.630850
225.656700
225.729425
225.736200
225.774350
225.797275
225.812375
225.837450
225.931900
225.939675
225.961400
226.102425
226.163100
226.208125
226.265775
226.331050
226.353025
226.438650
226.500250
226.513350
226.583175
226.589650
226.601150
226.611575
226.751025
226.777250
226.799950
226.834125
226.906225
226.953000
226.974975
226.996800
227.045725
227.098625
227.357650
227.370500
227.516025
227.547050
227.657375
227.682875
227.852700
228.181600
228.256375
228.277650
228.311825
228.354800
228.376525
228.409375
228.432450
228.476275
228.479575
228.506425
228.541075
228.602625
228.642900
228.660525
228.670075
228.691150
228.709725
228.718650
228.752550
228.766625
228.823175
228.866800
228.969950
229.004725
229.137600
229.163050
229.221925
229.224225
229.243150
229.248175
229.295700
229.352100
229.365075
229.419600
229.421075
229.555300
229.561050
229.591825
229.659350
229.810625
229.827425
229.835000
229.837750
229.844075
229.931575
229.944975
229.970875
230.006525
230.039750
230.077875
230.102775
230.132700
230.142125
230.184700
230.237825
230.586975
230.635000
230.670950
230.730800
230.813400
230.828525
230.893625
230.934550
230.982475
231.018100
231.055275
231.216150
231.295225
231.304225
231.394875
231.442950
231.523575
231.557825
231.569425
231.595725
231.604825
231.608325
231.751775
231.770800
231.870075
231.892300
231.947175
231.949600
231.954925
231.989050
232.033000
232.107550
232.244175
232.245525
232.252625
232.257875
232.289300
232.328500
232.339750
232.342350
232.355550
232.622125
232.929350
233.138175
233.172300
233.187500
233.202800
233.222350
233.267450
233.322075
233.338450
233.363775
233.476850
233.479950
233.502875
233.549825
233.576950
233.809725
233.882250
233.935025
233.952875
234.005625
234.151275
234.179100
234.265825
234.268075
234.282625
234.329200
234.351250
234.382150
234.394525
234.424150
234.449975
234.469200
234.506875
234.520725
234.543600
234.571150
234.646875
234.716600
234.754750
234.811975
234.871625
234.926850
235.166625
235.203800
235.407850
235.448125
235.485300
235.617525
235.631050
235.652775
235.741625
235.774600
235.777550
235.834125
235.862950
235.902825
235.974500
236.034525
236.095100
236.166525
236.239275
236.355850
236.376025
236.427575
236.494025
236.620700
236.692375
236.888075
236.905250
237.171225
237.183925
237.301825
237.437550
237.501300
237.520100
237.703800
237.727750
237.750575
237.841750
237.887925
237.930225
238.039550
238.071125
238.128200
238.172800
238.233700
238.291100
238.364275
238.393875
238.410400
238.425225
238.441825
238.487325
238.507025
238.523775
238.653700
238.713450
238.721925
238.783300
238.812025
238.828625
238.837925
238.887950
238.893275
238.913550
238.935075
238.960125
238.966875
238.970350
238.983900
238.994775
239.028400
239.055875
239.134950
239.152325
239.231700
239.413350
239.425225
239.434650
239.450375
239.458300
239.468975
239.513650
239.517575
239.528575
239.556575
239.587975
239.628050
239.632125
239.664775
239.694450
239.839900
239.898350
239.915775
239.962850
239.986400
240.008775
240.024450
240.056550
240.080200
240.101500
240.113775
240.121225
240.123225
240.131375
240.141150
240.149075
240.158800
240.228050
240.246575
240.256750
240.284400
240.291725
240.332650
240.347025
240.356075
240.418725
240.429500
240.460275
240.483575
240.532200
240.541275
240.581500
240.586975
240.646625
240.711150
240.737825
240.746925
240.762525
240.792100
240.892775
240.907675
240.916975
240.948875
241.001475
241.071825
241.186175
241.237375
241.241425
241.343775
241.404975
241.429925
241.431450
241.442400
241.574125
241.585550
241.649650
241.692400
241.718275
241.868875
241.984800
242.015050
242.047675
242.185275
242.328300
242.368025
242.379875
242.566675
242.673375
242.687925
242.700275
242.769950
242.793700
242.799200
242.815000
242.872750
242.879625
242.939625
243.249350
243.278300
243.320725
243.356900
243.526625
243.538725
243.599525
243.658275
243.883700
243.935600
244.028250
244.037075
244.066625
244.098175
244.100500
244.116725
244.119025
244.167125
244.268850
244.270375
244.329000
244.356175
244.369950
244.439175
244.466750
244.603150
244.637475
244.666750
244.680100
244.711800
244.724925
244.739425
244.829825
244.894175
244.960950
244.988525
245.027450
245.058750
245.069150
245.084725
245.117525
245.134625
245.154625
245.193000
245.218900
245.239500
245.248850
245.342900
245.345825
245.364425
245.532425
245.567025
245.575650
245.584275
245.593250
245.618625
245.622350
245.669125
245.732175
245.747775
245.756050
245.765800
245.771100
245.819575
245.832650
245.912950
245.947775
245.974475
246.055850
246.209325
246.253800
246.268275
246.326475
246.419125
246.438525
246.499600
246.523575
246.571550
246.605875
246.660875
246.699700
246.712125
246.740875
246.752650
246.804050
246.818075
246.854850
246.906450
246.917500
246.967400
246.997875
247.046575
247.082350
247.214325
247.278325
247.347500
247.422250
247.446525
247.480675
247.499200
247.511950
247.588200
247.662100
247.799450
247.841850
247.987300
247.998500
248.095725
248.150625
248.229675
248.252700
248.297500
248.342075
248.398375
248.501825
248.591400
248.607900
248.690950
248.706100
248.857400
248.995075
249.103900
249.106500
249.267575
249.347125
249.356175
249.459475
249.464575
249.682550
249.686400
249.729925
249.803175
249.825075
249.888275
249.904275
249.933750
249.974300
250.106375
250.133975
250.140225
250.148550
250.213425
250.259350
250.267925
250.285675
250.315125
250.373625
250.409150
250.425075
250.459875
250.485100
250.494325
250.553800
250.605125
250.615775
250.643075
250.649675
250.674700
250.692100
250.730650
250.888025
250.943400
250.961600
250.986450
251.024300
251.025900
251.049075
251.087250
251.119075
251.160700
251.196825
251.242000
251.274425
251.360800
251.679850
251.781950
251.921375
251.983900
252.000950
252.086625
252.125875
252.145500
252.270550
252.331975
252.396575
252.447900
252.461125
252.467500
252.475650
252.521475
252.543850
252.555100
252.602450
252.664975
252.709200
252.761975
252.782525
252.806400
252.819900
252.966575
253.017250
253.028100
253.035900
253.132800
253.209725
253.266850
253.268125
253.284625
253.299825
253.337525
253.379725
253.420275
253.434375
253.442750
253.471425
253.492250
253.517250
253.639325
253.689900
253.701675
253.703300
253.719075
253.731775
253.787500
253.801200
253.811175
253.818675
253.831400
253.842600
253.860750
253.883925
253.945375
253.960425
253.969900
254.018850
254.021125
254.155875
254.180050
254.207350
254.215125
254.239975
254.264475
254.284650
254.290300
254.337100
254.382775
254.437300
254.481975
254.544775
254.592075
254.608325
254.685950
254.739900
254.786250
254.812600
254.875850
254.934475
254.966725
254.990275
254.999350
255.017475
255.033900
255.057550
255.116650
255.151325
255.160100
255.579750
255.636350
255.639675
255.698600
255.929150
256.014775
256.044450
256.076375
256.089525
256.195450
256.317800
256.425350
256.459925
256.491125
256.534200
256.601675
256.638625
256.651650
256.714450
256.969925
256.984825
256.994575
257.117550
257.170425
257.196200
257.249625
257.254400
257.428750
257.511550
257.557775
257.678275
257.690950
257.834600
257.917450
257.972600
257.999450
258.005200
258.044025
258.082850
258.100275
258.133100
258.177950
258.236200
258.290750
258.520400
258.550700
258.552050
258.584750
258.594800
258.626000
258.752200
258.779000
258.880075
258.922250
259.006525
259.048475
259.083600
259.340325
259.361650
259.379950
259.411200
259.447525
259.471775
259.519800
259.560175
259.580825
259.643075
259.690900
259.718950
259.724350
259.735575
259.835950
259.898675
259.914900
260.106350
260.125975
260.130875
260.139550
260.241425
260.320650
260.561875
260.849225
261.183900
261.189650
261.239400
261.384350
261.430425
261.497125
261.521875
261.541775
261.569675
261.597550
261.624950
261.666525
261.681100
261.701450
261.718450
261.763450
261.767325
261.786725
261.897850
261.913300
261.935375
261.972350
262.013600
262.038550
262.100675
262.197075
262.238675
262.277175
262.291800
262.331000
262.381550
262.529750
262.589400
262.618375
262.623950
262.655150
262.697250
262.790500
262.812475
262.824225
262.833000
262.840250
262.848600
262.890375
262.962400
262.984525
262.997225
263.032125
263.043100
263.061325
263.106775
263.172000
263.189550
263.263250
263.327075
263.344225
263.359325
263.398000
263.425475
263.470000
263.498750
263.505650
263.614425
263.659350
263.683925
263.702550
263.719975
263.735100
263.775625
263.882075
263.918000
264.058875
264.188075
264.225575
264.269925
264.301025
264.325925
264.452850
264.460475
264.498300
264.525875
264.555150
264.654200
264.747400
264.777925
264.799075
264.859000
264.926775
264.998600
265.054050
265.066675
265.099475
265.190600
265.202850
265.248300
265.302925
265.329500
265.367725
265.420825
265.504675
265.637600
265.673600
265.682575
265.718675
265.734075
265.740150
265.845550
265.943075
266.120400
266.151100
266.159025
266.166175
266.272625
266.311200
266.344800
266.353375
266.382175
266.397350
266.403725
266.431250
266.471150
266.500625
266.619425
266.736350
266.799025
266.917000
266.971475
267.226075
267.400850
267.421625
267.621625
267.747475
267.752525
267.796400
268.203900
268.269250
268.279050
268.320075
268.543325
268.571350
268.637025
268.648200
268.653025
268.772225
268.864375
268.901025
269.012150
269.181600
269.357050
269.394150
269.438675
269.733350
269.833125
269.847150
269.867100
270.043700
270.312925
270.354850
270.389850
270.427825
270.440475
270.516250
270.714675
270.744700
270.754800
271.053025
271.101775
271.157075
271.266650
271.334200
271.365500
271.422475
271.631275
271.864075
271.959150
272.064200
272.569800
272.696600
272.732925
272.821850
272.849450
272.882200
272.917225
273.012550
273.037000
273.194850
273.231425
273.310750
273.417650
273.538275
273.775775
274.269850
274.332450
274.466625
274.512850
274.579600
274.618525
275.002600
275.088000
275.309750
275.683025
275.933550
275.958425
275.975350
276.254750
276.270100
276.311175
276.414650
276.655250
277.010025
277.134100
277.151775
277.513600
277.528025
277.539100
277.758725
277.899275
278.215850
278.298550
278.542325
278.852800
279.069150
279.085425
279.228625
279.288075
279.463625
280.132375
280.264725
280.389525
280.596775
281.024500
281.668975
281.998175
282.004075
282.253925
282.446675
282.447675
282.691550
282.761050
282.762425
282.839425
282.863050
283.525575
283.559175
283.595925
283.607300
283.825025
283.838075
283.873725
283.928150
284.087625
284.158000
284.170575
284.305725
284.620200
284.975675
285.075725
285.187300
285.215500
285.483575
285.526250
285.543925
285.593175
285.659575
285.719100
285.750525
285.915175
286.000100
286.127750
286.256150
286.270150
286.319725
286.358650
286.449500
286.478325
286.610400
286.676825
286.680775
286.713175
286.802750
286.984375
286.999175
287.019250
287.050875
287.063900
287.126425
287.313275
287.505625
287.563500
287.731250
287.912950
287.957500
287.985475
288.070550
288.087775
288.101475
288.119625
288.132175
288.196825
288.208350
288.303350
288.349400
288.365200
288.429000
288.461825
288.531400
288.543150
288.560600
288.594975
288.619525
288.621650
288.653725
288.668550
288.692600
288.703550
288.733675
288.798000
288.849225
288.906975
288.942125
288.979450
289.002025
289.078650
289.149550
289.164400
289.166925
289.178875
289.207975
289.221425
289.244900
289.254825
289.323275
289.366575
289.411550
289.430500
289.442250
289.483325
289.493525
289.517650
289.617575
289.683850
289.713900
289.718325
289.726700
289.731950
289.735800
289.744425
289.887275
289.956075
290.030225
290.046200
290.064100
290.076750
290.079300
290.087450
290.106375
290.147575
290.168600
290.189650
290.198075
290.230600
290.235550
290.248150
290.261925
290.319725
290.335325
290.361600
290.419025
290.421875
290.446250
290.656275
290.664875
290.678875
290.688625
290.703325
290.715125
290.748750
290.800900
290.916675
290.920675
290.972875
290.990675
291.046875
291.118050
291.147225
291.203525
291.218750
291.229675
291.234925
291.353675
291.560650
291.575825
291.577700
291.595200
291.613425
291.675850
291.695175
291.714475
291.738625
291.752950
291.813775
291.840175
291.854575
291.870600
291.880550
291.886800
291.910675
291.925000
292.158650
292.166250
292.184425
292.213600
292.239425
292.249225
292.255325
292.258225
292.289350
292.352725
292.366300
292.376775
292.404325
292.503100
292.615400
292.682800
292.703950
292.720300
292.730200
292.743550
292.754000
292.764025
292.771125
292.779175
292.815575
292.837200
292.873950
292.894525
292.914100
292.948925
293.013825
293.288100
293.307000
293.359875
293.369525
293.379725
293.413325
293.424000
293.432725
293.442500
293.452125
293.466950
293.479600
293.512575
293.546350
293.571500
293.615725
293.625475
293.669625
293.690775
293.734175
293.810100
293.932025
293.960075
293.976225
294.005575
294.015150
294.026600
294.040900
294.059825
294.082075
294.114800
294.141750
294.169250
294.191075
294.229650
294.257775
294.285275
294.318375
294.335725
294.469025
294.515950
294.526425
294.540325
294.548050
294.556250
294.573700
294.584925
294.591275
294.768000
294.784000
294.806350
294.857500
294.896650
294.943725
295.025675
295.052825
295.058025
295.064550
295.072500
295.078525
295.094400
295.107225
295.113375
295.119725
295.144425
295.158050
295.174650
295.190475
295.210425
295.232050
295.315925
295.340425
295.362425
295.379675
295.429725
295.444600
295.459050
295.460850
295.472225
295.498775
295.678925
295.682950
295.694900
295.713250
295.734625
295.743900
295.765475
295.795375
295.883075
295.886225
295.923625
295.988075
296.003650
296.024825
296.065950
296.073775
296.089075
296.102550
296.147275
296.218850
296.231025
296.260400
296.278300
296.358150
296.398650
296.500925
296.518400
296.538650
296.558175
296.567075
296.574325
296.591550
296.643550
296.721425
296.737175
296.831700
296.887075
296.890725
296.955200
296.988375
297.043725
297.143175
297.151525
297.156875
297.176925
297.192025
297.226275
297.295150
297.351075
297.360875
297.444100
297.471700
297.565625
297.566825
297.681550
297.687300
297.746275
297.781125
297.792350
297.805500
297.878175
297.901900
297.952525
297.977425
297.995900
298.013775
298.027075
298.061150
298.074425
298.098975
298.235075
298.272525
298.309225
298.354175
298.414675
298.478625
298.586375
298.602550
298.667175
298.672650
298.734225
298.749900
298.881400
299.017225
299.045225
299.053400
299.062100
299.066700
299.071375
299.081975
299.113050
299.217350
299.260675
299.370150
299.443400
299.458875
299.504100
299.524850
299.571675
299.591275
299.595850
299.615100
299.665650
299.684875
299.691900
299.889500
299.908425
299.921425
299.933050
299.965200
299.978675
300.003050
300.035075
300.132225
300.204325
300.328675
300.363950
300.388575
300.402900
300.437300
300.589225
300.673700
300.676450
300.702850
300.734150
300.749650
300.849950
300.861150
300.955150
300.986800
300.997150
301.017550
301.033550
301.047700
301.090475
301.188250
301.208425
301.329675
301.355700
301.362400
301.379600
301.430025
301.456500
301.464100
301.590725
301.639675
301.663250
301.678000
301.748350
301.783425
301.920525
301.945800
301.955775
302.003050
302.063200
302.273325
302.290225
302.399375
302.407525
302.415850
302.432575
302.466225
302.533975
302.601800
302.650225
302.680325
302.715200
302.732750
302.823675
302.848875
302.865300
302.874425
302.877325
302.888500
302.910175
303.086100
303.167650
303.174350
303.225875
303.263400
303.275100
303.293100
303.298200
303.309450
303.322050
303.332500
303.382375
303.420475
303.432725
303.458050
303.501300
303.637050
303.679375
303.717975
303.729025
303.822050
303.891650
303.922325
303.966900
304.060025
304.080275
304.121900
304.144675
304.233425
304.440500
304.489950
304.576250
304.606275
304.629825
304.663325
304.728700
304.789700
304.849675
304.898200
304.938200
305.016925
305.074525
305.135325
305.145650
305.186150
305.196150
305.197400
305.302650
305.349625
305.424150
305.451975
305.490400
305.528150
305.582175
305.635125
305.715125
305.795425
305.811775
305.843950
305.857975
305.876675
305.894650
305.916225
305.967400
305.982225
305.990500
306.089600
306.112550
306.134500
306.229725
306.261700
306.295750
306.310950
306.327450
306.363100
306.407450
306.471475
306.552700
306.642400
306.698850
306.708200
306.712550
306.819500
306.853675
306.874350
306.930375
306.957475
307.047950
307.070900
307.103975
307.135225
307.144875
307.189500
307.240200
307.290700
307.374825
307.413975
307.440575
307.463925
307.701250
307.771525
307.788825
307.823425
307.847975
307.880400
307.936875
307.972150
307.979625
308.101025
308.148625
308.168925
308.189700
308.214150
308.236925
308.257350
308.379075
308.468800
308.498675
308.559300
308.626375
308.705275
308.728525
308.768600
308.809875
308.834100
308.846425
309.023600
309.028550
309.052050
309.070575
309.119325
309.138450
309.162600
309.201175
309.224225
309.229700
309.290275
309.360925
309.369700
309.455125
309.485700
309.560375
309.581600
309.628075
309.639325
309.674850
309.760200
309.779700
309.813900
309.853750
309.908200
309.931775
309.954000
309.990850
309.997425
310.058900
310.066375
310.086550
310.097000
310.106075
310.127025
310.153125
310.188575
310.263425
310.348550
310.403000
310.421950
310.431850
310.441000
310.448925
310.456550
310.472325
310.481500
310.491400
310.517900
310.591500
310.606025
310.618925
310.629000
310.663175
310.669675
310.714950
310.772125
310.795350
310.824500
310.894375
310.898125
310.937075
310.959350
310.972025
311.041450
311.068975
311.090000
311.110900
311.119725
311.147350
311.179675
311.222500
311.240125
311.264725
311.279175
311.325050
311.360350
311.375100
311.382500
311.435775
311.443700
311.494850
311.525400
311.590400
311.689150
311.699175
311.709900
311.723025
311.748425
311.814900
311.927550
311.993200
312.034200
312.080900
312.123300
312.142025
312.163700
312.192200
312.296425
312.302475
312.346575
312.353825
312.375350
312.447250
312.467875
312.538425
312.558925
312.603625
312.606150
312.641425
312.655050
312.674000
312.757900
312.817300
312.845925
312.903125
312.912975
312.933475
312.935325
312.941825
312.957425
312.973225
313.000375
313.009400
313.052250
313.065000
313.078700
313.095875
313.158625
313.239800
313.393475
313.401250
313.432075
313.437800
313.456350
313.467425
313.474650
313.482500
313.494225
313.497375
313.537525
313.545900
313.703250
313.724450
313.860150
313.883700
313.906175
313.922425
313.947925
313.989225
314.021025
314.042200
314.052750
314.065475
314.075300
314.116875
314.149025
314.225850
314.391725
314.400400
314.411300
314.483150
314.581100
314.593025
