# # All spikes for Neuron
0.275950
0.305950
0.344675
0.407775
0.477775
0.614675
0.902175
0.953500
1.207075
1.271625
1.472825
1.526075
1.638075
2.171525
2.284000
2.433350
2.572800
2.622050
2.661250
2.672825
2.743400
2.975925
3.086525
3.169775
3.730150
3.873525
4.121350
4.284700
4.624525
4.748350
4.842975
5.163675
5.309375
5.368050
5.562025
5.714700
5.753075
6.082025
6.175825
6.224725
6.349475
6.369150
6.376750
6.441275
6.879875
7.168550
7.773125
7.858775
7.917800
7.926525
7.952325
8.035650
8.333150
8.521400
9.016200
9.077450
9.482200
9.956500
9.968975
10.397425
10.715300
11.574725
11.654875
11.679125
11.703950
11.893450
12.047300
12.094975
12.166350
12.199350
12.269150
12.612525
12.627275
13.094100
13.117425
13.156025
13.368725
13.379025
13.404650
13.531125
13.620500
13.641175
14.089225
14.243150
14.342900
14.409075
14.477250
14.546275
14.669225
15.177300
15.797675
15.862175
16.178300
16.229275
16.300700
16.407625
16.566800
16.838925
16.887350
17.069150
17.175850
17.189000
17.510850
17.631800
17.681050
17.935875
18.058350
18.088475
18.195150
18.480850
18.526750
18.776750
18.827225
19.016275
19.027750
19.471550
19.484875
19.563275
19.594050
19.684700
19.784375
19.831600
19.873750
20.261375
20.334600
20.475325
20.498625
20.524600
20.955050
20.965775
21.650275
21.713600
21.733075
21.778325
21.876475
21.986450
22.155450
22.173750
22.255875
22.541575
22.648150
22.739825
22.935175
23.104450
23.135700
23.269800
23.508950
23.602625
23.658825
23.734675
23.753575
23.853525
23.907700
23.921325
24.144625
24.206750
24.289025
24.415450
24.450825
24.678800
24.799050
24.893825
24.954150
24.967075
25.011075
25.035725
25.143400
25.370325
25.636375
26.033225
26.281725
26.392100
26.671600
26.774100
26.952700
27.146675
27.245150
27.309300
27.385850
27.639550
27.710575
27.876700
28.100600
28.226100
28.343250
28.379650
28.415375
28.554350
28.644975
28.881950
29.182850
29.234975
29.916300
30.027675
30.440400
30.504000
30.543700
31.019600
31.084850
31.148900
31.321950
31.346700
31.359300
31.392125
31.794550
31.819875
32.133600
32.216325
32.552200
32.620375
32.866300
33.225925
33.459125
33.560425
33.577075
33.706250
33.856725
34.042775
34.128600
34.181975
34.397275
34.410700
34.435850
34.809450
34.848925
34.922850
34.941475
35.008300
35.155150
35.358150
35.387250
35.401875
35.422625
35.453175
35.486625
35.504475
35.764050
35.793175
36.088300
36.232500
36.299525
36.364200
36.398250
36.530250
36.554350
36.753875
36.898900
36.925425
37.120775
37.292675
37.327275
37.757625
38.054050
38.579475
38.815050
38.978000
38.989825
39.102925
39.421975
39.644900
39.722300
40.674475
40.719550
40.831250
41.375775
41.629550
41.668400
41.725125
42.318375
42.568725
42.724150
42.733850
42.825800
42.848450
42.917800
43.218650
43.250375
43.296550
43.579675
43.592475
43.799575
43.826675
43.837325
43.891350
43.934650
44.168275
44.470125
44.691775
44.742050
44.784900
44.842125
44.918300
44.951550
45.085975
45.478325
45.522300
45.786175
45.971325
45.991600
46.027450
46.147500
46.194225
46.401125
46.518575
46.588050
46.596575
46.668825
46.740775
46.769650
46.875325
46.981050
47.032700
47.375725
47.389000
47.469775
47.492125
47.529450
47.602425
47.669525
47.870325
47.978800
48.016650
48.118850
48.218775
48.252775
48.418900
48.872800
48.885475
48.902200
49.403150
49.422675
49.467550
49.644550
49.668250
49.821625
49.899875
49.977550
50.498625
50.802000
50.855625
51.006150
51.339025
51.582425
51.631750
51.668750
51.713500
51.760400
51.815225
51.894800
52.220475
52.415675
52.571650
52.607875
52.636500
52.673450
53.076925
53.298875
53.472825
53.752750
53.914325
54.002100
54.164825
54.193075
54.286100
54.438300
54.559975
54.585450
54.608575
54.738100
54.995550
55.010525
55.079600
55.143050
55.227975
55.356375
55.379675
55.404300
55.414500
55.546000
55.604775
55.777725
55.905375
55.954550
56.238325
56.291600
56.318125
56.433925
56.578600
56.732725
56.839700
57.174925
57.273075
57.322825
57.345900
57.396525
57.406525
57.407950
57.660550
57.741950
57.803175
57.969775
58.452675
58.492300
58.753775
59.038725
59.094975
59.136075
59.155475
59.274175
59.319275
59.639000
59.746350
59.888525
59.951875
59.966525
60.063400
60.386250
60.510525
60.569850
60.647675
60.672025
60.695075
60.753800
60.911475
61.057650
61.215300
61.432850
61.590925
61.649750
62.062525
62.286750
62.342825
62.511625
62.572175
63.231600
63.285425
63.302125
63.335950
63.377000
63.445375
63.475875
63.906575
63.938050
64.133675
64.203300
64.691500
64.754725
64.765475
64.938850
65.060125
65.156250
65.194925
65.232700
65.278200
65.336650
65.374350
65.400750
65.464600
65.782025
65.799475
65.843425
66.066850
66.158600
66.234550
66.544475
66.706850
66.759800
66.818800
66.908425
67.060175
67.074250
67.090850
67.229925
67.281600
67.388175
67.482750
67.612625
67.637300
67.646550
67.676050
67.840975
68.011300
68.206475
68.221150
68.419075
68.849550
68.886175
68.924425
68.941400
69.130300
69.209100
69.247000
69.338725
69.364775
69.412125
69.432925
69.445750
69.618475
69.637025
69.795100
69.931425
69.974050
69.984150
70.207750
70.241350
70.302725
70.310425
70.338225
70.813700
70.971325
71.019000
71.265725
71.729375
71.788200
71.843300
71.857750
71.897550
71.926050
71.944950
72.006825
72.292475
72.330250
72.377175
72.630450
72.652525
72.742075
73.026625
73.131825
73.151275
73.167950
73.319675
73.449475
73.519750
73.593600
73.652325
73.994025
74.057075
74.157875
74.467125
74.500875
74.555700
74.568825
74.587925
74.618925
74.759425
75.079325
75.165875
75.393450
75.524800
75.827525
75.879075
75.916350
75.927300
76.070200
76.466325
76.496175
76.582600
76.765350
76.997700
77.019200
77.075400
77.097400
77.142225
77.253550
77.272550
77.301325
77.526250
77.555650
77.593525
77.623950
77.669225
77.782825
77.895625
77.952375
78.012825
78.043300
78.079525
78.089900
78.103375
78.143725
78.198925
78.213475
78.250050
78.388675
78.513700
78.724825
78.745325
78.832900
78.940700
78.962575
79.272225
79.292550
79.459125
79.516000
79.618550
79.676850
79.962675
80.057025
80.187700
80.209100
80.579625
80.620575
80.683875
80.943925
80.990375
81.209075
81.359850
81.521825
81.693150
82.191500
82.320650
82.419325
82.865975
82.882450
82.900800
83.113275
83.217075
83.263400
83.310000
83.322650
83.627625
83.779475
84.039225
84.189750
84.298750
84.343525
84.595625
84.680200
84.739475
84.980925
84.999650
85.030700
85.168975
85.500350
85.578925
85.596750
85.716000
85.839575
85.846875
85.917175
85.989025
86.056650
86.077000
86.264725
86.322300
86.396775
86.412100
86.564825
86.664400
86.695000
86.765025
86.833425
86.927975
86.993575
87.017225
87.135250
87.267600
87.283050
87.292000
87.521800
87.539275
87.625400
87.781625
87.959850
87.997700
88.197625
88.212975
88.553200
88.634950
88.804400
89.033200
89.088150
89.236850
89.279575
89.325450
89.485075
89.520150
89.567725
89.683175
89.815350
90.017775
90.026400
90.068450
90.081275
90.113975
90.313175
90.419175
90.612725
90.619900
90.821925
90.895450
90.925675
91.098550
91.137200
91.166575
91.213150
91.442050
91.480550
91.511450
91.864200
91.874275
91.930775
92.027125
92.164350
92.273300
92.289425
92.485175
92.590775
92.622525
92.712450
93.014850
93.288275
93.422400
93.568925
93.623025
93.672750
93.712775
93.774250
93.820850
93.967800
93.985250
94.045150
94.114050
94.271400
94.413575
94.432525
94.526150
94.762325
94.815650
94.912950
94.967125
94.992025
95.082475
95.163150
95.218625
95.270675
95.282225
95.315525
95.338700
95.365950
95.431100
95.514600
95.620075
95.670025
95.717575
95.744925
95.823050
95.964300
96.028000
96.048525
96.065700
96.215625
96.293275
96.413950
96.614250
96.729375
96.825300
97.128650
97.221100
97.328275
97.362975
97.476325
97.498700
97.580950
97.817300
97.863325
97.930600
98.115325
98.227950
98.266575
98.291375
98.326700
98.569900
98.631000
98.666550
98.717550
98.863275
98.877975
98.898325
98.969300
99.185300
99.212875
99.251700
99.293175
99.408800
99.479125
99.690275
99.848750
99.936100
100.014525
100.222200
100.236975
100.251550
100.323375
100.502300
100.648075
100.760950
100.978125
101.004525
101.047850
101.338725
101.448000
101.528075
101.662575
101.736625
101.790500
101.846200
102.031625
102.043325
102.276600
102.345350
102.390875
102.459125
102.570725
102.660975
102.724875
102.948075
102.978150
103.088625
103.182525
103.231100
103.310975
103.477675
103.497450
103.552450
103.581475
103.811225
103.866300
103.969500
103.983300
103.994975
104.039075
104.122575
104.185275
104.281150
104.544825
104.634050
104.651025
104.962350
105.106975
105.284200
105.319675
105.341675
105.375425
105.426050
105.482975
105.534100
105.702225
105.934625
106.029925
106.141375
106.298750
106.535500
106.587750
106.683875
106.768000
106.808975
106.953900
106.989000
107.095525
107.285900
107.371275
107.403400
107.576800
107.857775
107.932875
107.947975
108.107375
108.239000
108.317950
108.331500
108.519925
108.693375
108.711175
108.813625
108.879725
108.909625
108.975700
109.040875
109.210775
109.297425
109.314525
109.397075
109.416975
109.507800
109.561325
109.826700
109.936150
109.996300
110.152250
110.194425
111.086375
111.137050
111.228975
111.513750
111.566425
111.607075
111.634150
111.663925
111.957250
112.292275
112.327350
112.359150
112.399550
112.414350
112.696725
112.802250
112.823775
112.964775
112.986225
113.359250
113.728150
113.856550
113.893075
113.981475
114.040775
114.077200
114.094150
114.130050
114.157300
114.173650
114.488775
114.528350
114.572150
114.638350
114.925750
115.084750
115.141550
115.161650
115.268075
115.403450
115.436550
115.579700
115.632450
115.639475
115.963425
115.984900
116.043625
116.144350
116.457375
116.496825
116.579400
116.764750
116.799425
116.925300
117.072475
117.231175
117.390200
117.558875
117.602125
117.635850
117.685875
117.730550
117.895700
117.930025
118.202650
118.283125
118.391775
118.453875
118.463800
118.575200
118.764625
118.883800
118.899200
118.939000
118.971900
119.001025
119.195875
119.325125
119.424325
119.551350
119.628900
119.665300
119.814975
119.892375
119.914875
120.144375
120.414875
120.439775
120.591150
120.739450
120.961300
121.191325
121.260125
121.353225
121.384975
121.445775
121.518700
121.544850
121.568425
121.680425
121.804875
121.905925
121.990100
122.101125
122.155425
122.167150
122.180425
122.191325
122.395100
122.600075
122.668825
122.763925
122.841725
123.051525
123.087750
123.234125
123.291100
123.316725
123.367400
123.421775
123.501050
123.643475
123.687750
123.734000
123.969075
124.029000
124.078525
124.419750
124.679425
124.781450
125.139775
125.233650
125.285500
125.314250
125.696050
125.725225
126.029750
126.111875
126.266800
126.341000
126.557650
126.688325
126.845475
126.897575
127.068400
127.201375
127.358525
127.481950
127.607525
127.924025
127.968175
127.984400
128.023775
128.045825
128.060250
128.082425
128.112475
128.127000
128.147750
128.177825
128.240875
128.276500
128.545250
128.571050
128.586725
128.617150
128.715800
128.884800
129.000475
129.092600
129.142325
129.305200
129.487500
129.648975
129.688950
129.736650
129.888075
129.912925
130.006050
130.019600
130.036200
130.049825
130.271300
130.338025
130.682775
130.759975
130.779225
130.881775
130.937725
130.950025
131.002775
131.041250
131.121275
131.387300
131.407050
131.449125
131.502875
131.563775
131.591100
131.732750
131.942175
132.039125
132.066675
132.085625
132.101550
132.122600
132.334500
132.357475
132.500300
132.611950
132.805875
132.866100
132.893050
132.918350
132.937700
132.993500
133.081400
133.235300
133.308000
133.335675
133.387325
133.443300
133.517825
133.554000
133.684425
133.712050
133.750250
133.814725
134.092200
134.105775
134.286650
134.301700
134.370025
134.455575
134.487175
134.506750
134.822425
134.833650
135.113975
135.174150
135.223550
135.646000
135.749850
135.775400
135.804125
135.913800
136.060750
136.135700
136.332150
136.602550
136.624200
136.681800
136.723875
136.737900
136.921800
136.968750
136.996075
137.387350
137.825200
137.861150
137.891350
137.996950
138.011900
138.106750
138.132050
138.202100
138.641350
138.710800
138.931100
138.967000
139.024150
139.112250
139.262000
139.379225
139.482500
139.513725
139.694950
139.768125
139.778800
139.814675
139.909775
140.111075
140.167950
140.363575
140.427450
140.478075
140.662000
140.727575
140.788200
140.921675
140.993325
141.110975
141.188775
141.478900
141.494600
141.565300
141.571975
141.660125
141.668775
141.728525
141.780675
142.025200
142.218600
142.358900
142.431925
142.461950
142.538450
142.587725
142.694300
142.908900
142.966500
143.014450
143.161600
143.213525
143.417875
143.460100
143.475950
143.488650
143.516800
143.818175
144.033775
144.129075
144.184525
144.217700
144.372275
144.507250
144.559900
144.616650
144.711025
144.816575
144.867400
145.077350
145.183750
145.318650
145.363525
145.462600
145.520675
145.593600
145.609400
145.683200
145.767200
145.807525
146.059950
146.112525
146.367525
146.609200
146.673750
146.712200
146.761500
146.780850
146.794000
146.886775
146.928725
147.069100
147.080400
147.106200
147.365125
147.489875
147.519500
147.840800
147.864475
148.041125
148.111800
148.168025
148.261500
148.262575
148.457650
148.609550
148.735575
148.767000
148.823350
148.967900
149.057250
149.162650
149.488175
149.515650
149.541425
149.565600
149.596700
149.726200
149.773525
149.803375
150.058875
150.112650
150.128025
150.173475
150.214000
150.226675
150.374425
150.390525
150.551125
150.668125
150.680700
150.733725
150.756275
150.770450
151.111625
151.143875
151.300300
151.451375
151.494300
151.524575
151.595050
151.655250
151.676650
151.696125
151.721675
151.813250
151.952125
151.968600
152.008925
152.147825
152.211450
152.743300
152.763725
152.897900
153.052750
153.187450
153.263275
153.518175
153.540650
153.657975
153.683975
153.723100
154.134750
154.184325
154.310025
154.456200
154.467375
154.562200
154.605200
155.084275
155.193900
155.254575
155.506450
155.776900
155.889800
155.966300
156.074800
156.115150
156.171150
156.319250
156.385975
156.472900
156.529325
156.642950
156.706825
156.783300
156.830650
156.901575
156.920925
157.054925
157.143675
157.174775
157.211125
157.324300
157.425875
157.513225
157.543475
157.656775
157.676625
157.913025
158.147125
158.216450
158.334425
158.388725
158.473675
158.492650
158.582425
158.594650
158.664000
158.835525
158.860600
159.009950
159.152475
159.249600
159.304800
159.511475
159.589175
159.611175
159.683250
159.715000
159.862900
159.968625
159.973775
159.987825
160.087025
160.221850
160.306225
160.482150
160.566500
160.905900
161.181825
161.397700
161.754950
161.820825
161.841250
162.168300
162.234050
162.428350
162.449150
162.560750
162.727050
162.848850
162.918000
162.939000
162.959900
163.141275
163.148650
163.220375
163.276800
163.688950
163.705200
163.751600
163.946300
164.167250
164.411200
164.446450
164.618950
164.840225
164.913350
165.038475
165.084175
165.175525
165.197350
165.304075
165.317475
165.339550
165.405775
165.444625
165.878750
165.908050
166.212950
166.272000
166.321525
166.397525
166.503125
166.537025
166.679650
166.744625
166.773575
166.870150
166.947675
167.521725
167.543300
167.705000
167.730100
167.782425
167.855800
167.927775
168.163150
168.241575
168.659550
168.696300
168.893300
169.006900
169.167325
169.365025
169.422550
169.466050
169.710825
169.857325
170.027300
170.097800
170.119400
170.162500
170.188075
170.462750
170.537425
170.592250
170.609100
170.736375
170.928625
171.244450
171.313400
171.449325
171.496050
171.752450
171.855600
171.879700
171.915225
171.942875
171.993200
172.143925
172.163725
172.192575
172.251000
172.306500
172.328625
172.344075
172.397875
172.484325
172.673325
172.774450
172.794225
172.931100
173.196650
173.236025
173.276750
173.321650
173.416925
173.434625
173.451675
173.482000
173.576750
173.602600
173.773625
173.894475
174.113800
174.205825
174.379350
174.404175
174.454050
174.504525
174.570475
174.602225
174.616775
174.629150
174.647675
174.779000
175.138775
175.161600
175.245700
175.313750
175.426700
175.490625
175.517450
175.603100
175.687825
175.799300
175.985325
176.089525
176.193750
176.215750
176.381175
176.453125
176.548400
176.620375
176.727325
176.770775
177.072500
177.095025
177.160125
177.219525
177.257700
177.310500
177.336675
177.457075
177.731525
177.806300
177.863300
177.978525
178.128700
178.169125
178.200575
178.220775
178.411250
178.471675
178.623650
178.715100
178.753800
178.784075
178.861450
178.957900
178.974200
179.040325
179.057075
179.221575
179.277050
179.319125
179.639850
179.891775
179.903325
179.917925
179.978500
180.040100
180.271600
180.315600
180.439375
180.469125
180.503425
180.554875
180.652200
180.792750
180.829650
180.851875
180.912700
180.970775
181.061600
181.086925
181.110525
181.124200
181.313025
181.450300
181.472200
181.656800
181.729825
181.945700
181.963325
182.017525
182.251050
182.326250
182.530650
182.630200
182.768400
182.862400
182.955450
183.043375
183.061900
183.076800
183.132200
183.157625
183.423775
183.552325
183.767600
183.922475
184.409525
184.431875
184.452350
184.718400
184.752275
184.769825
184.785250
185.090675
185.205425
185.222575
185.241750
185.262600
185.570650
185.613875
185.672175
185.705200
185.761750
185.878225
185.935175
186.000275
186.354275
186.402750
186.541075
186.668275
186.683450
186.718100
186.835000
186.876100
186.973875
187.067050
187.290750
187.302100
187.463575
187.585700
187.640700
187.718525
187.768400
187.856500
188.046650
188.083275
188.163750
188.476025
188.556175
188.616950
188.738675
188.938000
189.140525
189.180775
189.321425
189.370250
189.510075
189.580475
189.620375
189.636325
189.671525
189.771175
189.861600
189.906875
190.064225
190.108300
190.216925
190.311400
190.357650
190.366925
190.655775
190.735225
190.838750
190.956275
190.981300
191.132400
191.236975
191.461425
191.481650
191.606550
191.766475
191.817000
191.933925
191.961350
192.003250
192.105075
192.214900
192.333500
192.372375
192.627975
192.704400
192.809500
193.216375
193.261425
193.357550
193.384175
193.411325
193.459075
193.487975
193.505550
193.563175
193.612225
193.623325
193.656275
193.705600
193.810000
193.856075
193.861250
193.874675
193.934750
194.055725
194.140250
194.163100
194.307175
194.410275
194.714150
194.754425
194.811025
194.879225
194.989800
195.189150
195.209150
195.405825
195.456350
195.510200
195.612775
195.660175
195.680600
195.831300
195.961275
196.021500
196.057325
196.135825
196.166475
196.234125
196.256800
196.535275
196.559400
196.583900
196.604975
196.882525
197.166600
197.253950
197.262325
197.321700
197.375150
197.416625
197.439375
197.470875
197.539650
197.557700
197.764200
198.166950
198.171050
198.220050
198.372475
198.583275
198.704375
198.777100
198.809675
198.828575
198.879650
198.904225
199.025275
199.138100
199.168200
199.228800
199.246050
199.254450
199.331150
199.376325
199.531625
199.619650
199.638900
199.731175
199.783300
199.813325
199.827550
199.862375
199.994350
200.011550
200.087750
200.111225
200.116925
200.127275
200.170050
200.411225
200.449375
200.680500
200.775925
200.833000
200.854900
201.147425
201.427000
201.458375
201.482950
201.534400
201.552375
201.607500
201.627775
201.646400
201.846175
201.895450
202.119875
202.356050
202.388550
202.411675
202.432175
202.492100
202.566725
202.651650
202.689050
202.743325
203.236275
203.326350
203.709375
203.829025
203.843925
203.944975
203.989550
204.141950
204.372000
204.462200
204.527700
204.736450
204.875850
205.019150
205.143050
205.178150
205.328950
205.464550
205.497375
205.587325
205.609125
205.647250
205.741025
205.792775
205.822775
205.850625
205.863450
205.894225
205.935125
206.152800
206.280475
206.728175
206.749800
206.809000
206.942650
206.974675
207.141400
207.321300
207.449075
207.619825
207.738325
207.753300
208.137550
208.220075
208.256925
208.553725
208.648650
208.668875
208.712000
208.858375
209.030925
209.163450
209.268025
209.375825
209.421150
209.475425
209.588125
209.671775
209.688150
209.702650
209.759250
209.891325
209.916250
209.964575
210.110700
210.256325
210.269800
210.306225
210.348650
210.389825
210.411075
210.782450
211.042500
211.079550
211.099875
211.335950
211.418200
211.435375
211.692750
211.749000
211.772825
211.831500
211.847550
211.890250
212.017775
212.090575
212.122900
212.391050
212.637850
212.697800
212.750500
212.781700
212.816925
212.952450
213.024800
213.132325
213.202725
213.426050
213.484250
213.509875
213.522875
213.700775
213.728975
213.804925
213.871750
213.947025
213.990650
214.030025
214.088225
214.273300
214.350775
214.422200
214.624325
214.672925
214.699450
214.770175
214.801250
214.882725
214.894150
214.906175
214.955775
215.007525
215.120275
215.152925
215.256725
215.302300
215.348450
215.410975
215.463925
215.628550
215.712150
216.024700
216.079825
216.093175
216.347175
216.479725
216.719375
216.798000
216.810350
216.884325
216.983000
217.066175
217.134950
217.148150
217.166850
217.198050
217.533100
217.592075
217.644150
217.751050
218.115625
218.312700
218.463725
218.681850
219.065775
219.089550
219.112950
219.135025
219.159675
219.260250
219.487700
219.539475
219.922275
219.950550
220.097750
220.373175
220.504075
220.582125
220.867350
220.922775
221.656300
221.692625
221.980600
222.115850
222.211150
222.344800
222.445000
222.652800
222.715950
222.783050
223.184550
223.409700
223.463425
223.705300
223.745075
223.767850
223.796500
223.831800
223.873075
223.959900
224.044050
224.076600
224.109575
224.855225
225.308675
225.335200
225.342950
225.855175
225.901900
225.998425
226.327300
226.570775
226.640650
226.787000
226.908200
227.099775
227.107975
227.120325
227.239250
227.313825
227.445600
227.594625
227.637625
227.723075
227.736300
227.921275
228.532825
228.707150
228.918775
228.995900
229.109500
229.428200
229.562275
229.652175
229.717775
229.889200
230.182575
230.218275
230.663300
230.728875
230.744675
231.258275
231.305175
231.438925
231.461550
231.562800
231.687650
231.699175
232.030125
232.050425
232.323625
232.405400
232.934825
233.753925
233.885350
233.945275
234.046825
234.376050
234.599425
234.709775
234.905300
235.013025
235.068075
235.319875
235.403625
235.810400
235.862775
235.887125
236.040400
236.352525
236.427575
236.449825
236.657325
236.971300
237.037375
237.195175
237.352425
237.381275
237.399550
237.805625
237.968400
238.504200
238.837250
238.853800
238.881625
238.931850
238.955600
239.117075
239.214625
239.229650
239.314850
239.456400
239.501525
239.554050
239.920250
240.017000
240.069375
240.103000
240.859750
240.874050
240.949250
241.173625
241.186050
241.303825
241.555075
241.619125
241.662550
241.705175
242.052250
242.149475
242.353750
242.404350
242.576200
242.655300
242.756300
242.913925
243.151350
243.306275
243.358025
243.377025
243.615950
243.735050
243.764750
243.775975
243.801475
244.114850
244.162875
244.204625
244.227550
244.267075
244.277875
244.309550
244.367500
244.422250
244.515450
244.726200
244.797800
244.850325
245.054875
245.232700
245.301300
245.409725
245.451950
245.468600
245.600900
245.833100
245.904175
246.070150
246.155575
246.255550
246.303325
246.456575
246.651950
246.662525
246.714850
246.749325
246.835600
247.101175
247.111025
247.129850
247.283800
247.457875
247.515900
247.556300
247.566975
247.650900
247.803025
247.952250
248.013500
248.119300
248.307575
248.404675
248.510425
248.651025
248.658075
248.721750
248.807625
248.868400
249.166075
249.248475
249.337025
249.608400
249.905100
250.247950
250.396950
250.765525
250.915925
251.002550
251.065275
251.101075
251.189650
251.229450
251.298125
251.353925
251.417150
251.538775
251.633900
251.939525
252.269300
252.311050
252.376150
252.417250
252.641925
253.001575
253.406250
253.421250
253.471000
253.490825
253.617900
253.679400
253.977925
254.176125
254.186325
254.201525
254.334750
254.349000
254.363175
254.727750
254.775550
254.894875
254.905575
255.003825
255.140200
255.156350
255.223500
255.251550
255.283525
255.313500
255.422650
255.435825
255.873100
256.021275
256.110700
256.149050
256.182425
256.192850
256.219750
256.356625
256.415200
256.947125
257.045575
257.207350
257.355350
257.385950
257.593000
257.702800
257.788875
257.938650
258.077350
258.309150
258.730575
258.858125
258.914775
258.957450
258.965000
259.081225
259.122500
259.235250
259.299825
259.316750
259.587600
259.672975
259.758775
259.926950
259.944725
260.072100
260.464050
260.701325
260.739375
261.125775
261.496975
261.518925
261.608100
261.627875
261.689275
261.944800
261.962525
261.991800
262.019975
262.403075
262.426300
262.447875
262.567475
262.857975
262.876075
262.925725
262.996775
263.094150
263.249925
263.263325
263.295150
263.341950
263.424225
263.446000
263.493175
263.733650
263.958250
264.227075
264.256100
264.752900
264.774000
264.807875
264.913750
265.228025
265.456750
265.642900
265.795000
265.861225
265.957900
265.977875
266.146700
266.203750
266.229625
266.261450
266.460950
266.502200
266.724300
266.898375
266.918525
267.029175
267.299175
267.957150
268.093575
268.121475
268.310875
268.681625
268.797425
268.829000
268.906775
268.962750
269.092650
269.249575
269.306850
269.330675
269.373825
269.482350
269.552625
269.730425
269.749225
269.806325
269.827350
269.856650
269.984100
270.024575
270.276700
270.310400
270.349650
270.435800
270.446450
270.842475
270.857950
271.041250
271.323900
271.387125
271.587150
271.763300
271.802125
271.957975
272.129625
272.224925
272.380475
272.482000
272.554750
272.705575
273.011300
273.170575
273.541100
273.559200
273.584025
273.612075
273.638250
273.718800
273.879175
274.041500
274.099800
274.197075
274.236600
274.362275
274.452375
274.461825
274.541525
274.685125
274.856400
274.869350
274.972075
275.019375
275.167400
275.213200
275.283450
275.346200
275.413000
275.514975
275.661825
275.948300
276.274775
276.278000
276.327400
276.482125
276.544125
276.558700
276.985750
277.142325
277.214950
277.233675
277.363375
277.720075
277.792925
278.092400
278.229325
278.418975
278.495600
278.601825
278.910725
279.029075
279.057425
279.243000
279.377925
279.393300
279.437000
279.562800
279.663200
279.728500
279.855400
279.901275
280.160800
280.418875
280.509125
280.716300
280.983300
281.086750
281.409475
281.437350
281.579375
281.819350
281.866375
281.959100
281.976600
282.142025
282.284850
282.716275
282.733075
282.876125
283.130425
283.164450
283.693550
283.738700
283.780150
283.892800
283.948150
283.972850
284.046475
284.166400
284.185550
284.375150
284.655525
284.717250
284.756225
284.787500
284.862900
285.178900
285.296825
285.346075
285.863475
286.108725
286.209450
286.249775
286.307950
286.334075
286.399400
286.636575
286.718575
286.817700
287.020225
287.065725
287.234400
287.274950
287.436400
287.578550
287.673825
287.747200
287.817225
288.031600
288.044750
288.062350
288.124950
288.228725
288.309850
288.375175
288.559475
288.677550
288.962550
289.018175
289.193750
289.268225
289.405650
289.524775
289.714350
289.799450
289.919900
289.965125
289.995000
290.131925
290.149500
290.165850
290.254800
290.349000
290.694475
290.708975
290.757075
290.824075
290.867350
290.950025
290.997250
291.452425
291.597000
291.661250
291.696675
291.804125
291.848450
291.865875
291.998525
292.030525
292.058550
292.145675
292.165275
292.275525
292.299200
292.346600
292.481300
292.606675
292.658825
292.761325
292.795925
292.952425
293.020650
293.068525
293.114975
293.165300
293.196625
293.207125
293.230450
293.269750
293.293875
293.706625
293.796375
293.798025
293.873700
294.293175
294.495500
294.601300
294.701325
294.709250
294.805275
294.849575
294.856375
294.997825
295.201200
295.402775
295.817600
296.063400
296.303325
296.529800
296.601100
296.649175
296.802850
296.923725
297.048450
297.051050
297.057625
297.247150
297.353550
297.402000
297.448400
297.564200
297.971725
298.013650
298.046425
298.168350
298.401650
298.554325
298.599175
298.646200
298.679500
298.700750
298.709875
298.754150
298.766850
298.796025
298.996800
299.025175
299.148900
299.247625
299.379000
299.585275
299.613875
299.758900
299.783250
299.956450
300.015375
300.036075
300.082725
300.105150
300.320675
300.441550
300.449550
300.458525
300.492375
300.624325
300.791150
300.948325
301.582500
301.707725
301.826775
302.124475
302.148750
302.213575
302.244450
302.287075
302.691050
302.810200
303.050600
303.085200
303.368150
303.611775
303.756375
303.803250
303.955325
304.077800
304.382900
304.523350
304.865225
304.968075
305.297700
305.360825
305.449175
305.511025
305.567975
305.641575
305.684750
305.761125
305.831350
305.937750
306.210425
306.268425
306.371700
306.616025
306.632400
306.648575
306.765350
306.975050
307.009225
307.244400
307.619975
307.639850
307.667775
307.763525
307.815000
307.839150
307.947300
308.026725
308.106850
308.240375
308.314125
308.476425
308.552325
308.927500
309.068625
309.120925
309.260800
309.293200
309.317050
309.379100
309.593550
309.684475
310.174425
310.249925
310.398875
310.643075
310.754925
310.771900
310.848600
310.938550
310.944475
311.361150
311.380250
311.430375
311.600250
311.709750
311.819850
311.937175
311.957400
312.038925
312.254725
312.273800
312.711000
312.742500
312.790625
312.804625
312.822150
312.864350
313.057475
313.401950
313.828275
314.015675
314.065700
314.238725
314.264950
314.318925
314.657400
314.677700
314.780450
314.855725
314.890575
315.288975
315.307525
315.399700
315.599500
315.669975
315.698775
315.930100
316.074400
316.435325
316.445500
316.522125
316.817775
317.017175
317.045375
317.228000
317.446075
317.497825
317.538300
317.900150
317.990625
318.012550
318.278550
318.809450
318.836525
318.857900
319.048800
319.059000
319.280050
319.403200
319.424225
319.426350
319.479625
319.871125
319.886850
319.913500
320.264025
320.309875
320.323175
320.358125
320.822550
320.836400
321.110850
321.198575
321.257200
321.347975
321.373700
321.690600
321.734425
321.786075
321.863850
321.903275
322.103950
322.257350
322.337600
322.441950
322.459500
322.843150
322.976500
323.144675
323.246225
323.377250
323.453825
323.715050
323.924800
324.005100
324.029600
324.265975
324.441350
324.533325
324.621825
324.639225
324.885525
324.916950
325.101075
325.159150
325.249675
325.422875
325.496975
325.569350
325.679675
325.765425
325.814125
325.850350
325.891050
325.960825
326.224700
326.300550
326.359400
326.415850
326.430000
326.577550
326.593850
327.033000
327.077850
327.192025
327.269900
327.497525
327.526850
327.546600
327.707875
327.862975
327.910550
327.989900
328.070575
328.239875
328.389100
328.514300
328.529600
328.552750
328.664700
328.784575
328.842675
329.659750
329.748100
329.846925
330.005725
330.299725
330.445325
330.645525
330.905125
330.934675
330.976475
331.155400
331.177600
331.311825
331.421425
331.459025
331.548425
331.696075
331.846300
331.910525
331.976400
332.163525
332.378250
332.461850
332.493775
332.559925
332.604900
332.629700
332.691125
332.781575
332.890150
332.961075
333.000500
333.225650
333.498650
333.734375
334.005275
334.083950
334.175450
334.333050
334.526125
334.911875
334.928800
334.970275
335.056725
335.115300
335.176450
335.296100
335.473275
335.494600
335.755250
335.776650
335.922550
335.963825
336.197300
336.289775
336.546975
336.563850
336.853575
336.869175
336.908350
337.040100
337.303475
337.440875
337.601225
338.030050
338.151950
338.368825
338.401550
338.448525
338.469225
338.481625
338.548650
338.601775
338.688325
338.777025
338.815675
338.831850
338.846175
338.906700
338.946375
339.219225
339.227125
339.399900
339.495400
339.547025
339.797300
339.855800
339.858900
339.898950
339.963900
340.201700
340.261600
340.276025
340.320675
340.598525
340.993900
341.049600
341.243725
341.339650
341.658175
341.673300
341.790025
341.894500
342.000050
342.216550
342.223675
342.308550
342.366200
342.627500
342.645900
342.812475
342.893875
342.945450
343.147300
343.191200
343.242275
343.417975
343.491800
343.514800
343.591700
343.717100
343.809250
343.874825
343.990200
344.019125
344.194125
344.255875
344.304700
344.319950
344.348250
344.449600
344.509500
344.564650
344.668725
344.793825
344.965825
345.115675
345.205975
345.364225
345.426400
345.473225
345.690925
345.713325
345.853475
345.904825
346.139025
346.351275
346.449175
346.474950
346.496850
346.507850
346.571225
346.674775
347.144150
347.218125
347.253975
347.372050
347.409375
348.013825
348.121225
348.271700
348.292575
348.444500
348.457350
348.692825
348.876725
349.003650
349.042500
349.757425
349.854425
350.012775
350.180500
350.409575
350.504325
350.543325
350.560975
350.584500
350.733050
350.833975
350.900250
351.144100
351.175975
351.420100
351.509950
351.815025
351.846325
351.867125
351.905500
351.967825
352.005975
352.190025
352.477250
352.568825
352.581500
352.758250
352.929875
353.062150
353.107750
353.163025
353.241825
353.309325
353.497900
353.506675
353.533850
353.543350
353.600625
353.701050
353.870525
353.893275
353.998850
354.015350
354.182000
354.401375
354.454775
354.707750
354.801475
354.831525
354.878000
354.945100
355.052675
355.200175
355.385225
355.588475
355.835875
355.915950
355.978450
356.241325
356.259475
356.363350
356.651675
356.815875
356.842175
356.934700
357.073825
357.127675
357.173600
357.297950
357.391250
357.687600
357.742975
357.914750
357.986675
358.045300
358.204700
358.276325
358.320050
358.377300
358.386000
358.481750
358.530325
358.725400
358.756300
358.866700
359.017225
359.037425
359.271350
359.289125
359.342575
359.605725
359.650150
360.033425
360.236900
360.384250
360.494850
360.507725
360.638000
360.737250
360.748025
360.763975
360.916250
360.931225
361.225775
361.383825
361.560525
361.627225
361.652500
361.738175
361.939850
362.044425
362.095875
362.416300
362.582550
362.609975
362.834900
362.915850
363.085075
363.206625
363.287250
363.402150
363.427975
363.527475
363.543850
363.579700
363.592875
363.609400
363.663900
363.785525
363.854350
364.256625
364.285000
364.381200
364.735850
364.802075
364.904075
365.127275
365.168900
365.500000
365.677775
365.863775
366.338450
366.488175
366.807225
367.047275
367.374925
367.516750
367.584050
367.708275
367.781700
367.867200
368.011625
368.367450
368.515125
368.541750
368.563075
368.701600
369.076125
369.204275
369.295175
369.683375
369.840750
369.997700
370.053075
370.083900
370.307700
370.324500
370.351800
370.538125
370.761875
370.917700
370.938375
371.072500
371.353925
371.494450
371.578100
371.625075
371.712900
371.730125
371.764850
371.885850
371.954375
372.206775
372.230475
372.250750
372.473900
372.728125
372.744650
372.801875
372.926250
373.251475
373.431200
373.833075
374.138875
374.231725
374.547150
374.606750
375.015375
375.058725
375.081825
375.151000
375.575850
375.689975
375.710200
375.850375
376.040975
376.112925
376.267000
376.290400
376.555675
376.599700
376.624000
376.690800
376.960425
377.250875
377.268000
377.308525
377.394725
377.410500
377.718650
377.746100
377.828825
377.999350
378.037425
378.435975
378.487850
378.664775
378.745075
379.076950
379.573350
379.643025
379.707050
379.746875
379.884875
379.936525
379.945800
379.976500
379.996350
380.015300
380.073125
380.173725
380.443725
380.510850
380.609200
380.822600
381.007525
381.603975
381.633275
381.790775
382.007850
382.029425
382.083000
382.105325
382.263050
382.459850
382.499925
382.759975
382.825050
382.864950
382.974150
383.083700
383.219525
383.386075
383.543100
383.561025
383.723000
383.734050
383.765100
383.833625
383.913475
383.948250
384.000875
384.035375
384.259025
384.476850
384.494925
384.779750
385.124975
385.302850
385.334800
385.659475
385.668725
385.717525
385.754650
385.792725
385.808875
385.823200
386.025575
386.276200
386.364000
386.432800
386.474125
386.650400
386.766950
386.865100
386.884200
386.898475
386.943475
387.011025
387.126650
387.544975
387.649475
387.935225
388.192225
388.535525
388.551200
388.793500
388.971175
389.051300
389.244100
389.294050
389.504000
389.587250
389.606225
389.841225
390.063225
390.110875
390.144375
390.190950
390.495025
390.590325
390.691225
390.706625
390.787575
390.809900
390.840750
390.963275
391.009000
391.341725
391.450725
391.608325
391.653600
391.737350
391.761175
391.847325
391.942050
391.989275
392.145300
392.217850
392.403300
392.691750
392.889700
392.912325
393.203575
393.238750
393.343400
393.491400
393.757825
393.919600
394.021550
394.189225
394.288375
394.352400
394.388200
394.441275
394.558625
394.593375
394.710025
394.837675
394.985625
395.165825
395.621575
395.788225
395.889950
395.945800
396.110400
396.241750
396.386625
396.436275
396.872425
397.041175
397.134475
397.189750
397.242000
397.749350
397.890200
397.989850
398.102325
398.140775
398.171375
398.295950
398.355950
398.406250
398.441675
398.457300
398.597850
398.691075
398.788400
398.935600
399.094100
399.148725
399.191275
399.230100
399.278425
399.292625
399.741875
399.759875
399.900525
400.030150
400.128425
400.355425
400.637400
400.652275
400.996975
401.243125
401.357175
401.492825
401.513225
401.534025
401.723050
401.783375
402.078075
402.340450
402.361725
402.466525
402.588225
402.622025
402.746075
402.816875
402.921225
403.546975
403.692875
403.886375
404.091725
404.450775
404.473675
404.624725
404.630975
405.103225
405.113175
405.133875
405.246325
405.838825
405.910175
405.955225
406.058675
406.443950
406.684450
406.834725
406.902300
407.076525
407.086125
407.979200
408.810025
408.967350
409.176600
409.361050
409.856775
410.185700
410.993500
411.050275
411.243425
411.743900
412.033725
412.081875
412.114275
412.168800
413.258875
413.504375
413.537300
413.724175
413.752350
413.846350
413.985050
414.181725
414.220000
414.320025
414.436625
414.563325
414.612025
414.842200
414.861025
415.911925
415.941750
416.216500
416.474375
416.492100
417.065875
417.159925
417.314875
417.358575
417.767750
417.823875
418.299625
418.457475
418.637075
419.251400
419.332000
419.419075
419.449200
419.550525
419.854025
419.896800
419.925975
419.938450
420.327525
422.939500
423.272275
423.324050
423.367725
423.945025
423.970825
424.134525
424.351700
424.411375
424.780325
424.888525
426.509450
426.563700
426.648300
426.664725
426.785725
427.638825
427.957650
427.993375
428.208250
428.496850
428.545200
428.561325
428.664675
428.814375
429.082525
429.259425
429.321600
429.350500
429.468100
429.935325
430.098900
430.190450
430.307925
430.506700
430.561575
430.644100
430.669425
430.707650
430.743750
430.848875
431.581075
431.634950
431.754575
432.716300
432.954275
433.108075
433.241525
433.303575
433.316200
433.632450
433.728125
433.748700
433.993100
434.063450
434.307700
434.633275
434.720200
434.767225
434.791100
434.950350
435.308850
435.379675
435.504700
435.795050
435.937175
435.949325
436.093225
436.121575
436.156350
436.242475
436.478875
436.792100
436.882225
436.916350
437.059800
437.374725
437.615825
437.627400
437.720625
437.888525
438.123450
438.149175
438.180000
438.511975
438.872950
438.936300
439.347300
439.447900
439.584325
439.699825
440.037300
440.095800
440.195625
440.235675
440.585800
440.786200
441.164150
441.281200
441.485950
441.632350
441.661575
441.856850
442.030450
442.352700
442.501550
442.638775
442.736150
442.940100
443.014900
443.184175
443.295675
443.337675
443.399450
443.436075
443.439650
443.566650
443.632425
443.784025
444.207625
444.239075
444.331650
444.363800
444.491000
444.547125
444.597825
444.636775
444.665900
445.032725
445.203025
445.234250
445.284425
445.436850
445.565600
445.585225
445.639100
445.693900
446.201025
446.288825
446.441625
446.535300
446.546375
446.889550
446.936500
447.288200
447.397025
447.690325
447.768125
447.833600
448.198150
448.235025
448.304300
448.350875
448.434000
448.537775
448.638775
448.742850
448.807575
448.904050
448.933000
448.998400
449.183050
449.197150
449.338375
449.515950
449.629300
449.717700
449.823400
450.013050
450.048550
450.112050
450.158350
450.339200
450.494650
451.035825
451.080775
451.100450
451.116500
451.182050
451.193350
451.232475
451.396525
451.586150
451.811050
452.020925
452.037275
452.069075
452.203875
452.295850
452.318925
452.379625
452.514925
452.682950
452.803650
453.050775
453.166625
453.298800
453.554975
453.608125
453.794575
453.847600
453.888200
453.906475
453.986450
454.001400
454.071150
454.084875
454.137500
454.452200
454.506900
454.522600
454.539450
454.590900
454.664450
454.703300
454.871100
454.911650
455.035175
455.120225
455.177875
455.291425
455.306200
455.437075
455.658475
455.815300
455.843950
455.927225
456.004600
456.379375
456.388850
456.399525
456.414325
456.454625
456.486150
456.731925
456.758975
456.771800
456.830550
457.024500
457.144825
457.184475
457.190200
457.230650
457.266350
457.344500
457.502450
457.658375
457.678425
457.761850
458.114225
458.186400
458.508700
458.530575
458.550325
458.577625
458.846125
458.903000
458.980700
459.013650
459.199075
459.304925
459.346950
459.678550
459.911850
460.005225
460.085150
460.249025
460.326275
460.342275
460.367150
460.820025
460.934425
460.943200
461.391025
461.485250
461.788475
461.837650
461.949175
462.332725
462.417550
462.473050
462.582750
462.737300
462.932825
463.157950
463.215600
463.580275
463.634200
463.654450
463.683000
463.711050
463.904425
463.933250
463.948300
464.322700
464.334550
464.395625
464.597425
464.843375
465.060750
465.090275
465.255000
465.339350
465.430525
465.524275
465.676100
465.715775
465.753625
465.790900
466.014775
466.039725
466.069725
466.443900
466.612525
466.765375
466.853100
466.952325
467.269525
467.324200
467.401600
467.516750
467.591875
467.792125
467.926300
468.079475
468.112100
468.239575
468.274100
468.343650
468.476825
468.579800
468.636250
468.820350
468.936475
469.108950
469.243625
469.509500
469.731950
469.762750
469.814600
470.136825
470.155950
470.190025
470.225300
470.363425
470.537525
470.860450
471.079800
471.117875
471.313200
471.796300
471.834325
471.877100
471.933125
471.946650
471.980525
472.029625
472.262650
472.295425
472.364450
472.381125
472.429850
472.471275
472.508725
472.527675
472.717825
472.725350
472.757825
472.831850
473.055050
473.147475
473.295650
473.329600
473.395600
473.571425
473.598250
473.708325
473.836050
473.935600
473.961500
474.167675
474.269050
474.474500
474.833325
475.188700
475.212875
475.237000
476.007050
476.061450
476.157275
476.188525
476.395750
476.414725
476.441925
476.646900
476.694775
476.965775
477.083800
477.108875
477.383775
477.410950
477.739650
477.762050
477.858250
477.996625
478.023950
478.205725
478.237950
478.332450
478.350975
478.501725
478.699600
478.766425
478.780275
479.171750
479.223875
479.300875
479.449175
479.506575
479.691575
479.799850
480.003725
480.045025
480.161050
480.183850
480.201550
480.332625
480.453400
480.605125
480.647725
480.680550
480.711750
480.736375
480.864900
481.080900
481.576400
481.711725
481.747525
481.893225
482.151925
482.178675
482.204950
482.613825
482.673300
482.773950
482.856350
483.022225
483.067050
483.106400
483.317350
483.540525
483.582775
483.599775
483.698025
483.878250
483.964100
484.075650
484.228850
484.267100
484.407175
484.443100
484.517000
484.536175
484.716675
484.911400
484.937300
485.023475
485.083025
485.108900
485.170275
485.207650
485.377425
485.564500
485.592250
485.634600
485.682275
485.708550
485.874875
485.918150
486.247100
486.333275
486.387625
486.475075
486.519500
486.595900
486.692250
486.709725
486.877350
486.907700
487.086000
487.279150
487.465925
487.510100
487.537575
487.568775
487.632050
487.885125
487.995225
488.104975
488.238850
488.338600
488.350175
488.401850
488.427550
488.471050
488.502000
488.525475
488.660275
488.928500
488.929950
489.174550
489.246350
489.283275
489.429850
489.448900
489.578475
489.690600
489.697850
489.781175
489.789075
489.832650
489.842125
490.328975
490.528125
490.579725
490.661225
490.786300
490.829325
490.990325
491.030800
491.057400
491.108325
491.205800
491.255650
491.384075
491.430550
491.533750
491.733275
491.781675
491.858275
492.002375
492.186250
492.209350
492.251550
492.308050
492.343725
492.431350
492.481775
492.583550
492.597100
492.686750
492.733425
492.743825
492.779500
492.808900
492.984325
493.152775
493.327325
493.336950
493.379575
493.650675
493.955250
494.081875
494.129600
494.353900
494.447450
494.491000
494.691700
494.931150
495.031400
495.150225
495.177150
495.481900
495.496575
495.541150
495.578050
495.587575
495.848575
496.148100
496.541975
496.632475
496.706325
496.930775
497.084900
497.197525
497.280950
497.497750
497.512225
497.581150
497.630200
497.996925
498.531500
498.542800
498.597000
498.890250
498.938625
499.455450
499.539300
499.590700
499.768800
499.803725
499.886300
499.945025
500.068425
500.110500
500.318675
500.555200
500.602925
500.624175
500.642700
500.734225
500.787650
500.928550
500.991350
501.081675
501.117975
501.547475
501.644525
501.692625
501.740750
501.827925
502.572325
502.727300
502.799225
502.989925
503.022925
503.077150
503.087475
503.136275
503.185975
503.465525
503.546225
503.620500
503.794025
504.331325
504.427800
504.575775
504.762550
504.769100
504.780500
504.958050
505.029875
505.041450
505.448475
505.590075
505.617525
505.664350
505.700775
505.843850
505.917300
506.029125
506.151800
506.186725
506.210100
506.270625
506.314625
506.493200
506.510525
506.604225
506.714525
506.741125
506.851375
506.903250
506.924275
506.983875
507.057125
507.098925
507.149575
507.182200
507.332225
507.374275
507.395675
507.473925
507.726700
507.743075
507.866800
507.928350
508.134025
508.233525
508.272300
508.397475
508.611400
508.654400
508.698825
508.817850
508.871200
509.122325
509.159850
509.556850
509.644125
510.246750
510.384475
510.427625
510.499900
510.593350
510.690250
510.718550
510.763375
510.857425
511.118275
511.199800
511.391300
511.424950
511.476375
511.550025
511.600050
511.635325
511.647575
511.705675
511.753800
512.153550
512.480800
512.887050
512.947100
512.993725
513.008925
513.088225
513.138600
513.487950
513.588275
513.918675
513.942000
514.561025
515.033200
515.402575
515.575000
515.731500
515.862200
515.914125
515.955175
515.970650
516.026825
516.154775
516.200325
516.281175
516.534500
516.806500
517.171300
517.240975
517.259775
517.312175
517.404475
517.579525
517.746850
517.820225
517.982925
518.076925
518.159900
518.260900
518.474175
518.556250
518.746175
519.097900
519.313625
519.480550
519.519350
519.601050
519.706675
519.809675
520.062150
520.085150
520.268025
520.343750
520.357750
520.375075
520.443975
520.494125
520.564050
520.655100
520.828750
520.855375
520.959600
520.974850
521.385150
521.449675
521.622250
521.715325
521.739550
521.779625
521.818275
521.968400
522.257600
522.400425
522.445925
522.552525
522.712175
522.872425
522.889575
523.050900
523.545625
523.561825
523.645725
523.694250
523.882375
524.041225
524.066750
524.259550
524.336625
524.415600
524.445500
524.456800
524.667225
524.834025
524.848200
524.868300
524.891350
524.896525
525.036625
525.089500
525.154550
525.191050
525.253300
525.309625
525.371775
525.516825
525.534650
525.586975
525.901050
526.030175
526.241825
526.356350
526.486275
526.754275
526.977275
527.000375
527.286800
527.361875
527.540475
527.579750
527.598125
528.051550
528.107975
528.218450
528.266950
528.336100
528.367300
528.870750
529.002200
529.475625
529.847975
529.916925
530.063200
530.086725
530.179825
530.203300
530.570750
530.618300
530.750025
530.803400
530.932900
531.205500
531.288125
531.373200
531.411925
531.479200
531.750400
531.975825
532.067350
532.366900
532.413175
532.441250
532.719175
532.735950
532.959075
533.089175
533.126850
533.166150
533.243500
533.373850
533.618175
533.667700
533.781875
533.817625
533.845875
533.914825
534.118225
534.148500
534.251275
534.285500
534.334650
534.490600
534.509650
534.529800
534.581050
534.607975
534.707700
534.798850
534.877425
534.899775
535.035925
535.363500
535.647450
535.722675
535.743700
536.083375
536.098875
536.169675
536.222475
536.253275
536.412500
536.497200
536.591200
536.603450
536.895900
536.920025
536.960075
537.057875
537.302675
537.325575
537.382650
537.404975
537.461225
537.538975
537.895525
538.082300
538.164575
538.236475
538.279700
538.573625
538.598625
538.807600
538.940050
538.971075
539.016375
539.049250
539.066675
539.150125
539.324925
539.394125
539.627400
539.646075
539.662775
539.843000
539.875475
540.012175
540.134750
540.176850
540.184875
540.250675
540.301150
540.375075
540.401975
540.458950
540.682150
540.727350
540.924000
540.994625
541.138175
541.227950
541.322575
541.397375
541.506625
541.679175
541.720200
