0.136900
0.303375
0.405975
0.675275
1.033475
1.142375
1.211225
1.293400
1.350400
1.462950
1.495625
1.564200
1.597225
1.600925
1.832700
1.901475
2.057475
2.079875
2.161350
2.694850
2.739400
3.255075
3.261775
3.302475
3.359650
3.580750
3.583175
3.762325
3.847350
3.867500
3.915275
3.981850
4.167100
4.351500
4.432150
4.450550
4.530250
4.577100
4.617750
4.676300
4.725675
5.007975
5.252500
5.279475
5.328925
5.342800
5.351700
5.459675
5.557375
5.594000
5.722300
5.756100
5.839700
5.858500
6.415000
6.452625
6.493550
6.542575
6.787950
6.789450
6.855525
6.914725
6.942225
7.065175
7.080425
7.106225
7.304850
7.391400
7.432975
7.504325
7.579675
7.597850
7.619100
7.659500
7.676950
7.836525
7.908650
7.968225
7.982900
7.998250
8.072625
8.166300
8.293600
8.303950
8.426225
8.431650
8.509975
8.514000
8.535225
8.622200
8.706600
8.751150
8.915900
8.999550
9.018725
9.060700
9.092200
9.146150
9.627350
9.786925
9.816500
9.903025
10.092775
10.149325
10.192025
10.214650
10.297450
10.310275
10.384050
10.461550
10.507625
10.514150
10.533400
10.593925
10.803025
10.919050
10.924800
10.991975
11.124650
11.177100
11.240075
11.302425
11.395650
11.404600
11.435100
11.477725
11.742400
11.853150
11.882075
12.189850
12.210825
12.411600
12.538175
12.580000
12.605000
12.677575
12.691625
12.803325
13.017250
13.091825
13.181500
13.224325
13.256250
13.264550
13.335475
13.372925
13.478425
13.505350
13.573025
13.607750
13.774650
13.949075
14.007800
14.134525
14.183850
14.235800
14.350700
14.523925
14.570575
14.676975
14.999025
15.034975
15.099225
15.173175
15.213475
15.280100
15.543500
15.619225
15.850000
15.902900
16.112325
16.248150
16.362800
16.367050
16.402875
16.450275
16.565900
16.653775
16.705525
16.743925
16.813350
16.995400
17.127350
17.207525
17.255875
17.284800
17.304950
17.508725
17.634800
17.659775
17.808150
17.850025
17.853375
18.017225
18.038775
18.045775
18.081425
18.563125
18.699500
18.772850
18.879575
19.078650
19.128675
19.159050
19.181550
19.261675
19.419875
19.533050
19.612900
19.673300
19.704800
19.709625
19.840575
19.852575
19.863175
20.181375
20.240800
20.387600
20.678525
20.892125
21.099825
21.207625
21.356550
21.371325
21.466325
21.473175
21.642725
21.653625
21.663900
21.700975
21.848075
21.949275
21.965525
22.105700
22.660475
22.670350
22.780550
22.870775
23.062775
23.090150
23.186075
23.226425
23.380275
23.428675
23.472950
23.501175
23.514550
23.607675
23.729700
24.006250
24.145350
24.210200
24.219650
24.393000
24.547950
24.670650
24.685050
24.696800
24.894300
24.932750
25.098550
25.214375
25.237050
25.251400
25.262600
25.351950
25.430800
25.451900
25.609650
25.618425
25.660600
25.844100
25.851050
25.865150
25.969150
26.048625
26.066275
26.079225
26.330725
26.415650
26.458525
26.570900
26.647850
26.656100
26.763525
26.765700
26.927250
26.999025
27.026825
27.055175
27.059050
27.243750
27.675900
27.889125
28.103800
28.338275
28.429475
28.489500
28.541175
28.570900
28.612075
28.614200
28.649900
28.738075
28.900275
29.129975
29.170125
29.182075
29.234875
29.505900
29.604975
29.707575
29.761275
29.876450
30.101625
30.156200
30.162075
30.312300
30.343475
30.541500
30.576750
30.948250
31.055200
31.060325
31.574700
31.667525
31.785125
31.845750
31.915775
31.956875
32.065575
32.138300
32.417450
32.526475
32.540650
32.568625
32.892150
32.984125
33.035600
33.064950
33.156725
33.210200
33.239150
33.408650
33.459025
33.562050
33.616275
33.639125
33.790350
33.812450
33.921975
34.064175
34.116425
34.207275
34.221125
34.399600
34.573000
34.654275
34.660725
34.662750
34.699500
34.739800
34.801525
34.865375
34.930750
35.166350
35.274650
35.341350
35.364050
35.563625
35.737775
35.823875
36.010925
36.092025
36.211975
36.262000
36.331900
36.487875
36.534950
36.932950
36.935575
36.943650
37.018525
37.035025
37.316700
37.341400
37.433225
37.482550
37.565600
37.694225
37.953050
38.266050
38.381625
38.512875
38.624025
38.642800
38.765950
38.777675
38.818350
38.858825
38.910100
39.001200
39.035550
39.165050
39.175725
39.256450
39.311150
39.389175
39.413475
39.534925
39.630375
39.773325
39.808525
39.908800
40.025575
40.078225
40.212175
40.304925
40.317200
40.387750
40.420550
40.425100
40.529550
40.565275
40.600350
40.878575
40.989900
41.010900
41.097275
41.168375
41.185875
41.240425
41.324450
41.430775
41.498700
41.587275
41.683375
41.718275
41.945300
41.957550
41.992950
42.001650
42.045000
42.060625
42.134300
42.216350
42.241900
42.317900
42.356200
42.505275
42.654025
42.747150
42.754350
42.824825
42.849300
42.905775
42.911750
43.052600
43.082200
43.212600
43.272050
43.308125
43.345725
43.474750
43.549750
43.697425
43.699775
43.943000
44.063650
44.085550
44.230700
44.246725
44.248775
44.350625
44.434025
44.468775
44.509400
44.556975
44.591275
44.624250
44.697975
44.787650
44.814050
44.826300
44.853050
44.873650
44.890250
44.911075
45.136975
45.304850
45.382050
45.503775
45.548875
45.838200
45.975600
46.099500
46.253675
46.284450
46.295300
46.418775
46.511325
46.565575
46.616600
46.676775
46.722600
46.746400
46.819325
46.845975
46.978775
47.046400
47.135125
47.237625
47.373375
47.386400
47.400475
47.466925
47.479375
47.983900
48.055475
48.210475
48.288750
48.308925
48.481975
48.569550
48.665675
48.677600
48.736800
48.799750
48.878075
48.988850
49.139875
49.180225
49.204850
49.374300
49.511350
49.525450
49.604000
49.784325
49.829150
49.892425
49.917975
50.005500
50.020775
50.027375
50.054775
50.093900
50.137275
50.194675
50.451425
50.490525
50.666925
50.898300
50.973375
51.067150
51.112650
51.244400
51.351950
51.723450
51.879125
52.021525
52.041100
52.250350
52.438725
52.683900
52.892075
52.927925
53.125250
53.268800
53.358550
53.436075
53.469675
53.569025
53.627325
53.711350
53.725350
53.776075
53.900250
54.004925
54.111175
54.155775
54.229350
54.353300
54.385150
54.458200
54.531400
54.560250
54.697625
54.714275
54.806075
54.852975
54.868200
54.877700
54.958725
55.000950
55.087775
55.100150
55.128675
55.153475
55.176850
55.189825
55.279825
55.306775
55.329975
55.352775
55.368050
55.385450
55.401550
55.496725
55.550800
55.609675
55.635200
55.651375
56.002975
56.161975
56.173550
56.261425
56.274875
56.465725
56.776500
57.014875
57.027375
57.090650
57.284750
57.377125
57.418800
57.424075
57.438150
57.475825
57.749175
57.907700
57.931725
58.071125
58.238250
58.361250
58.447300
58.712125
58.743050
58.779150
58.841150
58.939325
58.944700
59.004050
59.013700
59.278500
59.344025
59.389475
59.423675
59.439625
59.479925
59.545500
59.556175
59.624350
59.683300
59.905325
59.937025
60.066700
60.131825
60.159375
60.206775
60.396375
60.417750
60.423500
60.507900
60.707800
60.753900
60.774175
60.890975
60.906825
61.000400
61.042950
61.082725
61.089025
61.228050
61.263550
61.312625
61.339300
61.361025
61.480900
61.589175
61.608500
61.631950
61.653450
61.685800
61.768600
61.842325
61.874675
61.936325
61.954900
61.967625
61.992250
62.007575
62.023275
62.111225
62.273275
62.308150
62.387100
62.479775
62.563575
62.755375
62.813075
62.851825
63.027000
63.042525
63.110175
63.155175
63.182475
63.283150
63.396800
63.543100
63.619250
63.631100
63.718850
63.759125
63.816400
63.958325
64.166650
64.191025
64.312800
64.461350
64.482575
64.542325
64.831475
64.882975
65.015750
65.022775
65.063075
65.073300
65.106075
65.123975
65.197025
65.235600
65.439875
65.592350
65.719325
65.805325
65.856325
65.865475
65.873650
65.878550
65.972175
66.029025
66.034125
66.051600
66.185200
66.301250
66.371900
66.476700
66.560675
66.631950
66.790275
67.227775
67.268325
67.303450
67.304725
67.475725
67.524350
67.705450
67.751600
67.841725
67.851225
67.982975
68.130700
68.187150
68.228300
68.285200
68.380950
68.427800
68.519325
68.753375
68.852975
69.035500
69.056325
69.098600
69.226775
69.302425
69.328825
69.407500
69.419825
69.464800
69.666600
69.683300
69.774950
69.783050
69.902350
70.021600
70.032250
70.196750
70.236650
70.289950
70.312750
70.400950
70.413625
70.476450
70.517600
70.540500
70.564775
70.577575
70.580550
70.589450
70.745150
70.781550
70.789025
70.888900
70.894250
70.956975
70.961425
71.046975
71.121950
71.164125
71.257450
71.370600
71.448275
71.491925
71.500175
71.553150
71.621225
71.681250
71.714200
71.784175
71.817150
71.844100
71.885375
71.913575
72.106000
72.216825
72.221525
72.241375
72.665225
72.707925
72.718325
72.741275
72.781900
72.806800
72.839725
72.852025
72.861500
72.916325
72.997550
73.036250
73.408275
73.491900
73.515750
74.255300
74.693550
74.791525
75.026275
75.084125
75.178925
75.200525
75.280700
75.499175
75.512100
75.651600
75.816250
75.829925
75.838575
75.923125
76.271925
76.334350
76.364200
76.776250
76.912000
77.154800
77.512750
77.558300
77.637650
77.713325
77.751600
78.217900
78.553825
78.624825
78.719000
78.862400
78.898150
79.134350
79.530075
79.733200
79.862850
79.886450
80.079425
80.229400
80.253250
80.358275
80.497800
80.548875
80.605025
80.615800
80.662625
80.964750
81.347650
81.369250
81.831575
81.986625
82.057775
82.636675
82.941300
82.972375
83.094450
83.193475
83.202200
83.409125
83.490600
83.607375
83.626225
83.766975
83.927075
83.952550
84.217725
84.254800
84.302250
84.332950
84.471675
84.687800
84.739575
84.777200
84.812275
84.971750
85.185150
85.212525
85.222525
85.688900
85.730825
86.039550
86.247375
86.312050
86.419425
86.471100
86.552575
86.560625
86.689200
86.718000
86.780425
86.853700
87.047975
87.080150
87.207325
87.311525
87.366475
87.648000
87.791125
87.939975
87.958025
87.967075
88.028025
88.116850
88.160775
88.472400
88.485225
88.519450
88.806575
88.956525
89.021400
89.031475
89.064350
89.120025
89.196975
89.247300
89.292750
89.313900
89.676375
89.771650
89.796625
89.923250
90.018700
90.267675
90.322675
90.355950
90.461200
90.484925
90.558450
90.691325
90.848675
91.443525
91.577650
91.723675
91.773900
91.794350
91.811425
91.856775
91.885950
91.889275
92.396000
92.758775
92.842750
92.910850
92.971950
93.537075
93.618400
93.722675
94.529675
94.623200
94.668025
94.735250
94.787100
94.834925
95.197925
95.286175
95.875075
95.962875
96.029300
96.031525
96.242425
96.311925
96.667275
96.781100
97.081775
97.272275
97.371450
97.612525
97.642875
97.817550
97.979200
98.135675
98.289900
98.349575
98.541700
98.717225
98.935350
98.969200
99.033025
99.069875
99.196650
99.377575
99.397275
99.461425
99.506575
99.641075
99.862650
99.934050
100.226150
100.254175
100.287800
100.447125
100.465775
100.522300
100.541875
100.632850
100.756650
100.856350
100.872025
100.902950
101.075925
101.336875
101.664875
101.677000
101.743475
101.834700
101.981550
102.297050
102.490350
102.676100
102.737550
102.860750
103.050050
103.149750
103.210325
103.351400
103.964825
104.185075
104.433925
104.497475
104.521850
104.977075
105.031025
105.116375
105.239950
105.405700
105.560200
105.609850
105.675100
105.683950
105.731175
105.786975
105.951300
106.078525
106.447225
106.481100
106.584875
106.677525
106.749250
106.815425
106.895425
106.922450
106.957800
107.039975
107.128475
107.381750
107.403925
107.426875
107.457725
107.532950
107.828700
107.898175
107.966150
108.038750
108.132325
108.163800
108.210500
108.272775
108.342550
108.357950
108.384075
108.518975
108.536225
108.711550
108.718175
108.856975
109.064300
109.294425
109.355425
109.374500
109.611900
109.802100
110.099225
110.107300
110.133725
110.173775
110.261650
110.334175
110.341825
110.528025
110.579350
110.582200
110.686875
110.696625
110.763625
111.024100
111.048175
111.091800
111.147050
111.198750
111.304950
111.407175
111.471600
111.490150
111.775100
111.850975
111.948750
112.111225
112.789150
112.808375
112.935225
113.007375
113.032900
113.249275
113.433400
113.567100
113.620900
113.673650
113.707000
113.755650
113.867900
113.926150
113.946075
114.258950
114.392125
114.421425
114.542150
114.643025
114.666200
114.770475
115.010800
115.061050
115.122700
115.158150
115.226650
115.270600
115.679725
115.853650
115.860550
115.877100
115.903050
116.086450
116.100225
116.104525
116.128850
116.160150
116.243825
116.302125
116.485650
116.538900
116.551200
116.597350
116.609300
117.265000
117.351625
117.495050
117.534300
117.602825
117.640925
117.718850
118.035275
118.115225
118.188225
118.221700
118.347550
118.455500
118.648100
118.752125
118.772825
118.834350
118.932150
119.020675
119.168275
119.202900
119.208125
119.235725
119.284575
119.341625
119.531475
119.738975
119.778575
120.102225
120.158900
120.244400
120.302525
120.484425
120.514200
120.580375
120.594475
120.653175
120.680750
120.685975
120.743100
120.810650
120.855575
120.876275
120.923800
120.941075
121.057775
121.066500
121.103925
121.370900
121.597000
121.854075
121.871625
121.947475
122.083150
122.318250
122.332400
122.446800
122.581400
122.701100
122.754675
122.815325
122.950375
122.959550
123.017350
123.042350
123.474575
123.484925
123.734725
123.812350
123.853675
123.920400
124.011475
124.119700
124.178850
124.195600
124.210525
124.248500
124.295525
124.333425
124.419125
124.460875
124.467525
124.505425
124.509300
124.571850
124.581825
124.700800
124.718075
124.759225
124.828250
124.840000
124.841650
125.162250
125.227075
125.257175
125.267325
125.278950
125.410075
125.438925
125.529000
125.541100
125.542850
125.546475
125.711050
125.747975
125.844025
125.962750
126.076225
126.078925
126.124475
126.148025
126.174425
126.192975
126.206150
126.272375
126.361750
126.606175
126.687150
126.723350
126.774825
126.791700
126.976025
126.981250
127.060175
127.190500
127.231725
127.259650
127.297350
127.345525
127.441400
127.453675
127.569050
127.580175
127.838550
127.932900
127.960475
128.168775
128.255750
128.578400
128.603675
128.672875
128.767575
128.787875
128.838275
128.876650
128.958000
129.002225
129.077575
129.267775
129.282525
129.345800
129.357500
129.457825
129.474825
129.601425
129.661375
129.718375
129.730200
129.817525
129.866525
129.939500
129.976175
130.327325
130.372275
130.551100
130.582350
130.601975
130.695100
130.808350
130.929575
130.942625
130.950300
130.985575
131.007525
131.183850
131.271450
131.338800
131.420275
131.453200
131.716075
131.767850
131.887050
131.917200
132.053325
132.121450
132.314125
132.491150
132.535025
132.613300
132.687450
132.779200
132.806250
132.815125
132.916875
133.063225
133.279775
133.552000
133.780300
133.786900
133.874050
133.946775
133.960200
134.038400
134.086350
134.234150
134.316825
134.854200
134.876275
134.881475
134.937100
134.964550
135.015950
135.031700
135.057475
135.101225
135.150700
135.187825
135.312550
135.418975
135.496725
135.550225
135.651500
135.659725
135.814350
135.989275
136.209625
136.306550
136.376925
136.411750
136.549400
136.568200
136.676675
136.728500
136.859000
137.079475
137.286450
137.302600
137.342900
137.427525
137.451375
137.486250
137.536325
137.553100
137.561225
137.836725
137.866350
137.887600
137.903050
138.236750
138.259825
138.317275
138.332750
138.506850
138.672925
138.772425
138.941250
139.049800
139.201225
139.244100
139.284000
139.463375
139.578975
139.679825
139.731075
139.744600
139.819925
139.945700
139.972425
139.980950
140.040775
140.053100
140.128100
140.153250
140.166400
140.376075
140.462575
140.640525
140.682050
140.699325
140.817000
140.852800
140.969600
141.023675
141.199900
141.260975
141.342650
141.365725
141.444900
141.544550
141.557250
141.734025
141.934375
142.158850
142.217350
142.265600
142.354325
142.382475
142.406450
142.427950
142.634975
142.970150
142.985225
143.062400
143.116325
143.125050
143.158650
143.313400
143.360475
143.377250
143.388700
143.499750
143.634000
143.728925
143.802000
143.925500
143.941900
143.955175
143.969300
144.011650
144.164775
144.257700
144.329150
144.356225
144.381475
144.533100
144.554575
144.567450
144.797625
144.865850
144.883925
144.939775
144.944825
144.949875
144.962875
144.979950
144.990875
145.072675
145.077300
145.125250
145.195050
145.301975
145.336125
145.438625
145.507725
145.615400
145.881175
145.918925
145.929400
145.979325
146.017275
146.258500
146.310125
146.448400
146.508325
146.634075
146.672125
146.704750
146.798300
146.838850
146.891200
146.901625
146.971775
147.160050
147.393400
147.695175
147.764850
147.837350
147.869375
147.885275
148.013425
148.047975
148.117100
148.131425
148.174425
148.290750
148.336200
148.362925
148.452325
148.540000
148.653425
148.712100
148.776225
148.810300
148.822050
149.005500
149.007475
149.153525
149.214100
149.231200
149.449900
149.651975
149.670400
149.716600
149.723450
149.727850
149.893425
150.102075
150.143575
150.303925
150.475350
150.478250
150.635050
150.753125
150.838225
151.049700
151.100150
151.189875
151.293600
151.313650
151.578850
151.604150
151.997325
152.123925
152.540550
152.562200
152.613925
152.654600
152.689700
152.803950
152.844800
152.981450
153.116225
153.168350
153.239025
153.261225
153.354525
153.373100
153.436575
153.611700
153.680750
153.691800
153.762950
153.917725
153.969600
153.990825
154.173375
154.285825
154.324200
154.348125
154.373050
154.556975
154.598900
154.652175
154.754775
154.811500
154.820500
154.962775
154.987400
155.047700
155.058000
155.063525
155.196400
155.242800
155.410325
155.465750
155.478825
155.597225
155.616525
155.745500
155.750925
155.781600
155.952475
156.068950
156.132700
156.327400
156.447350
156.489775
156.551625
156.681375
156.777400
156.851400
156.901800
157.110825
157.280950
157.418275
157.448050
157.583525
157.625650
157.655975
157.746500
157.822600
157.906775
157.941450
157.951200
157.988800
158.032850
158.070850
158.121825
158.519500
158.573950
158.645200
158.750225
158.808500
158.876400
158.902925
158.923525
158.935475
158.981375
158.991525
159.013025
159.113350
159.176575
159.297850
159.304325
159.325550
159.412825
159.721175
159.946675
159.960325
160.073375
160.141425
160.222975
160.417850
160.440825
160.467125
160.630975
160.673725
160.693600
160.815175
160.863000
160.912700
160.931700
160.984950
161.055175
161.089750
161.196725
161.250450
161.253375
161.307450
161.330100
161.411425
161.478850
161.600875
161.634050
161.683450
161.701725
161.724050
161.798300
162.003000
162.021125
162.024325
162.299675
162.502350
162.780950
162.805450
162.839775
162.863825
162.919100
163.016575
163.303900
163.421400
163.470925
163.483950
163.533450
163.557750
163.774925
163.787475
163.836425
164.031650
164.101275
164.119100
164.202975
164.214275
164.255775
164.267175
164.294200
164.335325
164.351950
164.383150
164.403625
164.560150
164.569425
164.703225
164.736775
164.778975
164.891825
165.064550
165.115625
165.336400
165.386525
165.406700
165.456300
165.534325
165.586925
165.595525
165.682400
165.746900
165.796925
165.855475
166.015775
166.077550
166.126600
166.184175
166.206600
166.349400
166.514875
166.622250
166.758450
166.796575
166.929575
167.000550
167.013075
167.083950
167.174375
167.229425
167.318650
167.402675
167.463350
167.477850
167.527250
167.827525
167.880600
167.915300
167.981925
168.008375
168.038075
168.163375
168.171650
168.182725
168.199075
168.302775
168.335925
168.978900
169.135225
169.176225
169.296075
169.498875
169.529950
169.534800
169.852600
169.874000
169.943975
170.018275
170.082825
170.135750
170.277025
170.327525
170.690300
170.737000
170.792925
170.810550
170.895225
170.932000
170.938275
171.106150
171.114125
171.234000
171.318200
171.398975
171.464075
171.495075
171.581875
171.682975
171.872075
171.920200
171.921225
171.984025
172.029975
172.192875
172.303175
172.367025
172.423100
172.541400
172.574150
172.597100
172.644150
172.684450
172.858650
172.914950
173.071125
173.079775
173.204775
173.212775
173.273275
173.275900
173.314150
173.350550
173.426175
173.429100
173.740200
173.769075
173.817125
173.840075
173.918175
174.050450
174.510925
174.541475
174.554250
174.584100
174.605325
174.761500
174.856325
174.909425
174.955925
174.994850
175.004775
175.039575
175.065175
175.089300
175.099700
175.160325
175.331050
175.577575
175.584375
175.587550
175.768200
175.775300
175.883900
175.895825
176.050625
176.122000
176.185225
176.688700
176.711125
176.841025
176.847200
176.855450
177.014700
177.282625
177.329700
177.355150
177.748800
177.821100
177.848675
177.882725
177.956525
178.309075
178.316500
178.558150
178.586325
178.821275
178.857025
178.915125
178.923950
178.984650
179.009750
179.032525
179.101250
179.186700
179.344225
179.403275
179.425125
179.465575
179.618775
179.661225
179.739025
179.805825
179.887900
180.062250
180.082100
180.208100
180.457175
180.752125
181.386275
181.514375
181.542875
181.582225
181.620225
181.727725
181.776950
181.846725
181.929200
182.160525
182.229250
182.242075
182.358850
182.431875
182.462425
182.906025
183.056225
183.084400
183.094175
183.108200
183.267600
183.443825
183.491500
183.506975
183.512575
183.550725
183.661500
183.739900
183.752900
183.774775
183.801575
183.986175
184.133375
184.288300
184.374475
184.418650
184.427100
184.473650
184.648500
184.712550
184.732400
184.753575
185.081350
185.124875
185.231300
185.328875
185.345525
185.460850
185.852475
185.858375
185.946800
185.961000
186.020825
186.110850
186.177525
186.559075
186.695675
186.901300
186.934650
187.019950
187.038100
187.049525
187.143000
187.174700
187.190375
187.200650
187.308725
187.315425
187.343700
187.365575
187.447725
187.493675
187.537275
187.554600
187.607775
187.673150
187.723850
187.823575
187.873950
187.884650
187.926000
188.023300
188.057725
188.066925
188.242825
188.262825
188.267400
188.273600
188.291975
188.347075
188.461200
188.488925
188.547750
188.607550
188.909825
188.932200
189.166550
189.186325
189.195850
189.331800
189.381325
189.392925
189.438600
189.516450
189.646600
189.828150
189.961275
189.988450
190.071650
190.121750
190.139050
190.332150
190.544075
190.807975
190.886250
191.028275
191.118700
191.178425
191.227125
191.328325
191.476600
191.508425
191.616500
191.741225
191.984000
192.082675
192.102250
192.181625
192.233775
192.290850
192.321250
192.537450
192.819375
193.105825
193.249450
193.291850
193.303625
193.430450
193.446050
193.507000
193.540475
193.607325
193.656050
193.728650
193.779175
193.911300
193.942675
193.990250
194.012875
194.051500
194.063550
194.273650
194.290125
194.404425
194.520100
194.551525
194.566950
194.577225
194.580400
194.618200
194.689875
194.899425
194.937400
194.948775
195.310750
195.524075
195.554325
196.027175
196.059700
196.108325
196.174550
196.188550
196.209950
196.283325
196.501625
196.608200
196.690825
196.935900
197.303475
197.443875
197.579950
197.623000
197.781125
197.957400
197.971750
198.065100
198.180925
198.217125
198.245400
198.255350
198.306750
198.417725
198.448900
198.524975
198.535725
198.652450
198.751825
198.802875
198.852250
198.984625
199.034000
199.117000
199.375700
199.471300
199.482075
199.529975
199.596050
199.754175
199.830150
199.935825
200.017900
200.034750
200.077900
200.197050
200.238250
200.326175
200.389475
200.434675
200.681950
200.735450
200.853875
200.932825
200.975150
201.272325
201.282250
201.311275
201.324500
201.457200
201.551675
201.732875
201.823400
201.839125
201.855200
202.017300
202.066925
202.264600
202.288475
202.329525
202.360175
202.381650
202.561400
202.620600
202.681400
202.892075
202.931575
203.002150
203.071525
203.090975
203.123825
203.202875
203.243975
203.253750
203.408925
203.488625
203.553575
203.622800
203.638350
203.658175
203.735550
203.744250
203.990275
204.151775
204.329850
204.420125
204.521850
204.559600
204.623650
204.678425
204.706200
204.733575
204.825875
204.915000
205.227200
205.392375
205.477275
205.492250
205.497750
205.587825
205.598600
205.891050
206.015100
206.089200
206.162750
206.212875
206.242450
206.329875
206.340550
206.411975
206.511275
206.535575
206.578700
206.603175
206.724450
206.732925
206.839900
206.927725
206.955375
207.037025
207.350475
207.363100
207.431600
207.729250
208.052125
208.081325
208.714850
208.747725
208.811250
209.037400
209.123050
209.229300
209.239275
209.336950
209.468350
209.607525
209.693275
209.782450
209.867925
209.972100
210.124650
210.416700
210.624700
210.735000
210.873025
211.153850
211.205925
211.236800
211.262700
211.311900
211.470050
211.579625
211.588550
211.642450
211.659050
211.778500
211.851650
211.909600
212.155700
212.369925
212.546500
212.615225
212.708650
212.805550
212.870975
212.902950
212.998700
213.148725
213.241075
213.335400
213.491925
214.198075
214.239000
214.243150
214.346825
214.374725
214.421350
214.532900
214.649450
214.745975
214.794200
214.821200
214.852050
215.117975
215.181575
215.184650
215.531875
215.631250
215.668525
215.785050
215.968350
215.986275
216.075000
216.148975
216.269675
216.283850
216.306625
216.399400
216.444250
216.533875
216.660450
216.737100
216.837700
216.869725
216.895100
217.070100
217.168825
217.219550
217.249450
217.354850
217.570475
217.657950
217.820775
218.007800
218.031350
218.155100
218.378100
218.438300
218.490450
218.572275
218.592400
218.653225
218.711125
218.721250
218.907225
219.031575
219.062750
219.085725
219.224875
219.507650
219.676900
219.737450
219.867050
219.881300
219.989025
220.010825
220.023850
220.210925
220.274000
220.406800
220.604825
220.677275
220.748300
220.893500
220.952075
221.005000
221.069400
221.142350
221.357925
221.446425
221.593350
221.640950
221.728675
221.832525
221.836675
221.933875
222.064600
222.122975
222.146250
222.305625
222.754175
222.776850
222.805125
223.170150
223.270400
223.330650
223.451075
223.474175
223.581875
223.630625
223.666725
224.059675
224.265250
224.428750
224.495350
224.678000
224.803375
224.880150
225.080550
225.168400
225.211400
225.285225
225.318625
225.486450
225.652625
225.903950
225.996050
226.012200
226.070775
226.109625
226.357350
226.432875
226.477800
226.490000
226.545400
226.634650
226.795725
226.847600
226.913725
226.988925
227.092275
227.438525
227.463575
227.569400
227.653125
227.745700
227.855775
227.867500
227.890900
228.015825
228.060850
228.279375
228.444550
228.489100
228.799050
228.864175
228.995300
229.001575
229.094300
229.330175
229.402300
229.459225
229.578700
229.654575
229.812575
229.871775
229.951450
230.168525
230.252025
230.282400
230.521050
230.615000
230.668425
230.692250
230.757075
230.785000
230.807875
230.829525
230.840100
230.965900
230.969025
231.054325
231.102075
231.185450
231.431000
231.448775
231.514600
231.637375
231.695325
231.760225
231.841175
231.935325
232.311600
232.446150
232.655275
232.811400
232.935175
233.319875
233.485925
233.546425
233.654475
233.692750
233.738725
233.783925
233.789950
233.892275
233.922675
233.946975
233.952125
234.100525
234.123075
234.236825
234.299625
234.338400
234.364450
234.458025
234.577575
234.677100
234.800850
234.806900
234.839275
234.894950
234.922950
234.988875
235.088725
235.126725
235.167175
235.282975
235.338975
235.452000
235.468925
235.557350
235.573150
235.947725
235.975550
236.001700
236.226650
236.328100
236.396500
236.544750
236.655325
236.674500
236.776725
236.783100
236.793725
236.850850
236.979225
237.150750
237.327875
237.491050
237.565125
237.692300
237.751700
237.945900
238.063875
238.222650
238.470150
238.547900
238.615950
238.751575
238.808625
238.950725
238.958200
239.047825
239.193550
239.245325
239.290525
239.295700
239.315075
239.330350
239.373050
239.410425
239.418425
239.423525
239.557775
239.561050
239.693275
239.728925
239.829325
239.875700
239.890050
239.899800
239.952900
239.975700
239.996600
240.065875
240.099650
240.121150
240.127175
240.144375
240.180275
240.209825
240.220950
240.247900
240.255850
240.297025
240.439975
240.473425
240.497875
240.529425
240.621400
240.637050
240.649300
240.672200
240.682750
240.689925
240.699275
240.756250
240.806400
240.838800
240.854150
240.893450
240.916375
241.016775
241.126850
241.154450
241.206075
241.216600
241.235375
241.458300
241.462450
241.475100
241.495800
241.606700
241.648525
241.665450
241.680150
241.739150
241.788025
241.828250
242.116000
242.178875
242.206725
242.418850
242.442600
242.541625
242.682300
242.847125
242.873300
242.923550
242.958425
243.014100
243.029900
243.043775
243.067200
243.214350
243.329225
243.354275
243.442775
243.482000
243.520175
243.632050
243.745475
243.766050
243.944125
243.974075
244.088525
244.105925
244.135550
244.251525
244.335075
244.402500
244.437950
244.708250
244.739125
244.813425
245.021375
245.103125
245.118225
245.157250
245.240700
245.323650
245.344350
245.413000
245.430075
245.495550
245.529300
245.575325
245.735900
245.823150
246.025350
246.286275
246.295950
246.596675
246.881400
247.063075
247.275575
247.444650
247.535175
247.914175
248.042275
248.125200
248.157625
248.290100
248.395950
248.399875
248.439050
248.506225
248.792875
249.041850
249.083975
249.146000
249.201675
249.209700
249.268950
249.303800
249.308375
249.400525
249.434600
249.545150
249.558150
249.633575
249.748425
249.821075
249.861900
249.881750
249.921575
249.922825
249.952850
249.965250
250.015000
250.020800
250.033825
250.052775
250.064750
250.081850
250.094425
250.113175
250.133250
250.176650
250.227625
250.263350
250.392400
250.438375
250.701425
250.833200
251.156425
251.319625
251.815750
251.936800
252.019825
252.046425
252.126200
252.170000
252.191250
252.214250
252.277650
252.292900
252.373450
252.488950
252.565400
252.581875
252.746225
252.776625
252.823350
252.844650
252.892675
252.960825
253.050475
253.072800
253.132550
253.181775
253.221825
253.400925
253.422800
253.582450
253.999125
254.049450
254.166875
254.264375
254.281625
254.384425
254.414650
254.499350
254.690475
254.774850
254.779575
254.798800
254.929375
255.009550
255.095975
255.134900
255.159300
255.266100
255.281275
255.319850
255.344100
255.474000
255.704400
256.016350
256.147675
256.279900
257.198000
257.227800
257.408025
257.465775
257.627050
257.659175
257.767925
257.820425
258.151325
258.207625
258.247300
258.301475
258.362300
258.407125
258.422750
258.524625
258.538925
258.561650
258.802350
259.081275
259.321375
259.343375
259.384575
259.418125
259.525200
259.594450
259.778175
259.782575
259.901650
259.934525
259.963650
259.986400
259.994875
260.027700
260.208925
260.353375
260.372825
260.387975
260.411625
260.435025
260.453025
260.517050
260.569875
260.592150
260.638100
260.694300
260.715150
260.760150
260.811525
261.034875
261.100125
261.125350
261.319725
261.465525
261.525125
261.535500
261.566950
261.635150
261.792450
261.842800
261.918475
261.971400
262.061750
262.344225
262.468650
262.619925
262.936700
263.014675
263.029325
263.036375
263.243700
263.254225
263.261675
263.355000
263.407850
263.430525
263.438675
263.710400
263.816725
263.930850
264.032425
264.172800
264.230975
264.324700
264.361300
264.522325
264.556250
264.667575
264.745825
264.900225
264.945650
264.953775
264.957200
264.958575
265.078825
265.086475
265.133025
265.181650
265.237350
265.274725
265.380125
265.447750
265.494575
265.615325
265.814500
265.849325
266.125775
266.367925
266.372975
266.398050
266.429950
266.453500
266.457975
266.526475
266.541625
266.578175
266.649800
266.780700
266.913800
267.052475
267.070925
267.223450
267.251375
267.372675
267.437700
267.587800
267.617125
267.668275
267.696750
267.714775
267.825275
267.878075
267.955325
268.046675
268.066350
268.150225
268.265800
268.314900
268.382300
268.415450
268.436750
268.448050
268.671100
268.716175
268.872225
268.938500
268.963250
269.030775
269.042300
269.077500
269.179525
269.230750
269.400050
269.683825
270.253550
270.434700
270.460475
270.502650
270.506700
270.523250
270.559300
270.612075
270.704775
270.752700
270.805675
270.835800
270.849425
270.865800
271.092950
271.122350
271.198325
271.321975
271.405875
271.635500
271.656775
271.792200
271.847800
272.011325
272.145400
272.176600
272.364300
272.476400
272.506775
272.509775
272.529850
272.592150
272.686650
272.770100
272.793775
272.794800
273.043450
273.080450
273.136025
273.363550
273.449825
273.622825
273.765625
273.794725
273.920575
274.195800
274.262950
274.371050
274.418650
274.449325
274.547550
274.649925
274.683100
274.757975
274.774200
274.843275
274.983850
275.054275
275.135375
275.213950
275.230350
275.290850
275.329400
275.413475
275.495500
275.568900
275.745425
275.919275
275.949325
275.996075
276.113400
276.201100
276.325200
276.349700
276.425850
276.441850
276.452925
276.456325
276.488625
276.614100
276.743225
276.753275
276.878875
276.978450
277.011925
277.019525
277.127000
277.379100
277.406175
277.415575
277.529650
277.560500
277.606325
277.673100
277.698475
277.703075
277.726000
277.740575
277.860975
277.874075
277.903025
277.923075
277.998000
278.098250
278.180650
278.242725
278.279700
278.344700
278.391275
278.405250
278.624150
278.686225
278.812175
278.823750
278.862125
278.913850
278.917425
278.971450
278.987350
279.025850
279.141600
279.192300
279.215875
279.298250
279.371225
279.541650
279.700650
279.734500
279.786125
279.885350
279.935175
280.267400
280.281825
280.299900
280.396600
280.538225
280.545850
280.560625
280.669775
280.785525
280.805100
280.878475
281.032800
281.079975
281.181575
281.376800
281.486275
281.629375
281.658450
281.895400
281.974400
282.254550
282.457125
282.470500
282.603000
282.653950
282.673200
283.047750
283.209650
283.460750
283.509600
283.524800
283.619600
283.833650
283.924975
284.071825
284.106825
284.181700
284.350675
284.439475
284.469375
284.537875
284.594225
284.683650
284.891475
285.044000
285.330150
285.420750
285.577900
285.623200
285.658625
285.706325
285.871350
286.107350
286.171175
286.265275
286.392225
286.510950
286.630600
286.652725
286.948350
287.075800
287.507300
287.579650
287.761125
287.783050
287.802425
287.822800
287.849500
287.864025
287.913150
287.926325
287.982600
288.067300
288.091300
288.243300
288.302325
288.742500
288.820250
288.858600
288.993000
289.018175
289.047425
289.118150
289.274025
289.415600
289.484675
289.614000
289.622775
289.768300
289.774650
289.884775
289.965800
290.001975
290.029000
290.131000
290.247375
290.298100
290.503350
290.628800
290.636750
290.664375
290.745575
290.880450
291.034250
291.086825
291.123450
291.183075
291.262375
291.319750
291.332450
291.363225
291.442525
291.514675
291.589150
291.636575
291.742175
291.765400
291.844975
291.996075
292.015900
292.062925
292.131050
292.146300
292.233650
292.290450
292.322750
292.340600
292.422950
292.531400
292.542675
292.570575
292.676025
292.771650
293.217250
293.337500
293.468575
293.557300
293.876925
293.932900
293.959975
294.013775
294.026900
294.040500
294.051150
294.080025
294.091750
294.125575
294.148725
294.190800
294.325300
294.330450
294.394175
294.403425
294.459600
294.489025
294.526150
294.776600
294.845025
294.919625
295.051925
295.214375
295.315475
295.364000
295.371225
295.397025
295.552900
295.741700
295.813200
295.951775
295.987750
296.104400
296.181125
296.200800
296.246250
296.255875
296.382325
296.500975
296.606400
296.702700
296.738375
296.971550
296.995800
297.082750
297.089825
297.166900
297.363050
297.410525
297.556050
297.696100
297.842575
297.851800
297.918150
297.942875
298.076700
298.146000
298.190250
298.238050
298.684200
298.715725
298.924000
299.035075
299.101775
299.242650
299.312325
299.418525
299.445175
299.586675
299.604025
299.654450
299.706025
299.816725
299.823200
299.869600
299.885100
300.012675
300.085675
300.103150
300.130150
300.136825
300.312625
300.385050
300.406950
300.444200
300.609200
300.734200
300.761800
300.811225
300.940000
301.014350
301.043275
301.057000
301.172750
301.281400
301.400550
301.493250
301.550800
301.592750
301.673550
301.734425
301.762350
301.783150
301.794175
301.806225
301.972550
302.105000
302.173550
302.265575
302.277725
302.285875
302.376400
302.472775
302.652400
302.711975
302.733425
302.734550
302.748300
302.833600
302.880425
302.983600
303.300300
303.337200
303.351475
303.517575
303.559775
303.628650
303.690950
303.707450
303.869800
303.890975
303.992400
304.050175
304.193550
304.396900
304.439300
304.465675
304.512100
304.527150
304.952025
305.041675
305.145100
305.206975
305.218950
305.259750
305.295550
305.363800
305.412275
305.453975
305.483675
305.529600
305.576575
305.582300
305.608350
305.616450
305.645800
305.695950
305.725625
305.750525
305.819900
305.912750
305.972700
306.124875
306.140250
306.184475
306.281500
306.390400
306.496300
306.543900
306.628075
306.676475
306.695300
306.752225
306.903875
307.028150
307.086150
307.111150
307.139700
307.140775
307.210725
307.315775
307.337050
307.405450
307.424025
307.497425
307.636700
307.675100
307.710350
307.721100
307.731525
307.856250
307.875475
307.894750
307.911425
307.937950
307.966575
307.990350
308.013775
308.042575
308.181350
308.187225
308.321525
308.344125
308.417425
308.455250
308.480350
308.492150
308.532200
308.543475
308.558200
308.563450
308.579475
308.585300
308.602250
308.695175
308.943825
309.010700
309.019075
309.137975
309.163200
309.330675
309.604875
309.636875
309.698700
309.884650
309.948625
310.370600
310.523200
310.681075
310.863950
311.330200
311.471375
311.712800
311.737725
311.782475
311.987500
312.325925
312.497525
312.523275
312.589025
312.678625
312.776575
312.789875
312.889675
313.113700
313.265225
313.280650
313.448025
313.456575
313.587300
313.660525
313.787175
313.851125
313.868950
313.922650
314.075800
314.080125
314.161500
314.321400
314.411825
314.438750
314.554900
314.678900
314.720025
314.785925
314.927975
314.955950
314.974700
315.064950
315.166350
315.238700
315.328100
315.339350
315.716350
315.905225
316.007825
316.020450
316.131000
316.211800
316.335650
316.392175
316.475075
316.620600
316.714925
316.888875
316.939100
316.950475
316.963425
317.008375
317.038750
317.085175
317.235025
317.342125
317.451025
317.486775
317.528400
317.532250
317.547150
317.701300
317.775875
317.851000
317.882800
317.939450
318.001700
318.105125
318.138250
318.320050
318.352125
318.394875
318.401275
318.413325
318.447100
318.452825
318.651675
319.077975
319.088800
319.093175
319.110575
319.118725
319.249200
319.270725
319.404425
319.418275
319.733925
319.782325
319.791425
319.972200
320.006050
320.060075
320.207400
320.275825
320.401100
320.457100
320.530100
320.573800
320.633575
320.672325
320.729550
320.783100
320.825175
320.956650
320.971750
321.039325
321.102650
321.154325
321.170825
321.235975
321.503175
321.592675
321.703000
321.790475
321.928750
321.968025
321.986450
322.102300
322.190525
322.214575
322.258375
322.453825
322.524925
322.565850
322.614250
322.661050
322.749250
322.832600
323.131725
323.199025
323.238625
323.275600
323.360925
323.377075
323.416075
323.530825
323.711450
323.747475
323.816250
323.848250
323.941900
323.959075
324.019700
324.283175
324.291400
324.301525
324.444050
324.555625
324.709300
324.886150
324.908125
325.029425
325.090100
325.109350
325.276625
325.349025
325.433575
325.480075
325.540450
325.664575
325.707975
325.810950
325.841950
325.973800
326.061675
326.156350
326.198425
326.206375
326.313525
326.354175
326.428050
326.443725
326.451625
326.478625
326.489250
326.575800
326.715125
326.819250
326.938175
327.002900
327.064575
327.333825
327.395050
327.412050
327.571650
327.604550
327.630225
327.684975
327.766075
327.792675
327.829625
327.931450
327.998525
328.034975
328.107250
328.285325
328.347625
328.394500
328.398050
328.697150
328.813825
329.136250
329.196225
329.255125
329.314200
329.424300
329.466325
329.768600
329.893125
329.912000
329.920125
329.975675
330.187150
330.213225
330.245300
330.311450
330.418500
330.427425
330.455175
330.476775
330.489600
330.654450
330.685225
330.797000
330.851375
330.973825
331.059125
331.085825
331.090725
331.151900
331.207325
331.217050
331.265100
331.297550
331.389325
331.495600
331.641425
331.749175
331.795175
331.865775
331.959275
332.006275
332.037200
332.093875
332.156650
332.161275
332.221650
332.283800
332.353225
332.379225
332.415525
332.565725
332.569500
332.703325
332.741725
332.882625
332.909325
332.947975
332.990800
333.118300
333.128325
333.152700
333.231300
333.394325
333.504100
333.723100
333.956800
334.060600
334.103325
334.177475
334.268450
334.465975
334.521125
334.566800
334.581575
334.650475
334.714775
334.752375
334.774225
334.835800
334.866425
334.907450
334.977975
335.001350
335.052650
335.214650
335.288600
335.303250
335.316375
335.327600
335.621275
335.684725
335.816225
335.824175
335.852700
335.887125
335.916525
335.954425
336.058050
336.084275
336.170475
336.280975
336.349500
336.358250
336.372575
336.406950
336.567925
336.581625
336.593550
336.611150
336.666750
336.780925
336.804725
336.859425
337.091650
337.129800
337.360025
337.447875
337.470250
337.488925
337.608325
337.661425
337.669325
337.716950
337.788375
337.824075
337.857225
337.963575
337.973950
337.996050
338.027500
338.054400
338.071850
338.080625
338.113225
338.168150
338.203975
338.247400
338.303600
338.322775
338.473125
338.551325
338.604550
338.636325
338.732225
338.825150
338.858275
338.887725
338.936525
338.953475
338.965850
338.992850
339.018250
339.021525
339.043550
339.060550
339.133850
339.144000
339.165675
339.178300
339.253925
339.267025
339.294050
339.314975
339.347275
339.364625
339.410775
339.483900
339.512300
339.617975
339.727000
339.824300
339.923800
339.943800
339.950500
340.019225
340.044225
340.061900
340.094700
340.150650
340.215225
340.301900
340.353450
340.362875
340.447725
340.496975
340.526475
340.567950
340.584875
340.676675
340.706575
340.790450
340.929475
341.004425
341.064775
341.120750
341.145200
341.302700
341.376850
341.489950
341.504500
341.543350
341.563100
341.582050
341.666150
341.675125
341.684375
341.712900
341.757325
341.789500
341.848375
341.904975
342.016925
342.029050
342.047575
342.077450
342.147425
342.234975
342.262300
342.275125
342.299525
342.328450
342.370450
342.398300
342.480725
342.519825
342.529400
342.577775
342.778675
342.860200
342.977325
342.979700
343.096250
343.129875
343.275825
343.309925
343.349975
343.411600
343.487650
343.602075
343.696350
343.707375
343.727300
343.838900
343.871250
343.894875
344.143925
344.194000
344.206250
344.299950
344.348175
344.828725
344.966000
345.018100
345.039175
345.087050
345.203575
345.234100
345.248350
345.333675
345.340975
345.388900
345.407800
345.470900
345.477925
345.514575
345.537250
345.547750
345.567450
345.652925
345.771375
345.820550
345.849125
345.909025
345.940325
345.966925
346.064075
346.077425
346.106425
346.115300
346.144425
346.153750
346.168250
346.169425
346.198575
346.257650
346.315175
346.337525
346.347550
346.407775
346.498750
346.500300
346.529275
346.632500
346.647150
346.684125
346.709050
346.762700
346.776950
346.812150
346.902375
347.012050
347.029425
347.181775
347.615600
347.651500
347.707950
347.736900
347.778725
347.796900
347.829425
347.856900
347.860975
347.883225
347.921350
347.969750
348.019725
348.158075
348.238475
348.392000
348.532300
348.694200
348.778500
348.804450
348.820225
348.857800
348.862650
348.867575
348.890850
348.930525
348.951725
348.970775
349.000075
349.019250
349.084175
349.464700
349.476000
349.561600
349.591500
349.597425
349.657350
349.757600
349.765150
349.858500
349.930100
349.965575
350.140050
350.238225
350.294950
350.344800
350.451100
350.602050
350.656225
350.762875
351.009825
351.074900
351.102475
351.107375
351.147475
351.192125
351.417175
351.520400
351.693400
351.711225
351.919925
351.935150
351.950250
352.011575
352.064375
352.327200
352.533250
352.560325
352.639900
352.676000
352.750825
352.802825
352.838175
352.854800
352.862125
352.879575
352.883950
352.898400
352.926325
352.959275
352.968575
353.112950
353.181950
353.225800
353.436450
353.462900
353.533875
353.549175
353.629250
353.738425
353.792550
353.830150
353.869400
353.885575
353.977875
353.985050
353.992825
354.011300
354.043825
354.133475
354.296425
354.471200
354.597750
354.629250
354.634200
354.652350
354.658025
354.670400
354.697325
354.807675
354.868400
354.999875
355.058250
355.067350
355.118800
355.365075
355.431250
355.440350
355.497000
355.590175
355.691500
355.759750
355.851475
355.886950
355.949550
356.017225
356.068600
356.204600
356.526625
356.540025
356.798675
356.857825
356.942275
357.008600
357.072200
357.160800
357.283125
357.336075
357.397150
357.400850
357.517225
357.799800
357.888100
358.203875
358.221175
358.239800
358.363875
358.404625
358.970125
359.148400
359.315725
359.346450
359.466350
359.476975
359.499375
359.740200
359.798250
359.827900
359.843650
360.147025
360.206600
360.298025
360.385850
360.455275
360.538650
360.565950
360.634250
360.695125
