# # All spikes for Neuron
0.031925
0.120300
0.162150
0.270350
0.325800
0.589150
0.693850
0.724675
0.820575
0.873475
0.958050
1.029125
1.057350
1.143900
1.189650
1.210400
1.245125
1.269000
1.333850
1.346625
1.381025
1.398400
1.420925
1.461425
1.484950
1.547150
1.601225
1.704600
1.722225
1.761800
1.830300
1.851825
1.872500
1.934250
1.974300
2.015350
2.067725
2.182225
2.217000
2.473350
2.630000
2.773975
2.826650
2.869475
2.951525
2.989700
3.033975
3.057200
3.124225
3.153025
3.233750
3.271650
3.340550
3.375175
3.411475
3.573950
3.626300
3.707525
3.738125
3.904275
3.946425
4.013250
4.206775
4.234100
4.269250
4.287075
4.442675
4.505200
4.530925
4.589400
4.666550
4.776575
4.880525
4.903525
4.939500
5.002300
5.076500
5.149800
5.266400
5.343525
5.461125
5.546850
5.625125
5.651650
5.717125
5.753900
5.801550
5.841950
5.892850
5.924425
5.960375
6.106300
6.163000
6.193450
6.294650
6.347025
6.393450
6.444275
6.474550
6.547300
6.634375
6.899625
6.990150
7.009775
7.099450
7.313575
7.374925
7.458975
7.495750
7.554175
7.607125
7.618850
7.710350
7.821875
7.867225
7.941700
7.979125
8.050875
8.097275
8.179200
8.204050
8.289100
8.381275
8.486600
8.516100
8.551000
8.658500
8.795950
9.122425
9.164525
9.248300
9.300525
9.491525
9.631500
9.644975
9.692225
9.743075
9.779450
9.847825
9.865375
9.915225
9.970450
10.049025
10.073950
10.118975
10.140175
10.153425
10.174625
10.287075
10.337775
10.527725
10.543300
10.581525
10.624075
10.694100
10.740325
10.865925
10.939425
11.018975
11.086775
11.115500
11.206800
11.215625
11.258150
11.289900
11.365425
11.393200
11.419400
11.487450
11.580875
11.648300
11.676700
11.755650
11.939375
11.989200
12.028450
12.062350
12.234400
12.323600
12.413925
12.443425
12.573075
12.912500
12.956500
13.028475
13.102600
13.128150
13.138325
13.225675
13.358075
13.391825
13.478450
13.520300
13.556175
13.626675
13.664875
13.755700
13.771775
13.887300
13.923325
13.998025
14.019000
14.038175
14.202550
14.281475
14.296525
14.419075
14.431625
14.544625
14.628575
14.695350
14.744000
14.774175
14.819775
14.834225
15.026625
15.034825
15.076150
15.093725
15.148625
15.183325
15.238950
15.511375
15.526825
15.540275
15.806425
15.823375
15.874425
15.985525
16.060525
16.140125
16.204400
16.362625
16.478675
16.574300
16.622825
16.674025
16.725700
16.752625
16.829650
17.071625
17.167800
17.235250
17.376450
17.442600
17.491375
17.533425
17.573275
17.804225
17.897775
17.953275
17.986625
18.030950
18.195250
18.319175
18.568650
18.579925
18.601775
18.678025
18.708025
18.784900
19.261150
19.414400
19.496900
19.620000
19.639650
19.708800
19.721775
19.778325
19.795225
19.841625
19.913075
19.953950
19.963475
20.098200
20.154275
20.286800
20.316100
20.386425
20.417450
20.431175
20.495175
20.539450
20.567000
20.795850
20.865650
20.970075
21.013650
21.075650
21.135200
21.154525
21.247300
21.275450
21.473625
21.504150
21.578825
21.605150
21.647250
22.060150
22.386400
22.429875
22.546375
22.596800
22.619325
22.639400
22.679375
22.721450
22.738900
22.815025
22.848150
22.889650
22.929400
22.981175
23.023875
23.047725
23.056400
23.081375
23.173300
23.461750
23.484125
23.567250
23.731400
23.775775
23.789575
23.927225
24.032700
24.132750
24.217050
24.241475
24.268400
24.399050
24.453825
24.480400
24.668575
24.686925
24.719900
24.761525
24.870400
24.930550
24.953200
24.972625
25.005875
25.045100
25.181475
25.255625
25.308275
25.421700
25.470625
25.514600
25.548150
25.567025
25.617450
25.638350
25.714425
25.778600
25.829500
25.900300
25.957450
26.023000
26.088100
26.203800
26.253175
26.279750
26.299275
26.355450
26.430025
26.456250
26.492825
26.520800
26.539925
26.562000
26.625200
26.724025
26.751750
26.779575
26.809950
26.867875
26.879700
26.890300
26.993000
27.024750
27.059475
27.153525
27.171475
27.198375
27.327800
27.355000
27.361050
27.424725
27.458400
27.496550
27.507925
27.599650
27.682175
27.751150
27.813000
27.838975
27.929400
27.968075
27.990825
28.066475
28.129275
28.147750
28.199900
28.262650
28.388050
28.402150
28.473775
28.532250
28.571375
28.632575
28.650575
28.685100
28.716925
28.745425
28.795000
28.807250
28.824875
28.842800
28.913375
28.993575
29.056625
29.285400
29.336250
29.347650
29.455100
29.529450
29.568825
29.629800
29.668600
29.704525
29.729475
29.767625
29.836450
29.976575
30.014175
30.062150
30.080150
30.106850
30.151150
30.204375
30.281825
30.370750
30.401150
30.421850
30.567150
30.597275
30.651225
30.690100
30.780325
30.808750
30.815825
30.879625
30.898000
30.951450
31.085450
31.139450
31.169775
31.197325
31.275425
31.355125
31.397975
31.459550
31.474650
31.586275
31.626200
31.675375
31.748275
31.795625
31.863100
31.904025
31.913425
32.187700
32.199625
32.266900
32.305175
32.334825
32.370600
32.387975
32.482450
32.515600
32.563600
32.828975
33.037950
33.144850
33.177150
33.300350
33.361775
33.607425
33.676875
33.839350
33.886975
33.970300
34.038925
34.098450
34.148325
34.159700
34.181725
34.201700
34.231200
34.261850
34.287975
34.302475
34.400275
34.549475
34.611125
34.657850
34.706225
34.727625
34.774475
34.815600
34.868225
34.995800
35.016450
35.144175
35.489075
35.619950
35.758025
36.148700
36.498150
36.558850
36.714650
36.790300
36.840025
36.946850
37.067875
37.097650
37.124725
37.212750
37.334750
37.354050
37.517175
37.632700
37.723975
37.759250
37.780075
37.908250
38.050100
38.217250
38.292575
38.444350
38.571850
38.877600
38.984825
39.018725
39.041325
39.149850
39.374750
39.470725
39.518000
39.597775
39.699525
39.794550
39.975600
40.010225
40.117900
40.262525
40.295400
40.323500
40.371200
40.440525
40.520325
40.611425
40.658750
40.683225
40.728800
40.794075
40.813450
40.874425
41.071250
41.106300
41.400150
41.513650
41.548475
41.603575
41.733575
41.792450
41.820350
41.841600
41.867750
41.875275
41.888625
41.949150
42.190225
42.207550
42.225625
42.246000
42.278250
42.296450
42.343475
42.416900
42.478825
42.545100
42.591550
42.617650
42.650225
42.756925
42.779575
42.799025
43.017900
43.044400
43.320400
43.413225
43.453475
43.480100
43.492475
43.519125
43.583250
43.738775
43.824450
43.873725
43.889375
43.991575
44.063175
44.103800
44.145275
44.239950
44.259250
44.273925
44.467375
44.520425
44.538975
44.594075
44.644725
44.673375
44.805475
44.894900
44.937900
44.950675
44.992200
45.053950
45.065900
45.120325
45.133125
45.143350
45.155100
45.232000
45.297950
45.510575
45.611800
45.632225
45.655450
45.697025
45.727100
45.751875
45.783650
45.815050
45.821275
45.926075
45.957100
45.994900
46.085875
46.103875
46.141200
46.158525
46.223350
46.469525
46.559325
46.570750
46.664950
46.680900
46.985850
47.006275
47.252750
47.297075
47.330350
47.349675
47.395275
47.424575
47.441075
47.562975
47.578200
47.597425
47.736200
47.754675
47.994175
48.031675
48.110650
48.196600
48.274450
48.297800
48.439750
48.461750
48.614400
48.906625
49.146525
49.737250
49.908825
49.976575
50.030400
50.201675
50.306125
50.442825
50.469875
50.625475
50.685850
50.735925
50.782525
50.817975
50.849500
50.876000
50.907125
50.996850
51.157275
51.266200
51.278625
51.295475
51.306475
51.363350
51.406950
51.439150
51.459725
51.475625
51.486500
51.510200
51.599225
51.646275
51.720950
51.740550
51.770075
51.867650
52.063625
52.113850
52.163250
52.273050
52.391375
52.420700
52.460925
52.512275
52.624500
52.708050
52.848325
52.913725
52.963125
52.994700
53.109000
53.126175
53.146075
53.309950
53.371775
53.608900
53.819575
53.848475
53.925525
54.080675
54.217125
54.309100
54.605200
54.755700
54.791775
54.826900
54.984825
55.076150
55.110425
55.197625
55.271325
55.276950
55.314850
55.328025
55.362825
55.406200
55.471825
55.496300
55.612625
55.639850
55.744125
55.942775
56.079425
56.111950
56.185425
56.212975
56.296375
56.341050
56.413600
56.489150
56.570600
56.605050
56.642075
56.693025
56.761900
56.797275
56.882700
57.029150
57.085375
57.142750
57.220850
57.277800
57.340900
57.553900
57.633950
57.678275
57.688075
57.726475
57.874550
57.900975
57.940975
58.049400
58.113525
58.144825
58.296175
58.345250
58.365675
58.412925
58.514225
58.557100
58.582700
58.682600
58.773275
58.797650
59.137750
59.282000
59.358050
59.392075
59.617450
59.644925
59.686675
59.721425
59.767050
59.872650
59.957125
60.215475
60.325425
60.424600
60.538875
60.566675
60.612875
60.644025
60.656750
60.830850
61.012450
61.059000
61.138225
61.225025
61.493750
61.612575
61.657800
61.736975
61.856175
61.933300
62.013725
62.128300
62.159775
62.242600
62.286275
62.335775
62.513750
62.598700
62.676175
62.747600
62.789350
62.821750
62.854775
62.892375
62.997400
63.028750
63.155400
63.246250
63.272150
63.304225
63.335575
63.616025
63.650075
63.673375
63.868475
63.884325
64.056675
64.121200
64.181225
64.199325
64.421350
64.679200
64.801675
64.838500
64.890225
64.988500
65.015500
65.041350
65.060850
65.082450
65.134725
65.202775
65.253700
65.274950
65.289725
65.361650
65.408425
65.435475
65.500525
65.622525
65.642425
65.698475
65.721575
65.744500
65.988375
66.132850
66.142775
66.175900
66.192025
66.218100
66.236825
66.247900
66.262350
66.284600
66.310400
66.435775
66.476150
66.575250
66.686225
66.847225
66.864625
66.886975
66.973425
66.987775
67.095475
67.136475
67.186475
67.234125
67.321350
67.434525
67.486150
67.512075
67.536525
67.612525
67.731275
67.755900
67.912375
67.947750
68.117425
68.198700
68.232900
68.275025
68.304150
68.458125
68.499725
68.728225
68.847050
68.962675
69.031500
69.104450
69.179875
69.191125
69.257625
69.473000
69.671325
69.828350
69.880025
69.901725
69.927600
70.022850
70.116775
70.128650
70.145300
70.286225
70.301900
70.376725
70.469375
70.500025
70.617875
70.708525
70.761375
70.870750
70.915375
70.940675
71.014475
71.280175
71.653375
71.683225
71.692300
71.789750
71.876700
71.904525
71.969300
72.032425
72.184825
72.247150
72.412150
72.638575
72.845125
73.020950
73.062225
73.117525
73.134150
73.281775
73.453475
73.597050
73.630550
73.650750
73.714175
73.746125
73.847400
73.903675
73.926225
74.012300
74.037825
74.106050
74.153325
74.239075
74.599725
75.087075
75.129400
75.137150
75.362950
75.380300
75.397875
75.416200
75.446150
75.707225
75.801950
75.816475
75.962200
76.384325
76.505675
76.533100
76.564225
76.595525
76.633050
76.660475
76.764625
76.868675
77.000675
77.075975
77.151475
77.193925
77.238250
77.289100
77.314025
77.331775
77.467500
77.495425
77.605600
77.733950
77.859575
77.920875
78.180600
78.310075
78.346350
78.431050
78.609375
78.634175
78.700150
78.742875
78.816575
78.850600
78.900275
79.042975
79.082950
79.118675
79.216200
79.248375
79.283975
79.317875
79.343250
79.394625
79.427625
79.480250
79.547875
79.606525
79.655500
80.002575
80.112275
80.183575
80.356950
80.406225
80.479225
80.579850
80.851400
80.906825
80.969175
81.258050
81.306500
81.398225
81.441725
81.496125
81.776150
81.805075
81.818925
81.880425
81.978850
82.108250
82.151650
82.198150
82.290200
82.500950
82.608175
82.724375
82.746700
82.856650
82.879925
83.133300
83.407100
83.432600
83.504375
83.610475
83.653175
84.463750
84.626675
84.669250
84.705825
84.767575
86.061300
86.240900
86.279825
86.294875
86.375175
86.442775
86.822175
86.893050
86.962350
87.005025
87.086550
87.170425
87.235600
87.263175
87.552625
87.593000
87.716000
87.766250
87.780050
87.848050
87.913300
87.946850
88.043425
88.084900
88.154275
88.231950
88.258850
88.750175
88.799625
88.855100
89.107050
89.136575
89.767250
89.795625
89.838250
89.884750
89.978125
90.058400
90.115550
90.177325
90.228975
90.282375
90.419550
90.539150
90.625525
90.683025
90.722350
90.766000
90.790875
90.844200
90.965825
91.018475
91.036900
91.123825
91.148125
91.199625
91.250975
91.335150
91.382350
91.395775
91.457875
91.490400
91.610950
91.723625
91.749875
91.812700
91.867350
91.905500
92.099800
92.237950
92.352500
92.453225
92.475475
92.513050
92.599925
92.617325
92.667475
92.736075
92.836250
92.879725
92.970975
93.052050
93.111825
93.206575
93.221075
93.235450
93.327850
93.452550
93.536000
93.558750
93.614125
93.678825
93.803475
93.824175
93.935275
93.987225
94.083375
94.123200
94.188300
94.235175
94.262800
94.275475
94.340400
94.379525
94.400450
94.437400
94.494325
94.607725
94.628500
94.857100
94.865425
94.880800
94.911775
94.925525
94.986075
95.016800
95.091950
95.110750
95.169875
95.210675
95.295325
95.327150
95.371950
95.396000
95.485475
95.502800
95.644800
95.736850
95.758325
95.788650
95.834500
95.934050
95.966200
96.025950
96.242300
96.286275
96.354350
96.379500
96.392200
96.427475
96.539825
96.608175
96.664725
96.724900
96.737650
96.758450
96.788250
96.891350
96.955850
97.006925
97.063050
97.101050
97.197450
97.212150
97.277150
97.368775
97.403025
97.426875
97.452100
97.471950
97.675000
97.702575
97.741975
97.787675
97.902300
97.941775
98.072425
98.090050
98.218275
98.226075
98.332600
98.364600
98.392775
98.414125
98.424150
98.550400
98.637950
98.683125
98.699750
98.736150
98.781450
98.818225
98.931325
98.968925
99.071975
99.107850
99.190950
99.263725
99.337800
99.390100
99.447275
99.526375
99.578175
99.609200
99.679200
99.700050
99.805075
99.829650
99.866225
99.926675
100.284300
100.362125
100.419275
100.583225
100.604625
100.660500
100.772450
100.780800
100.877400
100.903325
101.037250
101.055300
101.230150
101.268250
101.317550
101.386300
101.402375
101.536275
101.569625
101.648525
101.672250
101.707575
101.778700
101.818200
101.840400
101.874375
101.955950
101.973875
102.028225
102.157700
102.183650
102.333100
102.365375
102.413150
102.472875
102.492625
102.509525
102.532825
102.645575
102.680150
102.698725
102.898525
102.930775
102.946225
102.991100
103.042725
103.061775
103.106025
103.146100
103.506400
103.569400
104.048000
104.114425
104.157800
104.170975
104.223175
104.241600
104.373575
104.437775
104.470700
104.511800
104.855825
104.973550
105.022075
105.106475
105.121700
105.129725
105.142900
105.249950
105.293600
105.363450
105.503500
105.576100
105.592775
105.626900
105.871050
105.938450
106.002250
106.143350
106.205350
106.279100
106.375850
106.414175
106.481750
106.561550
106.594650
106.872225
107.048750
107.170675
107.252700
107.294150
107.346050
107.391725
107.433700
107.453075
107.483450
107.527925
107.554425
107.816650
107.898100
107.938125
108.113325
108.195300
108.257150
108.292725
108.442375
108.559400
108.628600
108.649825
108.702500
108.763575
108.795000
108.812050
108.861050
108.907025
108.938100
108.959025
108.975750
109.000950
109.037100
109.081200
109.123275
109.158400
109.257175
109.325050
109.472675
109.603275
109.624250
109.629650
109.677325
109.769575
109.845900
109.883875
110.099950
110.141250
110.196425
110.255500
110.435625
110.497300
110.512925
110.542200
110.644075
110.669625
110.698675
110.794400
110.806450
110.840350
110.902725
110.927400
111.070425
111.112575
111.151825
111.175725
111.200675
111.383925
111.417275
111.440350
111.455625
111.466275
111.489150
111.503375
111.509225
111.525075
111.539900
111.564050
111.635875
111.770300
111.859325
112.033500
112.201475
112.244825
112.295600
112.357525
112.416700
112.431200
112.490500
112.514675
112.718075
112.783825
112.876625
112.926375
112.993675
113.164750
113.203975
113.378850
113.463050
113.504050
113.548525
113.622900
113.793775
113.894975
113.910525
114.021775
114.248825
114.283900
114.315825
114.345175
114.431600
114.473675
114.510925
114.535675
114.639550
114.704150
114.804050
114.886725
114.924200
114.967125
115.139550
115.163425
115.240000
115.270425
115.303450
115.414175
115.510225
115.642800
115.708125
115.726150
115.764100
115.777875
115.791825
115.800225
115.827150
115.936850
115.979150
116.016300
116.041050
116.212175
116.279550
116.309150
116.404100
116.425775
116.588900
116.771675
116.796225
116.868225
116.916625
116.938150
116.983675
117.038025
117.074550
117.117275
117.154875
117.216950
117.412150
117.435925
117.541125
117.679500
118.008325
118.155775
118.183725
118.218125
118.240975
118.309575
118.360575
118.394275
118.439925
118.464200
118.490050
118.513950
118.551700
118.651150
118.680750
118.718150
118.739750
118.861650
118.904225
118.988600
119.048675
119.089725
119.218400
119.323350
119.394575
119.467950
119.525275
119.542400
119.706600
119.721500
119.746200
119.772550
119.798400
119.815125
119.857675
119.955350
120.077250
120.162225
120.204300
120.237225
120.340425
120.415825
120.478500
120.541000
120.607700
120.730375
120.748500
120.790975
120.858050
121.744050
121.853250
122.270375
122.287200
122.343625
122.405775
122.434925
122.447775
122.479950
122.540975
122.581225
122.639650
122.755975
122.835125
122.854125
122.871900
122.896825
123.012925
123.185325
123.193125
123.206100
123.223975
123.246875
123.297225
123.325400
123.366825
123.376550
123.406025
123.448425
123.566650
123.583125
123.618325
123.688500
123.714125
123.740350
123.970125
124.062650
124.177375
124.187625
124.192150
124.303825
124.384975
124.424025
124.520000
124.537225
124.558150
124.586800
124.716900
124.732225
124.786225
124.819575
124.839125
124.866825
124.921375
125.032225
125.212250
125.295150
125.318000
125.529925
125.567500
125.687100
125.696200
125.717400
125.777225
125.894500
125.990950
126.015025
126.107100
126.191350
126.202150
126.320800
126.348000
126.367700
126.439175
126.445225
126.482475
126.536225
126.653700
126.679025
126.732825
126.794400
126.962175
126.983550
127.009900
127.049100
127.121000
127.150625
127.200725
127.244575
127.271975
127.295225
127.310450
127.422925
127.474825
127.529300
127.567850
127.680825
127.745675
127.794650
127.845300
127.909150
128.000575
128.121350
128.270700
128.294900
128.316425
128.372200
128.462100
128.548575
128.576675
128.670100
128.685650
128.745450
128.773150
128.793275
128.800550
128.926650
128.956550
128.980450
129.025650
129.237150
129.243700
129.281775
129.285850
129.342575
129.420625
129.482250
129.541925
129.571325
129.644700
129.667275
129.711100
129.765225
129.821900
129.935475
129.987625
130.208725
130.261875
130.444500
130.453950
130.541950
130.561800
130.629325
130.665025
130.675125
130.736500
130.751150
130.764650
130.850450
130.900650
130.968325
131.035625
131.128300
131.208775
131.287375
131.310650
131.343325
131.360200
131.382400
131.421525
131.484075
131.570600
131.606650
131.675950
131.732650
131.752900
131.764000
131.801900
131.832975
131.875475
131.891275
131.947375
131.966250
132.045550
132.247500
132.254900
132.267025
132.319425
132.414425
132.444675
132.561150
132.732675
132.751575
132.791425
132.834350
132.854700
132.876225
133.001300
133.157625
133.238725
133.314525
133.342025
133.547600
133.713450
133.773100
133.846975
134.021700
134.066225
134.104325
134.140250
134.147825
134.212125
134.258200
134.275950
134.345550
134.383400
134.646600
134.664700
134.773775
134.803825
134.958650
135.080475
135.202150
135.262450
135.299575
135.332325
135.346550
135.373200
135.439775
135.534775
135.559900
135.667875
135.710675
135.807350
136.003000
136.026025
136.059825
136.092300
136.180900
136.220725
136.281350
136.342375
136.406675
136.455350
136.597825
136.609100
136.621425
136.636300
136.690400
136.702975
136.821300
136.927700
136.944875
137.024525
137.096350
137.214025
137.303175
137.313975
137.351025
137.376800
137.396600
137.482600
137.561275
137.589375
137.706050
137.729050
137.879800
137.918900
137.989025
138.057100
138.156075
138.237475
138.272475
138.365400
138.403225
138.418800
138.461850
138.508500
138.547000
138.586025
138.625800
138.647400
138.679275
138.780425
138.982800
139.000550
139.012600
139.062775
139.160975
139.229475
139.260875
139.389950
139.591925
139.650075
139.718400
139.762825
139.828750
139.883325
140.128775
140.356075
140.412750
140.527325
140.731525
140.867050
141.040775
141.091400
141.151600
141.182375
141.228350
141.285100
141.335100
141.405175
141.537200
141.855650
141.895500
141.930225
141.973150
142.021125
142.052000
142.088525
142.096175
142.174200
142.227500
142.255575
142.293550
142.320275
142.455875
142.490550
142.512725
142.522875
142.564500
142.609900
142.776775
142.876375
142.941200
143.003025
143.029125
143.159125
143.236700
143.296550
143.327000
143.363725
143.451000
143.468350
143.497000
143.535775
143.560325
143.647175
143.761150
143.775625
143.787900
143.809525
143.829800
143.854475
143.874475
144.126200
144.173550
144.306050
144.464950
144.520275
144.553875
144.635250
144.695450
144.761950
144.825275
144.843850
144.906675
144.932250
145.017275
145.066900
145.171375
145.224600
145.268225
145.308750
145.374100
145.425275
145.461725
145.474050
145.479250
145.502825
145.537250
145.560425
145.579825
145.649700
145.689475
145.712775
145.800275
145.818175
145.851450
145.916800
145.952225
146.063325
146.117725
146.408375
146.418175
146.437800
146.522100
146.648900
146.669075
146.706375
146.815125
146.917800
146.942925
147.027250
147.114575
147.179550
147.187375
147.236750
147.300050
147.384850
147.403800
147.428625
147.448950
147.468275
147.711250
147.754900
147.820850
147.860575
147.882925
147.926325
147.963925
148.069300
148.106750
148.168725
148.196000
148.206375
148.249950
148.333700
148.705400
148.766675
148.813825
148.906250
148.963925
149.056400
149.161175
149.193875
149.250625
149.285000
149.423100
149.446600
149.479175
149.489075
149.541350
149.572275
149.615275
149.625475
149.660500
149.677525
149.732700
149.767050
149.849825
149.883825
150.176950
150.229975
150.340025
150.367600
150.451400
150.660125
150.696200
150.747350
150.783225
150.851650
150.896450
151.025450
151.086275
151.188275
151.299800
151.342450
151.368525
151.395775
151.451725
151.487575
151.507425
151.539050
151.713500
151.814800
151.909150
152.272200
152.393825
152.462950
152.593650
152.697250
152.813700
152.950375
153.106825
153.159975
153.295100
153.357325
153.553175
153.609575
153.725600
153.772975
153.796850
153.909325
153.982300
153.988675
154.028975
154.233550
154.259325
154.263875
154.281150
154.346350
154.380850
154.406950
154.459100
154.641750
154.658825
154.706050
154.764975
154.856175
154.965300
155.055800
155.088150
155.165500
155.214175
155.263975
155.305275
155.369375
155.427425
155.554325
155.626350
155.698975
155.817025
155.845125
155.916625
156.109650
156.122150
156.204225
156.389550
156.411375
156.435000
156.512450
156.622575
156.647725
156.677700
156.744175
156.761000
156.830875
156.924400
156.966950
157.125550
157.158800
157.251850
157.377975
157.397575
157.492200
157.541200
157.565600
157.670650
157.807700
157.915750
157.941400
158.049850
158.076425
158.097475
158.122275
158.222825
158.276050
158.354750
158.419250
158.500825
158.519300
158.564500
158.651050
158.673125
158.747400
158.897375
158.993225
159.060300
159.339000
159.528900
159.800225
159.890925
159.953725
160.007875
160.137575
160.141075
160.243325
160.264050
160.271425
160.345050
160.467800
160.472125
160.554625
160.622000
160.663000
160.739775
160.809800
160.825775
160.836125
160.871800
160.890450
161.005600
161.324900
161.418975
161.484925
161.527250
161.540150
161.609300
161.613725
161.640550
161.784050
161.858275
161.931600
162.007300
162.026875
162.086400
162.119000
162.222900
162.763925
162.896150
162.926625
163.026700
163.070050
163.085450
163.123675
163.159075
163.208125
163.397000
163.486150
163.539800
163.548125
163.662200
163.778625
163.845775
163.870225
163.946500
163.974550
163.988075
164.043500
164.122100
164.181825
164.203775
164.268050
164.400675
164.538100
164.769975
164.821075
164.941950
165.112900
165.166300
165.203075
165.331925
165.438700
165.568650
165.637650
165.718000
165.775575
165.951750
165.975300
166.086500
166.159500
166.237050
166.357825
166.407175
166.435425
166.466425
166.525325
166.652575
166.691400
166.739025
166.807175
166.875525
166.903100
166.982075
167.227200
167.242225
167.296275
167.313950
167.422850
167.539400
167.567075
167.768150
167.828325
167.876625
167.915000
167.930875
168.009225
168.033100
168.092050
168.168275
168.233250
168.342600
168.382925
168.548800
168.589775
168.619825
168.797525
168.821325
168.894225
168.936650
168.965950
168.987125
169.046675
169.052525
169.178575
169.192475
169.211200
169.282900
169.325250
169.355775
169.441650
169.460175
169.528725
169.562500
169.589550
169.670275
169.837475
169.892075
169.971000
170.026425
170.033900
170.048525
170.110300
170.190925
170.237575
170.300000
170.306950
170.352450
170.386200
170.392425
170.429650
170.461600
170.508625
170.587075
170.716500
170.831600
170.986250
171.228275
171.251825
171.318000
171.348675
171.461675
171.524600
171.632850
171.658750
171.691675
171.789300
172.070450
172.122525
172.446525
172.515825
172.645800
172.844275
172.857575
172.957000
172.982725
173.270475
173.276625
173.352750
173.387925
173.563050
173.659375
173.756650
173.782175
173.890600
174.046400
174.241325
174.347075
174.457250
174.471300
174.519100
174.555825
174.708875
174.761700
174.824850
174.856050
174.988100
175.253100
175.272750
175.397225
175.417600
175.504750
175.660600
175.779975
175.832625
175.962075
175.977450
176.062800
176.077475
176.100675
176.133050
176.262725
176.369725
176.461875
176.508450
176.532750
176.643400
176.656475
176.957725
177.049050
177.093425
177.203100
177.317125
177.379750
177.405150
177.440325
177.535300
177.565800
177.634100
177.781250
177.854525
178.046775
178.195325
178.256575
178.515475
178.624475
178.649175
178.892250
178.973025
179.020825
179.042975
179.101550
179.229300
179.251025
179.302175
179.379475
179.464725
179.496950
179.542775
179.587625
179.656275
179.673225
179.725375
179.872550
179.897400
179.903375
179.955775
179.999150
180.193600
180.316725
180.381325
180.460525
180.562575
180.597750
180.647425
180.685375
180.825250
180.880400
180.982475
181.237325
181.240525
181.246025
181.254525
181.393075
181.470800
181.555400
181.709350
181.727050
181.918850
182.185200
182.224850
182.296450
182.460650
182.476875
182.545000
182.704400
182.916050
182.983700
183.081475
183.107275
183.207900
183.241000
183.285175
183.299175
183.355175
183.368500
183.410075
183.622750
183.676425
183.698050
183.841350
183.924500
184.092925
184.160850
184.191725
184.266025
184.487850
184.522225
184.575000
184.757750
184.893125
185.226875
185.640450
185.659500
185.755425
185.784425
185.890800
185.911425
185.951575
186.012425
186.107975
186.145725
186.153850
186.175475
186.381600
186.429150
186.467775
186.807350
186.937550
186.994125
187.080925
187.144900
187.160375
187.204400
187.220175
187.244475
187.383000
187.591425
187.614325
187.643325
187.677650
187.695700
187.715650
187.954800
187.990050
188.173750
188.233850
188.296750
188.318625
188.371925
188.412425
188.667550
188.686625
188.716275
188.804425
188.842800
188.935675
188.993425
189.028600
189.070950
189.124575
189.135650
189.257425
189.395600
189.426925
189.642625
189.700175
189.774475
189.846575
189.864675
189.930225
190.027375
190.179900
190.197700
190.277400
190.310525
190.364550
190.375950
190.397525
190.427350
190.538025
190.613750
190.676225
190.714000
190.806700
190.844400
190.896850
190.998550
191.070250
191.129575
191.178100
191.204550
191.231075
191.251275
191.285300
191.328450
191.350950
191.364325
191.580725
191.613425
191.624825
191.763950
191.843350
191.925300
191.951125
192.037875
192.076625
192.105775
192.156400
192.196075
192.276900
192.340100
192.370850
192.378150
192.462800
192.501825
192.567975
192.651900
192.714050
192.737825
192.757625
192.864025
192.903075
192.951050
192.987825
193.009125
193.044025
193.248175
193.284750
193.426825
193.485750
193.500375
193.544875
193.573225
193.604450
193.660500
193.689425
193.726100
193.914450
193.952675
193.970750
194.057725
194.417350
194.506750
194.641450
194.676775
194.753000
194.785125
194.801100
194.882750
194.900125
194.994050
195.095525
195.155800
195.174275
195.224950
195.282925
195.300150
195.325025
195.341275
195.399525
195.417275
195.527275
195.545675
195.642450
195.687050
195.773200
195.875700
195.946250
196.073800
196.240900
196.435300
196.716475
197.285100
197.300875
197.379625
197.561625
197.728375
197.788825
197.918000
197.980950
198.059375
198.095025
198.108575
198.155400
198.244125
198.266950
198.416975
198.434725
198.515700
198.663600
198.679350
198.755950
198.769250
198.801025
198.848525
198.896875
198.931525
198.976300
199.002025
199.044375
199.096200
199.142725
199.171700
199.209275
199.225700
199.285675
199.427075
199.482650
199.520825
199.595875
199.629075
199.665275
199.699125
199.841375
199.871375
200.089200
200.183975
200.229550
200.410050
200.464625
200.560650
200.667950
200.729875
200.903275
201.075400
201.126375
201.160575
201.252950
201.293800
201.347650
201.392700
201.526425
201.546525
201.581600
201.677625
201.722825
201.755975
201.782350
201.808850
201.935100
201.992425
202.073475
202.135975
202.163800
202.197550
202.289025
202.308875
202.330225
202.370975
202.437525
202.534875
202.565300
202.590175
202.615600
202.639175
202.658625
202.805800
202.863175
202.890450
202.915225
203.026300
203.083050
203.148700
203.213700
203.298850
203.375825
203.422400
203.587200
203.605450
203.640475
203.674775
203.716500
203.789275
203.841925
204.033000
204.269375
204.308475
204.327200
204.382675
204.503800
204.578950
204.728125
204.791075
204.915175
204.976500
205.004925
205.038875
205.137625
205.168375
205.194575
205.231250
205.292900
205.313925
205.381650
205.442200
205.537875
205.563750
205.615750
205.649075
205.666375
205.714175
205.896900
205.912000
206.101500
206.193725
206.340300
206.383250
206.449700
206.560850
206.599925
206.670025
206.703675
206.739175
206.841400
206.879000
206.984025
207.028275
207.286950
207.347525
207.404650
207.434550
207.472375
207.578000
207.623925
207.656675
207.753700
207.761675
207.869525
207.885325
207.921700
207.930150
207.955225
208.063250
208.142175
208.155500
208.179675
208.211400
208.263500
208.292150
208.340525
208.363425
208.449225
208.469300
208.484925
208.529250
208.690800
208.733350
208.806050
208.911250
208.952075
209.008975
209.053375
209.096625
209.138675
209.189900
209.425725
209.467575
209.533500
209.602800
209.633525
209.766375
209.869775
209.894275
209.992125
210.011900
210.223275
210.374225
210.403300
210.502000
210.575950
210.602075
210.620875
210.666000
210.679175
210.700350
210.730075
210.779250
210.974475
211.016700
211.047525
211.093725
211.131800
211.207850
211.247425
211.301975
211.334125
211.351275
211.417700
211.543675
211.638700
211.752050
211.955200
212.009600
212.063175
212.094850
212.152250
212.361500
212.576850
212.634675
212.721725
212.839950
212.980575
213.183875
213.328925
213.396675
213.466100
213.760975
214.125775
214.296425
214.315775
214.354950
214.393025
214.488400
214.545875
214.571350
214.608900
214.670350
214.787075
214.895175
214.955450
215.051500
215.174950
215.431225
215.448000
215.496025
215.508775
215.589825
216.009475
216.061350
216.253075
216.300850
216.357675
216.526350
216.573225
216.624800
216.731100
216.850900
216.874825
216.899600
216.913675
217.009325
217.059825
217.088350
217.142975
217.165950
217.227225
217.298000
217.323750
217.451250
217.480400
217.531450
217.601875
217.644350
217.724575
217.751850
217.774900
217.842675
217.909700
217.948000
218.013050
218.047275
218.094450
218.109900
218.162425
218.209650
218.356800
218.440450
218.543050
218.723375
218.798900
218.828925
218.903850
218.934500
218.957825
218.998525
219.047000
219.064325
219.078775
219.125750
219.185300
219.196275
219.240500
219.382850
219.437750
219.458175
219.497900
219.548050
219.569675
219.597425
219.707150
219.768950
219.932275
219.996550
220.037975
220.070225
220.129525
220.197750
220.240000
220.286725
220.344775
220.385725
220.419975
220.579125
220.639925
220.684000
220.718250
220.784300
220.880000
220.890975
220.965175
221.076125
221.359775
221.434025
221.468775
221.540700
221.606150
221.716825
221.888850
222.240175
222.418200
222.450450
222.478875
222.512975
222.952250
223.331925
223.381850
223.443275
223.484750
223.568000
223.643575
223.845825
223.940225
223.976525
224.221650
224.252325
224.337125
224.412325
224.445250
224.472350
224.509675
224.548850
224.589675
224.622250
224.635175
224.697550
224.783575
224.828075
224.889750
224.923175
224.980450
225.039025
225.108175
225.168050
225.201275
225.317425
225.397675
225.424300
225.449225
225.556125
225.733250
225.821700
225.970800
226.274075
226.550675
226.622250
226.810500
226.857775
226.906425
226.943175
227.048250
227.084275
227.098400
227.186975
227.275125
227.355375
227.373775
227.430750
227.460900
227.555400
227.614750
227.713025
227.765000
228.028400
228.141500
228.231200
228.315200
228.402800
228.540625
228.580675
228.620125
228.665900
228.756825
229.307725
229.536975
230.017750
230.088800
230.155625
230.240100
230.339275
230.583000
230.636925
230.712675
230.776875
230.851650
230.863175
230.915750
231.050225
231.104325
231.126975
231.212225
231.270575
231.291850
231.366525
231.402650
231.435500
231.524050
231.534975
231.564075
231.575475
231.616275
231.635700
231.659200
231.681400
231.702050
231.786775
231.828125
231.853400
231.883200
231.910975
231.943775
231.973775
232.093425
232.124925
232.159575
232.253175
232.321350
232.429250
232.459275
232.581100
232.614125
232.669375
232.689050
232.704900
232.738025
232.793425
232.866725
232.926200
232.952125
233.002775
233.030375
233.116300
233.279925
233.568800
233.677800
233.819500
234.038175
234.319300
234.372000
234.414875
234.440725
234.476925
234.484225
234.558175
234.601250
234.685300
234.740300
234.766900
234.793800
234.897150
234.943000
234.971250
235.011625
235.125850
235.292350
235.388475
235.479700
235.562200
235.604700
235.647500
235.744950
235.778700
235.883800
235.894300
235.921375
235.961775
236.004300
236.085525
236.221825
236.364850
236.409125
236.435050
236.492700
236.582800
236.722475
236.745850
236.777700
236.806000
236.899450
236.929325
236.961175
237.058900
237.218275
237.231975
237.291425
237.324325
237.470150
237.543250
237.598250
237.618375
237.647950
237.678950
237.745400
237.817925
237.950075
238.008100
238.228750
238.364100
238.505725
238.590250
238.633900
238.668850
238.696125
238.739800
238.762875
238.773650
238.865750
238.908450
238.944000
238.969875
239.096925
239.142750
239.181100
239.188325
239.314275
239.524575
239.599475
240.033500
240.120500
240.243425
240.364900
240.442025
240.485575
240.557250
240.624150
240.816625
240.935850
240.968625
241.023650
241.076525
241.125725
241.179550
241.447125
241.464150
241.522825
241.586450
241.638200
241.689800
241.705800
241.730075
241.744500
241.872350
241.913050
241.939900
241.953050
241.979375
242.031050
242.081975
242.100100
242.188175
242.242750
242.566925
242.654050
242.674425
242.874325
243.255800
243.504475
243.680700
243.722700
243.772175
243.874800
243.966200
244.051600
244.079100
244.105625
244.384150
244.391575
244.410725
244.450075
244.473900
244.490025
244.563225
244.572450
244.583975
244.629825
244.679600
244.715850
244.752950
244.772650
244.825450
244.867225
244.924150
245.081575
245.136850
245.179425
245.212000
245.335000
245.383600
245.399875
245.573325
245.596800
245.634325
245.753550
245.811850
245.847675
245.907225
245.922575
245.961500
245.974675
246.011825
246.032100
246.044075
246.098725
246.109775
246.126400
246.210725
246.248550
246.267100
246.295725
246.346175
246.395575
246.467600
246.526175
246.544175
246.558275
246.575075
246.581925
246.638450
246.664175
246.704575
246.718575
246.727100
246.741325
246.777750
246.796575
246.818975
246.837375
246.977700
247.033725
247.068175
247.086850
247.099325
247.109400
247.136150
247.158500
247.185125
247.194075
247.238825
247.280650
247.360900
247.390150
247.447225
247.468450
247.499625
247.655575
247.753525
247.802600
247.841225
247.897850
247.952200
248.041450
248.058325
248.065750
248.074450
248.120125
248.131200
248.149325
248.230125
248.251250
248.350900
248.367000
248.396825
248.454425
248.476775
248.568525
248.595000
248.670575
248.691650
248.707175
248.808025
248.877075
248.991400
249.016250
249.071725
249.221875
249.351850
249.362225
249.444275
249.475725
249.488350
249.551900
249.617825
249.703325
249.746400
249.782400
249.905400
249.948050
250.007400
250.059775
250.137000
250.208200
250.302825
250.470600
250.490575
250.521875
250.565600
250.588175
250.643400
250.814750
250.916900
250.951950
250.988875
251.017350
251.203800
251.228000
251.311050
251.328875
251.360850
251.417225
251.586375
251.672925
251.736700
251.809725
251.839675
251.867475
251.896550
251.976500
252.011025
252.059700
252.100650
252.146250
252.242925
252.281625
252.412475
252.477700
252.496150
252.690325
252.746425
253.063325
253.155400
253.180375
253.193325
253.302200
253.348225
253.415100
253.462700
253.541400
253.611350
253.672775
253.790025
253.818875
253.865050
253.879475
253.906175
253.917975
254.020000
254.057350
254.258075
254.697500
254.752575
254.886975
254.916000
254.946525
254.991375
255.017850
255.082100
255.105775
255.267025
255.294800
255.333025
255.448725
255.482175
255.629275
255.665600
255.703000
255.738350
255.805425
255.849200
255.931575
256.018900
256.052325
256.140475
256.237975
256.280025
256.358650
256.395325
256.448375
256.472825
256.482675
256.493825
256.540700
256.624000
256.646125
256.747975
256.771250
256.779875
256.814875
256.870200
256.968700
257.127550
257.136900
257.210250
257.287475
257.320750
257.361000
257.384600
257.487450
257.500075
257.588400
257.714775
257.753925
257.780300
257.992750
258.017450
258.114050
258.131750
258.203200
258.238650
258.289650
258.327000
258.378400
258.408825
258.429075
258.491675
258.565300
258.650150
258.675200
258.727475
258.755350
258.867225
258.935575
258.983000
259.201750
259.352775
259.427100
259.487450
259.529650
259.554750
259.644225
259.785950
259.817875
259.920350
259.933650
260.015125
260.099825
260.173925
260.197050
260.258300
260.279825
260.396025
260.428550
260.475750
260.517375
260.547975
260.720500
260.843125
260.879900
260.943950
260.971025
261.039075
261.059200
261.136375
261.165400
261.203225
261.349250
261.362350
261.424175
261.449325
261.559925
261.578650
261.597650
261.623275
261.645825
261.666375
261.702150
261.731850
261.766975
261.893400
261.931650
261.962200
261.982325
262.054575
262.126800
262.184175
262.318925
262.433625
262.479025
262.500575
262.583800
262.673450
262.706100
262.889950
263.003800
263.137075
263.153275
263.209250
263.269825
263.432300
263.502425
263.745325
263.929075
263.946475
263.964650
264.025600
264.120550
264.298475
264.394175
264.409550
264.454575
264.924225
264.959575
264.982050
265.018200
265.039175
265.061675
265.129275
265.214625
265.237500
265.273900
265.297325
265.373075
265.475375
265.598225
265.665450
265.722375
265.757325
265.812825
265.897000
265.998000
266.030725
266.171600
266.222750
266.245975
266.289575
266.332800
266.407250
266.438025
266.479800
266.520325
266.561650
266.673125
266.810875
266.868600
266.921450
267.049225
267.110100
267.184650
267.212175
267.253900
267.362075
267.560325
267.570425
267.726775
267.807700
268.082050
268.128725
268.172175
268.226975
268.274650
268.416700
268.441375
268.452000
268.484975
268.562325
268.651750
268.686550
268.706725
268.819325
268.860200
268.891275
268.923200
268.979850
269.051475
269.080150
269.119425
269.133650
269.148700
269.252975
269.284400
269.317125
269.364325
269.492125
269.499500
269.556175
269.651400
269.699350
270.007275
270.142200
270.182300
270.851575
270.921200
271.080900
271.111950
271.216875
271.297350
271.366175
271.692250
271.745425
272.171625
272.230500
272.364925
272.449425
272.468825
272.567525
272.678475
272.717900
272.780375
272.951650
273.008550
273.029100
273.216950
273.304325
273.381300
273.397275
273.423500
273.461775
273.552375
273.592750
273.634000
273.754425
274.281200
274.309025
274.384950
274.647600
274.679250
274.723350
275.343050
275.696500
275.759900
275.817975
275.905350
275.940575
275.962725
275.991900
276.073200
276.147475
276.187850
276.235225
276.273725
276.389775
276.444700
276.763750
276.863400
276.960975
277.070875
277.076125
277.340000
277.393250
277.681925
277.719200
277.755500
277.783000
277.799325
277.829750
277.853975
277.866400
277.926875
277.994600
278.071950
278.137500
278.209750
278.329300
278.396200
278.621400
278.666825
278.792575
278.835325
278.860925
278.901350
278.978925
279.036625
279.144750
279.221600
279.421100
279.483900
279.514150
279.548025
279.582400
279.644125
279.667625
279.715800
279.743225
279.857425
280.053950
280.096350
280.136700
280.250825
280.330125
280.374675
280.426150
280.461625
280.491250
280.617375
280.682425
280.709575
280.718325
280.737275
280.772575
280.834725
280.905575
280.951550
280.985775
281.041425
281.081425
281.115525
281.256125
281.274900
281.410150
281.449375
281.619475
281.651075
281.669150
281.709875
281.736250
281.879625
281.896275
281.951875
282.101000
282.173450
282.193675
282.360375
282.378500
282.400425
282.422175
282.462575
282.573775
282.656050
282.723425
282.741250
282.819950
282.862575
282.890250
282.908700
282.965425
282.977600
283.103375
283.149325
283.258650
283.282825
283.346800
283.399000
283.444800
283.487525
283.504900
283.556125
283.583400
283.598950
283.745325
283.758975
283.818050
283.829300
283.845600
283.863800
283.896850
284.015800
284.099950
284.168175
284.185500
284.208200
284.251550
284.261025
284.318500
284.335625
284.364825
284.454600
284.467050
284.485550
284.539525
284.622975
284.668425
284.799950
284.883750
284.932000
285.002825
285.151375
285.176300
285.212475
285.247425
285.371975
285.387950
285.411625
285.509450
285.598025
285.618350
285.672450
285.701575
285.832800
285.920150
285.992125
286.028575
286.162200
286.184000
286.198925
286.220375
286.261775
286.312625
286.342025
286.371725
286.401500
286.434650
286.497500
286.536375
286.656600
286.680675
286.703150
286.758775
286.776625
286.911375
286.954350
286.975350
286.991300
286.996400
287.004025
287.099375
287.188075
287.194300
287.311350
287.334950
287.346875
287.370475
287.424175
287.437650
287.459800
287.480800
287.697825
287.735275
287.849875
287.891350
287.975700
288.037550
288.085875
288.159750
288.184600
288.250050
288.358600
288.408225
288.455450
288.493850
288.557000
288.575650
288.715675
288.987300
289.001150
289.118200
289.218425
289.284575
289.301175
289.346850
289.371675
289.392000
289.472525
289.621500
289.735750
289.757675
289.868875
289.919825
289.934475
289.992950
290.024750
290.062950
290.076875
290.095600
290.104900
290.114975
290.168875
290.207825
290.380750
290.479175
290.658075
290.674050
290.698750
290.715125
290.758025
290.828950
290.996075
291.019800
291.066475
291.094275
291.180700
291.287025
291.347050
291.454500
291.557675
291.646200
291.733400
291.751575
291.778400
291.920175
291.974425
292.064825
292.089875
292.111825
292.161575
292.184425
292.236525
292.251225
292.306375
292.353850
292.370275
292.476975
292.571975
292.617625
292.643625
292.669125
292.724075
292.798225
292.818925
292.908750
292.974450
293.017625
293.076400
293.147875
293.172525
293.265375
293.296225
293.314900
293.334775
293.401225
293.426350
293.495300
293.819400
293.838650
294.012750
294.118575
294.406650
294.477650
294.555500
294.569825
294.593600
294.607375
294.627825
294.635350
294.720150
294.764525
294.862050
294.935050
295.009075
295.035525
295.090250
295.146175
295.234375
295.286525
295.324925
295.343875
295.413025
295.446900
295.477925
295.572100
295.605350
295.630250
295.713100
295.792725
295.905450
295.940925
296.005025
296.025650
296.050900
296.118275
296.143750
296.172400
296.291350
296.751875
296.823525
297.060175
297.371575
297.443775
297.503200
297.534100
297.570200
297.620600
297.708975
297.750350
297.857100
298.121450
298.230575
298.253950
298.282875
298.311475
298.339475
298.379200
298.452450
298.464425
298.494250
298.518400
298.622475
298.640700
298.695175
298.756450
298.793450
298.812325
298.912425
298.967625
299.061150
299.091900
299.162700
299.224325
299.236025
299.297150
299.308600
299.360650
299.463575
299.495550
299.579475
299.596075
299.721425
299.794775
299.802300
299.914775
300.141550
300.151575
300.172900
300.292575
300.329050
300.771675
300.812850
301.065450
301.118525
301.149250
301.198625
301.233225
301.248800
301.361575
301.383900
301.511475
301.526400
301.555425
301.584850
301.626850
301.694475
301.761300
301.794900
301.831650
301.881675
301.954050
301.972775
302.055050
302.170900
302.203450
302.231025
302.286650
302.326775
302.388125
302.413575
302.478450
302.571700
302.631800
302.647750
302.680875
302.784500
302.796925
302.851075
302.861825
302.878675
302.916050
302.984850
303.274950
303.461875
303.476450
303.645375
303.657975
303.730900
303.936550
304.110175
304.153775
304.179325
304.297275
304.321675
304.332050
304.418775
304.512000
304.582425
304.610100
304.681175
304.714425
304.778200
304.875225
304.900175
304.938675
305.120175
305.261650
305.282550
305.419025
305.534675
305.706700
305.754100
305.840275
305.864875
305.898375
305.994050
306.054475
306.087600
306.106475
306.127750
306.189125
306.282700
306.397425
306.437500
306.461325
306.533675
306.621475
306.677325
306.806850
306.849800
306.864825
306.875575
306.931075
307.041475
307.064350
307.100200
307.114950
307.137375
307.164800
307.206575
307.265175
307.289725
307.353775
307.381150
307.398625
307.417100
307.589975
307.606925
307.686100
307.711875
307.794650
307.813275
307.831125
307.861075
307.927075
307.932075
308.067525
308.088275
308.107875
308.137550
308.181425
308.243350
308.264425
308.283925
308.422400
308.455325
308.494100
308.516750
308.535975
308.603550
308.718200
308.825500
308.990475
309.001675
309.092625
309.117950
309.223700
309.354625
309.393900
309.418125
309.486250
309.514525
309.651275
309.736550
309.757600
309.787775
309.895525
309.974675
310.095100
310.132700
310.171725
310.226500
310.274500
310.316375
310.399350
310.418925
310.493775
310.533600
310.606525
310.917175
310.989525
311.031325
311.073450
311.137225
311.173625
311.276975
311.297800
311.421550
311.435125
311.515575
311.542775
311.572400
311.590850
311.602475
311.622725
311.634275
311.697375
311.740550
311.768800
311.785000
311.832500
311.915875
312.032525
312.046150
312.100375
312.183800
312.324550
312.375325
312.397450
312.488075
312.591150
312.670775
312.721600
312.792625
312.834000
312.858725
312.923975
313.048700
313.066325
313.143850
313.164850
313.247425
313.292275
313.518225
313.552375
313.692550
313.733250
313.808850
313.830925
313.857200
313.905125
313.939400
313.951325
313.996800
314.046350
314.098275
314.152075
314.172425
314.234225
314.257350
314.315025
314.329575
314.491925
314.575950
314.699800
314.742525
314.833100
314.849900
314.883500
314.978975
315.015600
315.063450
315.129375
315.230975
315.248275
315.317950
315.399450
315.433625
315.523550
315.574150
315.656150
315.730575
315.753350
315.939025
315.953525
315.979875
316.000150
316.024225
316.036625
316.064375
316.123750
316.155600
316.216725
316.343800
316.389750
316.438225
316.462250
316.492975
316.620900
316.638800
316.662950
316.711125
316.779625
316.827000
316.882675
316.957075
317.095875
317.108400
317.168250
317.205150
317.427200
317.453975
317.491625
317.509325
317.553300
317.606350
317.656400
317.720925
317.772675
317.809275
317.888975
317.924525
318.023875
318.036875
318.077200
318.094675
318.149450
318.252525
318.292925
318.798525
318.850025
318.935725
319.024450
319.059100
319.135550
319.222600
319.253500
319.391575
319.403725
319.503025
319.528875
319.589075
319.616875
319.629350
319.648025
319.713450
319.750025
319.798525
319.901200
320.083425
320.189625
320.352750
320.376100
320.391650
320.448450
320.473275
320.495800
320.517950
320.588475
320.701800
320.751225
320.788100
320.810225
321.007550
321.065475
321.096400
321.173350
321.195350
321.281700
321.300500
321.319075
321.337100
321.355400
321.431650
321.576825
321.735900
321.915400
321.951775
322.018700
322.050400
322.151725
322.166150
322.216025
322.239625
322.286625
322.321475
322.356425
322.409675
322.445300
322.482225
322.599425
322.798400
322.844875
322.962350
323.477925
323.641825
323.712425
323.805850
323.883500
324.082025
324.180450
324.201425
324.329800
324.497900
324.638325
324.843550
324.907050
324.964500
325.052775
325.086850
325.136850
325.201050
325.225450
325.273425
325.318750
325.332800
325.382325
325.413250
325.438975
325.508625
325.560600
325.606150
325.875950
325.923700
325.984725
325.999925
326.109600
326.149675
326.199700
326.234875
326.274050
326.320300
326.354675
326.386700
326.452425
326.472675
326.545175
326.677350
326.733175
326.791075
326.858650
326.946050
326.978275
327.080100
327.095250
327.137125
327.180625
327.253750
327.378925
327.654400
327.695925
327.802350
327.866125
327.944850
327.988800
328.208550
328.286050
328.613425
328.733225
328.802575
328.846400
329.000425
329.060950
329.185925
329.303825
329.475600
329.539925
329.750400
329.789825
329.976550
330.042050
330.140675
330.229575
330.318950
330.405475
330.436275
330.510900
330.568725
330.627600
330.650475
330.675600
330.709625
330.842850
330.875050
330.892675
330.977550
331.109275
331.163975
331.239600
331.271475
331.305625
331.448500
331.780000
332.086625
332.298350
332.408625
332.681400
332.721900
332.813800
332.866225
332.958475
333.098775
333.166250
333.244775
333.410150
333.538350
333.587400
333.641975
333.668375
333.694350
333.730600
333.746050
333.853575
333.898800
333.961200
334.143525
334.221775
334.248225
334.507850
334.571900
334.749800
334.819100
334.886725
334.928175
334.964325
335.015375
335.117625
335.153050
335.218075
335.264125
335.331250
335.372275
335.443175
335.562925
335.607100
335.701050
335.730750
335.756350
335.837050
335.924200
336.124450
336.476700
336.524675
336.626150
336.884550
336.975550
337.023400
337.051600
337.118225
337.195150
337.306775
337.403175
337.418200
337.563075
337.589200
337.727100
337.786625
337.898150
338.044600
338.334800
338.862175
338.971425
339.009575
339.084275
339.104800
339.310225
339.369800
339.487050
339.545425
339.584975
339.629675
339.675850
339.794350
339.836150
339.891075
339.914700
340.023800
340.099300
340.126400
340.203550
340.258800
340.301625
340.349950
340.394250
340.417350
340.442025
340.503075
340.558425
340.685800
340.781375
340.850050
340.868850
340.995200
341.081025
341.163875
341.379400
341.416025
341.474325
341.576625
341.668200
341.731250
341.754150
341.825325
341.852300
341.868250
341.887225
341.942475
341.983125
342.274550
342.321300
342.527100
342.555750
342.614625
342.732850
342.810050
342.869600
342.946925
342.979175
343.215650
343.363600
343.489850
343.513150
343.653125
343.731625
343.938125
344.175500
344.687025
344.822850
344.867125
344.952725
345.211600
345.467650
345.587475
345.924225
346.098650
346.192800
346.213075
346.263325
346.296575
346.423050
346.519800
346.596875
346.621750
346.676775
346.703550
346.731850
346.795225
346.810125
346.829625
346.871850
346.954175
346.976025
347.039000
347.134575
347.258400
347.274900
347.297475
347.330875
347.356450
347.382925
347.393150
347.410925
347.430475
347.477175
347.516200
347.532675
347.660875
347.668000
347.683300
347.698875
347.715525
347.773575
347.844250
347.858025
347.887875
348.076950
348.162725
348.212550
348.249350
348.286325
348.379000
348.515300
348.539925
348.567425
348.602675
348.727050
348.758275
348.792625
348.846175
348.879325
348.893525
349.082575
349.099025
349.121775
349.131925
349.183700
349.233625
349.289575
349.346325
349.480800
349.503200
349.531750
349.557550
349.574350
349.581750
349.604800
349.620400
349.766775
349.803750
349.869100
349.941200
349.973200
350.086200
350.143325
350.174450
350.182475
350.191425
350.372175
350.392475
350.475250
350.545175
350.700150
350.724100
350.735975
350.899225
351.000425
351.103650
351.153900
351.274275
351.446975
351.473600
351.550675
351.566925
351.616000
351.683425
351.740225
351.864550
351.890125
351.961250
351.987300
352.123050
352.177800
352.319400
352.371250
352.412575
352.431325
352.449275
352.477625
352.646375
352.667700
352.680175
352.701025
352.764475
352.783875
352.926075
353.013200
353.072475
353.098750
353.179900
353.207675
353.241375
353.396650
353.409100
353.465050
353.688175
353.710550
353.806725
353.886950
353.960200
354.097500
354.193175
354.220000
354.252600
354.295700
354.312400
354.347050
354.391175
354.434600
354.472650
354.498300
354.518975
354.557075
354.638750
354.684825
354.797425
354.830050
354.852400
354.998725
355.018525
355.163475
355.199125
355.281800
355.306375
355.345250
355.417200
355.458000
355.535625
355.565425
355.628125
355.675225
355.722725
355.757950
355.818675
355.956850
355.975925
356.049275
356.075675
356.165525
356.188875
356.216750
356.373325
356.412375
356.438100
356.505750
356.532975
356.596050
356.648675
356.755400
356.847750
356.874525
357.002675
357.052175
357.092225
357.354200
357.377100
357.405125
357.570650
357.591050
357.715825
357.752750
357.777750
357.796975
357.825900
357.851150
357.902425
357.937250
358.033475
358.124300
358.268875
358.405075
358.465650
358.520425
358.564225
358.613850
358.656750
358.688175
358.797700
358.846725
358.884600
358.931025
358.947675
358.976675
358.994025
359.104625
359.132025
359.184250
359.214550
359.330425
359.376900
359.460150
359.515250
359.558275
359.595550
359.606075
359.691050
359.706525
359.739900
359.801850
359.849775
359.899975
359.926250
359.990400
360.028075
360.041800
360.049125
360.073350
360.100975
360.131550
360.144275
360.189575
360.222350
360.256400
360.310675
360.331375
360.399975
360.463800
360.515100
360.635000
360.675675
360.711925
360.828375
360.902150
360.912500
360.924425
360.942750
360.966200
360.974100
361.076675
361.120525
361.161275
361.353825
361.398325
361.497275
361.581125
361.660025
361.705550
361.718525
361.753450
361.826000
361.845975
361.932825
361.956625
362.264250
362.270475
362.288150
362.460975
362.525550
362.714750
362.771850
362.871725
362.960400
362.977000
363.219175
363.269575
363.292000
363.318825
363.331150
363.346250
363.356425
363.405000
363.501100
363.599800
363.646700
363.694050
363.717875
363.768675
363.805700
363.935125
363.976525
364.011625
364.060750
364.089600
364.125825
364.350225
364.410800
364.429000
364.462925
364.560075
364.569950
364.587150
364.659875
364.679950
364.737325
364.761950
364.805000
364.823400
364.856000
364.882500
364.916975
364.990375
365.038600
365.057275
365.081150
365.147725
365.257975
365.284200
365.325650
365.340850
365.350050
365.371575
365.422500
365.434150
365.452825
365.524275
365.598425
365.645225
365.671275
365.775725
365.819675
365.840150
365.862425
365.979675
366.005275
366.074700
366.193025
366.223000
366.241250
366.393075
366.523275
366.611200
366.711325
366.741850
366.770825
366.826775
366.861125
366.876275
366.937100
366.961250
367.077525
367.128425
367.277200
367.366625
367.462575
367.493775
367.530325
367.581000
367.609750
367.656950
367.689850
367.789250
367.804425
368.049150
368.342400
368.352700
368.441725
368.493450
368.671300
368.776350
368.812250
368.898250
368.917800
368.944050
368.975675
369.054050
369.120175
369.234650
369.268450
369.312225
369.372475
369.396500
369.403700
369.411050
369.450425
369.457225
369.476450
369.538625
369.570900
369.594725
369.620725
369.764750
369.938175
370.015775
370.101925
370.175925
370.269775
370.350200
370.377500
370.425625
370.457925
370.627575
370.772775
370.840450
370.882550
370.918225
371.050325
371.163750
371.218675
371.334800
371.378075
371.392250
371.425300
371.544325
371.584675
371.606600
371.635250
371.730400
371.865300
371.894900
371.917850
372.010300
372.051700
372.064175
372.093475
372.172925
372.217925
372.280475
372.313175
372.370350
372.441875
372.525700
372.566950
372.590900
372.639375
372.680775
372.687050
372.738025
372.906075
373.016150
373.122400
373.171875
373.245925
373.275750
373.335950
373.479500
373.554200
373.577075
373.665175
373.747275
373.767250
373.806050
373.861500
373.891550
373.913200
373.960925
373.989425
374.011700
374.034950
374.075225
374.098275
374.182000
374.207750
374.229775
374.414425
374.537500
374.559550
374.584500
374.775750
374.791250
374.828675
374.844100
375.052350
375.102750
375.110275
375.165350
375.195700
375.304800
375.330225
375.420850
375.449375
375.513875
375.538950
375.554300
375.622050
375.637075
375.654750
375.716475
375.733025
375.748225
375.796550
375.869000
375.884925
375.898650
375.979125
376.051375
376.138500
376.199325
376.259600
376.298325
376.337300
376.406050
376.444650
376.456675
376.523175
376.546125
376.554350
376.565800
376.600650
376.617050
376.698400
376.762875
376.969075
377.012350
377.057600
377.081200
377.104325
377.196125
377.215000
377.301725
377.424675
377.528650
377.549900
377.560700
377.565200
377.575550
377.640625
377.728250
377.777925
377.916725
377.922525
378.078875
378.163800
378.171150
378.273575
378.318525
378.388625
378.491200
378.535925
378.576975
378.736125
378.811850
378.830450
378.905100
378.927400
379.004825
379.038250
379.061125
379.152975
379.213700
379.293375
379.365400
379.535850
379.564150
379.680650
379.720075
379.732825
379.761975
379.779650
379.795725
379.849950
379.998225
380.043725
380.121475
380.216550
380.321450
380.379375
380.416725
380.491550
380.581000
380.599575
380.810425
380.893900
380.992800
381.086225
381.137000
381.245725
381.265225
381.374700
381.386500
381.426950
381.442600
381.460725
381.477000
381.506975
381.523675
381.601600
381.681750
381.691425
381.718650
381.929500
381.942275
381.948975
381.959700
381.996250
382.024325
382.136650
382.223475
382.339050
382.484025
382.582400
382.601600
382.689050
382.712825
382.771325
382.791000
382.863625
382.949800
382.959475
383.002425
383.062825
383.093000
383.125350
383.157600
383.164450
383.175650
383.205300
383.296775
383.371550
383.465700
383.495700
383.590000
383.598750
383.718675
383.806225
384.000000
384.108850
384.160550
384.205425
384.213425
384.259725
384.294400
384.425075
384.432300
384.445375
384.460825
384.523775
384.629250
384.938475
384.960550
385.043900
385.333200
385.415475
385.452725
385.489375
385.589025
385.644800
385.719225
385.732900
385.755000
385.814900
386.037800
386.134000
386.153200
386.198175
386.230325
386.268550
386.289875
386.301550
386.318025
386.336325
386.354125
386.369425
386.401150
386.474950
386.531250
386.554475
386.599625
386.619950
386.647825
386.664275
386.696275
386.796700
386.853750
386.877000
386.945300
386.970575
386.993675
387.000200
387.045825
387.082575
387.100100
387.155275
387.203325
387.282250
387.416625
387.540575
387.614675
387.637950
387.648825
387.670300
387.729325
387.743750
387.816125
387.829200
387.992900
388.036200
388.068725
388.129725
388.145625
388.217525
388.255100
388.304450
388.355375
388.406925
388.429300
388.451125
388.466325
388.556675
388.617675
388.761575
388.776050
388.797325
388.842800
388.952175
388.998525
389.113400
389.132325
389.181700
389.245250
389.281775
389.326400
389.356100
389.436450
389.455500
389.504350
389.639025
389.688475
389.723775
389.755150
389.791425
389.847600
389.877675
390.005050
390.033425
390.068500
390.097050
390.220450
390.322850
390.429250
390.479025
390.691650
390.809200
390.850250
390.887600
390.995775
391.110075
391.134575
391.195200
391.215750
391.264150
391.297975
391.331325
391.387100
391.442275
391.569725
391.638675
391.668350
391.768950
391.830850
391.859500
391.949425
391.965025
392.028950
392.035150
392.051425
392.092775
392.533975
392.556650
392.577300
392.703925
392.716750
392.745425
392.792725
392.818775
392.855650
392.877900
392.899325
392.962025
393.019825
393.060075
393.127150
393.154425
393.187425
393.296050
393.340950
393.370250
393.399225
393.412025
393.417500
393.511700
393.684175
393.753575
393.825400
393.878025
393.909350
394.149225
394.184450
394.219325
394.242925
394.362275
395.335825
395.413000
395.563700
395.660525
395.764775
395.795175
395.844425
395.901050
395.927300
395.961950
396.020425
396.051350
396.064025
396.085875
396.160450
396.245450
396.287525
396.430525
396.525200
396.550825
396.613150
396.649850
396.690800
396.759775
396.851400
396.888950
396.963575
396.989775
397.004575
397.067200
397.084550
397.094800
397.147375
397.184450
397.208775
397.269675
397.308725
397.330325
397.365500
397.470200
397.497450
397.507750
397.534025
397.640750
397.665425
397.761125
397.942275
398.032100
398.153625
398.184575
398.305125
398.332850
398.444700
398.487850
398.529825
398.575950
398.610050
398.647150
398.760075
398.807150
398.938675
399.252825
399.346000
399.424975
399.444150
399.481225
399.654775
399.810575
399.906300
399.971275
400.015550
400.065600
400.104850
400.123775
400.155025
400.314575
400.338025
400.394575
400.470750
400.503700
400.518450
400.555325
400.588600
400.639875
400.752950
400.951700
401.023725
401.103675
401.133500
401.238625
401.258575
401.443850
401.544875
401.567425
401.679900
401.758475
401.853525
401.991450
402.132650
402.287375
402.343375
402.383300
402.619100
402.827600
403.094450
403.138975
403.188975
403.239425
403.603125
403.679775
403.735050
403.772525
403.792300
403.868450
403.888825
404.055075
404.105050
404.206900
404.262700
404.443900
404.488925
404.519675
404.534450
404.617275
404.645200
404.692975
404.784950
404.846875
404.858825
405.020300
405.056175
405.092075
405.246750
405.373350
405.406850
405.475400
405.551575
405.635125
405.680525
405.942925
406.002675
406.035375
406.113225
406.237475
406.366025
406.449325
406.510475
406.655850
406.688450
406.736325
406.781650
406.912100
406.946850
406.968700
407.088525
407.127975
407.168975
407.279975
407.344575
407.499525
407.557175
407.722850
407.763200
407.830425
407.914450
407.948225
407.972075
408.057025
408.517025
408.614450
408.652225
408.760075
408.855750
409.042975
409.126525
409.238150
409.279075
409.358850
409.406950
409.436400
409.479500
409.547650
409.685075
409.765075
409.788050
409.804875
409.821225
409.891700
410.032600
410.105075
410.217225
410.266975
410.293700
410.317375
410.387450
410.421975
410.436600
410.454300
410.505000
410.578425
410.593475
410.681800
410.794050
410.898800
410.922150
410.941575
411.214900
411.263300
411.341100
411.410775
411.496475
411.557150
411.596950
411.631425
411.671500
411.692100
411.827300
411.887675
412.017750
412.185775
412.205125
412.257150
412.272000
412.294700
412.351725
412.423425
412.443725
412.538050
412.611175
412.708675
412.931950
413.020050
413.050425
413.068300
413.463275
413.680375
413.738450
413.768725
413.866625
413.885150
413.913900
413.960200
414.006650
414.074525
414.178050
414.208375
414.307875
414.930775
415.075550
415.281850
415.341350
415.395475
415.447775
415.469225
415.549850
415.587800
415.639200
415.696800
415.729250
415.896475
415.915775
415.945200
415.999450
416.117400
416.145025
416.199475
416.245525
416.350400
416.439000
416.465250
416.482050
416.549575
416.569850
416.601750
416.713750
416.783175
416.956250
417.050075
417.142850
417.184300
417.230325
417.254825
417.281625
417.307150
417.337000
417.372500
417.443150
417.541800
417.555750
417.600825
417.662750
417.694275
417.840600
417.883125
417.932375
417.952700
417.959125
418.144550
418.299800
418.326650
418.390325
418.442125
418.511600
418.557750
418.618675
418.696175
418.744525
418.763825
418.950875
419.018750
419.083350
419.229500
419.238725
419.396500
419.460150
419.535450
419.556875
419.610975
419.648100
419.682025
419.774875
419.845850
419.912975
420.049375
420.208375
420.460725
420.599325
420.682175
420.699925
420.826350
420.899975
420.922525
420.948400
421.011750
421.083750
421.121400
421.164300
421.237975
421.271550
421.357150
421.412500
421.426100
421.510950
421.672975
421.789725
421.893775
422.108875
422.273475
422.292925
422.359475
422.431750
422.454575
422.711425
422.773075
422.789375
422.818700
422.921775
423.010700
423.154000
423.349675
423.380350
423.595250
423.652725
423.782750
423.901700
423.911950
423.935675
423.960300
424.001525
424.049575
424.173100
424.275450
424.324050
424.425200
424.451375
424.478150
424.489000
424.594000
424.621925
424.717750
424.754675
424.773725
424.832475
424.845150
424.858900
425.002325
425.022050
425.034075
425.057650
425.082225
425.114200
425.139850
425.170600
425.190325
425.233200
425.252550
425.259025
425.281250
425.482650
425.530575
425.553975
425.585225
425.666725
425.690225
425.717250
425.737075
425.762700
425.781250
425.799850
425.824350
425.941600
426.025025
426.063975
426.147250
426.255775
426.303700
426.326225
426.349100
426.382625
426.474825
426.509425
426.534475
426.555525
426.594225
426.617875
426.641850
426.675350
426.733800
426.788625
426.829275
426.852650
426.914825
426.941550
427.030800
427.073425
427.094825
427.111200
427.127900
427.229175
427.246125
427.272975
427.288950
427.397525
427.495950
427.513200
427.535050
427.589950
427.657350
427.689500
427.727700
427.786150
427.861575
427.883675
427.901600
427.924150
427.953750
428.001775
428.057125
428.145525
428.179075
428.223775
428.276725
428.463625
428.485850
428.502175
428.532550
428.547275
428.623850
428.680750
428.790025
428.856350
428.890575
428.919800
428.939600
429.050675
429.114375
429.374750
429.430325
429.458825
429.466275
429.583600
429.662975
429.903550
429.919600
429.994150
430.040825
430.088425
430.152700
430.171600
430.298700
430.444675
430.478225
430.487150
430.513525
430.661850
430.734950
430.836625
430.934800
431.062375
431.080875
431.151525
431.287475
431.371300
431.391975
431.519825
431.631800
431.683550
431.742875
431.772500
431.799150
431.818300
431.837150
431.988350
432.019250
432.078975
432.116650
432.156725
432.260200
432.273750
432.304425
432.348850
432.379025
432.537950
432.553325
432.618250
432.696625
432.739075
432.801750
433.118150
433.133975
433.184350
433.246225
433.355450
433.552850
433.567950
433.584600
433.636550
433.654350
433.738000
433.856875
433.882400
433.932775
433.944500
433.959575
433.993025
434.032000
434.052675
434.147850
434.285350
434.315075
434.398775
434.434000
434.503875
434.582925
434.668875
434.686875
434.778675
434.810950
434.878425
434.959075
435.032625
435.117175
435.145800
435.194775
435.247400
435.287300
435.380025
435.403150
435.501300
435.528375
435.549975
435.595550
435.712675
435.796025
435.829750
435.845050
435.958700
436.017925
436.129550
436.275900
436.455775
436.586575
436.616450
436.654175
436.753975
436.765575
436.899450
436.922200
436.936375
436.953800
437.141750
437.255400
437.510025
437.754225
437.801650
437.870325
437.945100
438.031850
438.109500
438.141925
438.161150
438.219325
438.278175
438.354425
438.387825
438.608825
438.626800
438.688875
438.712025
438.726050
438.743250
438.760650
438.817400
438.925100
438.951225
439.002425
439.052700
439.076975
439.155775
439.230275
439.252775
439.293325
439.333925
439.387575
439.452275
439.496900
439.546225
439.616825
439.722750
439.798500
439.854700
440.042975
440.118425
440.143075
440.315250
440.357000
440.386275
440.414875
440.450625
440.462675
440.568150
440.713550
440.809275
440.826275
440.859400
440.898275
440.919200
440.968775
441.056725
441.159750
441.171400
441.291125
441.319300
441.364700
441.402200
441.443900
441.455625
441.536725
441.557300
441.606625
441.619100
441.646900
441.682075
441.719600
441.746725
441.768475
441.783550
441.831550
441.877175
442.001850
442.032250
442.128900
442.214650
442.285425
442.313000
442.335825
442.495900
442.533150
442.552050
442.594400
442.664325
442.683225
442.727375
442.797700
442.852975
442.957325
442.978175
443.107050
443.139275
443.168875
443.232875
443.286025
443.318975
443.381075
443.471600
443.523350
443.545200
443.629475
443.664250
443.695800
443.747925
443.762900
443.851350
443.869925
444.138225
444.200350
444.227450
444.265775
444.302850
444.374650
444.384400
444.493750
444.556050
444.706900
444.738075
444.884825
444.923750
444.953700
445.011025
445.137775
445.162450
445.222925
445.495925
445.625300
445.682600
445.888200
446.032275
446.050900
446.061325
446.086875
446.136850
446.261125
446.386450
446.415250
446.495925
446.530000
446.635700
446.759825
446.786725
446.845425
446.887575
446.926900
446.943000
447.013625
447.040175
447.074150
447.100275
447.155400
447.239575
447.306175
447.317925
447.339925
447.407025
447.435850
447.445450
447.542375
447.683500
447.706100
447.800100
447.832175
447.885150
447.919550
447.937450
447.959650
448.046950
448.103425
448.288550
448.396200
448.482075
448.615125
448.831025
448.849725
448.893300
449.267050
449.306850
449.349325
449.396175
449.449275
449.619100
449.786350
450.316425
450.330575
450.406150
450.462075
450.526475
450.593175
450.624875
450.639900
450.657225
450.693250
450.729275
450.748400
450.772900
450.882200
450.955450
451.011475
451.108925
451.135300
451.246600
451.279975
451.300850
451.315725
451.460275
451.493050
451.519050
451.584175
451.670150
451.824350
451.962475
452.066825
452.187925
452.209200
452.240625
452.269925
452.280100
452.325600
452.368250
452.443425
452.495525
452.525850
452.552600
452.592875
452.644125
452.718875
452.738625
452.818750
453.003775
453.011725
453.284525
453.656450
453.690425
453.784575
453.986050
454.031900
454.111325
454.140600
454.163125
454.234900
454.347000
454.437650
454.452575
454.495125
454.546375
454.567800
454.596925
454.626100
454.655975
454.673025
454.703900
454.741400
454.775725
454.806725
454.816225
454.836650
454.855175
454.897600
454.968225
455.000600
455.022475
455.066825
455.120800
455.253225
455.372650
455.407775
455.522950
455.614850
455.691125
455.747950
455.791675
455.831075
455.855675
455.898925
456.029675
456.058475
456.127425
456.164500
456.203650
456.267875
456.338200
456.360425
456.415600
456.447200
456.613175
456.652375
456.696950
456.793800
456.918550
456.991450
457.073725
457.106375
457.194200
457.272200
457.387600
457.419550
457.439725
457.567750
457.600775
457.690425
457.708675
457.751875
457.772425
457.829975
457.851825
457.902125
457.927100
457.956325
458.475825
458.599600
458.649025
458.858975
458.954575
458.991850
459.101675
459.134350
459.200450
459.381125
459.521125
459.781250
459.802100
459.851700
459.892975
459.927775
460.104900
460.239450
460.330625
460.355700
460.418200
460.444900
460.471425
460.516600
460.587000
460.602100
460.657950
460.708800
460.758075
460.849625
460.867475
460.943500
460.991125
461.062325
461.124075
461.404825
461.495600
461.505400
461.596825
461.667975
461.690900
461.717300
461.794650
461.838450
461.871025
461.942000
462.062425
462.128750
462.293550
462.339725
462.417225
462.444000
462.473575
462.582700
462.784425
462.813750
462.839500
462.901225
462.949275
462.974275
463.025675
463.044350
463.124450
463.220375
463.342000
463.353825
463.391750
463.457600
463.493325
463.546300
463.555925
463.597650
463.631550
463.656350
463.713825
463.777825
463.939450
464.043825
464.089425
464.118200
464.186350
464.254575
464.285425
464.302300
464.319100
464.433200
464.511150
464.538525
464.561450
464.577600
464.638050
464.697825
464.744425
464.774400
464.794150
464.825750
464.840125
464.908775
464.935275
464.961425
465.059675
465.125475
465.153900
465.298600
465.363000
465.392425
465.437450
465.468150
465.557725
465.691500
465.890675
465.982525
466.033975
466.054100
466.148550
466.167275
466.178525
466.425925
466.493100
466.611700
466.663200
466.761125
466.822200
466.882375
466.897525
466.913825
466.930675
467.025750
467.044925
467.160625
467.205100
467.224100
467.329925
467.452275
467.495350
467.559800
467.628675
467.674525
467.841500
467.963300
467.993375
468.012800
468.046975
468.076150
468.105425
468.160100
468.189500
468.343125
468.383825
468.397150
468.440825
468.570500
468.595000
468.640275
468.798550
468.809350
468.887250
468.904775
468.948300
468.996200
469.039125
469.066100
469.132150
469.208775
469.262425
469.437450
469.460200
469.551300
469.575875
469.602150
469.617400
469.797850
469.879625
469.944500
469.963000
470.054150
470.093075
470.146675
470.297175
470.636975
470.762775
470.827675
471.123875
471.153875
471.173475
471.218050
471.300775
471.325725
471.404075
471.466775
471.573975
471.703325
471.775000
471.786475
471.820650
471.847575
471.942325
471.972125
472.061125
472.116850
472.145425
472.190700
472.315575
472.357475
472.455350
472.498750
472.558025
472.594400
472.664450
472.699650
472.816200
472.935850
473.089875
473.114975
473.318325
473.425075
473.551025
473.573425
473.589700
473.632100
474.061550
474.124675
474.178450
474.497375
474.607850
474.675800
474.744150
474.862825
475.021775
475.090850
475.157125
475.277000
475.334675
475.348550
475.365175
475.572800
475.854400
476.153300
476.392075
476.432450
476.509975
476.599075
476.859050
477.053150
477.269175
477.485700
477.609525
477.639900
477.690975
477.736475
477.823050
477.863675
477.941225
477.958150
477.985050
478.076275
478.124725
478.193525
478.220275
478.296200
478.406250
478.619350
478.642675
478.675175
478.708700
478.728825
478.736025
478.741300
478.817025
478.842225
478.912475
478.979325
479.056900
479.130550
479.162450
479.209800
479.323875
479.372100
479.469975
479.484050
479.513150
479.681100
479.698825
479.758325
479.788200
479.813075
479.836725
479.890050
479.966250
479.971525
480.005700
480.134750
480.166575
480.222650
480.248475
480.280075
480.322925
480.337825
480.510925
480.554475
480.586450
480.679100
480.827275
480.951625
481.047800
481.095625
481.138625
481.189650
481.218225
481.254200
481.290875
481.466900
481.542700
481.613175
481.646350
481.677200
481.697900
481.747675
481.781150
481.788150
481.915925
481.965475
482.042025
482.058600
482.254675
482.299900
482.325100
482.349025
482.356925
482.403100
482.468475
482.564250
482.612200
482.680700
482.688225
482.704950
482.795100
482.814600
482.913525
482.947825
483.058775
483.182775
483.262975
483.497625
483.604325
483.652700
483.693400
483.707525
483.719950
483.746925
483.784300
483.804200
483.846225
483.916575
483.961250
483.978875
484.017300
484.039500
484.048400
484.060700
484.104750
484.116225
484.135400
484.241175
484.285850
484.325325
484.348225
484.369850
484.379050
484.447875
484.461100
484.493475
484.551075
484.610675
484.650100
484.704550
484.728750
484.739550
484.805425
484.881675
484.928800
484.951550
485.019725
485.032175
485.081025
485.096325
485.158075
485.168650
485.210250
485.239500
485.258750
485.272825
485.301075
485.339950
485.367675
485.388850
485.409225
485.494200
485.598750
485.738500
485.755825
485.790575
485.812100
485.828875
485.847925
485.873300
485.946625
485.978800
486.186200
486.230550
486.246100
486.358625
486.391325
486.428375
486.450175
486.478200
486.508425
486.554200
486.593300
486.669600
486.842975
486.857650
486.878225
486.883575
487.004150
487.029100
487.098925
487.290700
487.387300
487.410625
487.434025
487.450375
487.457150
487.675200
487.747550
487.823900
487.847700
487.927050
487.954325
487.982200
488.032275
488.050550
488.152525
488.307125
488.358275
488.396725
488.420375
488.431475
488.451250
488.526300
488.560550
488.652600
488.756125
488.804325
488.829275
488.860775
488.914600
488.938375
488.960575
489.044350
489.084900
489.160200
489.296925
489.479325
489.506950
489.550775
489.572225
489.608600
489.647025
489.688850
489.768725
489.788775
489.819375
489.862250
489.920075
490.127250
490.257400
490.292275
490.337875
490.417575
490.555800
490.580375
490.666800
490.708900
490.860725
490.868900
490.919300
490.958475
491.068025
491.085950
491.156775
491.220300
491.255275
491.299375
491.404050
491.441050
491.491725
491.606275
491.666025
491.735125
491.965150
492.007800
492.127525
492.192025
492.280350
492.355175
492.435525
492.682625
492.796325
492.858250
492.901225
492.910025
493.022775
493.080675
493.137325
493.166075
493.199225
493.209275
493.300550
493.424600
493.436900
493.526075
493.623425
493.659600
493.713650
493.736175
493.764725
493.895425
493.994975
494.051075
494.110475
494.136450
494.173825
494.206525
494.232000
494.241525
494.256025
494.277425
494.319300
494.486625
494.571125
494.592225
494.643800
494.691675
494.732300
494.754925
494.813625
494.832850
494.853050
494.929850
494.945450
494.963475
494.983875
495.012350
495.085100
495.142550
495.176950
495.353875
495.521550
495.728475
495.761075
495.779325
495.803050
495.821100
495.862950
495.952625
496.031075
496.059500
496.135400
496.198375
496.307100
496.463900
496.580100
496.624000
496.691150
496.718500
496.795050
496.868425
496.950450
497.043950
497.087900
497.177875
497.215925
497.249125
497.267100
497.442925
497.533825
497.592625
497.659725
497.829000
497.863525
497.923100
498.076550
498.091100
498.255625
498.419600
498.609475
498.672200
498.765550
498.805275
498.920250
498.947350
499.039150
499.185425
499.235950
499.261850
499.359525
499.403150
499.444625
499.473900
499.571050
499.615425
499.644400
499.651725
499.697850
499.733300
499.817125
499.869500
499.924150
499.950325
499.964575
499.984975
500.074125
500.151775
500.193325
500.273225
500.344250
500.366000
500.415700
500.455000
500.480650
500.517600
500.537400
500.601325
500.646450
500.933350
501.232025
501.365275
501.395800
501.422300
501.479850
501.662100
501.766800
501.836675
501.929925
501.976925
501.992775
502.008550
502.027525
502.040225
502.061525
502.181125
502.206575
502.259525
502.299250
502.378725
502.399925
502.498625
502.511350
502.526050
502.540550
502.608250
502.782200
502.850150
502.909500
502.986825
503.012525
503.033375
503.195000
503.673925
503.817775
503.912125
503.925425
504.050525
504.117225
504.174700
504.243950
504.260650
504.326100
504.422150
504.447300
504.494900
504.549750
504.585375
504.662675
505.159775
505.274300
505.316750
505.357425
505.401450
505.432200
505.533225
505.612125
505.692675
505.740850
505.901525
505.938375
505.981675
506.029075
506.076225
506.102675
506.196950
506.214750
506.318100
506.361975
506.434875
506.538250
506.549225
506.644625
506.742025
506.831925
506.848800
506.873300
506.887000
506.911025
506.976875
507.062475
507.080450
507.195850
507.220075
507.248625
507.336525
507.354300
507.377350
507.397000
507.437500
507.595500
507.622725
507.738975
507.749575
507.768250
507.866425
507.961725
507.976150
508.023950
508.031500
508.078175
508.105650
508.140000
508.219750
508.333700
508.365700
508.419850
508.436700
508.458750
508.493250
508.522100
508.555775
508.561725
508.622325
508.641150
508.741750
508.774150
508.787900
508.821650
508.848000
509.035125
509.057650
509.179875
509.280950
509.303350
509.365725
509.440725
509.522550
509.534700
509.600450
509.631950
509.702725
509.721350
509.742700
509.843950
510.014350
510.098850
510.135375
510.153600
510.209475
510.247800
510.309375
510.397000
510.420875
510.544875
510.569350
510.591825
510.631200
510.654725
510.688150
510.754375
510.832100
511.073200
511.099600
511.123350
511.198525
511.321750
511.368475
511.513275
511.532625
511.544850
511.565675
511.720550
511.785175
511.818625
511.841600
511.866000
511.960325
512.111900
512.217550
512.277875
512.319200
512.351925
512.409250
512.427825
512.522775
512.543225
512.638125
512.699875
512.742100
512.768375
512.812875
512.828250
512.874700
512.975950
513.011775
513.055150
513.081650
513.112875
513.192100
513.224000
513.293100
513.434825
513.460125
513.532200
513.541925
513.659875
513.670575
513.695850
513.776500
513.791400
513.838925
513.857425
513.914725
514.003425
514.033175
514.103750
514.119000
514.136500
514.155950
514.274700
514.351900
514.451925
514.620125
514.644025
514.669475
514.690275
514.963125
514.978850
515.188525
515.220200
515.325525
515.367450
515.421375
515.431775
515.470400
515.483800
515.553900
515.576525
515.612975
515.665425
515.738300
515.825375
515.881300
515.960300
516.023800
516.056175
516.186725
516.231550
516.256025
516.304200
516.355625
516.395775
516.441550
516.457775
516.532050
516.575825
516.635875
516.676450
516.747750
516.877250
517.065100
517.174800
517.212725
517.366050
517.388575
517.454675
517.534450
517.564675
517.685975
517.764275
517.860450
517.997975
518.040725
518.076150
518.117150
518.127600
518.226350
518.376275
518.441925
518.473775
518.512325
518.545725
518.562175
518.624775
518.658075
518.751050
518.932525
519.084250
519.283850
519.305700
519.333325
519.440750
519.606725
519.670925
519.940575
520.060200
520.175475
520.217025
520.270000
520.351350
520.381275
520.559475
520.597850
520.635225
520.716600
520.761900
520.801450
520.829675
520.897600
520.922500
520.964600
520.994500
521.018000
521.047025
521.127850
521.156050
521.185450
521.380175
521.428525
521.472275
521.499350
521.515975
521.805775
521.853025
521.900150
521.919525
521.998125
522.049350
522.064225
522.135400
522.206200
522.297300
522.329300
522.338525
522.394300
522.460375
522.497300
522.516100
522.534825
522.640325
522.727350
522.781800
522.901700
522.913175
522.943725
522.991425
523.020175
523.096525
523.129525
523.135300
523.150375
523.189550
523.227225
523.250725
523.282875
523.330325
523.342100
523.428875
523.445150
523.552325
523.581950
523.605375
523.647675
523.673725
523.758250
523.778650
523.824525
523.853600
523.861550
523.945300
524.037275
524.061650
524.109550
524.214475
524.304675
524.320900
524.340500
524.387200
524.395250
524.405150
524.501550
524.521325
524.560925
524.591550
524.669550
524.713375
524.733850
524.758550
524.780775
524.791350
524.812325
524.826900
524.907000
524.931225
524.981125
525.131725
525.400725
525.480925
525.524650
525.571375
525.686475
525.700500
525.791750
525.816725
525.861625
525.917375
525.943925
525.984800
526.038275
526.084650
526.145500
526.199550
526.226300
526.277500
526.304575
526.367275
526.459900
526.474475
526.566600
526.579875
526.679500
526.747400
526.807150
526.854800
526.988825
527.023350
527.044475
527.053875
527.098975
527.143525
527.354000
527.384725
527.403475
527.535050
527.543850
527.605025
527.658225
527.690175
527.727825
527.835900
527.867375
527.975975
528.004675
528.033425
528.112500
528.206575
528.245125
528.325750
528.335600
528.530975
528.618050
528.671350
528.703400
528.728975
528.793225
528.883550
528.925200
528.945225
528.972925
529.016025
529.077300
529.116475
529.174625
529.200225
529.231175
529.262525
529.360075
529.617300
529.933925
529.962000
530.011250
530.108050
530.147075
530.252075
530.293575
530.337225
530.430350
530.454175
530.522100
530.575475
530.610250
530.680850
530.714725
530.908725
531.067100
531.149875
531.182550
531.245525
531.256300
531.272350
531.383225
531.402475
531.410450
531.434300
531.507350
531.629275
531.796300
531.868250
531.900650
531.924325
532.044550
532.091800
532.128225
532.150700
532.164550
532.246250
532.273250
532.282575
532.318325
532.408450
532.444125
532.527750
532.622750
532.702575
532.817750
532.992825
533.034100
533.060925
533.070975
533.123325
533.251250
533.306075
533.457300
533.487050
533.611200
533.626550
533.786700
533.851350
533.882350
