0.581500
2.354025
4.735750
5.122600
5.434675
5.499900
5.545900
5.554450
5.964225
7.355300
8.756650
8.804550
8.880050
8.903000
9.285475
9.320350
9.366800
9.422950
9.441875
9.458800
9.492425
9.539225
9.576575
9.590700
9.646550
9.699900
9.728950
9.772975
9.788550
9.845450
9.934625
9.946625
9.968075
10.052800
10.075175
10.170550
10.212775
10.253175
10.338825
10.474875
10.547375
10.607975
10.697675
10.753875
10.846650
10.953500
11.009125
11.112000
11.176225
11.288925
11.434400
11.806975
11.828700
11.954300
12.017100
12.137625
12.226425
12.327550
12.375725
12.514750
12.557150
12.619575
12.729725
12.800100
12.828175
12.887375
12.928675
13.008000
13.062700
13.145525
13.172925
13.186700
13.270100
13.314750
13.364400
13.398525
13.477775
13.524950
13.607375
13.649875
13.706375
13.773425
13.824325
13.886100
14.087550
14.188875
14.348100
14.522825
14.610375
14.737900
14.859125
15.107275
15.260600
15.814825
15.959725
16.174400
17.117675
18.226125
19.190875
20.226500
32.710575
34.505125
42.038175
46.517025
54.251325
60.802725
61.110500
61.732575
64.674925
65.815275
66.321400
68.765900
69.722950
73.089800
73.796675
74.038700
74.179250
74.565400
75.880625
76.820375
79.430525
82.208100
82.585850
83.556200
84.564800
85.504000
85.572325
86.399500
87.866250
88.312425
91.912525
93.327000
95.953125
96.278575
98.908475
98.985725
99.452325
99.704225
100.130950
100.473100
101.204250
101.604425
102.989700
103.309975
103.797225
104.096200
105.722025
105.881225
107.596725
108.359350
108.482100
109.145750
110.156650
110.854075
111.155150
111.970000
116.305675
117.327825
118.548850
122.700000
123.059550
124.290050
126.574575
126.737450
126.792400
128.031375
128.508800
129.269525
130.496000
139.053950
139.089150
139.191325
139.340175
139.406750
139.642000
139.747500
139.750225
140.032550
140.158275
140.476175
140.634575
140.720075
140.772275
140.844425
140.909875
140.966850
141.030225
141.063950
141.066975
141.129550
141.226825
141.254325
141.322825
141.362325
141.410700
141.450125
141.501925
141.553600
141.603075
141.658300
141.700850
141.719150
141.732400
141.776575
141.812775
141.932350
141.963250
142.003500
142.042825
142.207500
142.268075
142.347275
142.409350
142.519850
142.571850
142.595800
142.695700
142.744725
142.776900
142.899150
142.966000
143.048800
143.096975
143.171450
144.208300
144.250925
144.383700
144.476250
144.528925
144.636775
144.683400
144.742425
144.831350
144.889250
144.931600
144.959250
145.031375
145.134375
145.375325
145.381625
145.572050
145.679325
145.735075
145.753450
145.921100
146.001075
146.127975
146.233625
146.372800
146.494425
146.582325
146.627025
146.701825
146.739775
146.789125
146.852850
146.907225
146.934150
147.010100
147.050525
147.074700
147.229500
147.298325
147.374200
147.472525
147.534025
147.647925
147.769950
147.842275
147.938750
148.027450
148.036100
148.233275
148.274100
148.357150
148.475275
148.684300
148.736900
148.854025
149.055425
149.190250
149.342500
149.479900
149.512875
149.660550
149.697325
149.968425
149.996375
150.161725
150.310650
150.578375
150.876525
150.965600
151.153825
151.427375
151.558275
152.758050
153.002000
153.720575
154.873050
155.930300
156.777625
158.611800
158.951650
161.556900
162.837200
164.477025
164.640675
164.804075
164.917400
169.575300
169.973225
170.097700
170.441775
170.585200
170.622250
170.706775
170.728100
170.779500
170.905900
170.937775
171.012350
171.044450
171.154500
171.158500
171.215950
171.248975
171.282075
171.341225
171.398000
171.443375
171.572075
171.618150
171.659575
171.710375
171.874925
171.907725
172.049000
172.186525
172.241300
172.291000
172.357450
172.405400
172.486150
172.574575
172.624225
172.696400
172.729675
172.769175
172.841125
172.897975
172.917700
172.959650
173.064775
173.164875
173.195175
173.227325
173.279900
173.295150
173.320350
173.376675
173.463925
173.486175
173.511350
173.587000
173.643825
173.676325
173.720700
173.806675
174.039475
174.384375
174.619125
175.016375
175.371250
175.531250
175.698850
175.748400
175.772400
176.468050
176.589150
176.651725
177.194400
177.464650
177.624850
177.679350
177.741575
177.760200
177.786575
177.823475
178.142525
178.553450
179.325000
179.571300
179.627350
179.755350
179.794925
179.952950
180.050350
180.528825
180.710025
180.854650
181.412275
181.698075
181.902175
182.111200
183.143125
184.731300
185.796325
185.902475
186.178600
187.486300
187.639725
187.682675
187.864925
188.003425
188.071400
188.111800
188.153025
188.195125
188.211700
188.260050
188.308800
188.345250
188.373075
188.438775
188.470575
188.515675
188.691475
188.746450
188.854025
188.913950
188.985325
189.056400
189.146925
189.165650
189.217650
189.345800
189.445550
189.484675
189.588700
189.671150
189.801950
189.863350
189.910200
189.945325
190.129325
190.264975
190.316950
190.349025
190.398875
190.499775
190.570950
190.646650
190.783425
190.948725
190.994650
191.010650
191.079375
191.236400
191.379550
191.446825
191.513100
191.659700
191.736525
191.798550
191.971025
192.088275
193.773575
193.856650
193.942575
194.045500
194.089900
194.181875
194.316050
194.572775
194.763775
194.956750
195.080800
195.246825
195.412875
195.498650
196.250050
196.326325
196.430375
196.814200
196.897850
197.005750
197.125750
197.293225
197.373700
197.522050
198.046750
198.467300
199.084625
199.223650
199.345900
199.500475
199.787875
