0.003150
0.044275
0.141300
0.173775
0.181775
0.193425
0.237975
0.243100
0.260950
0.295150
0.310575
0.316050
0.362475
0.407675
0.435250
0.495025
0.524550
0.567500
0.599200
0.630325
0.651900
0.681925
0.714275
0.743375
0.780550
0.817825
0.850875
0.880800
0.916975
0.946600
0.949350
0.977700
1.055925
1.074125
1.090650
1.128775
1.135975
1.179800
1.193725
1.270300
1.276950
1.286425
1.343700
1.360350
1.361675
1.374000
1.383350
1.408925
1.431625
1.450975
1.460175
1.463025
1.650050
1.688350
1.728400
1.764975
1.786000
1.790425
1.927600
1.961725
2.006575
2.029825
2.057125
2.073600
2.087925
2.132825
2.158050
2.219425
2.268425
2.315375
2.328300
2.390975
2.395825
2.422750
2.448850
2.499750
2.520775
2.553575
2.567700
2.584775
2.607325
2.674850
2.760675
2.800250
2.840775
2.875575
2.906975
2.961500
2.999450
3.035125
3.119450
3.186200
3.232175
3.259225
3.271825
3.355725
3.403350
3.433400
3.493225
3.494675
3.537125
3.567300
3.592075
3.596550
3.627575
3.655375
3.707025
3.729600
3.755075
3.844325
3.862875
3.895275
3.907925
3.933800
3.936425
4.016675
4.053525
4.083775
4.111775
4.131225
4.154500
4.172200
4.211225
4.234575
4.258075
4.356275
4.425650
4.517500
4.559325
4.601200
4.624575
4.637575
4.695550
4.702350
4.724850
4.765400
4.784575
4.812675
4.821675
4.847975
4.854575
4.868575
4.916975
4.955525
4.993625
5.026700
5.054425
5.133375
5.143400
5.181750
5.234450
5.262875
5.394475
5.435800
5.465925
5.512775
5.521475
5.529150
5.547700
5.567075
5.653975
5.697725
5.730275
5.764425
5.818550
5.865425
5.903975
6.016650
6.108800
6.140475
6.197850
6.215575
6.268325
6.292100
6.319825
6.352775
6.358900
6.426725
6.458625
6.481425
6.525175
6.558600
6.600800
6.629850
6.669225
6.777875
6.810800
6.843225
6.914250
6.943250
6.979600
7.040725
7.102800
7.177650
7.216300
7.265375
7.269425
7.308075
7.327500
7.333000
7.370050
7.450150
7.480675
7.523800
7.650875
7.699550
7.722250
7.741075
7.749400
7.758600
7.769925
7.789325
7.796525
7.821400
7.841400
7.843675
7.886100
7.896875
7.947625
8.024375
8.073300
8.140650
8.148000
8.189150
8.214350
8.220650
8.241775
8.264650
8.285400
8.293800
8.309975
8.353425
8.386200
8.412100
8.432175
8.453975
8.504125
8.519750
8.524875
8.557225
8.571125
8.605000
8.642425
8.652975
8.713950
8.718825
8.735300
8.739600
8.820575
8.848650
8.865175
8.880400
8.926050
8.947000
8.986450
9.024900
9.063250
9.077550
9.118625
9.131850
9.138025
9.156325
9.187500
9.228975
9.274075
9.325775
9.327225
9.382075
9.417850
9.457750
9.490950
9.550075
9.653575
9.701650
9.707075
9.724000
9.757025
9.797250
9.865300
9.932650
10.000125
10.068400
10.106725
10.118575
10.151500
10.182100
10.207125
10.229300
10.279525
10.302950
10.338100
10.386975
10.413000
10.435175
10.436350
10.443800
10.452875
10.470300
10.480000
10.520150
10.543825
10.568400
10.617375
10.642725
10.743650
10.805075
10.844475
10.930050
10.993575
11.008650
11.037050
11.083275
11.130175
11.186400
11.275500
11.314000
11.342775
11.384775
11.422000
11.456600
11.498725
11.581100
11.632200
11.651300
11.682175
11.712200
11.772475
11.815800
11.877275
11.933675
11.957175
11.981600
12.001550
12.048750
12.073000
12.090550
12.101600
12.142100
12.181575
12.221075
12.248300
12.267775
12.310100
12.388300
12.406325
12.429825
12.465125
12.523200
12.582450
12.614625
12.624400
12.677675
12.697075
12.715825
12.799275
12.836575
13.006350
13.139150
13.178525
13.204475
13.236050
13.276150
13.314525
13.352250
13.402000
13.450175
13.526000
13.553425
13.588000
13.689300
13.721775
13.733325
13.771450
13.804225
13.841475
13.882250
13.915050
13.936375
13.965325
14.007450
14.029600
14.053325
14.070025
14.133450
14.179050
14.227000
14.259650
14.305075
14.309250
14.336125
14.338775
14.356025
14.389625
14.397450
14.425575
14.459775
14.505050
14.579250
14.601700
14.665875
14.715950
14.732825
14.757925
14.774750
14.851350
14.884200
14.945325
14.947850
14.977525
15.044775
15.119250
15.148900
15.163950
15.188800
15.204000
15.234600
15.271300
15.295775
15.326475
15.329550
15.354575
15.408000
15.509150
15.533025
15.585250
15.598725
15.610525
15.619875
15.624750
15.641975
15.676175
15.778900
15.816075
15.843175
15.867625
15.894225
15.971200
16.002675
16.032000
16.044475
16.090175
16.152025
16.183250
16.199450
16.243500
16.263150
16.359275
16.433475
16.474600
16.525575
16.586550
16.632575
16.700300
16.741550
16.776750
16.918225
16.935225
16.966625
16.988550
17.026525
17.116750
17.188725
17.219350
17.220600
17.268725
17.293650
17.333475
17.359375
17.439450
17.475125
17.529875
17.593325
17.687450
17.731575
17.832925
17.859800
17.897075
17.934075
17.965025
18.028700
18.075750
18.117275
18.179075
18.228050
18.262400
18.299625
18.315100
18.339250
18.404450
18.412575
18.421850
18.454350
18.513850
18.526650
18.533925
18.570400
18.580925
18.604225
18.608475
18.654075
18.688050
18.705800
18.768675
18.795250
18.808075
18.861300
18.881275
18.887700
18.910675
18.972100
18.992825
19.051200
19.078525
19.119625
19.174475
19.215100
19.312500
19.355475
19.377750
19.449525
19.517025
19.546600
19.566575
19.585550
19.638950
19.679950
19.713975
19.719475
19.735200
19.803975
19.829475
19.953375
20.005800
20.037375
20.072625
20.187050
20.210525
20.283725
20.325225
20.448750
20.491350
20.514675
20.558475
20.630550
20.732450
20.769325
20.794650
20.830525
20.854700
20.861975
20.910900
20.928475
20.970500
21.062375
21.145075
21.231550
21.305725
21.367200
21.409225
21.484050
21.517075
21.551525
21.588800
21.638050
21.691850
21.751350
21.780700
21.807000
21.835650
21.854100
21.866100
21.926100
21.969725
22.030325
22.059000
22.078000
22.087500
22.114775
22.136075
22.271900
22.306350
22.332775
22.367450
22.397725
22.451150
22.505925
22.539025
22.556025
22.590150
22.598975
22.654225
22.727800
22.813300
22.913775
22.937275
23.002925
23.030675
23.041800
23.063250
23.115125
23.182850
23.218200
23.367325
23.408225
23.433000
23.441450
23.492600
23.517350
23.526625
23.551425
23.606975
23.634725
23.675500
23.716625
23.762075
23.823875
23.829075
23.856550
23.887450
23.937850
23.993225
24.038500
24.099350
24.129475
24.190500
24.240225
24.334625
24.372925
24.416350
24.511800
24.569100
24.577100
24.620275
24.671600
24.731100
24.764450
24.767925
24.793600
24.813150
24.848200
24.894900
24.955075
24.990525
24.997150
25.020600
25.107525
25.158050
25.198975
25.225675
25.266100
25.289625
25.297075
25.318675
25.397700
25.486250
25.536975
25.610600
25.669900
25.813475
25.877200
25.984150
26.014025
26.032625
26.034675
26.082125
26.105925
26.113575
26.153000
26.165775
26.303900
26.305325
26.399425
26.439800
26.449325
26.551200
26.595200
26.665500
26.710050
26.728450
26.797375
26.842900
27.053350
27.119225
27.221575
27.262850
27.282250
27.336550
27.397450
27.437750
27.488100
27.530350
27.565775
27.592775
27.615400
27.636075
27.660075
27.692475
27.708125
27.720275
27.736650
27.835475
27.891875
27.920325
27.961000
28.019525
28.058700
28.075750
28.104475
28.125225
28.141875
28.147175
28.232900
28.300425
28.320625
28.347550
28.358025
28.376650
28.406550
28.429375
28.451425
28.628225
28.653950
28.691850
28.730325
28.777725
28.789500
28.799175
28.844425
28.866400
28.878325
28.909375
29.017125
29.097550
29.172850
29.187500
29.242400
29.278850
29.316350
29.345125
29.383250
29.466075
29.494550
29.529075
29.561125
29.731625
29.743700
29.799725
29.893600
29.952725
30.037225
30.079950
30.191775
30.270300
30.311000
30.379000
30.517075
30.602600
30.677150
30.697350
30.722175
30.725875
30.758700
30.798775
30.807775
30.855275
30.903275
30.923500
30.950050
30.988975
31.004375
31.050125
31.127750
31.149100
31.173650
31.237425
31.286850
31.310475
31.313225
31.328675
31.362250
31.416400
31.487525
31.520125
31.559000
31.627925
31.669825
31.702400
31.725450
31.759300
31.803400
31.889575
31.973975
31.997300
32.021475
32.046575
32.090875
32.156250
32.181175
32.250550
32.503100
32.536700
32.577125
32.608925
32.644100
32.673600
32.677375
32.706200
32.775575
32.810975
32.830150
32.853400
32.935450
32.983900
33.022300
33.051400
33.087500
33.127500
33.168150
33.186775
33.223775
33.286675
33.365100
33.397575
33.445425
33.552875
33.568025
33.625725
33.704875
33.729450
33.734225
33.800450
33.822150
33.892500
33.944575
33.975900
33.992100
33.998750
34.007400
34.035225
34.080075
34.106450
34.131925
34.158975
34.191650
34.223200
34.265100
34.364800
34.394450
34.432225
34.436350
34.463100
34.513225
34.514625
34.578825
34.598750
34.624100
34.673450
34.701400
34.712550
34.749775
34.772325
34.857550
34.931675
34.937475
34.971375
35.018600
35.051100
35.076650
35.197275
35.258700
35.349100
35.368475
35.399650
35.404725
35.457200
35.511575
35.555950
35.565425
35.599475
35.672000
35.733625
35.783400
35.839550
35.850425
35.858200
35.861850
35.899175
35.918875
35.932800
35.965300
36.064725
36.116475
36.152375
36.156650
36.195575
36.233975
36.262075
36.336525
36.345900
36.413100
36.472325
36.545875
36.625700
36.669675
36.791100
36.868275
36.918925
36.934875
37.019350
37.025325
37.060550
37.118975
37.133500
37.146400
37.178025
37.215175
37.340900
37.346125
37.382725
37.413500
37.441475
37.517000
37.543800
37.597000
37.640050
37.644275
37.706000
37.738775
37.813050
37.856950
37.907450
37.936900
37.943725
37.982300
38.017350
38.077875
38.220300
38.252875
38.272600
38.329150
38.356575
38.364275
38.456925
38.634525
38.707850
38.892500
38.968625
39.012200
39.110600
39.266400
39.492550
39.553100
39.648375
39.695100
39.757375
39.800075
39.871375
39.938350
39.974525
40.092150
40.232925
40.431250
40.469650
40.510700
40.525275
40.639975
40.651825
40.683450
40.776675
40.933150
41.072225
41.131025
41.205600
41.248575
41.352600
41.411875
41.457850
41.627975
41.677675
41.763100
41.826150
41.874750
41.876875
41.951900
42.199575
42.339650
42.391800
42.429900
42.443450
42.508575
42.571000
42.666500
42.725350
42.789575
42.878950
42.930700
42.979725
43.114125
43.173950
43.231575
43.298400
43.369650
43.560250
43.640325
43.701600
43.932425
43.989525
44.017550
44.045150
44.096625
44.207625
44.441550
44.482150
44.508375
44.563125
44.727200
44.803150
44.839575
44.858325
44.950925
45.189175
45.194725
45.222450
45.267325
45.455325
45.550075
45.573675
45.657200
45.743850
45.812275
45.884175
45.924050
45.961400
46.004575
46.063150
46.064750
46.087775
46.103725
46.141525
46.154725
46.168325
46.188825
46.228225
46.286550
46.351800
46.454275
46.474475
46.538050
46.623775
46.647025
46.701950
46.704050
46.766575
46.818850
46.843375
46.931100
46.977550
47.027875
47.089025
47.197750
47.215650
47.284700
47.313600
47.383225
47.392075
47.422575
47.440775
47.505450
47.587875
47.619550
47.633450
47.651550
47.689050
47.704450
47.804300
47.815025
47.897575
47.923225
48.006650
48.046675
48.102650
48.251700
48.445525
48.464050
48.490050
48.518700
48.585475
48.620725
48.643125
48.670675
48.725750
48.759325
48.824000
48.878750
48.890500
48.967675
48.969625
49.071975
49.094700
49.117025
49.123600
49.154800
49.207900
49.261825
49.288725
49.317625
49.346525
49.375900
49.419050
49.444450
49.495050
49.538675
49.586125
49.610450
49.688125
49.756725
49.776300
49.824625
49.893875
50.050450
50.081975
50.093950
50.099700
50.346425
50.362850
50.419350
50.492475
50.543250
50.638625
50.660150
50.756750
50.824350
50.839800
50.850425
50.911900
50.945200
50.948725
50.971500
51.046325
51.065200
51.095275
51.160225
51.243500
51.316850
51.401525
51.448950
51.487650
51.516300
51.545050
51.573375
51.581500
51.659525
51.682700
51.732450
51.791450
51.815475
51.825550
51.853675
51.916550
51.932125
51.963350
51.988925
52.027525
52.154925
52.252125
52.357075
52.366000
52.407800
52.484650
52.544225
52.547175
52.605275
52.637325
52.670825
52.725850
52.798725
52.862075
52.872175
52.952925
52.985850
53.000300
53.082700
53.116875
53.155075
53.197200
53.281400
53.316525
53.352175
53.421475
53.457225
53.481875
53.583300
53.624225
53.742175
53.767275
53.800575
53.831200
53.878800
53.896625
53.936675
53.960950
54.001300
54.054425
54.078275
54.111675
54.128400
54.209850
54.244125
54.261250
54.291575
54.337800
54.349150
54.396625
54.422850
54.517750
54.566750
54.612775
54.643225
54.668950
54.691450
54.752675
54.849150
54.887100
54.924100
54.989050
55.028325
55.062575
55.089800
55.110350
55.165600
55.167875
55.192325
55.215800
55.261550
55.265625
55.282250
55.306500
55.319875
55.390900
55.418550
55.437850
55.466100
55.502975
55.520400
55.575450
55.663000
55.700600
55.713300
55.739125
55.844575
55.878950
55.896175
55.898550
55.926600
56.015775
56.048775
56.087350
56.107550
56.139425
56.164475
56.181150
56.210750
56.224675
56.249025
56.258875
56.347300
56.375750
56.413500
56.465425
56.482425
56.545150
56.570050
56.600475
56.627250
56.676350
56.690525
56.739075
56.764250
56.826550
56.863425
56.899650
57.065625
57.111600
57.143975
57.162700
57.184775
57.254025
57.299375
57.392925
57.414475
57.444825
57.492375
57.517050
57.553450
57.617650
57.647175
57.692000
57.752525
57.768550
57.795200
57.848600
57.882225
57.977125
58.057750
58.121725
58.146200
58.185450
58.241000
58.276375
58.304450
58.350900
58.370875
58.394600
58.414125
58.429200
58.442300
58.443700
58.476075
58.576875
58.672950
58.727150
58.743725
58.837475
58.876775
58.900975
58.927225
59.017150
59.054325
59.172900
59.203300
59.238550
59.252725
59.305525
59.322350
59.325450
59.352875
59.424025
59.446400
59.505750
59.560950
59.601000
59.615125
59.635525
59.655375
59.694775
59.718525
59.754875
59.768700
59.795675
59.837875
59.864450
59.949200
59.971100
59.999150
60.064850
60.229600
60.243850
60.295925
60.322025
60.367075
60.419750
60.442425
60.484000
60.530325
60.549075
60.603050
60.630025
60.645000
60.650825
60.700125
60.778925
60.799600
60.878725
60.921800
60.946400
60.952600
60.976825
61.002975
61.091675
61.119725
61.170950
61.203800
61.227000
61.260350
61.283075
61.358950
61.479350
61.566375
61.661300
61.717375
61.748500
61.773400
61.857775
61.909725
61.960450
62.013850
62.022500
62.079750
62.098125
62.154200
62.208975
62.259350
62.300975
62.339725
62.354275
62.362025
62.386625
62.412500
62.435925
62.459600
62.485975
62.513975
62.534075
62.553200
62.583400
62.603275
62.633100
62.675775
62.701075
62.731400
62.753400
62.769875
62.796300
62.814900
62.863625
62.899325
62.916425
62.927900
62.945500
62.971325
63.033625
63.067775
63.131725
63.137525
63.250050
63.274200
63.341225
63.387400
63.423775
63.457025
63.474825
63.488700
63.519800
63.534275
63.543675
63.556625
63.694825
63.714075
63.761350
63.798450
63.842025
63.854425
63.936675
63.983100
64.005775
64.053275
64.083700
64.245200
64.312875
64.414675
64.492725
64.527600
64.555250
64.587475
64.611825
64.634375
64.657175
64.680525
64.728500
64.772900
64.786200
64.872875
64.906125
64.937950
65.045500
65.082975
65.086450
65.116675
65.181950
65.231250
65.260450
65.287875
65.296475
65.311525
65.473375
65.523175
65.569550
65.623725
65.628625
65.648025
65.697725
65.785125
65.803150
65.805725
65.830875
65.874675
65.920025
65.967025
66.034175
66.138025
66.166600
66.223525
66.453400
66.480350
66.533575
66.569300
66.613500
66.650675
66.671475
66.675100
66.700700
66.720350
66.742350
66.781500
66.849100
66.865375
66.962850
67.010650
67.023225
67.033475
67.066725
67.090850
67.100375
67.135625
67.167800
67.188150
67.280475
67.320325
67.326275
67.337900
67.451000
67.472200
67.504950
67.573350
67.629475
67.637975
67.677950
67.710875
67.730275
67.763200
67.795425
67.809750
67.839150
67.876350
67.911375
67.936900
67.964875
68.011900
68.025200
68.108775
68.172225
68.200650
68.322325
68.360300
68.422250
68.430425
68.566450
68.654800
68.692500
68.734575
68.749400
68.765550
68.787825
68.822025
69.002000
69.061925
69.164575
69.189450
69.347225
69.425550
69.558550
69.632225
69.658275
69.727500
69.754100
69.781800
69.797650
69.827200
69.929325
69.977850
70.044325
70.094450
70.146925
70.177325
70.198750
70.249400
70.263275
70.278950
70.292200
70.297950
70.306100
70.321925
70.371725
70.407525
70.498925
70.518525
70.584975
70.694750
70.779150
70.820275
70.913975
70.994850
71.018325
71.072975
71.127575
71.200875
71.296750
71.334250
71.337725
71.428500
71.453750
71.477425
71.556625
71.558025
71.573350
71.605900
71.639400
71.661450
71.708500
71.738750
71.759975
71.856450
71.874500
71.967275
72.034775
72.060525
72.128950
72.161125
72.189775
72.207975
72.303450
72.375800
72.391575
72.410475
72.422975
72.429750
72.475825
72.487525
72.498975
72.537150
72.597325
72.702925
72.719950
72.761550
72.786700
72.848200
72.873075
72.909725
72.937000
72.948800
72.987550
73.070050
73.124400
73.161700
73.207850
73.231650
73.248300
73.249325
73.292500
73.482425
73.537825
73.575425
73.612400
73.634100
73.647175
73.721625
73.765050
73.787750
73.915325
73.923025
73.949525
73.998425
74.022375
74.088300
74.152625
74.200850
74.231925
74.288675
74.322200
74.340975
74.374000
74.444550
74.462700
74.481025
74.532700
74.569750
74.635000
74.731800
74.750475
74.829675
74.874500
74.910250
74.929450
74.996250
75.070825
75.105775
75.139150
75.231350
75.300000
75.334325
75.396700
75.463625
75.582450
75.607275
75.621550
75.636475
75.680750
75.826525
75.852000
75.880050
75.896275
75.926575
75.968200
75.974200
75.998025
76.193375
76.197875
76.218750
76.291350
76.322025
76.324050
76.419725
76.421450
76.506100
76.576200
76.641400
76.731425
76.853700
76.901750
76.952300
76.983925
77.010400
77.047425
77.089975
77.106900
77.208925
77.245075
77.348225
77.545625
77.633750
77.673525
77.715075
77.748450
77.776025
77.822275
77.878150
77.898925
77.917825
77.927975
77.952200
77.980325
78.001625
78.082900
78.126550
78.169800
78.263150
78.286725
78.350625
78.364425
78.383575
78.399650
78.431400
78.522150
78.556825
78.584350
78.627475
78.700875
78.750850
78.769375
78.866850
78.985275
79.054750
79.071025
79.109025
79.137100
79.165750
79.249650
79.266575
79.314025
79.356750
79.390550
79.474150
79.497400
79.540125
79.559575
79.572300
79.674700
79.729700
79.785925
79.880225
79.981825
80.034650
80.051350
80.066700
80.170650
80.248175
80.269300
80.292200
80.367475
80.494875
80.585700
80.632900
80.634900
80.711875
80.739300
80.825650
80.870775
80.925575
80.961050
81.017150
81.066600
81.110700
81.229950
81.291300
81.321725
81.350350
81.383150
81.428875
81.595500
81.641900
81.675825
81.682250
81.711800
81.770675
81.810600
81.874225
81.885775
81.916975
81.953100
81.993800
82.031825
82.049475
82.062225
82.094125
82.123200
82.223150
82.246550
82.279500
82.302675
82.368675
82.392900
82.430775
82.510675
82.540675
82.576000
82.969375
83.035275
83.076875
83.218200
83.250875
83.251900
83.364850
83.406750
83.587475
83.631425
83.690050
83.703175
83.737300
83.799275
83.844750
83.893575
83.958675
84.001975
84.074325
84.097425
84.169125
84.310300
84.321625
84.384200
84.481125
84.512050
84.544650
84.598025
84.622200
84.707800
84.733325
84.869200
84.889800
84.918650
84.944375
84.971875
85.001250
85.028650
85.181325
85.211075
85.279850
85.418175
85.508950
85.566475
85.595625
85.631200
85.657750
85.692875
85.739250
85.963275
85.999975
86.059700
86.081450
86.119725
86.136175
86.192825
86.213700
86.275075
86.332450
86.425300
86.449900
86.463150
86.489350
86.520375
86.546725
86.565325
86.570600
86.666000
86.703600
86.762325
86.819475
86.898325
86.987200
87.235425
87.299050
87.325525
87.380675
87.541150
87.585925
87.672450
87.690600
87.712150
87.759875
87.819525
87.878575
87.935725
87.985425
87.989875
88.043525
88.086700
88.109300
88.210300
88.229650
88.255175
88.305200
88.377250
88.526125
88.570125
88.631350
88.761625
88.797400
88.819175
88.838475
88.867900
88.940350
89.029800
89.063975
89.145500
89.193300
89.225000
89.231025
89.276000
89.295800
89.396925
89.574775
89.599325
89.628975
89.673425
89.708950
89.736625
89.770325
89.804225
89.888950
89.954625
90.050425
90.087025
90.134625
90.164025
90.181975
90.232275
90.264600
90.295150
90.320075
90.354750
90.464750
90.570475
90.599425
90.633400
90.658550
90.781100
90.793675
90.818100
90.824275
90.852650
90.877525
91.016750
91.087925
91.132350
91.248225
91.292900
91.391350
91.419200
91.505450
91.661000
91.694925
91.742925
91.792425
91.869050
91.960475
91.990300
92.059700
92.163500
92.208400
92.223800
92.328800
92.343800
92.410050
92.454725
92.467175
92.480600
92.514000
92.534925
92.614275
92.811600
92.985000
93.054075
93.085625
93.278800
93.348650
93.376050
93.377225
93.395150
93.554800
93.635500
93.685400
93.769675
93.855000
93.906600
93.941575
94.010275
94.028075
94.072375
94.111150
94.126800
94.200975
94.228275
94.268075
94.306900
94.319950
94.349425
94.374150
94.431750
94.525425
94.595000
94.705825
94.730400
94.755375
94.777975
94.807100
94.858475
95.003125
95.126325
95.209900
95.355725
95.457400
95.490675
95.520825
95.548350
95.643875
95.671700
95.810150
95.864350
95.965425
96.019700
96.046325
96.258325
96.325000
96.468200
96.507675
96.575650
96.625025
96.661850
96.750675
96.995450
97.033400
97.161950
97.196100
97.325400
97.357100
97.402000
97.445450
97.484825
97.526325
97.720975
97.762975
97.894250
97.933675
98.023025
98.037225
98.079175
98.097650
98.272875
98.405500
98.419125
98.433725
98.561950
98.587675
98.683925
98.795375
98.884975
98.937975
99.017800
99.059625
99.096250
99.259975
99.341950
99.379375
99.418275
99.444850
99.488325
99.701800
99.759150
99.911225
99.947150
100.018825
100.050325
100.136975
100.170400
100.244350
100.319750
100.653425
100.711100
100.715575
100.745925
100.831050
100.853950
100.922500
101.112575
101.141050
101.158325
101.202550
101.263325
101.303425
101.389825
101.426275
101.588675
101.636675
101.854675
102.042200
102.113975
102.149750
102.158550
102.224000
102.289275
102.383225
102.477575
102.541275
102.600950
102.644875
102.795250
102.879750
102.908450
102.942425
102.987500
103.059500
103.145225
103.312300
103.402675
103.517800
103.540125
103.687375
103.840200
103.871825
104.115650
104.149500
104.270900
104.277350
104.297875
104.434675
104.468000
104.525525
104.755750
104.786350
104.868375
105.047650
105.091225
105.113800
105.188750
105.259450
105.274725
105.354275
105.368000
105.492025
105.670750
105.747200
106.061150
106.323375
106.355100
106.395925
106.401950
106.418875
106.455550
106.528250
106.565975
106.592200
106.713575
106.774375
106.808275
106.873975
106.945050
107.016725
107.033925
107.062000
107.207800
107.272825
107.460900
107.473825
107.660000
107.738650
107.768050
107.795325
107.820825
107.903175
107.953050
108.001150
108.041575
108.089325
108.116900
108.204475
108.223250
108.369850
108.435275
108.516475
108.557650
108.608100
108.703825
108.825200
108.848375
108.873300
109.109525
109.160525
109.194225
109.212450
109.243075
109.262850
109.430725
109.465425
109.542600
109.656075
109.669775
109.710075
109.840575
109.861050
109.915800
110.054000
110.090925
110.122975
110.189350
110.289300
110.313100
110.395150
110.423300
110.548175
110.592175
110.613425
110.651800
110.731500
110.766425
110.801225
110.845200
110.882850
110.918000
110.953725
110.986425
110.995775
111.026900
111.385200
111.476175
111.494650
111.536100
111.615700
111.638875
111.663725
111.697150
111.728550
111.756075
111.939000
112.181450
112.376775
112.405425
112.553150
112.611650
112.708275
112.868000
112.942950
113.070350
113.077600
113.092350
113.146150
113.178175
113.221875
113.263500
113.318175
113.354200
113.376925
113.397450
113.425100
113.476150
113.500650
113.878950
113.933025
113.974400
114.104250
114.218300
114.281425
114.308775
114.346850
114.375325
114.398600
114.418550
114.433475
114.529025
114.634225
114.830300
114.897075
115.061475
115.111750
115.131975
115.261425
115.323725
115.530625
115.561250
115.596350
115.661975
115.717625
115.766500
115.848225
115.868675
116.012950
116.080150
116.212775
116.243800
116.270950
116.487700
116.523950
116.631625
116.709375
116.742550
116.820625
116.906375
116.928825
116.953125
117.023875
117.154250
117.219700
117.317650
117.368100
117.389500
117.418250
117.427625
117.523375
117.658100
117.716875
117.869200
117.978675
118.020675
118.086650
118.113050
118.207950
118.324900
118.389475
118.521650
118.566100
118.589175
118.676175
118.680250
118.963450
119.119575
119.231525
119.303700
119.361600
119.428275
119.433075
119.467300
119.502375
119.691225
119.732800
119.760400
119.953425
120.004425
120.114650
120.128275
120.157900
120.204650
120.216625
120.235975
120.327400
120.414625
120.505825
120.575500
120.639550
120.694300
120.767875
120.900025
120.997350
121.021850
121.123225
121.146975
121.203950
121.217350
121.387675
121.422600
121.446650
121.450900
121.562700
121.610875
121.647575
121.699600
121.731475
121.747550
121.943025
122.080600
122.272975
122.299975
122.321000
122.378875
122.492925
122.551475
122.776175
122.790150
122.866600
123.011175
123.038975
123.082500
123.170350
123.308125
123.353725
123.531400
123.581450
123.657450
123.689000
123.805200
123.998475
124.006325
124.124425
124.220975
124.289075
124.314675
124.331675
124.483075
124.647175
124.720475
124.827275
124.918875
124.961150
125.017275
125.252175
125.479150
125.546825
125.792750
125.839825
125.894225
125.908500
126.101375
126.116100
126.133100
126.147750
126.168375
126.194825
126.212950
126.273825
126.303775
126.387125
126.407725
126.607550
126.699250
126.748900
126.881450
127.061800
127.122175
127.153825
127.201575
127.442500
127.669100
127.719850
127.787425
127.967000
127.984050
128.068375
128.210250
128.381850
128.416275
128.446050
128.504575
128.566375
128.618000
128.728050
128.767500
128.797550
128.857750
128.876525
128.902725
128.938300
128.997550
129.082975
129.122800
129.170575
129.214650
129.355075
129.408050
129.475625
129.537425
129.642575
129.697350
129.726400
129.974750
130.044175
130.147700
130.207000
130.243800
130.280875
130.352650
130.551050
130.646875
130.664550
130.729825
130.751425
130.915600
130.942450
130.999550
131.064500
131.085750
131.263350
131.431750
131.452475
131.537325
131.564150
131.720000
131.750400
131.782950
131.815825
131.874050
131.951200
132.094700
132.163100
132.483025
132.505175
132.589400
132.675400
132.715950
133.240900
133.278550
133.322650
133.404450
133.539850
133.576900
133.644225
133.664200
133.858700
133.965450
134.087900
134.199675
134.381525
134.437850
134.601400
134.702100
134.742100
134.799575
134.854450
134.887025
135.275475
135.335700
135.511100
135.693000
135.771400
135.900475
135.932450
135.954650
136.029175
136.057925
136.076125
136.077275
136.197300
136.239600
136.305625
136.522625
136.604200
136.771025
136.790750
137.029450
137.065000
137.163950
137.179325
137.413325
137.505825
137.546175
137.575400
137.617700
137.653025
137.766225
137.799200
137.920675
137.995850
138.025725
138.030275
138.136125
138.160850
138.185150
138.196000
138.206775
138.267525
138.328750
138.390925
138.486975
138.503225
138.519800
138.606000
138.630350
138.646850
138.705100
138.849375
138.878325
138.915700
138.946425
138.982600
139.000025
139.036225
139.076625
139.077775
139.215225
139.268875
139.283625
139.310100
139.343200
139.461050
139.497175
139.532800
139.572900
139.772525
139.877450
139.934500
139.945800
140.101100
140.115700
140.191700
140.206350
140.227200
140.258925
140.290250
140.310500
140.412850
140.471000
140.549050
140.614875
140.656600
140.692775
140.754775
141.046825
141.136925
141.232250
141.256150
141.480775
141.686000
141.748125
141.775100
141.891825
142.034825
142.071675
142.204650
142.313400
142.524175
142.797875
142.812450
142.866550
142.900300
142.973825
143.003050
143.399125
143.423300
143.569850
143.869525
144.129350
144.193725
144.297925
144.325050
144.425075
144.447050
144.454150
144.545350
144.602725
144.680025
144.779500
144.803975
144.919925
145.030100
145.077050
145.191425
145.224250
145.467275
145.501400
145.552550
145.567400
145.779725
145.810575
145.893900
145.909450
145.959500
145.964650
146.043350
146.106675
146.212025
146.315575
146.348750
146.419950
146.486550
146.614775
146.642850
146.671975
146.716550
146.904725
146.976525
147.083625
147.167825
147.317100
147.338200
147.452850
147.525625
147.646600
147.748400
147.872625
147.933600
148.004725
148.075150
148.144150
148.254150
148.333000
148.355025
148.399450
148.678725
148.849300
148.908350
148.990575
149.077475
149.122400
149.179975
149.257525
149.332425
149.398975
149.481050
149.533925
149.915600
149.995850
150.051625
150.081350
150.228950
150.285450
150.582950
150.642850
150.674475
150.715950
150.734800
150.760250
150.908750
150.941350
151.046150
151.122175
151.219500
151.304075
151.338225
151.398750
151.457375
151.477400
151.715800
151.744150
151.854200
151.886350
151.931600
151.963375
152.008375
152.139450
152.217825
152.378625
152.436300
152.534350
152.554400
152.631025
152.689350
152.773400
152.786300
152.806625
152.831225
152.950200
153.016325
153.032400
153.099175
153.124650
153.186975
153.295500
153.320650
153.548975
153.570600
153.595325
153.678000
153.699750
153.895150
153.929025
153.971200
154.140250
154.273375
154.339950
154.355825
154.383000
154.407025
154.497675
154.520275
154.612975
154.636500
154.715150
154.825700
154.852950
155.046350
155.206800
155.411400
155.489525
155.667025
155.699950
155.778000
155.878300
155.954400
156.052525
156.095250
156.278025
156.305375
156.323200
156.390325
156.423500
156.997300
157.079925
157.209425
157.236075
157.488075
157.597200
157.643525
157.773850
158.023250
158.087375
158.382200
158.417400
158.532675
158.814150
159.361425
159.476575
159.536725
159.566475
159.741150
160.081125
160.347775
160.397325
160.545350
160.579800
160.581075
160.593525
160.675125
160.882575
161.033650
161.060650
161.224100
161.349925
161.471025
161.609550
161.782550
161.990100
162.029500
162.219225
162.223925
162.267500
162.516575
162.546675
162.658000
162.885950
162.929575
162.967500
163.117675
163.132950
163.251950
163.306850
163.529850
163.685250
163.761200
163.856200
163.902425
163.927475
163.989450
164.118250
164.228675
164.384250
164.657125
164.789700
164.893275
165.086575
165.126450
165.247500
165.320700
165.363375
165.388700
165.400725
165.511350
165.557050
165.879275
166.040900
166.167650
166.304025
166.478800
166.504200
166.556550
166.716975
166.807025
166.887750
166.962000
166.971575
167.002550
167.018325
167.040550
167.055800
167.205025
167.222275
167.301625
167.365575
167.402975
167.574525
167.595275
167.819600
167.849625
167.954825
167.996075
168.024475
168.064800
168.133050
168.192100
168.230000
168.254425
168.325900
168.381225
168.397725
168.435425
168.519825
168.627650
168.688475
168.790200
168.906375
168.939325
168.955025
168.983700
169.043075
169.068325
169.098875
169.110375
169.140050
169.179775
169.263225
169.295350
169.398250
169.424750
169.493700
169.720050
169.933850
169.961550
170.078425
170.098850
170.221725
170.247375
170.285050
170.432100
170.434950
170.449700
170.582025
170.597825
170.650625
170.699850
170.768625
170.812250
170.858625
170.946700
171.147725
171.173850
171.178150
171.292325
171.370000
171.510200
171.530650
171.566600
171.620075
171.800850
171.815125
171.891150
171.899800
172.123600
172.364250
172.426150
172.455425
172.515900
172.535425
172.557675
172.575250
172.592575
172.657075
172.717950
172.807075
172.865300
173.176800
173.295000
173.613650
173.669075
173.788725
174.029550
174.071800
174.316250
174.442275
174.470475
174.501600
174.540425
174.587400
174.627175
174.647425
174.693825
174.766400
175.000650
175.078525
175.164400
175.285350
175.333750
175.374950
175.393425
175.477300
175.657000
175.692275
175.786450
175.840025
175.897150
175.941000
175.957575
175.974875
175.998800
176.116425
176.135625
176.266600
176.298275
176.310650
176.380850
176.402100
176.499825
176.586225
176.721750
176.891750
176.961300
177.141125
177.218550
177.252350
177.573725
177.612075
177.749850
177.878850
177.919800
177.945325
177.995650
178.203825
178.333300
178.358575
178.409325
178.600075
178.683150
178.718600
178.772325
178.950000
179.052550
179.064675
179.184675
179.190525
179.244325
179.290175
179.351750
179.435225
179.663675
179.709775
179.800425
179.962300
180.005575
180.053450
180.071600
180.172950
180.241125
180.630175
180.716600
180.739225
180.750250
180.764025
181.044700
181.108350
181.165500
181.198000
181.233675
181.325175
181.396200
181.603800
181.635575
181.844525
181.917150
182.071250
182.188900
182.433875
182.563800
182.645975
182.726775
182.930700
182.977625
183.077275
183.152000
183.178175
183.214650
183.232900
183.714425
183.734350
183.779825
184.024350
184.042475
184.114825
184.151275
184.166825
184.224425
184.236425
184.257900
184.262500
184.412625
184.664650
185.035875
185.199125
185.275450
185.383675
185.433900
185.447575
185.536725
185.609250
185.669325
185.765775
185.777750
185.785225
185.856700
185.902075
185.941250
185.982500
186.032025
186.053325
186.244350
186.313400
186.506100
186.584425
187.079700
187.192025
187.304050
187.479400
187.762475
187.912450
187.955050
188.180500
188.260300
188.436025
188.454950
188.526125
188.606325
188.738250
188.876825
188.899050
188.917075
188.927150
189.031500
189.160625
189.364250
189.426850
189.471825
189.723975
189.852350
190.017150
190.087950
190.131325
190.157050
190.483600
190.570750
190.573225
190.867875
190.917350
190.992650
191.015200
191.288425
191.310500
191.314025
191.333425
191.452725
191.513275
191.634175
191.671775
191.729400
191.803150
191.829525
192.010025
192.081225
192.132700
192.201650
192.360100
192.607925
192.764425
192.960750
193.285850
193.342050
193.557450
193.594475
193.644000
193.663525
193.817250
193.833550
193.872550
194.054275
194.079725
194.185525
194.357225
194.380300
194.458450
194.513175
194.734125
194.922900
194.938100
195.063500
195.254425
195.377375
195.492125
195.525400
195.599525
195.615825
195.628650
195.858075
195.901900
195.917575
196.139200
196.205050
196.225800
196.278225
196.309975
196.317400
196.479050
196.517275
196.657950
196.701750
197.006400
197.251475
197.259700
197.274025
197.445800
197.502375
197.838150
198.119525
198.679950
199.178550
199.198750
199.265500
199.309275
199.454975
199.501950
199.941550
200.092700
200.477300
200.563750
200.620875
200.758750
200.794650
200.831300
200.835100
200.920625
201.153350
201.250050
201.338625
201.460800
201.709900
201.896950
202.026775
202.118325
202.138625
202.268000
202.289825
202.448275
202.532550
202.628350
202.661175
202.685250
202.822400
202.922250
203.045475
203.327675
203.369950
203.423600
203.717775
203.755075
203.791900
203.855350
203.882750
204.064200
204.091000
204.105650
204.272400
204.447750
204.524775
204.560225
204.630225
204.776975
204.877825
204.915325
205.155425
205.756675
205.827225
205.927175
205.947150
206.081675
206.165325
206.250050
206.283300
206.354475
206.622175
206.803550
207.053925
207.109425
207.159025
207.287325
207.320050
207.485050
207.501325
207.545375
207.636700
207.694950
207.846350
207.862925
207.904750
207.922300
208.035750
208.053950
208.277650
208.717875
208.935825
208.953125
208.970425
209.002350
209.077425
209.333825
209.611700
209.938350
209.968150
210.007275
210.329075
210.396800
210.530350
210.553100
210.696725
210.720150
210.736300
210.763675
211.022125
211.475900
211.591075
211.811325
211.867700
211.953500
212.243275
212.290700
212.672625
212.862275
212.990975
213.032500
213.141500
213.210950
213.272750
213.294150
213.657525
213.696300
213.856175
214.193800
214.387800
214.663775
214.695750
214.742925
214.873875
215.373475
215.395675
215.476875
215.601550
215.648350
215.990425
216.014225
216.349300
216.437225
216.652600
216.785325
216.941350
217.000925
217.114225
217.460675
217.533575
217.635375
217.672175
217.918025
217.981625
218.139200
218.538125
218.623400
218.744950
219.067425
219.110075
219.218675
219.286900
219.308800
219.329525
219.424950
219.651925
219.949325
219.964175
220.244825
220.370275
220.408500
220.736175
220.790125
221.277200
221.512025
221.640375
221.731900
221.813400
221.955425
222.020725
222.070000
222.131975
222.265625
222.414625
222.709025
222.874400
222.995425
223.027900
223.052425
223.115325
223.213300
223.604100
223.703350
223.822650
223.853550
223.869725
223.880200
223.882100
223.900025
224.154975
224.409850
224.475875
224.510725
224.759375
224.799450
225.003450
225.117200
225.255000
225.462400
225.695025
225.839625
225.874700
225.890550
225.998125
226.135625
226.482325
226.712225
226.914925
227.037925
227.107150
227.197675
227.407225
227.499300
227.518375
227.569350
227.800450
227.969400
227.999775
228.004100
228.474350
228.510100
228.546600
228.595675
228.836800
228.875200
228.963925
228.998875
229.261300
229.340300
229.650075
229.960575
230.039300
230.132750
230.182575
230.382475
230.534000
230.687000
230.713600
230.832425
230.850575
230.859550
231.181775
231.298050
231.330425
231.395025
231.531650
231.741900
231.787525
231.873550
231.916675
231.983350
232.052875
232.414925
232.492775
232.523250
233.077575
233.133225
233.164750
233.472800
233.525025
233.617375
233.700975
233.923400
234.186875
234.262525
234.390175
234.472725
234.574375
234.628800
234.670950
234.885025
234.902850
235.011775
235.018125
235.409725
235.510650
235.526150
235.674250
235.723300
235.775350
236.033250
236.127200
236.253025
236.647525
236.761425
236.902825
237.016775
237.571575
237.630075
237.734950
237.931050
237.990800
238.015400
238.077225
238.103975
238.237675
238.413450
238.469525
238.495575
238.522150
238.654425
238.925075
239.335875
239.377800
239.675725
239.826000
240.099725
240.329925
240.544850
240.575300
240.618550
240.857775
241.271950
241.337975
241.522025
241.574975
241.599175
241.683125
241.730000
241.879250
242.035300
242.068625
242.243350
242.260475
242.917700
242.949575
242.989500
243.024475
243.096975
243.106025
243.366025
243.385650
243.395250
243.449200
243.725725
243.737800
243.761425
243.812200
243.826275
243.882350
243.904550
244.139875
244.208550
244.523100
244.731075
244.820125
244.908475
244.933275
244.957425
245.284975
245.383675
245.496100
245.792800
245.799850
245.807975
245.847325
246.190375
246.348725
246.698350
246.706950
246.852425
246.876250
247.049150
247.128150
247.154975
247.272975
247.304825
247.545125
247.773225
248.291025
248.367675
248.428250
248.461775
248.604250
248.663450
248.736400
248.857325
248.865700
249.172875
249.209500
249.279675
249.468750
249.492900
249.732600
249.762400
249.949000
250.455250
250.718825
250.767100
250.909625
251.635000
251.675775
251.709925
252.145700
252.771675
252.843150
252.951125
253.012850
253.076825
253.146725
253.319750
253.336250
253.685775
253.830500
254.459450
254.483875
254.501475
254.704225
254.811000
255.053850
255.120550
255.149875
255.287375
255.360850
255.828075
255.858650
256.135875
256.463475
256.629275
256.793350
257.396050
258.110425
258.310800
258.335100
258.402850
258.536750
258.614450
258.662000
258.897475
258.974775
259.005050
259.424350
259.456850
259.531350
259.594025
259.620225
259.659000
259.779900
259.870050
259.911875
259.970200
260.070025
260.165775
260.604200
260.769000
260.866525
261.269400
261.459875
261.737150
261.819575
262.015150
262.277775
262.638400
263.057425
263.279850
263.539450
263.615875
264.165925
264.255825
264.419175
264.766350
264.947625
265.058800
265.095925
265.296850
265.403525
265.410800
265.683100
265.787225
266.007000
266.472800
266.526475
266.720375
266.815175
267.074100
267.219750
267.297250
267.364525
267.637925
267.678800
267.876000
268.009150
268.366900
268.495450
268.665275
268.907250
269.158275
269.178600
269.246375
269.288525
269.310500
269.683175
270.468450
270.535250
270.876300
270.884000
271.092825
271.155650
271.190775
271.206350
271.740925
271.879025
272.076350
272.268200
272.541775
272.651625
272.889775
273.127275
273.344200
273.425125
273.597200
273.876825
274.124350
274.135200
274.271150
275.092475
275.443100
275.496925
275.706375
276.304200
276.783400
276.927025
277.138450
277.520150
277.524750
277.638575
277.810575
277.932300
277.985375
278.113450
278.290250
278.687750
278.798475
278.896375
278.927550
279.344675
279.462850
279.533000
279.614700
279.831350
279.871675
279.983375
280.082225
280.206625
280.604275
280.684600
280.802000
281.128075
281.262475
281.426600
281.537125
281.557175
281.576875
281.867475
281.897700
281.916975
282.361275
282.381675
282.559375
282.642300
282.675075
282.881725
282.942600
283.040400
283.106625
283.447725
283.491125
283.516000
283.662325
283.913250
284.415975
284.558100
284.662650
285.264000
285.592825
285.669150
285.858425
285.878575
285.977850
286.695600
286.725925
287.142625
287.386475
287.838225
287.911875
287.925875
287.961025
288.260450
288.367950
288.661200
288.711175
288.958950
289.064925
289.093925
289.420775
289.562750
289.620275
289.726425
290.481450
290.561200
290.598525
290.634175
290.763750
290.781600
290.824200
290.998200
291.201875
291.402600
291.464850
291.496850
291.650625
291.917175
292.097800
292.117475
292.178875
292.339600
292.374650
292.441750
292.611675
292.845650
293.124850
293.478675
293.505025
293.812550
293.842575
294.153375
294.535050
294.888275
295.169075
295.425375
295.715575
295.723075
296.233750
296.317650
296.404275
296.427400
297.035550
297.369425
297.555800
297.785725
297.866250
298.043075
298.222700
298.644875
298.737900
298.993775
299.271575
299.320400
299.681100
300.009900
300.126250
300.396300
300.825600
300.907550
301.001675
301.096650
301.180000
301.854875
301.918325
302.386700
302.583175
302.671200
302.966525
303.193300
303.409075
304.006025
304.607475
304.617500
304.836425
304.840500
304.930425
304.999525
305.155275
305.180450
305.249850
305.491375
305.730475
305.870275
306.723150
307.131225
307.666775
307.694950
307.702425
307.988150
308.252975
308.284650
308.587875
308.765950
308.774950
308.843425
309.058425
309.265775
309.322050
309.718700
309.981175
310.327550
310.412475
310.555150
311.915800
311.938550
312.020925
312.065825
312.375550
312.592450
312.619725
312.644375
312.674350
313.154625
313.309700
313.965250
314.156950
314.291500
314.678775
314.775250
314.908475
315.131750
315.202875
315.398500
315.540575
315.799450
316.025100
316.518100
316.609250
316.688775
316.882100
316.926575
317.045800
317.089575
317.146750
317.260875
317.296225
317.570150
317.606775
317.660250
317.798050
318.037725
318.392900
318.483925
318.860700
319.255600
319.838000
320.181775
321.031425
321.107050
321.416250
321.499150
321.543200
321.728300
321.887975
321.899050
322.280500
322.464100
322.601600
322.847500
323.372850
323.428175
323.941875
323.944175
323.980575
324.525350
324.765550
324.842175
324.978700
325.010150
325.103325
325.112925
325.244200
325.453475
325.971975
326.191700
326.218725
326.294450
326.739275
327.301075
327.376175
327.750375
327.790250
328.070475
328.130275
328.199650
328.225225
328.249625
328.400900
328.410450
328.459475
328.629725
328.739650
328.863525
328.981325
329.021350
329.197150
329.302175
329.366650
329.514675
330.437900
331.135250
331.242075
331.633975
331.647100
331.705475
331.942275
332.295675
332.359150
333.058950
333.135675
333.372100
334.007550
334.665825
334.808350
334.838600
335.189200
335.405325
335.627300
335.690700
336.248200
336.394975
336.548400
336.555700
336.740700
336.762800
336.928675
337.390825
337.400250
337.539150
337.611975
337.777000
337.910975
337.972325
338.114800
338.323725
338.526325
338.679000
338.802325
339.065625
339.195300
339.381150
339.398175
339.666350
339.921575
340.230425
340.457875
340.768225
340.830125
340.889250
341.011075
341.194425
341.349925
341.390925
341.594025
341.848800
342.249850
