# # All spikes for Neuron
0.045500
0.065325
0.103350
0.154550
0.187225
0.581525
0.697775
0.727725
0.977250
1.345025
1.691300
1.726775
1.919050
2.313650
2.417450
2.429400
2.500650
2.567325
2.649900
2.798275
3.066825
3.111025
3.140325
3.147875
3.197375
3.263700
3.327875
3.352450
3.361725
3.420650
3.425925
3.651600
4.009200
4.032175
4.055700
4.195750
4.237675
4.254175
4.656825
4.670150
4.939525
5.033225
5.225825
5.395950
5.460425
5.480550
5.534150
5.655100
5.668825
5.805425
5.856450
5.907225
6.298425
6.330975
6.387225
6.395825
6.414150
6.578950
6.608575
7.158700
7.222650
7.277200
7.540950
7.727675
7.758025
7.791575
7.817975
7.892150
7.955325
8.361875
8.434025
8.484600
8.561825
8.688125
9.055250
9.220575
9.233975
9.316575
9.345925
9.388550
9.507650
9.533675
9.591325
9.702175
10.071225
10.372075
10.501400
10.615950
10.742050
10.866275
10.888225
10.983025
11.081250
11.214325
11.357050
11.382725
11.404700
11.440200
11.474150
11.585300
11.732950
11.793450
11.849625
11.996000
11.998375
12.049125
12.590600
12.833650
12.922650
12.956850
13.071150
13.105200
13.388575
13.713600
13.848325
13.903075
14.012775
14.034925
14.092750
14.143450
14.480825
14.506000
14.610950
14.646300
14.677325
14.716850
15.077900
15.218200
15.243200
15.263125
15.354900
15.476750
15.507925
15.557275
15.594675
15.630650
15.675325
15.746425
15.793525
15.919725
16.226275
16.252175
16.325600
16.404300
16.439100
16.486875
16.727925
16.811125
16.825050
16.893700
17.053450
17.117475
17.284325
17.373425
17.396100
17.769700
17.861450
17.909675
18.006375
18.291000
18.308225
18.388150
18.406900
18.445200
18.599150
18.632575
18.728075
19.057600
19.072475
19.135525
19.167500
19.210750
19.303875
19.317950
19.353375
19.369875
19.516000
19.569200
19.707925
19.809425
19.898200
20.038650
20.182975
20.231425
20.264550
20.274150
20.336325
20.353475
20.478725
20.500325
20.533300
20.609475
20.639225
20.798750
20.845125
20.912800
21.000225
21.049950
21.081525
21.130050
21.246575
21.486850
21.564675
21.628150
21.836725
21.894175
22.218225
22.354075
22.505950
22.654575
22.684125
22.766875
22.780000
22.837900
22.932075
22.973350
22.994800
23.152800
23.182050
23.450700
23.485250
23.520675
23.597050
23.679225
23.725725
24.277975
24.332475
24.558975
24.563600
24.596875
24.638175
24.656150
24.663850
24.752900
24.792650
24.820650
24.856375
24.885400
24.911100
24.982400
24.989875
24.995725
25.012075
25.026150
25.054000
25.214100
25.244675
25.270900
25.298450
25.316450
25.324200
25.343775
25.365425
25.417775
25.428750
25.447025
25.465550
25.518325
25.553600
25.598350
25.743150
25.813975
25.868250
25.876850
25.923575
25.963600
26.038075
26.055400
26.128600
26.240050
26.290650
26.395850
26.466425
26.896650
26.948375
26.995050
27.076775
27.112375
27.152950
27.177825
27.276425
27.288925
27.301850
27.309925
27.361125
27.384475
27.421750
27.441050
27.458775
27.580850
27.591600
27.692125
27.730575
27.747950
27.940650
27.956075
28.135375
28.501725
28.661350
28.679150
28.706725
28.761525
28.768000
28.786125
28.829125
28.977225
29.045550
29.051825
29.129675
29.257125
29.284900
29.420125
29.423925
29.495150
29.509950
29.637450
29.705650
29.713150
29.962300
30.058900
30.091900
30.184800
30.313300
30.393225
30.524875
30.556075
30.563550
30.611300
30.857700
30.891650
30.894750
30.931525
30.940025
31.135325
31.151650
31.180100
31.288425
31.332375
31.364200
31.381425
31.395125
31.436675
31.455700
31.482975
31.542050
31.572075
31.784600
31.832625
31.913450
32.095025
32.130475
32.144250
32.148200
32.181200
32.332825
32.553325
32.568400
32.701250
32.755575
32.987275
33.262350
33.314100
33.344175
33.417425
33.439125
33.505150
33.566650
33.641125
33.662600
33.681000
33.887800
33.979000
34.079975
34.095400
34.106575
34.122700
34.184725
34.236850
34.250425
34.263825
34.334200
34.345275
34.387100
34.518150
34.554200
34.594550
34.869275
34.980050
35.013725
35.029300
35.045550
35.102350
35.139425
35.187475
35.395525
35.597225
35.665950
35.817725
36.004300
36.067075
36.084425
36.210525
36.247225
36.662300
36.694750
36.697600
36.718800
36.763550
36.840475
36.953050
37.069800
37.196600
37.274325
37.303900
37.319350
37.369800
37.380025
37.607975
37.645600
37.671300
37.816975
37.847000
37.861675
37.872475
37.898150
37.906250
37.925125
37.944875
37.951500
37.981050
38.056750
38.067300
38.122475
38.145100
38.509625
38.664475
39.650250
39.749550
40.057325
40.065625
40.072575
40.100325
40.105200
40.111100
40.114650
40.129725
40.134900
40.196150
40.274000
40.296125
40.427600
40.449650
40.660050
40.741450
40.796275
40.832450
40.873225
40.933200
41.025925
41.585375
41.621475
41.624650
41.638650
41.652400
41.688250
41.703900
41.711425
41.726900
41.782425
42.002725
42.223525
42.412600
42.596200
42.618200
42.739175
42.883500
42.922850
42.971925
42.987475
43.033675
43.126400
43.201650
43.322250
43.387725
43.519825
43.561875
43.629300
43.814175
43.859975
44.108900
44.128725
44.148350
44.158025
44.370025
44.409700
44.648350
44.677225
44.690600
44.706900
44.731950
44.788225
44.802975
44.939325
44.988925
45.257675
45.271275
45.290400
45.305375
45.515350
45.601725
45.721450
46.247275
46.288950
46.621725
46.704850
46.824600
46.865525
46.929850
46.981375
47.280150
47.353725
47.415100
47.725875
48.291400
48.345425
48.373175
48.393350
48.875975
49.330575
49.548925
50.059325
50.095200
50.103050
50.217200
50.283425
50.318375
50.513500
51.167125
51.227700
51.375500
51.421100
51.719275
51.780375
52.580675
52.671850
52.713100
52.733925
52.748300
53.777925
53.994000
54.015875
54.224900
54.637250
55.183275
55.243850
55.280100
55.333825
56.194350
56.232375
56.506200
57.173525
57.438775
57.448425
57.484600
57.490525
57.511325
57.543275
57.659100
57.701900
58.221500
58.418425
58.424375
58.437625
58.465525
58.944650
58.961750
59.009425
59.019875
59.055550
59.522000
59.565675
59.607250
59.626100
59.676250
59.682650
59.762775
59.793300
59.871425
59.954425
60.025500
60.346000
60.532950
60.597500
60.616200
60.658175
60.833000
60.965200
61.015625
61.050400
61.179250
61.204575
61.218725
61.240100
61.259825
61.284025
61.323675
61.348175
61.365100
61.450800
61.508075
61.531850
61.558950
61.564675
61.596750
61.625100
61.658500
61.669700
61.700900
61.717300
61.728925
61.771475
61.797650
61.803375
61.842100
61.846575
61.876325
61.886675
61.937025
61.966175
62.023650
62.048125
62.057650
62.078300
62.114625
62.149700
62.178775
62.223725
62.266500
62.340800
62.361675
62.383775
62.394200
62.422050
62.437825
62.441025
62.574175
62.583450
62.591000
62.634850
62.669875
62.683625
62.779600
62.849625
62.874450
62.919975
62.937675
62.947800
63.020975
63.203550
63.364325
63.377050
63.394800
63.416700
63.436150
63.508125
63.569775
63.641800
63.683175
63.733975
63.747600
63.767150
63.797650
63.846650
63.857150
63.903275
63.914375
63.948225
63.979350
64.067200
64.117050
64.175350
64.299950
64.308150
64.383325
64.478500
64.500125
64.513500
64.670275
64.702825
64.783675
65.010775
65.104775
65.322975
65.393475
65.648450
65.662200
65.692375
65.724725
65.787100
65.850300
65.887875
65.942425
66.032125
66.111450
66.163050
66.192700
66.409425
66.775350
66.978125
67.278700
67.400575
67.549500
67.630825
67.835100
68.067275
68.093400
68.170950
68.304050
68.371925
68.420175
68.469050
68.484650
68.558175
68.675125
68.768550
68.786375
69.125425
69.270125
69.703725
69.777625
69.804750
70.029700
70.358250
70.372475
70.379250
70.384700
70.395200
70.416725
70.438000
70.441925
70.471850
70.478300
70.491400
70.678125
70.725175
70.830275
70.877075
71.051400
71.075475
71.092875
71.161625
71.236175
71.310675
71.470275
71.481325
71.502250
71.511800
71.529100
71.662700
71.722175
71.843950
71.909925
72.127400
72.132825
72.138150
72.143750
72.252000
72.299025
72.321400
72.547650
72.568675
72.637525
72.815525
72.924850
73.423325
73.609825
73.663750
73.683875
73.782450
73.851250
74.293700
74.308275
74.325175
74.440425
74.530375
74.591450
74.748350
74.792800
74.931850
74.956975
74.979850
75.045250
75.149475
75.197250
75.275050
75.341325
75.368775
75.645550
75.649825
75.693000
75.700325
75.774250
75.858400
75.892125
76.210625
76.350250
76.377550
76.568475
76.772975
77.033850
77.529550
77.607325
77.616400
77.622125
77.643550
77.763375
77.810325
77.999100
78.164925
78.314425
78.634825
78.666125
78.693425
78.735925
78.756600
79.099175
79.240575
79.260075
79.298275
79.500575
79.570625
79.690625
79.819175
80.081375
80.136200
80.415600
80.564425
80.672450
80.769925
80.880175
81.232050
81.292550
81.305625
81.364125
81.384275
81.478900
81.664525
81.877400
81.991325
82.061275
82.109975
82.415850
82.450975
82.663000
82.835850
82.948300
83.039700
83.213825
83.312725
83.345075
83.355125
83.539175
83.560200
83.585400
83.621350
83.825125
83.974150
83.985350
84.062650
84.091700
84.101000
84.123600
84.502475
84.897000
84.943650
84.961900
85.016775
85.313575
85.333025
85.370600
85.519175
85.587175
85.649475
85.658800
85.665050
85.695850
85.775325
85.855875
86.002525
86.222750
86.350275
86.351725
86.474375
86.539700
86.708150
86.792200
86.915325
86.974425
87.089650
87.097125
87.144325
87.174325
87.305450
87.411775
87.428125
87.441050
87.559175
87.651450
87.742550
88.008550
88.052425
88.179800
88.294025
88.427300
88.443400
88.475950
88.487650
88.562500
88.682100
88.763075
88.779075
88.821925
88.838875
88.852250
88.908525
88.933025
88.979100
89.013575
89.075975
89.115200
89.238600
89.296875
89.480100
89.551400
89.573000
89.687200
89.718875
89.771175
89.782700
89.810700
89.824750
89.891600
90.085525
90.099475
90.110350
90.138525
90.157075
90.347875
90.368550
90.386625
90.413750
90.423650
90.436300
90.439825
90.477175
90.482500
90.513850
90.520975
90.574725
90.587275
90.627025
90.651850
90.675850
90.730050
90.815600
90.878075
90.950550
91.036850
91.092050
91.399075
91.504625
91.536975
91.561850
91.570175
91.574325
91.588025
91.597425
91.616325
91.690950
91.738175
91.842175
91.851950
91.873550
91.918200
92.000050
92.086925
92.166625
92.486375
92.532050
92.679500
92.825050
92.890900
92.914275
93.007550
93.084650
93.109525
93.156725
93.213925
93.281225
93.483550
93.867850
93.950100
93.972775
94.168800
94.194100
94.199775
94.220250
94.242625
94.278625
94.310500
94.372850
94.453450
94.494250
94.608950
94.623525
94.724400
94.908375
95.041600
95.072850
95.109875
95.172600
95.396075
95.428925
95.479850
95.577000
95.598825
95.640250
95.717375
95.940250
96.007050
96.072025
96.106900
96.124500
96.169750
96.176825
96.285525
96.438250
96.469725
96.604700
96.890175
96.930850
96.974925
96.995450
97.040875
97.101225
97.195325
97.330375
97.368925
97.378125
97.408475
97.492750
97.681100
97.707125
97.820950
97.867700
98.196150
98.314550
98.370575
98.444000
98.642975
98.719025
98.744100
98.777100
98.792800
98.907150
99.058800
99.086975
99.104775
99.108675
99.127050
99.319525
99.417550
99.444700
99.660175
99.853075
99.902525
99.943625
99.952075
99.970375
100.023000
100.173800
100.223475
100.681200
100.712625
100.767075
100.906150
100.993100
101.021500
101.071275
101.100250
101.134825
101.143225
101.249625
101.324525
101.428750
101.449125
101.569525
101.724975
101.841950
101.913650
101.928900
101.955275
102.038700
102.067300
102.099150
102.131675
102.203500
102.291050
102.328150
102.338475
102.387250
102.557750
102.602400
102.687000
102.755225
102.809550
102.867775
103.029100
103.246900
103.435650
103.655825
103.710375
103.721825
103.733075
103.738575
103.743775
103.772350
103.854450
104.024425
104.055375
104.120925
104.364800
104.436700
104.610475
104.722100
104.971575
104.996925
105.052225
105.070600
105.077625
105.156100
105.169275
105.299700
105.330150
105.368925
105.403475
105.502275
105.552250
105.576325
105.609775
105.624350
105.858025
106.001725
106.042875
106.098675
106.115425
106.118150
106.226900
106.275600
106.454000
106.476475
106.823100
106.835750
106.849350
107.020100
107.366100
107.456750
107.548950
107.602300
107.630850
107.743000
107.790000
107.796025
107.832325
107.849225
107.852300
107.939200
108.282825
108.306625
108.418125
108.465375
108.488025
108.589475
108.733675
108.837400
108.956900
108.986075
109.216650
109.292825
109.739200
109.777850
109.792475
109.850075
109.945300
109.997350
110.025225
110.056200
110.215550
110.294025
110.330975
110.337900
110.348875
110.401700
110.431925
110.456025
110.476350
110.521850
110.655050
110.670850
110.696125
110.705900
110.763400
110.785700
110.840725
110.899350
110.974100
111.008175
111.293300
111.299250
111.341600
111.380375
111.413500
111.715175
111.750075
111.884825
112.474250
112.482500
112.580650
112.613600
112.631175
112.638475
112.649875
112.698550
112.773700
112.792775
112.866075
112.880250
112.891250
112.945500
113.256900
113.624850
113.632150
114.160900
114.183875
114.377575
114.434750
114.762650
114.781575
114.786275
115.123875
115.769100
115.778325
115.780450
115.816600
115.829775
115.841625
116.044575
116.114825
116.273000
116.280775
116.317950
116.347300
116.351125
116.401925
116.412200
116.429875
116.470625
116.506275
116.610725
116.691375
116.890150
116.978350
117.029975
117.036250
117.106775
117.118325
117.140275
117.204475
117.208825
117.239525
117.304100
117.328925
117.342975
117.381025
117.392075
117.499700
117.578550
117.591625
117.625275
117.709725
117.726175
119.226000
119.534200
119.722775
119.769575
119.816950
119.856725
119.969675
120.228175
120.354325
120.478125
120.481125
120.483950
120.740125
120.780425
120.785925
120.862500
120.938550
121.004300
121.207000
121.375075
121.428575
121.784025
121.852575
121.865900
121.878900
121.888450
121.920900
121.986450
121.990675
122.121625
122.182550
122.279575
122.306875
122.320750
122.354075
122.412850
122.449050
122.479725
122.508150
122.521100
122.539575
122.556400
122.657200
122.693125
122.840550
123.139300
123.406550
123.714300
123.779200
124.185800
124.309950
124.333200
124.366350
124.497200
124.641850
124.683875
124.869025
124.913325
125.048000
125.056050
125.077600
125.157550
125.173650
125.179325
125.192175
125.198600
125.213350
125.230225
125.238450
125.259175
125.274400
125.389300
125.610250
125.625925
125.683000
125.780250
125.855950
125.874225
126.010075
126.019075
126.026350
126.096225
126.150875
126.199950
126.232950
126.276875
126.454100
126.519725
126.558975
126.704075
126.816575
126.869300
126.897600
126.983700
127.019675
127.084800
127.142550
127.154900
127.159700
127.174250
127.237000
127.243825
127.287575
127.330750
127.342800
127.422200
127.432825
127.453475
127.467900
127.508975
127.572075
127.720750
127.736650
127.803275
127.836025
127.868100
127.960350
128.035700
128.055775
128.173950
128.274625
128.337950
128.358075
128.417350
128.434375
128.499575
128.536350
128.606275
128.652175
128.667800
128.674800
128.742875
128.748725
128.782550
128.794950
128.828450
128.891625
128.955725
128.982375
129.107325
129.226075
129.241100
129.285025
129.356700
129.443775
129.460875
129.614400
129.679775
129.804925
129.874075
129.901675
129.933575
130.034150
130.043300
130.087825
130.130725
130.180550
130.261350
130.350500
130.381475
130.559625
130.602200
130.706425
130.722125
130.767950
130.830650
130.885325
130.960950
131.110175
131.288575
131.490050
131.545600
131.580250
131.629800
131.749625
131.823700
131.879150
131.882675
131.937250
132.032300
132.063375
132.352725
132.455750
132.465050
132.549125
132.573350
132.580000
132.634425
132.640000
132.690300
132.696375
132.714100
132.753725
132.773525
132.868050
132.900975
132.917250
132.926725
133.011700
133.054800
133.246725
133.265200
133.283150
133.528950
133.543575
133.615725
133.632025
133.730800
133.742375
133.897550
133.917850
134.092000
134.150800
134.482000
134.520850
134.608075
134.720750
134.750150
134.755800
134.770500
134.775850
134.793600
134.827725
134.852500
134.887375
134.894000
134.910025
134.916475
134.930025
134.961200
135.002225
135.118400
135.168250
135.201575
135.220450
135.233450
135.332675
135.360200
135.400775
135.513025
135.532900
135.621200
135.677800
135.698375
135.806750
136.026750
136.081300
136.090025
136.100775
136.121525
136.168950
136.209150
136.216400
136.278325
136.313475
136.356850
136.384600
136.444050
136.454800
136.481100
136.509800
136.589225
136.599375
136.639125
136.652675
136.657500
136.666050
136.694125
136.750050
136.756250
136.806500
136.816100
136.867050
136.928075
136.939900
136.962825
137.001600
137.229975
137.253150
137.682100
137.954825
137.969325
137.984550
137.988575
137.990150
138.072650
138.142575
138.301200
138.403925
138.414325
138.656125
138.706450
138.733625
138.819950
138.888325
138.954775
139.002475
139.004000
139.023925
139.046025
139.059725
139.074775
139.099550
139.126300
139.151850
139.324675
139.472300
139.512725
139.677225
139.716925
139.791925
139.862575
139.892700
140.018950
140.054150
140.058575
140.099125
140.173025
140.314450
140.392150
140.401650
140.533250
140.572300
140.624625
140.656550
140.667175
140.945925
140.964075
141.049675
141.154050
141.207275
141.295900
141.310525
141.327900
141.424550
141.465825
141.499425
141.670650
141.898900
141.939225
142.018100
142.094175
142.152450
142.255750
142.348250
142.385800
142.430550
142.772775
142.829625
142.835500
142.861475
142.922750
142.974650
143.070225
143.094925
143.147250
143.180825
143.227775
143.365275
143.400150
143.464400
143.531300
143.543300
143.579900
143.645550
143.662625
143.830175
143.925075
143.975450
144.046175
144.105925
144.170925
144.234775
144.449075
144.506625
144.762500
144.993425
145.063125
145.274025
145.359250
145.405050
145.525050
145.545350
145.679625
145.802650
145.918600
145.950475
146.045750
146.054800
146.159000
146.313175
146.372050
146.601750
146.649525
146.717675
146.742075
146.950425
147.126550
147.228225
147.325125
147.505275
147.571875
147.595625
147.711400
147.770875
147.987625
148.166125
148.363025
148.423700
148.481975
148.554400
148.690850
148.749800
148.859775
148.909100
149.017725
149.026025
149.043825
149.055100
149.077400
149.158325
149.207025
149.261975
149.385600
149.525150
149.724100
149.784025
149.801000
150.008650
150.034325
150.063400
150.116750
150.126925
150.234650
150.376225
150.457125
150.471325
150.530525
150.771950
150.783050
150.842775
150.894000
150.950900
150.989475
151.019900
151.116400
151.137175
151.251450
151.313900
151.360675
151.655450
151.681950
151.704950
151.727725
151.742025
151.759325
151.793775
151.801875
151.851150
151.874625
151.902325
152.440725
152.473725
152.511525
152.663075
152.887150
152.922700
153.017050
153.036050
153.157850
153.169700
153.214400
153.285850
153.302125
153.382650
153.449225
153.462875
153.605425
153.638250
153.651350
153.924650
154.028150
154.034225
154.036150
154.065300
154.113550
154.180625
154.215025
154.245050
154.267650
154.290400
154.320050
154.375850
154.387325
154.425225
154.457375
154.656125
154.680025
154.686400
154.708475
154.714275
154.786800
154.798925
154.861050
154.915000
154.937950
155.277900
155.341725
155.640425
155.714875
155.720775
155.734025
155.790525
155.862000
155.903600
155.999375
156.019650
156.061100
156.127325
156.196850
156.212575
156.515675
156.678200
156.707150
156.763350
156.778700
156.788450
156.930000
156.977075
157.062675
157.113375
157.174025
157.286100
157.310000
157.352675
157.512950
157.555700
157.650925
157.732975
157.740825
157.813200
158.006050
158.037975
158.051900
158.156100
158.267275
158.419925
158.508625
158.553250
158.628975
158.665450
158.691900
158.697125
158.703825
158.721625
158.730775
158.797725
158.863150
158.896025
158.920725
158.927050
158.952600
158.959200
159.086050
159.222025
159.324025
159.346875
159.372700
159.505475
159.899775
159.955600
160.082450
160.157175
160.226650
160.251550
160.266725
160.271275
160.297725
160.441125
160.544275
160.651025
160.693000
160.725875
161.083425
161.258725
161.290500
161.354775
161.434700
161.473650
161.727775
161.851125
162.113625
162.190775
162.297175
162.442200
162.623525
162.720100
162.902425
163.195600
163.315950
163.516850
163.583425
163.673675
163.773625
163.818850
163.899900
163.974425
164.085400
164.152275
164.165500
164.225450
164.238150
164.396125
164.604050
164.662750
164.674675
164.709700
164.723250
164.773400
164.831500
164.940400
165.102050
165.339850
165.655650
165.840725
165.930875
166.011725
166.044325
166.071900
166.152750
166.197625
166.257075
166.467750
166.489900
166.546825
166.632950
166.651725
166.683950
166.705350
166.727675
166.740750
166.839875
166.978500
167.019800
167.083200
167.238400
167.286300
167.322775
167.330650
167.348675
167.368700
167.382100
167.467600
167.473775
167.531550
167.610950
167.646075
167.801600
167.884800
167.901600
167.921900
167.936425
167.982375
168.006925
168.068750
168.087275
168.322700
168.711450
168.772800
168.908700
168.994750
169.015350
169.077250
169.135900
169.163500
169.196575
169.296850
170.023275
170.130375
170.185950
170.218875
170.260675
170.325350
170.415975
170.458250
170.483975
170.631150
170.651425
170.722425
170.742050
171.014075
171.087450
171.121225
171.188300
171.259500
171.404825
171.419575
171.442600
171.461125
171.524025
171.568350
171.618925
171.646875
171.744775
171.754400
171.790550
171.887825
171.932250
171.940000
171.977350
172.014925
172.030150
172.055050
172.137250
172.188775
172.231550
172.341550
172.371900
172.426375
172.437650
172.632300
172.665600
172.730700
172.753675
172.781875
172.830175
172.937600
172.964100
172.987000
173.048325
173.118975
173.190100
173.250925
173.269775
173.292375
173.560025
173.676250
173.767225
173.933575
173.945675
174.028125
174.046025
174.551975
174.646200
175.056100
175.469750
175.472625
175.480700
175.527550
175.553350
175.603950
175.614325
175.641225
176.244950
176.259850
176.273025
176.335175
176.371150
176.414250
176.423700
176.452625
176.479125
176.526275
176.592025
176.666400
176.690875
176.697100
176.705575
176.745475
176.765550
176.788725
176.801950
176.824300
176.831100
176.867425
176.965000
176.974850
176.992500
178.161975
178.455500
178.664625
178.671500
178.676325
178.698450
179.270450
179.390150
179.505350
179.527800
179.534000
179.543300
179.546875
179.550600
179.562075
179.639725
179.716875
179.726575
179.783900
179.811950
179.875375
179.906775
180.163950
180.175175
180.191850
180.206425
180.245250
180.268375
180.341575
180.376100
180.639750
180.668050
180.681300
181.132450
181.270175
181.302900
181.332675
181.434275
181.488700
181.551500
181.615475
181.714125
181.841650
181.869200
181.892625
181.936150
181.943050
181.948075
182.003750
182.052600
182.065200
182.071500
182.074200
182.077925
182.116350
182.156275
182.187375
182.256325
182.275775
182.358100
182.369975
182.381300
182.438900
182.456925
182.570725
182.664350
182.675100
182.689350
182.712400
182.727475
182.781775
182.860000
182.893300
182.934175
182.963150
182.991575
183.028525
183.060175
183.079500
183.088100
183.096600
183.336350
183.355550
183.368825
183.613025
183.630500
183.815125
183.851050
183.868675
183.927525
184.009775
184.206550
184.241225
184.281750
184.290575
184.401225
184.411600
184.448150
184.575425
184.657550
184.681150
184.779075
184.836400
184.914800
184.929925
185.104775
185.168325
185.339700
185.369125
185.387775
185.424500
185.677525
185.790475
185.836750
185.892700
185.940575
186.064500
186.082875
186.103200
186.388425
186.400825
186.427600
186.454075
186.502150
186.539100
186.590075
186.603325
186.648600
186.676050
186.782050
186.806475
186.813225
186.869650
186.903650
186.912750
186.924625
186.955725
186.978725
187.018100
187.181275
187.197975
187.281950
187.519500
187.657425
187.708175
187.729925
187.787425
187.830325
187.868250
187.927775
188.000425
188.157150
188.183450
188.212675
188.264775
188.277425
188.302125
188.344650
188.588825
188.640600
188.647825
188.755600
188.829150
188.891450
188.910875
188.956450
189.233050
189.252900
189.294425
189.310500
189.378375
189.443125
189.592175
189.630750
189.984175
190.015875
190.099800
190.157975
190.609025
190.662475
190.749225
190.885425
190.966450
191.005200
191.020200
191.121625
191.177925
191.198375
191.354200
191.663900
191.687725
191.709725
191.719525
191.736825
191.793525
191.807725
191.844975
192.054625
192.221150
192.291700
192.360700
192.378325
192.429775
192.474650
192.543575
192.617825
192.727100
192.729675
192.754900
192.798700
192.831550
192.893000
193.068750
193.074725
193.273000
193.278325
193.283700
193.338675
193.452025
193.541250
193.741350
193.854575
193.859775
193.903300
194.186525
194.214900
194.334700
194.365600
194.390000
194.412625
194.427725
194.507825
194.569200
194.591475
194.620350
194.648825
194.821050
194.849825
194.891850
195.058825
195.093875
195.108325
195.121050
195.140275
195.230375
195.315350
195.435125
195.525000
195.587175
195.721600
195.737825
195.752050
195.760250
195.768675
195.781225
195.842600
195.929500
195.995900
196.028950
196.157700
196.269000
196.412750
196.485975
196.534525
196.578375
196.629725
196.667675
196.905800
197.136500
197.210700
197.259675
197.265250
197.280800
197.367025
197.387050
197.466025
197.591500
197.752125
197.812075
197.892700
197.912850
197.937200
198.021650
198.189775
198.202950
198.219825
198.245775
198.255825
198.271825
198.300625
198.345100
198.428350
198.637750
198.664200
199.065775
199.196825
199.376425
199.526450
199.537450
199.542675
199.556800
199.566925
199.586900
199.610500
199.629650
199.751375
199.781475
199.801375
199.853475
200.010725
200.033925
200.186450
200.232375
200.426675
200.462075
200.485125
200.496800
200.510175
200.599675
200.911850
200.931550
200.955900
201.083600
201.334575
201.421550
201.511925
201.531925
201.560575
201.617550
201.775700
201.833850
201.894800
201.919700
202.017575
202.058325
202.093350
202.389825
202.552600
202.645425
202.692675
202.712950
202.771800
202.936500
203.253750
203.268450
203.312200
203.449575
203.722200
204.026350
204.060675
204.080200
204.098075
204.116175
204.250050
204.261900
204.354100
204.425350
204.531825
204.532975
204.588225
204.626550
204.702675
204.725350
204.737175
204.799275
204.934875
204.989000
205.006400
205.267225
205.328250
205.348325
205.602500
205.712325
205.748275
205.804900
205.843100
205.997800
206.002875
206.036750
206.176250
206.309925
206.516475
206.580175
206.613900
206.621525
206.649975
206.660725
206.682575
206.694925
206.699925
206.711200
206.831575
206.869475
206.884700
207.115900
207.422000
207.612850
207.624025
207.655625
207.668775
207.692750
207.695325
207.742675
207.759650
207.846200
207.913375
207.942750
207.951000
207.958225
208.046100
208.262350
208.315750
208.357475
208.495900
208.525875
208.536275
208.646675
208.699775
208.706225
208.822675
209.010200
209.109275
209.136550
209.155475
209.287525
209.336050
209.347600
209.360850
209.380350
209.482075
209.540150
209.551050
209.653025
209.693700
209.796600
209.892075
210.015700
210.071025
210.234125
210.247575
210.257350
210.263725
210.317350
210.388200
210.400150
210.414375
210.506500
210.516900
210.536775
210.547675
210.567250
210.631575
210.717400
210.838525
210.964950
211.016425
211.196925
211.235550
211.378500
211.459975
211.521900
211.646900
211.655225
211.692775
211.718400
211.762900
211.862825
211.947125
211.971325
212.020550
212.048950
212.089200
212.266925
212.312700
212.359650
212.410375
212.463600
212.702550
212.739975
212.777500
212.790900
212.825800
212.861650
213.009650
213.026950
213.080650
213.103950
213.189350
213.283150
213.292250
213.361000
213.473850
213.614800
213.773450
213.806600
213.910900
214.020300
214.193250
214.344650
214.355825
214.407650
214.451975
214.660450
215.386200
215.528875
215.535100
215.726900
215.750750
215.755625
215.817525
216.017525
216.115225
216.171025
216.303075
216.330525
216.399975
216.445300
216.468625
216.525300
216.636200
216.681500
216.684800
216.707275
216.744925
216.776375
216.807050
216.920975
216.939525
216.941925
216.947400
216.951100
217.041500
217.061875
217.087325
217.131875
217.176150
217.178675
217.305800
217.327325
217.423575
217.605200
217.825000
217.887225
218.005125
218.168775
218.182050
218.263050
218.299925
218.331025
218.351850
218.492325
218.500075
218.837025
218.870625
218.888650
219.323550
219.337850
219.393750
219.500425
219.508575
219.530325
219.772850
219.809375
219.819700
219.869825
219.926300
219.957175
220.018225
220.074125
220.239725
220.326650
220.366350
220.371300
220.384050
220.439075
220.442775
220.447275
220.471025
220.492500
220.504050
220.505975
220.560325
220.594775
220.680775
220.732100
221.602050
221.767075
221.847750
221.858925
222.026575
222.186950
222.200525
222.232050
222.237275
222.240650
222.251225
222.318800
222.325750
222.390375
222.463450
222.477100
222.505150
222.815900
222.821400
222.827600
222.832725
222.855800
222.869975
222.897700
222.903375
222.906275
223.064175
223.074450
223.095475
223.102525
223.123100
223.132300
223.144750
223.160500
223.172550
223.197200
223.252025
223.273050
223.287550
223.336275
223.442350
223.544775
223.589300
223.672600
223.691700
223.722625
223.798000
223.892825
223.996650
224.013850
224.072100
224.145225
224.192000
224.414925
224.468350
224.670150
224.882450
224.897850
224.908600
224.986075
225.016800
225.125650
225.196850
225.322375
225.459125
225.519600
225.649150
225.744525
225.900200
226.092875
226.398850
226.631575
226.770300
226.858625
226.880950
226.895375
226.938200
226.945075
227.070275
227.138500
227.414650
227.649750
228.045700
228.492150
228.512950
228.555625
228.850475
228.927100
229.190050
229.196225
229.281125
229.436500
229.645950
229.878900
229.914725
230.074575
230.085275
230.089550
230.117325
230.144100
230.173050
230.210425
230.324075
230.353125
230.391950
230.533925
230.559150
230.646750
230.735675
230.778250
230.805025
230.869350
231.041750
231.120075
231.161800
231.193350
231.253025
231.268125
231.333700
231.357025
231.600400
231.612825
231.723375
232.186875
232.245575
232.320475
232.360000
232.371125
232.406625
232.413050
232.428600
232.497200
232.510450
232.531125
232.682075
233.246050
233.263925
233.268875
233.275750
233.502000
233.526125
233.966275
234.083925
234.102525
234.103800
234.694975
234.717050
234.725500
235.114675
235.135875
235.150925
235.157050
235.165475
235.239000
235.266975
235.352100
236.040525
236.048575
236.076375
236.080575
236.893375
236.910825
236.934200
237.001925
237.047975
237.118825
237.215100
238.079925
238.082150
238.090675
238.097100
238.120250
238.124300
238.225275
238.262750
238.412550
238.443375
238.458950
238.495275
239.026600
239.029275
239.032100
239.043450
239.048475
239.050200
239.071375
239.093675
239.120625
239.355500
239.471875
239.516625
239.525850
239.530525
239.535450
239.570225
239.576700
239.608050
239.628825
239.639425
239.721550
240.051075
240.079000
240.105450
240.154550
240.188250
240.224625
240.241925
240.259575
240.369625
240.462925
240.543350
240.547700
240.686025
240.700825
240.712250
241.035675
241.113000
241.327375
241.355825
241.517250
241.533800
241.821350
241.849550
241.877475
241.904650
241.931625
241.938075
241.953150
241.958925
241.962250
242.007550
242.015425
242.052250
242.078550
242.081075
242.085800
242.101000
242.133650
242.160900
242.260875
242.343125
242.350100
242.381725
242.396900
242.412550
242.418400
242.434700
242.473550
242.477850
242.499000
242.526850
242.579850
242.629075
242.643000
242.692500
242.729700
242.734475
242.743575
242.760400
242.839325
242.908950
242.982525
243.171775
243.188575
243.229250
243.242250
243.252975
243.316575
243.330900
243.345400
243.356025
243.389250
243.458400
243.474700
243.501025
243.528950
243.542800
243.548275
243.566550
243.619600
243.641825
243.671400
243.679450
243.687325
243.738850
243.770450
243.808175
243.934550
243.978250
244.042600
244.082800
244.149225
244.222750
244.271200
244.303575
244.345550
244.368675
244.391975
244.404050
244.427150
244.777700
244.832350
244.956750
245.019250
245.155400
245.228450
245.278550
245.388900
245.568725
245.634425
245.659875
245.712750
245.762450
245.780475
245.803500
245.899350
245.961725
245.988925
246.064525
246.117400
246.123975
246.140800
246.201600
246.214975
246.378650
246.408075
246.435550
246.440250
246.452925
246.539500
246.552350
246.559475
246.595375
246.612350
246.643475
246.702800
246.739375
246.772775
246.854050
246.949825
246.964550
246.992000
247.124650
247.135825
247.229250
247.246275
247.379100
247.426325
247.481700
247.605925
247.703500
247.803900
247.846275
247.940700
248.024025
248.136825
248.159275
248.240875
248.649150
248.795975
248.849700
248.920525
248.933475
248.943075
249.001175
249.118725
249.354400
249.417175
249.452250
249.510225
249.693300
249.746200
249.797550
249.940925
250.007250
250.106550
250.175925
250.194025
250.239425
250.276900
250.303550
250.615275
250.928950
251.059850
251.532425
251.587025
251.674400
251.744550
251.878425
251.969475
252.136275
252.138925
252.215375
252.231150
252.345000
252.363800
252.487000
252.588550
252.715175
252.801800
252.872500
253.003750
253.181750
253.324325
253.357125
253.444150
253.577025
253.633650
253.846900
253.979825
254.188850
254.323750
254.377725
254.622275
254.895900
254.906575
254.932950
255.020200
255.050850
255.059375
255.079900
255.110450
255.134900
255.148525
255.178475
255.207650
255.386475
255.492075
255.513300
255.574000
255.745700
255.867600
256.037850
256.052675
256.080250
256.129350
256.239775
256.275025
256.385800
256.512275
256.595900
256.669375
256.710950
256.838750
257.176300
257.247675
257.267300
257.346300
257.453450
257.487150
257.491950
257.505300
257.665300
257.764125
257.990500
258.112950
258.275300
258.325025
258.428175
258.551725
258.573850
258.656650
258.676050
258.707675
258.972225
259.012425
259.056175
259.078050
259.124825
259.491250
259.525850
259.601550
259.934675
260.297400
260.453325
260.502400
260.510125
260.537025
260.564200
260.579725
260.584050
260.637125
260.653700
260.729450
260.785100
260.919125
261.190550
261.511025
261.528075
261.749950
261.769125
261.789875
261.799775
261.809375
261.843950
261.929875
261.967875
262.099775
262.206675
262.302250
262.656500
262.754100
263.021575
263.068025
263.078075
263.126925
263.371475
263.475750
263.514775
263.691950
263.705000
263.789625
264.150550
264.201950
264.218375
264.279375
264.361550
264.449125
264.758150
265.255575
265.324925
265.373500
265.430000
265.446625
265.489175
265.550700
265.617975
265.887450
265.940600
265.952700
266.154250
266.189525
266.537250
266.694375
266.897875
266.994450
267.012800
267.030400
267.068850
267.105975
267.221300
267.288875
267.541425
267.551625
267.852175
267.888325
267.911925
268.080100
268.113600
268.136800
268.177475
268.231100
268.262625
268.329400
268.431075
268.540425
268.642350
268.729150
268.999475
269.345325
269.348850
269.372550
269.527075
269.755025
269.812700
269.895825
269.991825
270.325375
270.348450
270.402525
270.522475
270.552800
270.733200
270.746600
270.763925
270.850250
270.947550
271.466100
272.108550
272.360675
272.587400
272.640550
272.789475
272.837150
273.034850
273.051000
273.165825
273.197875
273.334000
273.373550
273.408525
273.430925
273.770125
273.827800
273.970075
273.991225
274.026375
274.142875
274.322400
274.425450
274.439350
274.469800
274.474625
274.484375
274.490075
274.546675
274.597325
274.613850
274.637150
274.721025
274.902350
274.980775
275.147075
275.242400
275.272250
275.278250
275.282925
275.294600
275.302475
275.307450
275.325425
275.360075
275.389575
275.394300
275.445350
275.490600
275.503350
275.894400
275.913600
275.948650
275.954750
276.021550
276.099275
276.226700
276.275850
276.303400
276.453950
276.506800
276.520075
276.619525
276.743650
276.769550
276.815150
276.992700
277.047425
277.080325
277.150700
277.205325
277.317200
277.350750
277.372475
277.391000
277.397375
277.406800
277.422950
277.432225
277.522475
277.540900
277.669825
277.697050
277.714750
277.769875
277.942325
277.961700
278.024650
278.141375
278.185400
278.258075
278.499075
278.631950
278.720900
278.733700
278.802725
278.883300
278.916825
278.937925
278.941750
278.965275
279.016925
279.051700
279.225450
279.284000
279.290050
279.317025
279.330550
279.429625
279.640000
279.660800
279.740200
279.886450
279.913825
280.067125
280.136500
280.195475
280.302650
280.366225
280.382950
280.480775
280.658400
280.685300
280.746025
280.763675
280.776500
280.799525
280.805700
280.842800
281.199700
281.407950
281.428425
281.453125
281.461850
281.475100
281.509825
281.590200
281.680025
281.734225
281.745825
281.759800
281.769525
281.775400
281.784975
281.790275
281.810650
281.834450
281.851200
281.884025
281.920475
281.939750
281.943550
281.963775
281.971650
282.003775
282.010675
282.014125
282.103375
282.143800
282.186625
282.188500
282.215950
282.224275
282.239425
282.284250
282.346100
282.374275
282.409825
282.411575
282.416725
282.528925
282.603200
282.636625
282.640025
282.726550
282.769550
282.794825
282.808650
282.833075
282.872875
282.961875
283.021525
283.025875
283.073550
283.087550
283.090175
283.132625
283.146275
283.200525
283.220400
283.268275
283.406150
283.434700
283.450025
283.474975
283.520125
283.565000
283.624425
283.817750
283.851150
283.866625
283.964250
284.049575
284.209050
284.236325
284.326250
284.368100
284.411000
284.444350
284.502600
284.532825
284.589075
284.634300
284.674200
284.699975
284.890150
285.049850
285.099525
285.148025
285.486975
285.568725
285.665900
285.845800
285.870400
285.904100
285.923200
285.926475
285.943000
286.080575
286.144575
286.184825
286.211125
286.263125
286.325500
286.328600
286.342400
286.548525
286.573950
286.721375
286.815550
287.197150
287.210100
287.628275
287.701125
287.824275
287.855725
287.934950
287.952575
287.968800
288.178125
288.271575
288.323575
288.329225
288.364650
288.372825
288.640800
289.143175
289.336275
289.453800
289.616225
289.796275
289.815700
289.939350
289.962050
290.033150
290.125475
290.153225
290.192775
290.294875
290.347050
290.403125
290.507525
290.515325
290.760275
290.766500
290.912750
290.938475
291.006500
291.055950
291.116825
291.136100
291.268625
291.293300
291.365475
291.379100
291.454500
291.642500
291.669175
291.687875
292.185675
292.903200
293.442325
294.101400
294.137975
294.162950
294.434775
294.516525
294.732100
294.828925
295.872950
296.143050
296.616800
296.652125
296.961775
296.968200
296.977875
296.986450
297.117975
297.893200
298.177975
298.181100
298.220475
298.250400
298.309950
299.360200
299.428950
299.438825
299.621350
299.675425
299.741500
299.913125
300.017275
300.062075
300.311225
300.361175
300.617875
300.824050
301.178450
301.189875
301.223200
301.488400
301.574450
301.904050
301.956425
302.342675
302.388675
302.404700
302.465125
302.570650
302.670150
302.720600
303.538450
303.730950
303.896375
304.056275
304.144350
304.194475
304.225375
304.239625
304.514275
304.549075
304.580300
304.660150
304.703875
304.804375
304.836950
304.975800
305.167800
305.281100
305.457925
305.487050
305.537825
305.598350
305.609375
305.697150
305.822975
305.849075
306.047400
306.141000
306.159800
306.230075
306.246075
306.259725
306.671725
306.763300
306.792025
306.840750
306.910925
307.285525
307.343125
307.361925
307.374650
307.447525
307.476200
307.770450
307.893475
308.020025
308.090875
308.096600
308.105200
308.112850
308.122075
308.147700
308.170100
308.178425
308.183050
308.200900
308.247775
308.251075
308.257775
308.295950
308.320775
308.330425
308.366300
308.398175
308.424350
308.439825
308.450125
308.483900
308.518325
308.538075
308.560575
308.571975
308.577575
308.580875
308.627400
308.629750
308.678350
308.695200
308.722425
308.730375
308.744125
308.754750
308.811000
308.823625
308.844250
308.907200
308.933900
308.952225
308.975925
308.984050
309.008625
309.020125
309.043900
309.056025
309.068300
309.079725
309.117775
309.124150
309.140075
309.154300
309.171125
309.251425
309.256000
309.261350
309.318750
309.367625
309.405500
309.487700
309.503525
309.527350
309.582900
309.623350
309.639775
309.726200
309.739850
309.748075
309.784150
309.792625
309.859675
309.868225
309.892100
309.903225
309.913075
309.928225
309.952400
309.960500
310.028725
310.050675
310.092150
310.130225
310.140100
310.144825
310.147300
310.259525
310.290900
310.321700
310.335900
310.414825
310.457625
310.467825
310.485700
310.512225
310.518025
310.524750
310.602425
310.609975
310.619125
310.748300
310.814875
310.877325
310.934700
311.000875
311.010525
311.171100
311.225100
311.287150
311.345575
311.375150
311.643800
311.931525
311.947875
311.968275
312.129225
312.268250
312.329950
312.465100
312.544225
312.765125
312.918650
313.324950
313.372200
313.417700
313.453775
313.547875
313.575875
313.611975
313.635250
313.636825
313.765700
313.777825
313.797375
313.803625
313.942350
313.962600
314.041200
314.093675
314.107650
314.140325
314.298825
314.403475
314.413750
314.531650
314.573800
314.663350
314.666150
314.712075
314.924550
314.940775
315.141300
315.569450
315.698325
315.777850
315.793550
315.947175
315.969800
315.974000
316.086075
316.137350
316.152575
316.163925
316.331450
316.337850
316.352325
316.368700
316.403350
316.422775
316.489500
316.517450
316.604675
316.651950
316.841800
317.042975
317.088075
317.299850
317.488825
317.704525
317.743200
317.892100
317.993175
317.996675
318.014375
318.059200
318.352150
318.422025
318.638600
318.651575
318.925100
319.112475
319.218550
319.398800
319.400675
319.486375
319.575600
319.827175
319.974300
320.288425
320.412025
320.512800
320.521025
320.599600
320.609125
320.743675
320.769450
320.803775
320.809975
321.085425
321.335550
321.431775
321.462100
321.504150
321.639525
321.672025
321.807325
321.853575
322.016300
322.083825
322.333375
322.970100
323.044775
323.075900
323.201125
323.333800
323.378900
323.529525
323.561725
323.626850
323.796900
323.890925
324.039075
324.107475
324.130075
324.169825
324.206475
324.225275
324.236950
324.550225
324.563250
324.575425
324.678950
324.720275
324.889925
325.089225
325.256950
325.441100
325.499050
325.578550
325.629675
326.002975
326.388625
326.533575
326.738925
326.750225
326.810425
327.000125
327.012550
327.057525
327.158750
327.241250
327.254125
327.430725
327.961225
328.143400
328.321300
328.435275
328.458350
328.594125
328.652300
328.674700
328.878025
328.928100
329.176725
329.566475
329.604800
329.617750
329.657600
329.952775
330.045125
330.155050
330.212725
330.271300
330.308400
330.354500
330.381825
330.463500
330.570500
330.801900
330.843700
330.899250
331.182850
331.388400
331.450200
332.063375
332.126575
332.405800
332.656000
332.694800
332.890325
332.931925
333.177575
333.271075
333.411300
333.500875
333.513875
333.710000
333.813800
333.820875
333.954250
333.969050
334.013850
334.086475
334.143325
334.349975
334.369350
334.386425
334.421850
334.535250
334.893975
334.932850
334.979100
335.015750
335.228450
335.535900
335.570650
335.903475
336.497475
336.708200
336.726725
336.905775
337.017275
337.128225
337.239575
337.294825
337.448325
337.460050
337.731575
338.124150
338.153150
338.527500
338.585025
339.112225
339.418175
339.522025
339.532650
339.570200
339.873300
339.881100
339.895425
340.088725
340.142175
340.185525
340.203000
340.215150
340.732375
340.877175
341.089525
341.302875
341.558125
341.623875
341.680650
341.702100
342.164525
342.289700
342.295600
342.339175
342.397775
342.755375
342.801700
342.821325
343.134775
343.172200
343.229525
343.254375
343.325200
343.598350
343.643425
343.822700
344.018425
344.144450
344.192325
344.232650
344.709775
344.712675
344.881325
344.897075
344.904800
345.038375
345.113300
345.329775
345.603600
345.785975
345.828050
346.043250
346.095375
346.122500
346.305800
346.617650
346.639275
346.680000
346.825200
346.854200
346.879550
347.128550
347.152725
347.343275
347.380475
347.651100
347.665650
347.901575
347.996775
348.027550
348.239675
348.305575
348.662400
348.776425
349.037575
349.050200
349.061225
349.080825
349.115225
349.128350
349.730275
349.881725
349.902750
350.036925
350.118950
350.134400
350.193525
350.222875
350.245150
350.439875
350.450625
350.496650
350.504850
350.636100
350.668350
350.859350
350.900700
350.924825
350.966050
351.023550
351.052650
351.180950
351.209725
351.400475
351.410250
351.425400
351.517850
351.529850
351.542225
351.634050
351.651225
351.696450
351.764400
351.982300
352.027350
352.038750
352.124275
352.274425
352.288800
352.303825
352.350050
352.354350
352.381075
352.397275
352.476025
352.490250
352.753475
352.762025
353.528600
353.794250
353.803950
353.814450
354.961400
355.006725
355.246025
355.256975
355.260050
355.369100
356.114475
356.122525
356.137825
356.143775
356.186175
356.228950
356.247025
356.250325
356.277100
356.280075
356.285575
356.292750
356.341400
356.344250
356.397450
356.435400
356.444975
356.471950
356.500900
356.518700
356.581000
356.700275
356.710625
356.742300
356.756425
356.777425
356.807975
358.150850
358.265950
358.282000
358.922900
358.936475
359.260625
359.393050
359.404350
359.433300
359.440325
359.458300
359.525325
359.566925
359.610925
359.620325
359.671475
359.786675
359.789250
359.815225
359.877175
359.917350
360.059150
360.148750
360.204050
360.245100
360.258600
360.264900
360.268725
360.338825
360.344725
360.352600
360.360525
360.429325
360.492125
360.494950
360.501025
360.516200
360.543425
360.590750
360.594025
360.636950
360.652975
360.681175
360.701425
360.739325
360.746300
360.772100
360.783125
360.801275
360.804875
360.845025
360.862625
360.887700
360.923775
360.969600
360.977925
360.984350
361.000500
361.008925
361.039025
361.088975
361.158325
361.203825
361.251075
361.281750
361.391050
361.572500
361.689150
361.747725
361.781800
361.897275
361.934000
361.943025
361.991225
362.010250
362.069950
362.119125
362.149675
362.301525
362.311025
362.321925
362.364825
362.382800
362.438775
362.627475
362.721700
362.775550
362.896925
362.981800
363.068325
363.122650
363.138100
363.161875
363.270925
363.299325
363.327050
363.398775
363.477075
363.552450
363.594450
363.832100
363.862150
363.870525
363.881525
363.924950
364.253700
364.328200
364.403825
364.423225
364.425150
364.584975
364.647250
364.692025
364.721775
364.736925
364.901400
365.013050
365.131425
365.179875
365.191975
365.206650
365.240175
365.303625
365.311850
365.323700
365.404675
365.473325
365.546050
365.625225
365.688900
365.759025
365.858325
365.867575
365.940525
366.062975
366.103400
366.139025
366.150600
366.318125
366.397575
366.678125
366.710750
366.733425
366.764725
366.833175
366.850000
367.014425
367.037000
367.051175
367.175075
367.350525
367.399850
367.405650
367.428650
367.450400
367.470650
367.509125
367.522600
367.592500
367.603350
367.660925
367.677525
367.682200
367.703700
367.759450
367.777000
367.823700
367.831375
367.877225
367.892225
367.901575
367.915375
367.930175
367.984100
368.000975
368.138675
368.182125
368.196050
368.211075
368.258650
368.351400
368.367175
368.816975
368.832825
368.860675
368.972450
368.984825
369.092025
369.271425
369.336775
369.384125
369.439275
369.589225
369.620675
369.711200
369.747575
369.799475
369.814625
369.860250
370.309300
370.356125
370.370875
370.395525
370.442675
370.518900
370.554850
370.705700
370.896875
370.916800
370.962325
370.967200
370.993800
371.042400
371.068050
371.072700
371.088750
371.111225
371.116800
371.124600
371.134875
371.147350
371.168200
371.214700
371.329500
371.384575
371.404000
371.443125
371.491750
371.543275
371.662125
371.751575
371.767125
371.887225
371.949050
371.964600
372.246825
372.326700
372.554425
372.603400
372.723100
372.775800
373.121800
373.323300
373.340350
373.436300
373.533125
373.707175
373.723625
373.852575
373.880925
373.934500
373.953625
373.979200
373.991400
373.999175
374.004075
374.097700
374.167550
374.197275
374.342425
374.472375
374.518500
374.881525
374.942775
375.041825
375.104600
375.164525
375.312425
375.402975
375.514100
375.706150
375.743675
375.768750
375.779000
375.854650
375.897600
375.914250
376.052800
376.130825
376.161875
376.270725
376.457675
376.597350
376.616225
376.637475
376.673675
376.679250
376.693525
376.732000
376.772850
376.783250
376.806675
376.817625
376.866975
376.921875
377.009675
377.200725
377.262200
377.331450
377.431025
377.512750
377.584175
377.601275
377.641950
377.726125
377.761200
378.356375
378.452625
378.473100
378.555500
378.661850
378.711125
378.852925
378.862300
378.876475
378.886200
378.999175
379.042900
379.096675
379.186775
379.245975
379.426100
379.575300
379.912800
379.994775
380.060475
380.077075
380.116200
380.215425
380.399375
380.432875
380.454150
380.480100
380.738775
380.758700
380.786225
380.881025
381.002775
381.044500
381.347250
381.570350
381.984175
382.057100
382.322700
382.401275
382.402975
382.629525
382.678425
382.696775
382.708100
382.807675
382.911650
382.918100
382.968525
383.087675
383.113650
383.171175
383.296875
383.311875
383.328050
383.412300
383.431600
383.529100
383.537500
383.548800
383.584500
383.597075
383.658975
383.675575
383.695175
383.839325
383.850125
383.863075
383.872775
384.016050
384.032650
384.069000
384.080875
384.086500
384.250550
384.400875
384.439575
384.484325
384.751175
384.765700
384.785475
384.799650
384.886250
384.911375
385.087875
385.142825
385.331800
385.481625
385.651000
385.671475
385.925600
386.294650
386.390925
386.405450
386.430525
386.434875
386.449850
386.489625
386.532875
386.541175
386.587125
386.607150
386.710000
386.797300
386.839775
386.858475
386.882150
386.944625
387.017975
387.133575
387.222775
387.343050
387.724875
387.767400
387.778675
387.823400
387.928100
387.950775
388.228875
388.429550
388.548100
388.718650
388.750975
388.795700
388.832000
388.858400
388.890025
388.922600
388.989500
389.052950
389.192675
389.203675
389.411750
389.458225
389.501825
389.775025
389.869475
389.916925
390.072075
390.188175
390.246575
390.252900
390.293775
390.503825
390.531525
390.559675
390.572650
390.633375
390.769375
390.833325
390.862325
390.883725
390.949850
390.960675
390.984550
391.025975
391.047200
391.077400
391.099975
391.125350
391.153025
391.175075
391.200050
391.241900
391.534050
391.574050
391.624250
391.637550
391.697625
391.758350
391.773900
391.903950
392.093050
392.109725
392.183175
392.219325
392.329550
392.407150
392.480175
392.490975
392.561825
392.645525
392.857150
393.061275
393.077975
393.125450
393.374425
393.426350
393.445025
393.468000
393.502900
393.519000
393.523750
393.542800
393.572675
393.590625
393.625525
393.665525
393.672750
393.687650
393.691550
393.706575
393.709475
393.713800
393.751225
393.760075
393.764375
393.790450
393.802975
393.807175
393.814325
393.864775
393.881950
393.888575
393.904675
393.910775
393.923025
393.941775
393.965600
393.971000
393.974875
394.014725
394.063725
394.111225
394.126100
394.130900
394.142400
394.176775
394.206150
394.215125
394.219625
394.233075
394.236200
394.240550
394.293650
394.305675
394.333675
394.336850
394.344275
394.354200
394.381650
394.385225
394.389925
394.396850
394.411175
394.434775
394.453775
394.500300
394.522125
394.577425
394.583775
394.609925
394.618200
394.632975
394.675800
394.682400
394.693375
394.700500
394.725250
394.729750
394.747350
394.765425
394.778175
394.787150
394.810075
394.812425
394.831400
394.855775
394.869025
394.872625
394.914950
394.918025
394.941200
394.945325
394.955375
394.958125
394.961625
394.968050
394.996925
395.007550
395.078850
395.163500
395.265250
395.283025
395.288500
395.346650
395.352150
395.357300
395.362350
395.411425
395.488350
395.497775
395.542125
395.592950
395.602125
395.633575
395.710350
395.750600
395.815450
395.828475
395.894550
395.899800
395.945800
395.959775
396.080175
396.115600
396.154275
396.170625
396.175525
396.225250
396.229450
396.256550
396.299725
396.305550
396.353475
396.368275
396.418675
396.426425
396.433750
396.448150
396.456850
396.471125
396.478450
396.622575
396.719900
396.767450
396.824375
397.025575
397.107800
397.166425
397.313875
397.329925
397.415300
397.428925
397.445300
397.448150
397.472250
397.503475
397.515200
397.542050
397.598425
397.606850
397.670850
397.719300
397.728525
397.774800
397.793975
397.816225
397.858925
397.869675
397.902775
397.961275
397.981275
398.071250
398.085025
398.103625
398.116725
398.171925
398.194200
398.198775
398.216725
398.252075
398.289025
398.318150
398.325950
398.337400
398.401575
398.487900
398.505825
398.519800
398.580900
398.595625
398.693575
398.766100
398.837275
399.054850
399.067025
399.097250
399.150875
399.246250
399.269900
399.282000
399.301825
399.304550
399.336250
399.406600
399.559175
399.594525
399.627950
399.644750
399.694625
399.746425
399.798825
400.000025
400.042550
400.112575
400.130650
400.211075
400.257675
400.259150
400.265750
400.276025
400.297775
400.332825
400.386800
400.414925
400.425475
400.435175
400.478825
400.507400
400.522225
400.541475
400.571875
400.587275
400.682375
400.769400
400.821350
400.825300
400.845425
400.855050
400.870225
400.881300
400.921125
400.976925
401.030700
401.057375
401.141875
401.152950
401.191650
401.227525
401.232400
401.240200
401.250500
401.279425
401.291550
401.308575
401.315000
401.325675
401.343700
401.424775
401.563500
401.590875
401.604400
401.621400
401.630375
401.648175
401.677300
401.720175
401.838600
401.976225
402.000600
402.002725
402.013975
402.031050
402.104350
402.142575
402.387175
402.424475
402.577075
402.673600
402.699775
402.706325
402.723175
402.730225
402.738500
402.749275
402.781350
402.793800
403.020075
403.063875
403.119825
403.141200
403.151825
403.194975
403.502450
403.517375
403.556650
403.569175
403.582125
403.694250
403.733150
403.813125
403.881050
404.008900
404.071575
404.093450
404.425150
404.483950
404.501425
404.602325
404.717200
404.810300
404.879950
405.053350
405.112150
405.129100
405.150900
405.292400
405.369350
405.402050
405.455825
405.479575
405.622700
405.785350
405.821825
405.993450
406.005775
406.045700
406.107800
406.157775
406.173850
406.362200
406.408125
406.496900
406.518175
406.671625
406.756300
406.779825
406.902950
407.009250
407.045750
407.097300
407.102450
407.118275
407.125150
407.146900
407.153850
407.180150
407.188250
407.385375
407.402350
407.408575
407.436425
407.457675
407.482000
407.507600
407.561075
407.571925
407.603800
407.652600
407.691650
407.706500
407.783350
407.791275
407.804300
407.810275
407.818275
407.834350
407.843825
407.862725
407.896675
407.931525
407.941000
407.959350
408.014400
408.093500
408.106125
408.214650
408.233925
408.417250
408.486950
408.564200
408.637050
408.760625
408.843100
408.884350
408.925225
408.929925
408.936000
409.041950
409.095975
409.281650
409.686000
409.700750
409.707175
409.824350
409.865425
409.895075
409.973550
409.996400
410.054200
410.075625
410.099250
410.106850
410.139425
410.174025
410.188900
410.210750
410.232500
410.241875
410.289600
410.330525
410.342775
410.366950
410.392025
410.426475
410.441225
410.466800
410.546350
410.554225
410.641425
410.648625
410.676025
410.714400
410.725075
410.752925
410.761350
410.823075
410.876700
411.107675
411.127950
411.369100
411.380525
411.505900
411.642925
411.719350
412.582200
412.765225
412.771800
414.031300
414.213575
414.232800
414.262675
414.270475
414.304800
415.217650
415.652575
415.674925
415.684500
415.736375
415.756325
415.793300
415.815350
415.843050
415.845900
415.849500
415.863600
415.875425
415.897575
415.901000
415.920200
416.034150
416.112800
416.123975
416.635600
417.162475
417.271600
417.425150
417.486775
417.499275
417.518375
417.533300
417.542900
417.568900
417.580325
417.643975
417.677875
417.740725
417.750475
417.769475
417.830100
417.838000
417.845025
417.877900
417.915800
417.923125
417.948650
417.954025
417.982650
417.993625
418.014400
418.019200
418.038450
418.066575
418.119750
418.258600
418.352400
418.385425
418.409550
418.440125
418.559350
418.568950
418.617400
419.557700
419.614600
419.700525
419.749900
420.075150
420.195675
420.251250
420.710650
420.844300
421.309950
421.366975
421.382700
422.020325
422.141025
422.699075
423.146375
423.811625
423.889550
424.588025
424.647025
424.661325
424.708975
424.742775
424.789025
424.933850
425.046500
426.556900
427.085050
427.217300
427.365575
427.414075
427.419000
427.460800
427.509675
427.829500
428.073775
428.266275
428.279925
428.333225
428.406850
428.623625
428.710100
428.832325
428.999025
429.161550
429.187475
429.253575
429.472000
430.089625
430.175450
430.256575
430.374750
430.589400
430.860550
430.899450
430.992800
431.036825
431.079425
431.603550
431.792100
432.427775
432.458550
432.562175
432.725625
432.812225
432.841325
432.885350
432.906825
432.923925
432.938125
432.983025
432.986450
432.994000
433.017550
433.035475
433.095600
433.763675
433.788350
433.840125
433.847875
433.862325
433.894550
433.907200
433.988500
434.023650
434.034375
434.071300
434.179400
434.231975
434.460550
434.576950
434.613050
434.897175
435.219025
435.249625
435.318900
435.506500
436.066625
436.516600
436.598500
436.786475
436.871100
437.000025
437.022400
437.211925
437.237100
437.281950
437.292800
437.339175
437.419425
437.424325
437.496200
437.533975
437.584425
437.609925
437.631925
437.708700
437.714275
437.811075
437.888300
437.966025
438.191525
438.210075
438.276725
438.343125
438.372200
438.387725
438.402625
438.422625
438.427075
438.533725
438.798175
438.850850
438.889850
439.011900
439.142650
440.049000
440.595550
440.693050
440.753925
440.823950
440.836675
440.927800
440.951800
441.305850
441.314875
441.327375
441.341200
441.354675
441.365325
441.376600
441.695050
441.945675
442.176925
442.507250
443.005650
443.163375
443.337425
443.361575
443.428375
443.475500
444.106500
444.404550
444.534675
444.604175
444.634450
444.727875
444.881075
444.937150
444.998025
445.053650
445.180400
445.189975
445.249750
445.252850
445.275425
445.339225
445.380050
445.402650
445.410250
445.437225
445.465925
445.490775
445.555400
445.569000
445.639975
445.778625
445.950575
446.040775
446.230750
446.374050
446.443125
446.567900
446.727500
446.754700
446.766350
446.783200
446.785500
446.817600
446.834650
446.899175
446.914300
446.970925
447.003925
447.065450
447.139300
447.157875
447.354275
447.503475
447.714975
447.802375
447.848225
448.191400
448.236550
448.334300
448.407750
448.563225
448.621400
448.658650
448.662425
448.665425
448.707725
448.713100
448.731375
448.823275
448.894475
448.958700
448.998900
449.047725
449.071325
449.082950
449.091500
449.132925
449.196925
449.202525
449.225975
449.271000
449.306100
449.348425
449.361275
449.405875
449.474075
449.495475
449.563725
449.795325
449.834900
449.927600
450.042425
450.253275
450.416150
450.691925
450.699275
450.718425
450.951600
450.999825
451.146100
451.165100
451.225400
451.500900
451.506450
451.561225
451.574775
451.657350
451.771225
451.783825
451.805400
452.051425
452.084525
452.447000
452.488750
452.502675
452.543775
452.557300
452.563750
452.569800
452.739100
452.755625
452.784750
452.797650
452.822850
452.848850
452.872700
452.914950
452.989875
453.016425
453.171350
453.330975
453.353925
453.425050
453.474450
454.229000
454.235950
454.245400
454.248400
454.293075
454.324750
454.347325
454.425575
454.430650
454.435625
454.444900
454.485650
454.495000
454.502200
454.508475
454.560875
454.648675
454.720575
454.783650
454.816100
454.881250
454.990300
455.171175
455.295100
455.332600
455.343125
455.602325
455.671275
455.680900
455.713575
455.818400
455.832275
455.939100
456.016450
456.566975
456.700950
456.942350
457.021800
457.062150
457.078350
457.093725
457.115325
457.122300
457.247100
457.335275
457.370075
457.414550
457.429250
457.477300
457.589450
457.926375
457.959300
458.022425
458.188800
458.208850
458.229900
458.273325
458.578200
458.713375
458.824725
458.923375
458.938250
459.190700
459.367750
459.518000
459.661875
459.845250
459.909300
459.925800
460.038700
460.156100
460.435350
460.455075
460.464325
460.468425
460.547875
460.592150
460.635500
460.686825
460.714375
460.896550
461.003075
461.410300
461.496825
461.503900
461.545250
461.555250
461.604100
461.629350
461.654575
461.668250
461.781900
461.843900
461.863450
461.966100
462.012150
462.033750
462.090325
462.134350
462.180375
462.300925
462.359725
462.406525
462.621225
462.643875
462.785300
463.137200
463.340675
463.779000
463.834625
464.160600
464.220525
464.592075
464.681775
464.869550
464.912425
465.009775
465.267475
465.667925
465.699425
465.713900
465.716725
465.733850
465.740350
465.775275
465.849725
466.070300
466.098375
466.214100
466.216050
466.281525
466.471125
466.523900
466.735275
466.790775
467.002600
467.298250
467.332800
467.412100
467.493575
467.514325
468.010900
468.409275
468.497925
468.504875
468.515850
468.521475
468.592050
468.605875
468.744825
468.767375
468.921400
469.217675
469.321475
469.644900
469.665350
469.675525
469.745750
469.952075
469.957525
469.977625
470.046775
470.071675
470.142350
470.164325
470.184475
470.209825
470.251225
470.365625
470.382700
470.417550
470.451025
470.490475
470.530875
470.565900
470.601200
470.608175
470.622275
470.629050
470.662600
470.683700
470.735625
470.768475
470.775100
470.854925
470.917650
470.922175
470.984425
471.014250
471.028550
471.041400
471.052275
471.056700
471.105475
471.133150
471.143075
471.196025
471.222650
471.287400
471.348600
471.393400
471.428000
471.437325
471.458350
471.532025
471.570725
471.652925
471.660625
471.664625
471.922625
472.737025
472.942425
472.944975
472.973325
472.989950
473.023350
473.081075
473.099075
473.143150
473.258850
473.973050
473.975675
473.978825
474.584250
474.611000
475.255525
475.261950
475.328500
475.352700
475.400500
475.530025
476.098775
476.439800
476.449900
476.454875
476.468425
476.487225
476.569275
476.663025
477.150375
477.352700
477.443350
477.486725
478.044075
478.100500
478.175100
478.189925
478.921425
478.932675
478.953925
478.960850
479.046150
479.061575
479.079250
479.117775
479.139125
479.406700
479.650275
479.938475
480.037625
480.049625
480.170225
480.192975
480.198925
480.289300
480.357075
480.402375
480.438525
480.484225
480.489825
480.553300
480.568700
480.580900
480.583975
480.587975
480.610300
480.657175
480.677475
480.718125
480.721650
480.750775
480.791475
480.803550
480.812525
480.853675
480.878650
480.896150
480.918050
480.931575
480.954025
480.958150
480.970650
481.023075
481.041425
481.048400
481.054025
481.065625
481.149375
481.174775
481.208625
481.226425
481.251450
481.283750
481.307875
481.350050
481.400775
481.474550
481.483125
481.516475
481.564925
481.595600
481.602575
481.675250
481.698800
481.740550
481.746150
481.773850
481.811475
481.834375
481.850775
481.943400
481.965100
481.985100
482.019175
482.069850
482.143875
482.203025
482.216550
482.220575
482.239750
482.248325
482.265250
482.273200
482.284875
482.301475
482.314025
482.340150
482.416725
482.435125
482.477625
482.519150
482.743250
482.757175
482.815450
483.030300
483.043650
483.050025
483.070025
483.181350
483.202425
483.224875
483.255850
483.420050
483.442975
483.497325
483.509625
483.529450
483.628950
483.725925
483.814475
483.961675
484.231100
484.390775
484.618975
484.861400
484.879700
484.892925
484.920225
484.940900
485.174550
485.269875
485.307500
485.333525
485.408225
485.482625
485.499225
485.580775
485.750275
485.897725
485.943700
485.957575
485.967975
486.410575
486.631875
486.894175
486.902050
486.936350
486.956575
487.031100
487.180500
487.220375
487.254850
487.296825
487.371600
487.448425
487.675900
487.736375
487.782450
487.933875
487.944850
487.954925
488.140750
488.183150
488.219075
488.225325
488.228125
488.251725
488.270200
488.280500
488.296575
488.316425
488.350725
488.378150
488.384000
488.441725
488.464575
488.473825
488.491200
488.513925
488.522625
488.531475
488.541100
488.616675
488.625075
488.728800
488.748150
488.768200
488.875275
488.916600
489.144900
489.181625
489.332350
489.441200
489.505500
489.543350
489.676325
489.844175
489.855950
489.859200
489.862450
489.880850
489.943175
490.121050
490.295625
490.367225
490.807975
490.862925
490.901575
490.960775
491.021200
491.505825
491.919200
492.014875
492.182575
492.486800
492.541050
492.705650
492.846100
492.891625
492.911875
492.924750
493.077450
493.273500
493.435975
493.807725
493.946525
494.020400
494.215050
494.268825
494.458200
494.709625
495.175900
495.278300
495.398300
496.145650
496.160900
496.406400
496.483400
496.492450
496.551375
496.567300
496.593075
497.279425
497.329975
497.363525
497.377475
497.588100
497.912850
498.482125
498.519775
498.542300
498.574950
498.692000
498.806925
499.137125
499.271025
499.539875
499.589300
499.678100
499.727025
499.841050
499.979875
500.488200
500.716625
500.811725
501.088450
501.216250
501.300925
501.582850
501.698150
502.013700
502.122725
502.160700
503.230000
503.269425
503.480650
503.550225
503.568250
503.741350
503.777575
503.812375
503.814900
503.824975
503.906000
504.113775
504.302925
504.361750
504.378225
504.425725
504.434625
504.445850
504.535675
504.695800
504.772175
504.804975
505.238150
505.672950
505.719800
505.861775
505.881200
505.894900
505.904350
505.925150
505.926675
505.940825
505.951575
505.959525
505.966575
505.986575
505.999800
506.138100
506.253975
506.352175
506.367325
506.379625
506.452300
506.472825
506.479175
506.503450
506.530600
506.588175
506.615975
506.645050
506.700825
506.718200
506.807600
506.955875
506.998475
507.018175
507.039300
507.262475
507.790450
507.808375
507.817700
507.870250
507.889050
507.917900
507.961075
508.035825
508.047300
508.247850
508.382175
508.469100
508.558750
508.828900
508.889175
509.044025
509.119425
509.131200
509.341625
509.423225
509.471300
509.492700
509.618650
509.643000
509.670800
509.765950
509.904025
509.937775
510.010400
510.020150
510.092975
510.098300
510.113725
510.168700
510.208300
510.217625
510.228150
510.261425
510.281500
510.294700
510.329250
510.378150
510.427150
510.475725
510.553650
510.616175
510.713350
510.877850
510.989400
511.002225
511.169400
511.199675
511.289900
512.316050
512.354350
512.362975
512.395525
512.412825
512.455475
512.460900
512.528625
512.552775
512.732000
512.750300
512.770425
512.903100
512.931425
512.985850
513.057250
513.080550
513.107350
513.158325
513.272600
513.383850
513.409675
513.429275
513.435625
513.518225
513.800525
513.939075
513.952000
514.007625
514.027325
514.042325
514.049750
514.076750
514.098175
514.175950
514.200175
514.406450
514.705225
514.812725
514.915450
514.932325
515.147800
515.176225
515.275100
515.498175
515.519900
515.701450
515.786800
515.873425
515.891275
515.913700
516.400575
516.945925
517.187675
517.205025
517.257475
517.355375
517.414425
517.483000
517.597675
517.620900
517.637575
517.659675
517.798800
517.956450
517.989125
518.130025
518.163175
518.398675
518.420550
518.464850
518.472500
518.497325
518.540850
518.587750
518.625175
518.828450
518.914925
518.938250
519.038775
519.052400
519.215150
519.293600
519.365350
519.387425
519.395625
519.413900
519.526875
519.545225
519.556825
519.619300
519.901200
519.938100
519.989825
520.100325
520.121200
520.233475
520.455425
520.540425
520.548800
520.555725
520.559450
520.562400
520.577375
520.651750
520.688225
520.714375
520.751325
520.757900
520.812825
520.899075
521.056575
521.083200
521.113200
521.240525
521.290725
521.368725
521.738625
521.765550
522.513475
522.845850
523.388100
523.604300
523.691525
523.987400
524.106800
524.195775
524.417300
525.083175
525.334300
525.459175
525.500725
525.773175
525.896250
526.014950
526.136025
526.189675
526.243075
526.330925
526.354275
526.373500
526.562350
527.181025
527.212875
527.215725
527.253075
527.320050
527.331600
527.405825
527.418100
527.496475
527.536650
527.570525
527.618675
527.687450
527.729000
527.804650
528.125500
528.255100
528.260200
528.282600
528.326175
528.334375
528.357300
528.384825
528.673700
528.783600
528.822100
528.978150
529.044925
529.103275
529.110050
529.124125
529.127175
529.148175
529.187525
529.247925
529.289900
529.541850
529.616750
529.627975
529.817025
529.893825
529.926225
529.980725
530.017425
530.050400
530.063750
530.132950
530.181025
530.219150
530.270750
530.285000
530.295400
530.586725
530.599975
530.631375
530.775125
530.905800
531.019475
531.041425
531.047050
531.065675
531.072175
531.112225
531.203150
531.219375
531.228975
531.263650
531.339175
531.398100
531.408525
531.474450
531.535650
531.575550
531.690075
531.723775
531.743050
531.764875
531.848825
531.893525
531.917975
531.923850
531.963550
531.971625
531.977400
532.002775
532.024700
532.191600
532.196525
532.288950
532.508100
532.562700
532.576200
532.622100
532.644600
532.667475
532.671600
532.793700
533.435575
533.579500
534.614900
534.910575
535.280750
535.293975
535.383425
535.390900
535.414675
535.460650
535.471825
535.500575
535.650175
536.242450
536.322850
536.713525
536.727975
536.729950
536.761375
536.783475
536.798500
536.815625
536.831750
536.875675
536.880975
536.910950
536.966900
536.978125
536.986250
537.013975
537.046775
537.059125
537.104925
537.139450
537.171575
537.176225
537.259050
537.293025
538.127700
538.432375
538.458550
538.463325
538.930975
538.934275
538.946700
538.973525
539.330750
539.369475
539.371650
539.403250
539.405450
539.419625
539.428175
539.453300
539.464300
539.468000
539.482025
539.504425
539.511750
539.677000
539.872875
540.044575
540.086525
540.103950
540.168375
540.508200
540.599575
540.860725
540.888025
540.934750
540.939925
540.944800
540.962075
540.972550
541.047600
541.097925
541.175050
541.214350
541.251075
541.256300
541.279300
541.283000
541.318050
541.329075
541.332950
541.430600
541.444300
541.462150
541.483075
541.505500
541.609800
541.615975
541.635400
541.699000
541.708375
541.817000
541.824275
541.862725
541.969850
542.031250
542.110150
542.255500
542.286325
542.298175
542.422900
542.441275
542.454500
542.476500
542.484225
542.608900
542.625975
542.637850
542.715050
542.755950
542.857425
542.899000
542.907150
542.970425
543.075075
543.090050
543.172950
543.266175
543.338225
543.376875
543.389200
543.427800
543.637825
543.689850
543.698825
543.705125
543.766000
543.795150
543.969675
544.009950
544.023250
544.026900
544.032750
544.047150
544.059225
544.069550
544.127775
544.219550
544.469525
544.519275
544.644925
544.737950
544.750200
544.758175
544.801475
544.830325
544.845350
544.977825
545.187700
545.257750
545.291250
545.331250
545.359125
545.399750
545.452475
545.794900
545.813475
545.873550
545.919500
545.929775
545.937325
545.991750
546.102325
546.318400
546.346900
546.354925
546.389825
546.462125
546.554325
546.571775
546.584750
546.766900
546.789675
546.898175
546.962250
547.258150
547.341125
547.390800
547.430375
547.480475
547.505700
547.607900
547.674450
547.772275
547.826575
547.847600
547.854975
547.900300
548.039325
548.060925
548.111450
548.163275
548.321650
548.340700
548.438900
548.491500
548.770875
548.805250
548.919375
549.072275
549.112500
549.216300
549.225225
549.244175
549.299350
549.334650
549.483300
549.571025
549.626975
549.686825
549.779400
550.101550
550.170775
550.305575
550.331225
550.387575
550.631675
550.688175
550.821425
550.860225
550.868750
550.943975
550.967375
550.971150
550.982450
551.039725
551.085000
551.094075
551.170450
551.228700
551.345025
551.360525
551.462875
551.559150
551.746575
551.852625
552.004825
552.007925
552.020375
552.169525
552.195550
552.216775
552.239050
552.303700
552.375800
552.387425
552.415675
552.530600
552.623925
552.689300
552.746550
552.750250
552.759875
552.811850
552.835525
552.842425
552.846650
552.866250
552.893550
552.912500
552.929500
552.940100
552.942375
552.950050
552.977375
552.983475
553.002300
553.028150
553.071250
553.097275
553.101300
553.146275
553.164975
553.199875
553.205275
553.251325
553.258225
553.325650
553.354900
553.495000
553.512375
553.915375
553.927600
553.951000
554.001050
554.184800
554.252625
554.276525
554.383275
554.403700
554.564125
554.712250
554.763600
554.802525
554.846050
555.003325
555.053725
555.086850
555.109875
555.113325
555.119825
555.192325
555.277975
555.457150
555.490975
555.706325
555.712225
555.731575
555.778650
555.813350
555.893725
555.910775
555.933225
555.961650
556.257975
556.566125
556.595075
556.605550
556.625325
556.629325
556.725975
556.761300
556.812100
557.029850
557.081350
557.093825
557.285100
557.338100
557.379475
557.574825
557.583900
557.598300
557.615725
557.674200
557.741550
557.870675
557.905550
558.226725
558.312350
558.354750
558.437450
558.567500
558.591025
558.603025
558.635250
558.657175
558.661850
558.802225
558.899975
558.934700
558.953850
558.963450
558.986725
559.014200
559.024025
559.085350
559.196450
559.224850
559.239275
559.251450
559.266300
559.293050
559.335650
559.582775
559.913400
559.944925
559.957000
560.071150
560.084725
560.099875
560.117875
560.234600
560.252200
560.265500
560.457550
560.464300
560.491700
560.498725
560.518550
560.566600
560.583200
560.603875
560.617225
560.644125
560.668375
560.680225
560.687400
560.724375
560.750025
560.768175
560.778075
560.794700
560.812650
560.846125
560.887925
560.935425
560.990375
561.033600
561.057800
561.213575
561.249625
561.261600
561.309575
561.383350
561.504575
561.606425
561.637250
561.697200
561.901525
561.940050
561.962650
561.967550
561.979950
561.983225
562.007750
562.047475
562.101325
562.108125
562.123225
562.168175
562.176975
562.409800
562.449275
562.515525
562.633575
562.693900
562.713325
562.876750
562.914500
562.924975
562.953925
563.026725
563.038825
563.102350
563.112775
563.300475
563.359300
563.369725
563.492850
563.676650
563.682600
563.700825
563.710600
563.720650
563.738325
563.741425
563.809150
563.872850
563.884550
563.991175
564.358425
564.483725
564.542700
564.565825
564.690350
564.782625
564.921850
565.021000
565.060625
565.075800
565.132925
565.238050
565.272575
565.308925
565.345825
565.408725
565.416600
565.431200
565.441600
565.492575
565.544375
565.619275
565.720525
565.763825
565.860575
566.064750
566.170200
566.209325
566.250525
566.273575
566.507675
566.542050
566.616100
566.666975
566.680050
566.726375
566.875600
566.924350
567.066275
567.108425
567.225725
567.253975
567.311850
567.433725
567.449175
567.460875
567.782575
567.851525
567.929950
567.971875
568.007475
568.085250
568.103575
568.115050
568.130850
568.295525
568.351225
568.375575
568.501950
568.655975
568.692675
568.713700
568.734500
568.754250
568.995550
569.000400
569.024850
569.027975
569.041000
569.065000
569.125575
569.319650
569.324250
569.333350
569.362200
569.379325
569.418000
569.433375
569.440200
569.505175
569.521275
569.559950
569.572775
569.578850
569.593350
569.610325
569.685000
569.705900
569.713600
569.842750
569.861550
569.878375
569.896800
569.929625
569.966875
569.993025
570.011525
570.054425
570.090550
570.133275
570.275525
570.586925
570.755675
570.784725
570.871900
570.883575
570.925225
570.940250
570.976625
571.069300
571.106350
571.124400
571.151450
571.252475
571.352375
571.381375
571.521300
571.598325
571.631175
571.637950
571.702450
571.721700
571.971800
572.005475
572.015375
572.025675
572.123175
572.154925
572.248050
572.343025
572.485775
572.550700
572.563200
572.590300
572.702000
572.972650
573.002400
573.010800
573.022100
573.030750
573.047450
573.084000
573.119825
573.190025
573.316925
573.393825
573.399250
573.421750
573.466600
573.501150
573.511475
573.520600
573.570225
573.618675
573.643025
573.666700
573.701025
573.868525
574.032950
574.445050
574.528575
574.553375
574.556900
574.562550
574.566475
574.615050
574.669700
574.720200
574.790450
574.814325
574.957850
575.052575
575.228600
575.239825
575.289525
575.295000
575.328625
575.396950
575.503250
575.518325
575.673550
575.707175
575.862925
575.884675
576.103600
576.108100
576.123525
576.131450
576.147375
576.150475
576.159600
576.194500
576.214225
576.274700
576.321675
576.327850
576.390925
576.439375
576.548625
576.804375
576.875600
577.014225
577.037625
577.057675
577.091650
577.114125
577.197100
577.309475
577.457025
577.903775
577.966075
578.107500
578.167200
578.362475
578.459775
578.474025
578.666700
578.691100
578.756550
578.771175
578.975175
578.996675
579.042825
579.050700
579.100300
579.117025
579.190125
579.311100
579.845900
579.945625
580.040200
580.066325
580.077350
580.082700
580.167025
580.182225
580.383775
580.540000
580.612650
580.616625
580.621650
580.633975
580.701100
580.713800
580.720350
580.726900
580.731825
580.835950
580.854050
580.895900
580.900125
580.912825
580.928075
580.948525
580.964175
580.976175
580.979750
581.009250
581.222425
581.266950
581.395300
581.476575
581.499375
581.510775
581.555750
581.791675
581.818700
581.890650
581.912425
581.939375
581.984150
582.114400
582.508075
582.527050
582.549675
582.579925
582.633275
582.693800
582.773175
582.948575
583.152925
583.220350
583.262950
583.302275
583.447250
583.481300
583.504875
583.593500
583.640475
583.655775
583.674075
583.802825
583.855550
583.916275
583.960125
584.024625
584.055025
584.324450
584.373225
584.394400
584.419075
584.627925
584.742950
585.034800
585.103775
585.218150
585.362950
585.427225
585.471700
585.491750
585.572900
585.608550
585.675175
585.713325
586.157575
586.291150
586.296975
586.308675
586.385100
586.403325
586.442875
586.466550
586.494525
586.680675
586.741050
586.949450
586.997725
587.055900
587.343275
587.514750
587.565000
587.719050
588.062475
588.091650
588.102600
588.155425
588.166250
588.352800
588.382475
588.399625
588.411725
588.747700
588.755075
588.799825
588.808750
588.827850
588.845000
588.860100
588.934175
589.004775
589.189425
589.207600
589.215550
589.260850
589.305175
589.654275
589.764175
589.826050
589.878450
590.123550
590.130125
590.148550
590.165525
590.175700
590.213950
590.229050
590.248025
590.405050
590.508375
590.538175
590.611700
590.676900
590.769975
590.791525
590.833575
590.874550
590.909925
590.935750
590.958200
591.006700
591.046275
591.136275
591.298225
591.359450
591.405075
591.512775
591.535425
591.584225
591.786600
591.885850
591.923500
592.491900
592.708125
592.795500
592.861375
593.079625
593.211200
593.735250
593.773075
593.782500
593.798475
593.861925
593.873225
593.903425
593.911375
593.917900
594.127050
594.204625
594.230800
594.254950
594.271900
594.285125
594.362800
594.371575
594.431325
594.464950
594.549450
594.555800
594.631650
594.642125
594.656650
594.705775
594.738875
595.088675
595.233950
595.241325
595.830625
596.711225
596.723125
596.726675
596.746025
596.895925
597.700300
598.144900
598.170125
598.177200
598.197975
598.284700
598.306725
598.319200
598.342350
598.430125
599.404850
599.409250
599.437275
599.904125
599.962225
599.985675
600.072250
600.175600
600.232300
600.236350
600.243450
600.256600
600.264175
600.277300
600.384550
600.439100
600.482400
600.486350
600.596225
600.759400
600.804225
600.945725
600.954800
600.961550
600.964250
600.967375
600.975850
600.996575
601.004850
601.012400
601.023125
601.028925
601.034450
601.047475
601.070175
601.079250
601.092425
601.120050
601.158825
601.180600
601.200000
601.275125
601.292500
601.343950
601.363475
601.384125
601.399425
601.405250
601.410450
601.419075
601.505750
601.515325
601.574950
601.595775
601.617275
601.634275
601.677500
601.863025
601.897950
601.937350
602.299425
602.353175
602.437025
602.507175
602.674725
602.712725
602.724350
602.741375
602.756850
602.795075
602.811750
602.887250
603.146075
603.147950
603.168825
603.174250
603.217600
603.371075
603.456825
603.489075
603.688400
603.837325
603.851650
603.854075
603.866475
603.873350
603.905250
603.938250
604.029025
604.080525
604.220600
604.472800
604.514000
604.525900
604.627775
604.702325
604.831275
604.847075
604.869000
604.889600
605.046900
605.092975
605.117075
605.182900
605.333300
605.437400
605.449200
605.487900
605.508275
605.538275
605.714050
605.736300
605.770975
605.789525
605.854925
605.900775
605.934975
605.979525
606.004000
606.051425
606.122150
606.183000
606.264000
606.329875
606.347475
606.368100
606.483025
606.549475
606.715775
606.774350
606.853650
606.967175
607.022300
607.025675
607.053475
607.055975
607.061175
607.090750
607.094725
607.129500
607.198675
607.230250
607.378000
607.584025
607.646175
607.695500
607.801875
607.823825
608.162100
608.281375
608.289525
608.376125
608.402100
608.444875
608.489825
608.496550
608.594325
608.618175
608.640650
608.657125
608.782425
608.999600
609.064725
609.147225
609.167400
609.208475
609.234950
609.247675
609.258475
609.269250
609.344325
609.376750
609.454125
609.586050
609.647000
609.764025
609.785475
609.828875
609.858725
609.882125
609.962925
609.972475
609.984475
610.011100
610.019500
610.069200
610.178725
610.229125
610.458250
610.748775
610.804075
610.870775
610.877975
610.900775
610.943925
610.954350
610.959775
611.016775
611.080325
611.114075
611.172675
611.236125
611.265425
611.490950
611.508125
611.590075
611.693100
611.759025
611.907525
611.968600
611.973100
612.005975
612.044200
612.052925
612.072400
612.199725
612.270050
612.313475
612.398625
612.470400
612.479750
612.500950
612.528075
612.541425
612.572500
612.622750
612.652250
612.701950
612.723125
612.738000
612.743550
612.753200
612.843200
612.913700
612.942275
613.016950
613.075475
613.088425
613.174900
613.186100
613.195000
613.300150
613.321275
613.354300
613.485850
613.597650
613.619875
613.650700
613.846250
613.901575
613.952675
613.987250
614.128500
614.227600
614.294225
614.377600
614.539975
614.590275
614.623250
614.653075
615.018525
615.030950
615.037700
615.061150
615.178275
615.292100
615.385700
615.440750
615.445400
615.508575
615.517600
615.526275
615.531075
615.547450
615.568900
615.654950
615.697500
615.900775
615.935650
615.979225
616.031250
616.130600
616.169425
616.187250
616.223050
616.411050
616.434925
616.466125
616.541750
616.576975
616.620450
616.648575
616.761925
616.786900
616.817850
616.920300
616.962250
616.978925
617.023125
617.048125
617.088900
617.180950
617.519125
617.572925
617.777125
617.800550
617.810575
617.965700
618.002500
618.014250
618.083725
618.108100
618.127575
618.134075
618.171625
618.189675
618.244700
618.261575
618.282325
618.394200
618.425400
618.441650
618.473325
618.495900
618.511350
618.680700
618.726350
618.768350
618.814825
618.929550
618.991800
619.239650
619.343300
619.450750
619.457200
619.469200
619.491750
619.512500
619.620425
619.755625
619.780125
619.854050
619.969400
619.984300
620.006375
620.437350
620.742550
620.850000
620.869975
621.187700
621.317450
621.355000
621.440850
621.459350
621.610800
621.678775
621.720025
622.062525
622.107325
622.123450
622.166600
622.197375
622.222525
622.271650
622.419175
622.636675
622.739750
622.766175
622.800050
622.819925
622.845600
623.061650
623.080900
623.096700
623.160050
623.224325
623.295250
623.321100
623.381675
623.389000
623.392850
623.406375
623.413550
623.425725
623.450575
623.475000
623.486000
623.500800
623.517950
623.532850
623.543525
623.554825
623.588050
623.604375
623.633575
623.668450
623.694625
623.708825
623.759825
623.782800
623.793400
623.812525
623.815675
623.820975
623.853425
623.886050
623.903175
623.914250
623.948150
623.990950
624.008600
624.026425
624.034675
624.076675
624.083350
624.163000
624.168825
624.191750
624.206225
624.210575
624.223675
624.269525
624.293000
624.334325
624.362450
624.385300
624.394850
624.432025
624.438450
624.459725
624.464300
624.477050
624.482500
624.510750
624.525950
624.599850
624.624225
624.630725
624.636050
624.645925
624.650400
624.654650
624.670125
624.715350
624.774375
624.815350
624.845600
624.902775
624.967775
624.973075
624.983875
625.007100
625.017275
625.026250
625.084850
625.092700
625.105525
625.221500
625.244950
625.254250
625.274125
625.305575
625.338875
625.349625
625.362975
625.373375
625.383950
625.407050
625.424600
625.523525
625.546075
625.636975
625.664425
625.797325
625.846850
625.861475
625.897125
625.917175
625.942550
625.970575
625.999200
626.052250
626.058575
626.067900
626.072575
626.079450
626.088675
626.095000
626.105625
626.109750
626.119550
626.216800
626.281350
626.290850
626.303200
626.315925
626.319900
626.325150
626.339800
626.368975
626.445350
626.483900
626.487800
626.519350
626.578650
626.589200
626.616175
626.644675
626.655325
626.667150
626.728100
626.749725
626.786225
626.800050
626.805325
626.871500
626.890500
626.913000
626.936775
626.957600
627.018950
627.024500
627.029550
627.067275
627.076550
627.083625
627.157475
627.177900
627.220825
627.251575
627.261200
627.277125
627.283850
627.295500
627.301300
627.369625
627.381975
627.410200
627.420900
627.447100
627.459300
627.468375
627.477050
627.518450
627.527225
627.608675
627.637400
627.690700
627.706975
627.732125
627.754100
627.797575
627.864150
627.876800
627.958125
627.991050
628.046725
628.088025
628.091575
628.120000
628.123550
628.139150
628.163475
628.166525
628.168925
628.189125
628.219025
628.301900
628.352025
628.364275
628.507000
628.529375
628.549375
628.668100
628.715175
628.757100
628.772900
628.792525
628.806075
628.825050
628.955850
628.990750
629.024425
629.074250
629.086075
629.098550
629.105800
629.140900
629.149375
629.180600
629.189750
629.219375
629.236075
629.432025
629.448425
629.453950
629.470975
629.514875
629.561425
629.619575
629.631525
629.696350
629.813575
629.970225
630.089475
630.150725
630.174025
630.179775
630.184925
630.192500
630.197100
630.202450
630.209350
630.248300
630.261525
630.336825
630.353150
630.368750
630.458675
630.515225
630.539400
630.588000
630.604550
630.621600
630.627625
630.660600
630.690250
630.791800
630.844725
630.846125
630.870975
630.910475
630.975300
630.987475
631.042475
631.169475
631.238700
631.334800
631.365325
631.400775
631.548150
631.598675
631.609275
631.619100
631.635825
631.644000
631.650150
631.655800
631.662725
631.669925
631.735500
631.765775
631.815650
631.835950
631.848375
631.908750
631.930500
631.988350
632.012125
632.123625
632.144200
632.291000
632.414375
632.474350
632.485425
632.490650
632.494725
632.516875
632.533300
632.545100
632.586700
632.613500
632.703725
632.751925
632.806375
632.821725
632.932475
632.945975
632.965025
632.978300
633.140500
633.199750
633.214575
633.249625
633.259475
633.276800
633.379875
633.434175
633.494900
633.603525
633.617675
633.665700
633.743925
633.761225
633.924300
633.982600
634.032600
634.053425
634.214175
634.225275
634.229275
634.333200
634.355750
634.566825
634.610675
634.629175
634.686575
634.763250
634.800925
634.860675
634.872325
634.887875
634.919300
634.975925
634.997250
635.046925
635.077800
635.169100
635.224450
635.282175
635.331150
635.425725
635.565150
635.678400
635.744200
635.799400
635.899475
635.915575
635.982650
636.072825
636.195000
636.304250
636.389625
636.464000
636.549325
636.809525
636.839800
636.915150
637.071900
637.082475
637.116600
637.135625
637.181200
637.311150
637.390325
637.521700
637.606650
637.647800
637.663250
637.710150
637.754350
637.782950
637.841650
637.915250
637.926250
638.047050
638.267400
638.291175
638.320625
638.375825
638.618875
638.712925
638.758725
638.865275
638.878400
638.937825
638.978400
639.005150
639.014400
639.028975
639.067475
639.121150
639.186075
639.200675
639.212300
639.214925
639.230650
639.235000
639.243450
639.297775
639.303500
639.306775
639.375000
639.404400
639.450975
639.457600
639.482975
639.524800
639.616850
639.639025
639.680375
639.715425
639.745350
639.753625
639.762175
639.786050
639.793300
639.805975
639.820425
639.855375
639.957625
640.165400
640.194900
640.270375
640.356450
640.378050
640.416100
640.422350
640.428625
640.433700
640.449100
640.458725
640.468200
640.521100
640.587300
640.697800
640.755500
640.872175
640.880500
640.914675
640.961550
640.984625
641.058425
641.069400
641.082200
641.122000
641.257075
641.323350
641.352950
641.395350
641.474025
641.514100
641.628200
641.646800
641.712150
641.900125
641.945200
642.020125
642.054800
642.111975
642.259475
642.438425
642.509175
642.531825
642.579050
642.638200
642.654250
642.742125
642.769225
642.788025
642.848075
642.942900
643.011650
643.067800
643.112375
643.136550
643.170000
643.295025
643.308375
643.322300
643.340125
643.349900
643.461325
643.656425
643.747375
643.773500
643.784800
643.795850
643.829625
643.840450
643.874925
643.898250
643.918675
643.938900
643.979025
644.018225
644.054600
644.065100
644.078275
644.093750
644.140600
644.207550
644.220125
644.247100
644.262250
644.285900
644.461400
644.497100
644.603500
644.707675
644.819000
644.832125
644.878075
644.983450
645.006275
645.020325
645.120950
645.315075
645.403050
645.412900
645.447525
645.530475
645.548800
645.601425
645.653125
645.785575
646.039875
646.098125
646.157075
646.240000
646.251575
646.340825
646.419500
646.459275
646.597825
646.704600
646.956000
647.325000
647.354725
647.370125
647.415700
647.487050
647.512875
647.806050
647.837050
