7.043125
7.055350
7.481000
9.056025
9.474375
9.675950
11.326400
11.387450
11.471225
12.617850
13.912675
13.957025
14.745375
14.796350
15.851725
15.918325
17.798575
19.315325
19.364875
20.026925
21.007700
21.264525
21.366350
22.077000
22.115100
22.158000
22.707100
22.976625
23.084275
23.703550
24.562300
24.726875
25.074475
25.235200
25.456925
25.631950
25.686300
25.880150
26.034750
26.161500
26.188725
26.487525
26.698400
27.019400
27.910050
28.587400
28.751950
29.810950
31.411125
32.105150
32.127900
32.315800
32.938500
33.295400
33.478125
33.733225
35.367675
35.616025
35.697975
35.930150
36.003900
36.115875
36.603325
36.633650
36.748850
37.278750
37.616925
38.918650
39.471675
39.498075
39.895775
41.109050
42.122525
47.104325
48.040575
48.362150
48.771475
48.866275
48.923675
49.086175
49.172350
49.198675
49.292825
49.352500
49.377400
49.484850
49.642800
50.171850
50.211375
50.618000
51.167725
56.092075
56.283050
57.151925
60.650275
61.029775
61.535625
61.585025
61.749425
63.519200
63.655325
64.773750
65.941225
66.627425
67.321525
67.437800
68.189775
69.971150
71.067125
73.920000
75.040750
75.742650
75.878450
76.126150
76.910800
77.476875
77.641800
78.892400
79.169975
79.304350
79.373400
79.437575
79.518150
79.639500
79.819575
79.952325
80.378600
80.441450
80.845875
80.912550
81.296850
81.367625
81.620100
81.992375
82.271525
82.542925
82.872575
83.230650
83.396175
83.472750
83.848975
84.181375
84.378450
84.497425
84.758150
84.953175
85.113850
85.277975
85.575100
85.679175
85.930125
86.048475
86.305750
86.414150
86.885775
87.315025
87.533000
87.553600
87.572400
87.642850
87.673250
87.861000
87.965250
88.220225
88.463175
89.037250
89.522575
89.549975
89.911850
90.166000
90.637025
92.438675
92.539950
92.848050
93.177825
93.311925
94.068050
94.125450
94.629100
94.830100
95.724975
96.224375
96.273550
97.311450
97.546250
98.066150
98.144100
98.364150
98.908725
100.074250
102.084200
102.128100
102.701575
114.558825
117.392325
118.436425
118.547775
118.770175
120.069750
123.712325
123.876075
124.177450
124.309075
124.511150
124.638500
124.759675
125.014850
125.183050
125.449225
125.598400
125.670800
125.920600
125.983125
126.044100
126.300800
126.571700
126.952075
127.790075
128.889725
129.342175
131.323250
131.700200
132.556950
132.636550
133.217250
133.639150
134.369025
134.790225
135.368650
136.512150
136.964025
137.186425
138.093400
138.173025
139.200975
139.392500
139.855275
140.079450
140.492250
140.574650
140.616200
141.071800
141.578100
142.037950
143.257650
143.672250
145.663950
148.575325
148.902975
148.944625
149.416125
149.996050
150.171225
150.379600
150.757650
151.494625
152.362825
154.137850
154.323825
154.719125
155.316500
155.411175
155.728025
155.911975
156.541750
157.127100
158.105350
158.661925
160.086675
160.283625
160.797950
161.377475
161.877225
161.904975
162.521775
162.843000
163.084400
163.425500
163.524050
163.572375
164.179700
165.047225
166.337225
169.262575
171.144475
171.351675
171.456675
173.751825
174.105075
174.730300
174.977475
175.145000
176.098200
176.179700
176.575900
176.597050
177.084875
177.305575
177.444225
177.640575
177.698675
178.268375
178.311150
178.324825
178.381225
178.544125
178.624725
178.685625
178.804875
178.890050
178.927375
179.039300
179.100600
179.133800
179.301575
179.332950
179.384975
179.484650
179.504600
179.553900
179.767250
179.889300
180.013300
180.100975
180.388600
180.868200
180.958500
181.060450
181.553675
181.596675
181.706575
181.757600
181.836400
182.203825
183.233400
183.246800
183.408525
183.637200
183.703800
183.927125
184.155425
184.596075
185.110725
185.164625
185.245350
185.418925
185.525050
186.223275
186.246175
186.775150
187.689200
188.016550
188.536600
189.067750
190.673850
190.718700
191.566950
191.813600
197.192600
197.247800
197.324025
199.354075
