# # All spikes for Neuron
0.080725
0.112700
0.176725
0.207075
0.237450
0.453175
0.513275
0.590150
0.628425
0.647650
0.692075
0.764200
0.829100
0.841050
0.861900
0.890850
0.931325
0.941950
0.977725
1.009650
1.040200
1.080325
1.143375
1.171850
1.191550
1.251875
1.285000
1.353825
1.425425
1.463750
1.658550
1.688525
1.759025
1.796925
1.831125
1.997100
2.036575
2.120125
2.235875
2.292950
2.427425
2.579025
2.635100
2.780625
2.817575
2.871350
2.885875
2.907575
2.943050
2.995850
3.056450
3.087850
3.118950
3.185325
3.261750
3.306475
3.484650
3.594350
3.623700
3.732800
3.742775
3.932100
4.004800
4.041675
4.105700
4.160975
4.211700
4.231075
4.265900
4.288825
4.322975
4.410025
4.420350
4.446575
4.505300
4.543400
4.553475
4.578100
4.677600
4.729225
4.807225
4.978650
5.063500
5.221825
5.391025
5.586225
5.622800
5.674875
5.684325
5.764400
5.815700
5.835700
5.907325
5.923000
5.938000
5.979175
6.002725
6.039225
6.149900
6.165400
6.261775
6.505900
6.568600
6.667275
6.720725
6.829650
6.886225
6.932525
7.026625
7.106650
7.123925
7.244025
7.280075
7.297575
7.383650
7.506950
7.532025
7.565600
7.732825
7.759850
7.888000
7.967350
8.009475
8.049100
8.115075
8.153000
8.189100
8.342575
8.381975
8.447300
8.499575
8.517425
8.572500
8.601350
8.622425
8.804300
8.850025
8.893350
9.005675
9.041450
9.051650
9.069600
9.106575
9.202725
9.295550
9.336075
9.372825
9.498225
9.521475
9.548550
9.565900
9.672575
9.722075
9.727000
9.739200
9.806675
9.826875
9.865075
9.912800
9.935975
9.941250
9.967525
9.995475
10.036375
10.123100
10.150450
10.176825
10.192200
10.295300
10.336475
10.351125
10.414100
10.447875
10.492825
10.519575
10.581525
10.639125
10.664375
10.721100
10.746350
10.780875
10.832550
10.837725
10.851675
10.879275
10.899075
10.915075
10.936275
10.971400
10.997000
11.010450
11.066150
11.104175
11.223300
11.246875
11.328675
11.366050
11.403375
11.474450
11.475000
11.848925
11.898200
12.004275
12.091100
12.164875
12.232000
12.287475
12.374525
12.397425
12.490950
12.539175
12.610850
12.763825
12.885475
12.953575
12.974300
13.079200
13.326800
13.385975
13.482750
13.542125
13.689375
13.724450
13.763700
13.864500
13.909025
13.946500
14.059800
14.091075
14.165325
14.289650
14.454200
14.551275
14.610200
14.650725
14.765675
14.777425
14.822900
14.845500
14.892025
14.934500
15.116825
15.153275
15.201025
15.219850
15.248900
15.271700
15.316850
15.402800
15.460300
15.504775
15.549325
15.564650
15.592175
15.617300
15.654000
15.693700
15.830575
15.862725
15.941350
15.956150
16.006500
16.059100
16.115225
16.118675
16.154200
16.223975
16.330225
16.359500
16.473150
16.557200
16.601725
16.690475
16.751600
16.770050
16.817925
16.827925
16.849075
16.928575
16.984725
17.039350
17.102400
17.137625
17.158175
17.195050
17.244000
17.297925
17.321125
17.328925
17.443950
17.483450
17.625350
17.658075
17.690875
17.760825
17.819650
17.833775
18.003650
18.082925
18.233675
18.291525
18.332925
18.459600
18.520225
18.523575
18.618800
18.648075
18.736125
18.775000
18.849500
18.867750
18.970750
19.071750
19.209300
19.314175
19.421325
19.468675
19.528825
19.616200
19.632625
19.737700
19.796175
19.831025
19.860525
19.907350
20.068325
20.121925
20.155100
20.210475
20.289775
20.358825
20.363150
20.391300
20.426850
20.430350
20.466925
20.476825
20.500250
20.542225
20.580950
20.614500
20.618525
20.635875
20.687400
20.730150
20.765825
20.792975
20.836175
20.871000
20.976300
21.070575
21.152150
21.189875
21.193675
21.231550
21.312550
21.350500
21.401250
21.408350
21.467350
21.495275
21.510950
21.528950
21.542825
21.550900
21.569450
21.603550
21.661650
21.693425
21.738375
21.791225
21.832425
21.841950
21.907800
21.916575
22.048875
22.093450
22.177825
22.195700
22.255625
22.275175
22.460900
22.483325
22.725200
22.809025
22.856600
22.884450
22.929125
22.984225
23.023450
23.185425
23.215875
23.276000
23.337150
23.417350
23.426500
23.641600
23.735475
23.809175
23.916725
23.988150
24.020650
24.074225
24.149550
24.186300
24.287250
24.343750
24.393350
24.417900
24.441175
24.460975
24.484450
24.520050
24.562750
24.593450
24.614725
24.687950
24.758025
24.800900
24.852675
24.894700
25.022700
25.064050
25.105525
25.145650
25.247175
25.321100
25.357375
25.504025
25.546500
25.596025
25.617800
25.644425
25.664975
25.750050
25.773550
25.835600
25.864975
25.921200
25.959150
25.999700
26.120775
26.230375
26.257125
26.329075
26.398050
26.406475
26.491875
26.495850
26.539725
26.576725
26.691725
26.736850
26.768600
26.838250
26.878750
26.914775
26.968200
27.059550
27.127425
27.161850
27.193725
27.249875
27.302250
27.338750
27.362825
27.486925
27.542325
27.566575
27.697525
27.819000
27.847800
27.951125
27.981475
28.098375
28.136475
28.168300
28.270950
28.291550
28.314500
28.430875
28.473150
28.571300
28.615825
28.642575
28.702475
28.772000
28.850450
28.861750
28.907275
28.933850
28.957900
29.004100
29.095850
29.135575
29.173000
29.179775
29.232200
29.240050
29.260775
29.448900
29.496675
29.592875
29.614650
29.671600
29.728750
29.759350
29.794150
29.819500
29.861275
29.897000
29.934725
29.996575
30.194775
30.246750
30.331150
30.356450
30.380475
30.410175
30.441525
30.539950
30.549975
30.648525
30.695975
30.899875
30.906425
30.931525
31.004000
31.134475
31.182925
31.192675
31.272150
31.280075
31.341200
31.378125
31.398150
31.479800
31.619550
31.651775
31.727475
31.860575
31.943550
31.999550
32.043175
32.084425
32.111875
32.140125
32.167600
32.192275
32.217975
32.267175
32.302175
32.369575
32.393875
32.401650
32.474600
32.499450
32.638675
32.703075
32.724025
32.747550
32.785600
32.852350
32.933500
32.986750
33.075450
33.229800
33.357750
33.446650
33.526875
33.572875
33.613825
33.679050
33.721600
33.746025
33.766575
33.811900
33.844650
33.897150
33.998125
34.077225
34.108075
34.211925
34.311775
34.366125
34.374425
34.402575
34.411600
34.455550
34.464075
34.568650
34.604750
34.622200
34.700625
34.741050
34.825100
34.858400
34.872300
34.904175
34.917975
34.950050
34.977100
35.008175
35.038575
35.066150
35.150100
35.338025
35.473925
35.589625
35.634575
35.681000
35.714900
35.921175
35.961800
35.984850
36.069050
36.091275
36.125100
36.146350
36.171525
36.235150
36.263575
36.286875
36.341775
36.366725
36.397075
36.484650
36.518325
36.563875
36.599850
36.706950
36.765050
36.771550
36.904325
36.924950
37.018025
37.039500
37.056925
37.123175
37.155450
37.168400
37.216675
37.279275
37.325950
37.358400
37.396450
37.443325
37.485000
37.568800
37.678275
37.713200
37.775750
37.833750
37.906850
37.930675
38.019050
38.119775
38.138025
38.186500
38.206825
38.235025
38.289200
38.318000
38.343625
38.363825
38.414125
38.451775
38.481950
38.544975
38.573025
38.706975
38.759575
38.785175
38.812100
38.832325
38.871975
38.908450
38.911550
38.952925
38.992175
39.014125
39.038750
39.118275
39.163975
39.226750
39.279325
39.310250
39.320400
39.371025
39.391450
39.401600
39.406450
39.459625
39.478975
39.551325
39.579825
39.603725
39.648175
39.685575
39.718000
39.737875
39.805525
39.931800
39.977950
40.172725
40.204825
40.222300
40.251975
40.390600
40.412950
40.455975
40.458350
40.509675
40.590425
40.659925
40.703250
40.719600
40.776750
40.811600
40.822825
40.846475
40.935625
40.975050
41.008925
41.026700
41.042575
41.073900
41.117525
41.129850
41.179175
41.222775
41.275325
41.344175
41.375275
41.441475
41.559625
41.581925
41.698225
41.723600
41.758925
41.821175
41.854100
41.890675
41.907300
41.926075
41.951725
41.952975
42.004400
42.019925
42.051175
42.084675
42.109925
42.173875
42.184975
42.305500
42.329325
42.362250
42.407425
42.497175
42.535100
42.536925
42.581575
42.676075
42.714300
42.755025
42.777425
42.849000
42.895025
42.946975
42.987250
43.033000
43.117500
43.149700
43.194900
43.233200
43.250275
43.262175
43.286150
43.337775
43.377375
43.416475
43.479075
43.520875
43.571625
43.662925
43.699675
43.863300
43.898125
43.933575
43.973100
44.056675
44.190875
44.273200
44.312125
44.337175
44.415350
44.502125
44.598825
44.605150
44.661200
44.714100
44.754000
44.797750
44.816075
44.823950
44.841950
44.882225
44.940750
45.021375
45.048775
45.061000
45.159600
45.203900
45.353825
45.375675
45.481000
45.754850
45.800975
45.841125
45.944675
45.976025
46.027600
46.059100
46.130550
46.169875
46.242075
46.294250
46.350175
46.374100
46.468100
46.560625
46.615400
46.697600
46.729675
46.815900
46.838450
46.912725
46.954950
47.003925
47.074050
47.104600
47.134325
47.161275
47.203125
47.205575
47.233800
47.250950
47.308150
47.376875
47.405600
47.473500
47.566375
47.616425
47.660975
47.673925
47.692725
47.726650
47.761175
47.776875
47.796600
47.830400
47.898900
47.902725
47.966575
48.006300
48.040150
48.070150
48.109275
48.194225
48.205050
48.355150
48.460250
48.519025
48.549300
48.582175
48.595900
48.807275
48.843600
48.872850
48.897975
48.945450
49.008050
49.041200
49.071200
49.103400
49.125750
49.167300
49.194400
49.232000
49.256775
49.269925
49.363900
49.376425
49.385075
49.417125
49.442950
49.487700
49.529525
49.556800
49.747775
49.757000
49.794225
49.830150
49.839600
49.869550
49.912400
49.958950
49.977375
50.032125
50.045850
50.105000
50.142325
50.216525
50.258525
50.393300
50.402525
50.447125
50.460125
50.472000
50.532200
50.573950
50.625575
50.651725
50.739275
50.744650
50.818025
50.880650
50.950175
50.971000
51.001875
51.023100
51.059025
51.134150
51.190925
51.225000
51.269300
51.272300
51.320175
51.347050
51.355525
51.376575
51.410200
51.452250
51.485750
51.516375
51.564675
51.580150
51.629275
51.668425
51.706325
51.731000
51.775125
51.894200
52.041075
52.084625
52.167425
52.196325
52.246500
52.260250
52.315050
52.364300
52.392700
52.446475
52.481350
52.526375
52.539075
52.565725
52.596750
52.602850
52.723900
52.767750
52.803350
52.808700
52.837400
52.909225
52.973500
52.982350
53.002600
53.093175
53.109750
53.196500
53.252100
53.268700
53.304975
53.321250
53.355775
53.373150
53.390050
53.416025
53.443475
53.518125
53.562650
53.646800
53.677425
53.715700
53.749950
53.809900
53.866925
53.940975
54.020550
54.030750
54.073425
54.112875
54.141675
54.176875
54.216125
54.324350
54.373075
54.396100
54.415075
54.445300
54.494750
54.522725
54.541375
54.653125
54.679250
54.729200
54.753075
54.762475
54.782625
54.790500
54.812975
54.897425
54.997225
55.026325
55.065750
55.090775
55.104375
55.138775
55.166775
55.225600
55.265250
55.288075
55.329200
55.334125
55.355175
55.462925
55.474675
55.515250
55.526250
55.541650
55.605175
55.680700
55.688400
55.712100
55.739500
55.769800
55.792700
55.823900
55.884400
56.057500
56.090225
56.161975
56.168250
56.260450
56.304250
56.310775
56.340600
56.415400
56.505150
56.524425
56.538575
56.575300
56.647250
56.696700
56.779600
56.818450
56.847875
56.925550
56.955275
57.005000
57.050925
57.075875
57.103050
57.187850
57.204850
57.217000
57.277525
57.336375
57.385525
57.398300
57.445400
57.464250
57.498200
57.564575
57.611975
57.683000
57.733350
57.772800
57.814250
57.849150
57.878650
58.048050
58.069075
58.121575
58.149250
58.184300
58.194275
58.231900
58.264875
58.295375
58.336875
58.340400
58.366675
58.417375
58.451925
58.483500
58.519125
58.532500
58.548750
58.736325
58.746150
58.800250
58.809600
58.872250
58.908475
59.043000
59.256875
59.324400
59.416375
59.425500
59.477725
59.551525
59.606575
59.641625
59.695950
59.726450
59.775850
59.822150
59.845400
59.913900
60.030200
60.039475
60.064625
60.075350
60.096450
60.120475
60.184250
60.217500
60.257075
60.316125
60.380550
60.407825
60.549825
60.574975
60.656425
60.726575
60.833550
60.901375
60.969450
61.018950
61.091525
61.113850
61.222075
61.332650
61.413200
61.455750
61.524875
61.579975
61.658275
61.697375
61.876725
61.927375
61.953925
62.009225
62.049150
62.258750
62.453675
62.492500
62.551525
62.624150
62.647625
62.677425
62.715075
62.744375
62.754950
62.816600
62.831225
62.987300
63.076050
63.087925
63.186550
63.250925
63.312850
63.323125
63.340650
63.353275
63.468675
63.528550
63.562150
63.729525
63.779700
63.799550
63.833500
63.923800
63.987550
64.056625
64.200500
64.262325
64.317900
64.556275
64.607000
64.639850
64.672825
64.686400
64.717850
64.753175
64.778250
64.806325
64.853350
64.895150
64.932750
64.986250
65.020050
65.126625
65.170300
65.206600
65.326450
65.381525
65.401275
65.424150
65.465550
65.543350
65.605325
65.634600
65.666350
65.707325
65.754575
65.801925
65.882175
65.925100
65.966425
65.996650
66.008850
66.049250
66.145800
66.350375
66.373425
66.435600
66.452250
66.496725
66.521025
66.551400
66.558125
66.605825
66.655575
66.687725
66.787175
66.869300
66.894875
66.957250
67.008400
67.042050
67.168600
67.284550
67.381950
67.411400
67.429050
67.551525
67.653825
67.788850
67.822575
67.855175
67.943375
68.025575
68.091750
68.108150
68.139925
68.179400
68.283900
68.337125
68.387150
68.452000
68.533575
68.575225
68.652550
68.695525
68.772750
68.897200
68.968550
69.022075
69.047775
69.097975
69.192050
69.236100
69.284525
69.322500
69.377175
69.436225
69.488100
69.529475
69.698925
69.730200
69.758125
69.930025
70.023175
70.030950
70.040500
70.143500
70.176125
70.223750
70.269900
70.291700
70.325500
70.342225
70.406025
70.454500
70.502125
70.507950
70.646475
70.692275
70.737300
70.915800
71.022900
71.209225
71.342150
71.371425
71.427150
71.456625
71.521575
71.696800
71.715625
71.755875
71.826800
71.886650
72.006900
72.035900
72.078150
72.131500
72.146850
72.187700
72.224825
72.428425
72.490100
72.527925
72.543175
72.556400
72.664000
72.730250
72.764775
72.878500
72.926225
73.021375
73.036225
73.207625
73.238725
73.336075
73.546375
73.584400
73.761750
73.801750
73.931900
73.963450
74.032725
74.056125
74.065400
74.125350
74.164525
74.222225
74.295625
74.333100
74.390175
74.437400
74.480675
74.490825
74.703850
74.721800
74.801550
74.833925
74.895475
75.058825
75.089500
75.313575
75.409325
75.546800
75.575100
75.664500
75.734500
75.765475
75.826150
75.937700
76.050150
76.179375
76.218900
76.299950
76.342250
76.409975
76.473375
76.543075
76.581800
76.633775
76.676050
76.695250
76.782500
76.791100
76.841600
76.857000
76.902775
76.916400
76.977075
77.030150
77.076100
77.098200
77.153625
77.194500
77.216225
77.240725
77.265250
77.352025
77.417375
77.467275
77.494675
77.509275
77.531050
77.597600
77.660575
77.722825
77.749000
77.774750
77.829200
77.870750
77.879875
77.909750
77.941150
77.958975
78.034900
78.061050
78.101200
78.122500
78.146350
78.169350
78.188225
78.239225
78.264750
78.285600
78.304750
78.349725
78.382050
78.423675
78.434850
78.460550
78.533775
78.578250
78.608025
78.643100
78.702700
78.796125
78.817475
78.910075
78.941025
78.952925
79.001600
79.021525
79.053950
79.075625
79.126625
79.136175
79.159950
79.223200
79.228100
79.296900
79.361150
79.387550
79.425000
79.446475
79.645125
79.647975
79.670550
79.733400
79.787525
79.804525
79.819775
79.870300
79.893400
79.906600
79.934150
80.039300
80.044800
80.057425
80.066900
80.118275
80.145525
80.159875
80.171550
80.218325
80.248975
80.271875
80.279825
80.311250
80.343150
80.427700
80.484175
80.610725
80.692075
80.742650
80.754750
80.783975
80.825075
80.843900
80.945050
80.967500
81.030900
81.072625
81.130050
81.198525
81.221975
81.244400
81.289775
81.364100
81.367925
81.415175
81.537250
81.576625
81.629250
81.657675
81.694075
81.738225
81.782325
81.808750
81.829650
82.019025
82.045350
82.095550
82.140975
82.175675
82.221200
82.273225
82.292175
82.349625
82.386150
82.406100
82.441675
82.465350
82.528425
82.548450
82.598775
82.685625
82.696775
82.749625
82.767250
82.825800
82.846025
82.887075
82.929100
82.941475
83.016925
83.048275
83.120850
83.158725
83.238600
83.267150
83.331300
83.372450
83.420825
83.454175
83.498675
83.544275
83.575850
83.586200
83.687475
83.710350
83.737700
83.769750
83.807925
83.838925
83.872975
83.917700
84.010100
84.011450
84.023550
84.085350
84.107525
84.145125
84.169475
84.191525
84.234650
84.251875
84.256025
84.306650
84.356575
84.376700
84.386725
84.414350
84.433075
84.446325
84.492925
84.511900
84.544450
84.559900
84.592350
84.633775
84.643500
84.682825
84.792675
84.817925
84.842575
84.878000
84.907950
84.924750
84.971600
84.989350
85.069825
85.161825
85.179200
85.304700
85.350825
85.357875
85.424100
85.514725
85.605975
85.647625
85.762675
85.815675
85.985175
86.033825
86.071225
86.150275
86.184975
86.344525
86.383875
86.415150
86.448600
86.537100
86.583700
86.627075
86.670850
86.715150
86.829375
87.019550
87.094800
87.143650
87.209725
87.377500
87.416200
87.460325
87.493450
87.526475
87.581450
87.599275
87.654875
87.671625
87.709125
87.761175
87.856075
87.888150
88.016125
88.046425
88.096275
88.150350
88.214975
88.248575
88.265275
88.294825
88.333425
88.401750
88.428400
88.460575
88.461175
88.467125
88.533150
88.545975
88.565850
88.583950
88.657350
88.689525
88.698100
88.714475
88.727650
88.786925
88.823575
88.892575
88.977925
89.009525
89.148575
89.196850
89.275850
89.293225
89.315350
89.462075
89.475900
89.597475
90.101400
90.583175
90.858400
90.899925
90.949075
91.090700
91.403725
91.426250
91.492350
91.536775
91.559650
91.796175
91.806950
91.828400
91.847050
91.869225
91.917000
91.990425
92.135000
92.245675
92.267025
92.275250
92.304325
92.334375
92.361975
92.379825
92.395475
92.632350
92.657900
92.697875
92.713625
92.746050
92.773125
92.859325
92.904175
92.945350
92.975825
93.063700
93.127875
93.224875
93.319725
93.420625
93.483975
93.611575
93.617250
93.687650
93.741850
93.816400
93.860575
93.991075
94.034775
94.064850
94.133600
94.169175
94.200075
94.437100
94.508200
94.564475
94.574000
94.630375
94.798875
94.841700
94.860950
94.871700
94.909600
94.994225
95.048900
95.070875
95.132150
95.218150
95.253950
95.261075
95.276875
95.311850
95.326025
95.373275
95.449825
95.518775
95.767025
95.922950
95.998425
96.294800
96.468375
96.537050
96.922625
97.327125
97.421475
97.436050
97.645000
97.702575
97.868875
97.899150
97.932650
97.978825
97.992925
98.038675
98.124450
98.210925
98.229300
98.300975
98.357975
98.382875
98.467825
98.737050
98.744700
98.780075
98.817825
98.823200
98.902925
98.943700
99.110700
99.220700
99.338225
99.400150
99.440500
99.474250
99.497225
99.599150
99.859825
99.878550
99.899900
99.923150
99.959975
99.981675
100.017750
100.110800
100.135025
100.196500
100.236800
100.364900
100.432425
100.487000
100.502075
100.566125
100.648575
100.700225
100.796350
100.822075
101.002150
101.059675
101.234200
101.274300
101.401025
101.583875
101.622075
101.673275
101.681750
101.760750
101.830875
101.882625
101.939450
102.231150
102.440200
102.494550
102.500600
102.586250
102.671025
102.750425
102.883625
103.353750
103.471350
103.556400
103.619550
103.671175
103.715200
103.839125
103.949325
103.999650
104.040050
104.165475
104.248325
104.317550
104.376925
104.425425
104.476525
104.584675
104.595600
104.659675
104.815350
104.845900
104.940100
105.058375
105.124800
105.164200
105.367475
105.427800
105.526550
105.594450
105.629200
105.660000
105.736100
105.809400
105.926550
105.962350
105.987850
106.101575
106.117525
106.159450
106.169200
106.241875
106.309500
106.323125
106.441725
106.501825
106.545750
106.579050
106.647225
106.680475
106.717600
106.744850
106.808575
106.836700
106.850225
106.907175
106.931850
106.957875
106.976000
106.996250
107.036950
107.071175
107.175350
107.202425
107.257850
107.335450
107.380775
107.427675
107.461825
107.476825
107.490125
107.549100
107.621275
107.639825
107.693925
107.712600
107.780025
107.801400
107.837675
107.846850
107.877925
107.900875
107.926325
107.968200
108.014450
108.026875
108.034025
108.086650
108.158275
108.227475
108.238125
108.248800
108.266425
108.360675
108.377325
108.403200
108.428675
108.445175
108.504500
108.551300
108.602250
108.645525
108.660075
108.696950
108.775300
108.847925
108.875950
109.013950
109.056675
109.122475
109.184825
109.201950
109.262125
109.285850
109.291775
109.323850
109.342200
109.346175
109.391225
109.412700
109.438250
109.473025
109.591675
109.621250
109.676100
109.780300
109.816400
109.837300
109.926075
109.952725
110.015525
110.029800
110.046175
110.071950
110.086600
110.143650
110.158550
110.227800
110.729925
110.737975
111.140875
111.219225
111.291575
111.311225
111.398400
111.463050
111.500700
111.728300
112.013650
112.086150
112.177750
112.405675
112.547325
112.572550
112.675350
112.700900
112.725775
112.749625
112.810100
113.147875
113.218300
113.246975
113.254900
113.335600
113.361225
113.393975
113.443550
113.525950
113.724100
113.744000
113.755900
113.811050
113.870550
113.979200
114.081175
114.140375
114.165275
114.366675
114.476650
114.493275
114.514400
114.624125
114.725150
114.749350
114.807025
114.865725
114.895550
114.931575
114.957325
115.026500
115.104225
115.145350
115.267250
115.316575
115.352125
115.382175
115.479925
115.561775
115.596575
115.651825
115.675625
115.727250
115.791075
115.843875
115.880650
115.993075
116.008350
116.097150
116.166975
116.260475
116.311900
116.413075
116.472875
116.755525
116.784525
116.893450
117.104350
117.147475
117.198725
117.325300
117.418900
117.450025
117.537850
117.631700
117.669100
117.705225
117.780350
117.806375
117.856625
117.896900
118.104875
118.188075
118.356300
118.406275
118.554025
118.649200
118.709075
119.007700
119.045650
119.106550
119.351050
119.510150
119.560675
119.705300
119.803975
119.887425
119.993200
120.086100
120.120950
120.508850
120.521375
120.565725
120.585525
120.673200
120.724450
120.819025
120.850200
120.901925
121.017600
121.144550
121.408475
121.418675
121.449500
121.570050
121.594725
121.679400
121.730125
121.782525
121.859400
121.934775
121.964025
122.028725
122.200425
122.239600
122.364325
122.394200
122.910600
123.235200
123.284675
123.365275
123.440875
123.469025
123.765075
123.793850
123.878750
124.038975
124.096325
124.187275
124.302775
124.376900
124.530375
124.640125
124.756800
124.823100
125.006800
125.135975
125.177500
125.204150
125.404775
125.457400
125.481925
125.545500
125.605775
125.666000
125.697500
125.869425
125.962825
126.017375
126.043400
126.209600
126.285350
126.314575
126.350625
126.358625
126.411300
126.434250
126.485275
126.532225
126.574500
126.644175
126.676550
126.713125
126.819650
126.849050
126.884925
126.923500
126.944325
126.976850
127.037350
127.141525
127.191450
127.223275
127.288925
127.411000
127.443300
127.476325
127.517225
127.538950
127.563600
127.598675
127.640925
127.689800
127.716575
127.738525
127.803175
127.819650
127.829900
127.855150
127.915950
127.973875
127.992225
128.025475
128.089700
128.120800
128.137950
128.175800
128.210150
128.244050
128.282925
128.316975
128.354900
128.379925
128.402325
128.456600
128.501625
128.537175
128.571150
128.666300
128.668425
128.692450
128.728050
128.760800
128.789250
128.803750
128.823500
128.832825
128.875450
128.883200
128.908475
128.914475
128.958200
128.989200
129.022475
129.047275
129.082450
129.116950
129.149050
129.195800
129.238350
129.291500
129.310000
129.358375
129.363800
129.431100
129.456000
129.579150
129.601400
129.643325
129.695125
129.707750
129.717650
129.747475
129.764325
129.793000
129.828100
129.852675
129.863950
129.872150
129.910075
129.925875
129.947025
129.965500
130.001175
130.022850
130.060550
130.068525
130.091025
130.148075
130.156250
130.174275
130.193200
130.262850
130.396875
130.414225
130.426875
130.435750
130.478975
130.504800
130.510950
130.619475
130.623525
130.645425
130.677250
130.709075
130.739550
130.771925
130.820500
130.848375
130.866325
130.899125
130.909900
130.965800
131.000150
131.034150
131.131850
131.163350
131.196450
131.217250
131.227675
131.266700
131.285450
131.297225
131.364375
131.395625
131.402525
131.439675
131.487125
131.500050
131.547175
131.579950
131.653875
131.715350
131.746825
131.769000
131.782375
131.819025
131.825475
131.870325
131.885875
131.982425
131.998200
132.016650
132.092425
132.107750
132.149950
132.164575
132.176275
132.200375
132.220525
132.246600
132.287025
132.320350
132.360375
132.379075
132.422475
132.436350
132.460025
132.510425
132.561475
132.619450
132.710500
132.720450
132.751475
132.797600
132.847075
132.906550
132.945525
132.991850
133.049350
133.102075
133.159875
133.280450
133.338500
133.427025
133.590625
133.746675
133.792950
133.827700
133.971425
134.053875
134.107275
134.271375
134.306950
134.382025
134.403425
134.461900
134.523175
134.605950
134.635375
134.684275
134.759475
134.819100
134.914950
134.951050
135.002350
135.040225
135.097175
135.240925
135.248000
135.346375
135.435325
135.509925
135.534525
135.563100
135.683875
135.755400
135.800975
136.110175
136.418850
136.562175
136.663750
136.829850
136.869475
136.997725
137.064200
137.211000
137.251650
137.286425
137.307950
137.377100
137.397800
137.456775
137.471175
137.528525
137.578750
137.665325
137.735300
137.764900
137.800975
137.824525
137.857175
137.906375
137.921250
138.020925
138.113875
138.163650
138.192875
138.195250
138.263400
138.314725
138.333100
138.357600
138.447475
138.463100
138.483075
138.525425
138.550200
138.606475
138.627550
138.679650
138.719475
138.739475
138.793175
138.834000
138.879450
138.925300
138.957950
139.017600
139.044375
139.065525
139.081525
139.135700
139.168675
139.209250
139.262000
139.320900
139.342025
139.373750
139.433250
139.484700
139.498350
139.556925
139.578600
139.612450
139.662000
139.739625
139.846775
139.873775
140.017950
140.042475
140.113000
140.248100
140.342475
140.385225
140.447625
140.529000
140.544825
140.684950
140.697725
140.799950
140.880925
140.929250
141.233325
141.517625
141.542375
141.677925
141.829225
141.853200
141.972825
141.995000
142.026500
142.090475
142.220800
142.281775
142.382500
142.412975
142.600400
142.744000
142.873525
142.931950
143.051475
143.276075
143.314600
143.351875
143.385350
143.437450
143.464100
143.476475
143.506275
143.516825
143.527300
143.575925
143.596075
143.598300
143.649300
143.681600
143.714300
143.766325
143.790350
143.826550
143.888525
143.919950
143.951900
143.989075
144.055175
144.227575
144.439950
144.445000
144.616100
144.692675
144.704225
144.907450
145.079375
145.250650
145.301200
145.444450
145.505525
145.559550
145.600975
145.652475
145.766675
145.807950
146.004100
146.074675
146.129400
146.161300
146.230725
146.285050
146.499275
146.564675
146.610875
146.751325
146.843150
146.879000
146.893650
146.932100
146.966125
146.972625
147.107175
147.135150
147.263475
147.302950
147.339000
147.365875
147.409600
147.459300
147.500625
147.527400
147.582325
147.764925
147.822100
147.877850
147.897425
147.924725
147.956950
147.998450
148.026900
148.091625
148.141725
148.229475
148.262050
148.314625
148.334675
148.396000
148.437200
148.465350
148.478675
148.529600
148.556225
148.625100
148.644675
148.678625
148.702050
148.737550
148.760950
148.824775
148.973425
148.987375
149.007375
149.058350
149.079000
149.110425
149.145900
149.180125
149.232725
149.280275
149.296000
149.333975
149.354200
149.384800
149.489275
149.495125
149.516150
149.592250
149.652000
149.671725
149.807975
149.839550
149.882900
149.922975
149.971250
149.999625
150.025825
150.047900
150.101050
150.146425
150.187100
150.250200
150.267375
150.310925
150.342825
150.419075
150.471600
150.493325
150.538175
150.547450
150.565100
150.590650
150.660975
150.689200
150.750025
150.787875
150.851000
150.876000
150.918850
150.985400
151.011050
151.026275
151.042325
151.080975
151.165425
151.190225
151.214150
151.242725
151.289175
151.300500
151.321425
151.330275
151.489500
151.540575
151.603475
151.660400
151.704950
151.766350
151.790100
151.810825
151.831350
151.859475
151.907900
151.936625
151.970975
152.000425
152.100300
152.150925
152.189525
152.218525
152.300400
152.334950
152.363100
152.396200
152.407925
152.457200
152.512875
152.546725
152.586150
152.718900
152.755025
152.791700
152.838375
152.892950
152.939475
152.999425
153.026000
153.044200
153.075950
153.093075
153.132750
153.165850
153.370275
153.402300
153.455225
153.462875
153.503425
153.588300
153.602200
153.639300
153.752825
153.802750
153.823575
153.825200
153.836425
153.872325
153.970075
154.012625
154.045150
154.082675
154.129500
154.162500
154.191400
154.239425
154.263275
154.329575
154.371550
154.412825
154.521300
154.529300
154.542950
154.665050
154.694575
154.772925
154.830800
154.857050
154.918700
154.941925
154.965400
155.027500
155.116275
155.167600
155.344725
155.464850
155.517075
155.639375
155.691100
155.732500
155.758350
155.866225
155.999300
156.042900
156.080625
156.198125
156.263800
156.334000
156.430625
156.613150
156.635950
156.652975
156.803500
156.845200
156.887150
156.992425
157.022275
157.073375
157.086475
157.127875
157.149925
157.163275
157.185725
157.215525
157.222675
157.357100
157.393575
157.504750
157.509525
157.520600
157.628300
157.740125
157.835775
157.918700
157.944925
157.991300
158.060500
158.094375
158.179850
158.261675
158.328475
158.361200
158.394275
158.435350
158.528425
158.587100
158.627600
158.660700
158.738375
158.787150
158.856850
158.955025
159.011000
159.112725
159.146825
159.232825
159.373275
159.745025
159.771650
159.833625
159.863650
159.891525
159.916375
159.990925
159.997450
160.036925
160.053175
160.081325
160.091500
160.234675
160.267250
160.304025
160.369475
160.431400
160.481375
160.607775
160.687300
160.765700
160.853475
160.872150
160.918150
160.962175
161.041225
161.062200
161.117250
161.206550
161.224375
161.331450
161.438625
161.523850
161.574225
161.825850
161.928800
161.997200
162.191800
162.217300
162.243850
162.309450
162.407025
162.469125
162.495325
162.536425
162.558625
163.236575
163.377550
163.474375
163.593600
163.663400
163.676375
163.721650
163.789650
163.955925
163.993600
164.087675
164.108950
164.186850
164.242700
164.366800
164.410100
164.450800
164.509975
164.666700
164.739225
164.776550
164.831250
164.896075
164.964875
164.990900
165.076750
165.090050
165.196725
165.268750
165.416650
165.498350
165.514150
165.667350
165.834175
165.930250
165.997800
166.084575
166.138600
166.218725
166.257575
166.273200
166.313525
166.602850
166.680500
166.703200
166.722175
166.761625
166.770225
166.876275
167.038375
167.250425
167.361350
167.418775
167.521500
167.804000
167.939325
168.010175
168.096225
168.192850
168.521100
168.608575
168.671275
168.788700
168.892250
168.980725
169.014125
169.082175
169.314400
169.417575
169.533925
169.627025
169.744275
169.784350
169.829650
169.917425
169.963700
170.114725
170.180750
170.205125
170.497575
170.580400
170.605750
170.634950
170.802475
170.863050
170.972125
171.041550
171.081200
171.126275
171.191225
171.228650
171.265750
171.308125
171.349525
171.552125
171.610275
171.720675
171.925175
171.972825
171.997375
172.053600
172.127875
172.229875
172.255525
172.333625
172.368100
172.406725
172.438075
172.506950
172.552800
172.601125
172.644075
172.665675
172.774550
172.822275
172.911450
172.947700
173.031175
173.083350
173.142850
173.221400
173.246150
173.309750
173.347950
173.383600
173.521575
173.637725
173.700775
173.792825
173.847325
173.908400
173.957125
174.008425
174.076175
174.114500
174.168250
174.205275
174.430175
174.496825
174.560075
174.621500
174.628100
174.810450
175.006525
175.073525
175.114525
175.268625
175.429650
175.465675
175.537000
175.601950
175.700350
175.741350
175.774750
175.818550
175.877025
175.930025
175.979800
176.020650
176.061850
176.094325
176.112900
176.224550
176.253500
176.300125
176.335675
176.365500
176.395150
176.448225
176.531550
176.595775
176.638975
176.665675
176.689075
176.778525
176.822550
176.853075
176.862875
176.902050
176.998100
177.017500
177.055125
177.058125
177.087725
177.135275
177.190175
177.219250
177.265250
177.290650
177.328125
177.376850
177.396500
177.411525
177.449900
177.467000
177.471700
177.512600
177.572875
177.584625
177.592450
177.612825
177.662450
177.679200
177.708225
177.720750
177.744150
177.767625
177.792775
177.849425
177.898325
177.925550
177.971500
178.000825
178.034750
178.053525
178.082375
178.094750
178.111575
178.167600
178.211325
178.293925
178.356700
178.413550
178.424900
178.434700
178.474650
178.522225
178.550550
178.588150
178.650275
178.736250
178.757450
178.810075
178.887500
178.933350
178.999000
179.020150
179.023275
179.063775
179.097275
179.138450
179.181700
179.231475
179.282225
179.298100
179.313475
179.343275
179.427250
179.468375
179.517400
179.541475
179.588975
179.610950
179.658900
179.684675
179.730375
179.747875
179.811900
179.836425
179.852425
179.891025
179.913900
179.938950
180.022175
180.054675
180.080525
180.100400
180.123900
180.161875
180.232875
180.262925
180.281125
180.311050
180.321825
180.349200
180.369475
180.409025
180.427400
180.465650
180.483550
180.511550
180.532800
180.568950
180.577775
180.639200
180.695575
180.781925
180.828900
180.842500
180.867500
180.898900
180.923925
180.940650
180.988750
180.991625
181.014925
181.071600
181.108750
181.129075
181.159775
181.223575
181.291400
181.318200
181.356775
181.385400
181.395150
181.449675
181.477175
181.530975
181.548950
181.581725
181.620175
181.636300
181.700600
181.815125
181.879750
181.898050
181.937375
181.991525
182.016900
182.049750
182.068325
182.111900
182.137825
182.162300
182.203325
182.232475
182.446325
182.468075
182.493550
182.544750
182.605375
182.632650
182.649450
182.716750
182.748775
182.766050
182.816725
182.837725
182.884400
182.904950
182.928825
182.975450
183.043400
183.073525
183.102750
183.140075
183.171875
183.195700
183.345875
183.358475
183.489675
183.520575
183.574375
183.596750
183.631600
183.688225
183.709975
183.747050
183.792875
183.822475
183.857850
183.918125
183.946500
183.980500
184.035150
184.058150
184.089150
184.146475
184.169600
184.458175
184.495250
184.553025
184.571350
184.608700
184.660525
184.747875
184.771875
184.813500
184.873025
184.880175
184.938225
185.023400
185.089800
185.253000
185.314825
185.327150
185.350550
185.384075
185.414400
185.459675
185.546725
185.574175
185.627000
185.633475
185.670825
185.755725
185.776050
185.793525
185.833325
185.844925
185.857825
185.874875
185.927075
186.051025
186.112500
186.131850
186.167350
186.189800
186.222725
186.310675
186.351350
186.398075
186.428200
186.468375
186.513750
186.565450
186.601100
186.641550
186.717575
186.772900
186.832300
186.859725
186.897800
187.023500
187.060200
187.181300
187.247450
187.272800
187.298175
187.346550
187.395900
187.423650
187.471550
187.495300
187.536250
187.766850
187.839550
187.964450
188.035950
188.076400
188.134250
188.143475
188.203575
188.301325
188.318350
188.365525
188.531550
188.620900
188.721625
188.777525
188.856025
188.982500
189.049825
189.106875
189.147825
189.358875
189.438075
189.481525
189.595750
189.610850
189.665300
189.694950
189.734425
189.747850
189.774900
189.815175
189.856175
189.918250
189.959175
189.991775
190.135625
190.166950
190.206150
190.237275
190.304200
190.332325
190.384050
190.416275
190.460350
190.495350
190.534550
190.536425
190.613300
190.695275
190.755600
190.777700
190.784550
190.863350
190.874225
190.888650
190.939625
190.992900
191.007050
191.093375
191.104150
191.140525
191.169250
191.184825
191.196675
191.211000
191.249050
191.302350
191.306050
191.345050
191.407650
191.438725
191.477175
191.504050
191.525550
191.565225
191.582525
191.607900
191.639375
191.692725
191.740675
191.765875
191.786825
191.795150
191.822675
191.904700
191.959975
191.985600
192.003325
192.010275
192.026875
192.039525
192.079625
192.132375
192.163400
192.224325
192.331050
192.433025
192.516950
192.555400
192.607675
192.655975
192.739150
192.787300
192.815525
192.877975
192.917200
192.954350
193.060975
193.125375
193.174175
193.192900
193.233825
193.250025
193.295600
193.309250
193.315525
193.335025
193.422025
193.542500
193.626600
193.673100
193.688050
193.706350
193.830350
193.872700
193.972550
194.040875
194.112750
194.148325
194.168800
194.199750
194.285525
194.326200
194.332100
194.380925
194.411500
194.448375
194.494425
194.548075
194.576625
194.617825
194.691800
194.704800
194.755250
194.796625
194.829825
194.878525
194.996900
195.026075
195.058525
195.084825
195.151275
195.209975
195.243200
195.270800
195.466350
195.483275
195.542975
195.579300
195.610700
195.661400
195.703525
195.787150
195.821225
195.920075
195.963825
195.998700
196.015600
196.045875
196.075525
196.146625
196.230425
196.386450
196.478075
196.511925
196.549525
196.592925
196.622900
196.655575
196.693075
196.797075
196.856925
196.884500
196.925675
196.937250
196.989175
197.004850
197.071250
197.097300
197.114625
197.157575
197.175025
197.221575
197.262325
197.296300
197.324025
197.351300
197.369525
197.414375
197.437100
197.498900
197.551175
197.565425
197.635225
197.685075
197.704225
197.778525
197.807500
197.836825
197.842950
197.857650
197.932525
197.944650
197.981950
198.004075
198.084150
198.129075
198.272075
198.319025
198.330550
198.440775
198.489800
198.538450
198.696900
198.713425
198.854375
198.884100
198.948925
198.969850
198.996150
198.999125
199.099800
199.211250
199.281350
199.428900
199.463075
199.659200
199.757175
199.796650
199.833150
199.862275
199.951350
200.016250
200.063625
200.105975
200.185000
200.260750
200.301075
200.328125
200.425975
200.469675
200.484100
200.532300
200.572575
200.647175
200.705600
200.725650
200.814525
200.839925
200.891975
200.900875
200.941125
200.993050
201.000725
201.023550
201.166200
201.314175
201.358700
201.456025
201.517300
201.546575
201.577100
201.634425
201.717350
201.773900
201.795175
201.828800
201.861725
201.867975
201.940125
201.979250
202.013475
202.109700
202.199175
202.261350
202.348275
202.402750
202.480400
202.550150
202.564550
202.597950
202.702675
202.738300
202.818050
202.839775
202.863900
202.907150
202.955025
203.007275
203.036150
203.060825
203.144000
203.158075
203.198225
203.245300
203.273525
203.361850
203.388900
203.494750
203.593925
203.603250
203.669250
203.722900
203.760725
203.811000
203.894050
203.984125
204.047200
204.073650
204.112300
204.151175
204.157375
204.182925
204.223475
204.345425
204.364625
204.466750
204.468275
204.508375
204.563525
204.718500
204.811425
204.852675
204.890575
204.917550
204.957600
204.989750
205.028975
205.127225
205.178300
205.276075
205.353925
205.367000
205.447225
205.477425
205.578250
205.709350
205.730225
205.775525
205.815000
205.924800
206.046250
206.049450
206.154225
206.244600
206.310850
206.400975
206.444225
206.552875
206.586825
206.604450
206.626250
206.653275
206.675550
206.764875
206.791725
206.817525
206.862175
206.930050
206.935775
206.989325
207.038175
207.061625
207.101200
207.159100
207.170525
207.332650
207.420175
207.452450
207.481750
207.540650
207.585125
207.618775
207.654850
207.681325
207.700750
207.756825
207.784250
207.807075
207.850075
207.938350
207.965275
208.029550
208.260800
208.295975
208.326800
208.349800
208.364825
208.387575
208.408475
208.457175
208.464175
208.550950
208.569725
208.627875
208.633000
208.664475
208.722950
208.744125
208.746650
208.817425
208.834775
208.873500
208.914050
208.925325
208.939075
208.965875
208.990400
209.014025
209.042225
209.078200
209.088625
209.089675
209.115675
209.230025
209.241475
209.267625
209.367275
209.429625
209.522325
209.552850
209.633575
209.648250
209.703875
209.735150
209.809425
209.870400
209.917725
209.939975
209.993675
210.049150
210.106500
210.151400
210.205750
210.218625
210.307400
210.343675
210.383200
210.420900
210.474600
210.509875
210.530600
210.554775
210.561975
210.593700
210.869050
210.979800
211.133475
211.160500
211.241200
211.289550
211.375825
211.465200
211.500800
211.577275
211.871450
211.943675
211.959450
211.981350
212.049300
212.108200
212.180250
212.231050
212.352175
212.406750
212.459050
212.520075
212.572200
212.632200
212.647800
212.739550
212.824075
212.947725
212.965225
213.024550
213.057250
213.123950
213.139300
213.152000
213.189425
213.410925
213.441350
213.497600
213.521025
213.605175
213.634850
213.642725
213.723750
213.784775
213.930075
214.003025
214.038425
214.095100
214.144825
214.157825
214.265750
214.291375
214.318800
214.378125
214.415700
214.442475
214.490900
214.617025
214.796675
214.839550
215.018950
215.065325
215.091100
215.215200
215.398675
215.409300
215.421950
215.552925
215.579025
215.609825
215.948175
215.994250
216.028000
216.104600
216.182450
216.263200
216.333425
216.421500
216.449400
216.479575
216.535050
216.646950
216.667625
216.741425
216.766100
216.860600
216.992300
217.084425
217.110800
217.165000
217.282150
217.380500
217.421750
217.551925
217.588675
217.660475
217.697625
217.743100
217.869000
217.907425
217.950675
217.985100
218.021650
218.122000
218.180275
218.243325
218.366150
218.410050
218.466000
218.534075
218.649525
218.685675
218.918550
218.987000
219.068850
219.112375
219.185100
219.216225
219.292700
219.471150
219.503500
219.522975
219.542325
219.583000
219.723750
219.765925
219.902275
219.924650
220.002550
220.026725
220.072400
220.129875
220.236475
220.434200
220.480500
220.559675
220.573775
220.651375
220.687325
220.725825
220.765775
220.964200
221.050550
221.112775
221.151175
221.280750
221.308350
221.451225
221.475500
221.579025
221.691000
221.712500
221.756025
221.787150
221.831700
221.880475
221.911700
221.933975
221.981925
222.037100
222.079325
222.185850
222.220225
222.257975
222.418950
222.565500
222.713350
222.735550
222.832000
222.912425
222.973550
223.000950
223.071100
223.148475
223.316625
223.359750
223.393050
223.472600
223.478800
223.578025
223.609775
223.638675
223.656025
223.703325
223.775100
223.999175
224.061675
224.162125
224.216825
224.265650
224.378625
224.416125
224.496100
224.562950
224.594950
224.682175
224.735825
224.800725
224.886600
224.943600
225.068100
225.097325
225.143325
225.245350
225.326750
225.377000
225.420175
225.592050
225.640875
226.154200
226.236425
226.535675
226.596200
226.652800
226.714800
226.764225
226.824475
226.854875
226.900800
227.008000
227.040200
227.111200
227.151800
227.185425
227.292275
227.346325
227.368450
227.389000
227.411475
227.431525
227.574800
227.585250
227.630075
227.666100
227.733025
227.766375
227.841125
227.904825
227.951175
228.044100
228.061275
228.080800
228.106525
228.125725
228.154950
228.196050
228.238925
228.295475
228.315375
228.321450
228.369375
228.418150
228.475775
228.519900
228.558275
228.695200
228.740675
228.795700
228.821700
228.848725
228.875800
228.933000
228.962450
228.977100
229.007675
229.081575
229.091000
229.140475
229.171125
229.237250
229.296200
229.417150
229.484875
229.505700
229.509400
229.551775
229.580050
229.674200
229.720350
229.789300
229.811200
230.013750
230.087750
230.116700
230.139125
230.197450
230.243900
230.301125
230.337225
230.401300
230.429275
230.488150
230.520650
230.556350
230.610000
230.716950
230.739550
230.757450
230.844200
230.857875
230.889925
230.928200
230.931150
230.968575
230.993475
231.098575
231.170325
231.187675
231.223700
231.253500
231.277775
231.297650
231.397000
231.428125
231.478800
231.498100
231.545375
231.559575
231.629050
231.691175
231.755075
231.783475
231.815075
231.853225
231.892975
232.025375
232.045400
232.059875
232.120000
232.142675
232.152700
232.192650
232.273975
232.321200
232.344075
232.363000
232.431575
232.458125
232.494375
232.567675
232.594750
232.620725
232.725400
232.735625
232.750475
232.755350
232.813625
232.916125
232.933625
232.947050
232.976600
233.041425
233.149250
233.194300
233.216425
233.250425
233.275525
233.289200
233.351250
233.382875
233.401100
233.430375
233.451825
233.472850
233.486350
233.519650
233.554775
233.636000
233.666500
233.742700
233.786875
233.831200
233.864800
233.890975
233.911450
233.952975
234.009850
234.028750
234.048925
234.113450
234.201575
234.319675
234.389325
234.473225
234.511025
234.595800
234.643875
234.667900
234.693475
234.731750
234.813875
234.831275
234.842925
234.874075
234.909875
235.018225
235.054400
235.126575
235.137400
235.178975
235.224175
235.227750
235.329900
235.394100
235.420175
235.427025
235.459725
235.585250
235.596525
235.645600
235.684600
235.692025
235.757800
235.811775
235.868400
235.991550
236.013950
236.105775
236.120650
236.150100
236.242200
236.286050
236.333650
236.502600
236.605875
236.644050
236.660750
236.671375
236.684000
236.719950
236.737725
236.817625
236.848700
236.904450
236.955150
237.014350
237.073125
237.102425
237.130575
237.169400
237.192375
237.220100
237.240550
237.312300
237.327975
237.466325
237.523875
237.636925
237.683925
237.724825
237.735350
237.822050
237.894725
237.921775
238.015725
238.217075
238.256750
238.544525
238.576375
238.670275
238.732600
238.786375
238.909300
239.186350
239.190500
239.389700
239.702025
239.749525
239.784000
239.929250
240.260725
240.344250
240.476075
240.603800
240.671200
240.881000
240.992625
241.060750
241.157175
241.205850
241.445575
241.483200
241.525425
241.603050
241.683075
241.739650
241.755325
241.803700
241.833675
241.878475
242.031700
242.064075
242.099250
242.161725
242.194350
242.217975
242.292725
242.308100
242.413125
242.649425
242.688350
242.809025
242.851850
242.904700
242.930875
243.221950
243.257200
243.304500
243.336850
243.353200
243.371000
243.408250
243.550525
243.663475
243.784125
243.812725
243.841750
243.912725
243.925900
243.955875
244.027175
244.147100
244.198525
244.365950
244.414925
244.453875
244.478125
244.548700
244.669925
244.769575
244.796325
244.883875
245.034725
245.096100
245.210200
245.277775
245.546075
245.572050
245.673050
245.750050
245.883400
246.042700
246.078650
246.528950
246.662975
246.780550
246.821575
246.869925
247.004275
247.037600
247.279100
247.304025
247.437175
247.489050
247.539325
247.603725
247.652125
247.804950
247.887400
247.931325
247.967825
248.038175
248.120225
248.151000
248.167400
248.347025
248.398900
248.674950
248.712175
248.783900
248.914400
248.957100
249.026375
249.200950
249.274675
249.871050
249.939125
250.049775
250.130575
250.215800
250.284450
250.314575
250.367525
250.411400
250.433375
250.493375
250.557800
250.963250
251.085600
251.141925
251.261700
251.395750
251.601975
251.632775
251.701700
251.783975
251.816425
251.841425
251.871975
251.960750
252.006400
252.059625
252.120200
252.164325
252.341925
252.407675
252.449550
252.553075
252.660050
252.725625
252.746525
252.821950
252.880725
252.913025
252.947350
253.012075
253.061450
253.091350
253.119550
253.135100
253.169050
253.205100
253.235550
253.247350
253.265600
253.358425
253.383350
253.436075
253.488775
253.510625
253.576600
253.613300
253.672875
253.702875
253.743150
253.801300
253.807775
253.829800
253.927500
254.021375
254.045100
254.110125
254.177550
254.200900
254.228075
254.270325
254.296950
254.373800
254.411775
254.421975
254.539375
254.579850
254.640275
254.658975
254.740750
254.788800
254.954675
255.003475
255.093275
255.131550
255.208025
255.272875
255.316800
255.399350
255.447025
255.493450
255.557400
255.577800
255.636450
255.683175
255.718500
255.803750
255.926300
255.942950
255.968050
256.013250
256.036625
256.071950
256.097975
256.233275
256.266350
256.329025
256.398250
256.475500
256.540100
256.576450
256.601050
256.635700
256.678700
256.753000
256.774850
256.865975
256.880325
256.897575
256.954200
256.994425
257.060275
257.099775
257.169250
257.209025
257.241925
257.261250
257.314050
257.337000
257.473225
257.561875
257.630100
257.663825
257.693950
257.735925
257.772325
257.794525
257.831850
257.861175
257.868525
257.906225
257.962150
258.000650
258.107150
258.464175
258.879450
258.926025
259.025000
259.067000
259.106025
259.126500
259.184475
259.201625
259.245100
259.265575
259.280975
259.290850
259.322775
259.338025
259.355575
259.403575
259.415625
259.434625
259.456750
259.520500
259.527275
259.649850
259.674200
259.684475
259.691325
259.745225
259.768700
259.793075
259.805800
259.820700
259.866800
259.886025
259.909800
259.961575
259.983225
259.991150
260.021625
260.036675
260.044675
260.078225
260.105600
260.113125
260.143700
260.692800
260.785350
260.810850
260.950275
261.076800
261.114550
261.166675
261.419225
261.503600
261.914950
262.029800
262.062425
262.134650
262.173175
262.322325
262.378700
262.558675
262.605775
262.635800
262.760550
263.083425
263.583200
263.644925
263.650400
263.661175
263.710575
263.722975
263.780650
263.991400
264.055825
264.128575
264.160450
264.208100
264.260225
264.329775
264.385450
264.567500
264.647225
264.656000
264.733375
264.802425
264.908275
264.939375
264.996700
265.133225
265.277025
265.307625
265.350675
265.390500
265.457225
265.655675
265.780275
266.019675
266.113000
266.214100
266.271100
266.328175
266.355100
266.432450
266.636250
266.749775
266.981600
267.054775
267.097025
267.286000
267.588975
267.656300
267.715725
268.052875
268.244700
268.429075
268.497875
268.526950
269.004150
269.089050
269.161325
269.214750
269.291725
269.319750
269.360350
269.378575
269.421150
269.447625
269.479775
269.545425
269.600100
269.892250
270.018025
270.025175
270.122200
270.128775
270.150750
270.196700
270.470950
270.614275
270.677975
270.794700
270.812075
270.902400
270.964425
271.086925
271.135025
271.244675
271.496150
271.547575
271.587125
271.620050
271.679750
271.730975
271.775800
271.899900
272.041400
272.165100
272.205350
272.254125
272.322475
272.492075
272.739175
272.764875
272.889925
273.016225
273.082775
273.191075
273.240700
273.420725
273.576200
273.739625
273.798075
273.854625
273.938025
273.983650
274.066750
274.246325
274.303525
274.644725
274.699500
275.052725
275.064550
275.129975
275.220225
275.258025
275.327425
275.355125
275.393650
275.418450
275.491625
275.544250
275.597500
275.643975
275.721425
275.751975
275.774100
275.919600
275.945600
275.965275
275.986925
276.005025
276.049900
276.073850
276.108900
276.137650
276.165225
276.258450
276.327700
276.430875
276.479775
276.567625
276.712725
276.859975
276.987600
277.026825
277.177550
277.337100
277.483475
277.628475
277.702200
277.876325
278.095225
278.117625
278.172075
278.238650
278.320600
278.412725
278.496825
278.522675
278.535775
278.564150
278.591675
278.609325
278.679325
278.703800
278.773775
278.839400
278.889125
278.910600
278.993675
279.031625
279.067150
279.080850
279.171925
279.232325
279.269125
279.318375
279.349950
279.392000
279.429900
279.515425
279.564550
279.580025
279.608925
279.619800
279.645425
279.651725
279.681350
279.762150
279.919725
279.987500
280.032550
280.094450
280.151875
280.182100
280.207250
280.227050
280.258475
280.295225
280.308050
280.310575
280.385025
280.402750
280.442775
280.514500
280.520425
280.563350
280.618050
280.633125
280.685300
280.728500
280.755750
280.843050
280.935350
280.966700
280.978000
281.040950
281.045575
281.067750
281.105825
281.153450
281.242450
281.282725
281.332750
281.372300
281.422275
281.465425
281.631900
281.642550
281.746050
281.817375
281.863775
281.876100
281.917900
281.940975
281.987175
282.030875
282.116150
282.138850
282.158825
282.219325
282.248450
282.280100
282.309175
282.392450
282.515650
282.605575
282.643025
282.665500
282.712675
282.750550
282.822050
282.904025
282.983950
283.001675
283.028450
283.048625
283.053100
283.087750
283.207425
283.236325
283.323100
283.386725
283.400325
283.429275
283.454850
283.531125
283.540800
283.762300
283.807700
283.933600
284.022450
284.090225
284.167475
284.284850
284.333875
284.377650
284.418125
284.478175
284.525275
284.580650
284.613900
284.692100
284.793275
284.873125
284.902975
285.010975
285.118000
285.149825
285.235225
285.294625
285.320400
285.476950
285.514800
285.551050
285.607800
285.663525
285.773950
285.900700
285.965625
286.096100
286.131000
286.285950
286.316050
286.345925
286.451100
286.516150
286.676475
286.747200
286.851025
286.888850
286.941225
286.981800
287.045300
287.137025
287.200325
287.242625
287.257200
287.348125
287.385575
287.418275
287.460575
287.493650
287.548450
287.582925
287.667300
287.696175
287.850500
288.030925
288.087375
288.154675
288.227650
288.241900
288.321425
288.470575
288.525900
288.565225
288.607450
288.819650
288.901300
288.956725
289.045775
289.142325
289.178100
289.204275
289.234300
289.301225
289.364900
289.391875
289.482425
289.518825
289.554050
289.581750
289.612100
289.641625
289.697175
289.749875
289.760800
289.796375
289.809675
289.866975
290.010175
290.106025
290.165250
290.240975
290.295700
290.316650
290.361575
290.374225
290.379500
290.479150
290.492725
290.542750
290.579525
290.648175
290.690425
290.779950
290.812975
290.945050
290.999775
291.115625
291.134200
291.181675
291.242500
291.262425
291.339100
291.394150
291.432575
291.482525
291.578050
291.721050
291.803075
291.962750
292.009275
292.054700
292.083225
292.118550
292.195850
292.226075
292.255475
292.275650
292.356725
292.395575
292.433250
292.648750
292.743000
292.958900
293.031200
293.065275
293.244950
293.311125
293.433750
293.517975
293.631200
293.727875
293.745550
293.759000
293.821775
293.839850
293.981250
294.018100
294.066900
294.112100
294.147300
294.199725
294.229550
294.251000
294.299125
294.326250
294.340075
294.387075
294.457900
294.536950
294.700150
294.746450
294.826350
294.893950
294.999825
295.013875
295.091850
295.131950
295.158625
295.186250
295.326175
295.380350
295.436925
295.530925
295.568375
295.642625
295.734750
295.914950
295.919725
295.997125
296.058425
296.130525
296.142650
296.164575
296.176725
296.215675
296.264650
296.270825
296.299350
296.325625
296.345875
296.399750
296.436875
296.536450
296.558600
296.664650
296.691925
296.775325
296.826650
296.835050
296.944975
296.988325
297.126350
297.178900
297.214750
297.247600
297.441025
297.505600
297.595450
297.645875
297.709100
297.790850
297.843850
297.910225
297.994900
298.098650
298.177575
298.228800
298.375000
298.488475
298.525775
298.590025
298.701400
298.846775
298.923725
298.943775
298.987200
299.011725
299.052525
299.118875
299.335000
299.373675
299.419375
299.472875
299.598575
299.653125
299.705650
299.785700
299.869700
299.923075
299.982850
300.020500
300.073900
300.125000
300.176700
300.260800
300.453650
300.657600
300.704275
300.768575
300.795900
300.819825
300.863150
300.869525
300.916375
300.953450
300.996450
301.018225
301.119775
301.220800
301.260675
301.296775
301.347475
301.390775
301.551925
301.593850
301.641200
301.790175
301.829925
301.850075
301.944700
302.056575
302.101900
302.140300
302.151800
302.206000
302.235025
302.275500
302.284125
302.378450
302.392450
302.424400
302.476625
302.520325
302.651000
302.670775
302.726225
302.770375
302.844375
302.890400
302.922675
302.964175
302.996925
303.022500
303.061100
303.065475
303.113100
303.190975
303.248175
303.324800
303.373550
303.432075
303.598125
303.837275
303.849900
303.920300
303.951700
303.972475
304.008075
304.139025
304.164950
304.216100
304.279025
304.359900
304.398900
304.489800
304.518450
304.659375
304.708950
304.738300
304.793125
304.809950
304.864375
304.892300
304.925900
304.943425
304.960325
304.972450
304.991050
305.017175
305.029600
305.158875
305.208850
305.230600
305.348075
305.382775
305.434250
305.492075
305.554150
305.659525
305.705250
305.739800
305.769600
305.835275
305.951150
306.101250
306.118925
306.206100
306.257450
306.397600
306.465500
306.602300
306.670550
306.698175
306.868850
306.908425
306.991150
307.092075
307.218675
307.365225
307.439350
307.534400
307.652425
307.815675
307.960100
308.004050
308.071150
308.115550
308.139525
308.198550
308.208000
308.342275
308.360475
308.408750
308.437725
308.465025
308.493250
308.699575
308.767700
308.835350
308.871850
309.116150
309.154325
309.230475
309.278800
309.365100
309.489625
309.542025
309.561200
309.693125
309.769800
309.809200
309.912650
310.025400
310.079700
310.162375
310.229725
310.293600
310.316000
310.350025
310.514350
310.531875
310.604975
310.751100
310.788600
310.840300
310.885500
311.008100
311.055125
311.076775
311.138775
311.167075
311.194525
311.237475
311.365900
311.430075
311.463075
311.483975
311.517750
311.603625
311.655800
311.726375
311.778225
311.900325
312.009825
312.069675
312.136625
312.198100
312.249025
312.312125
312.324875
312.421275
312.518800
312.565650
312.960475
313.022275
313.168050
313.219400
313.312975
313.350650
313.473675
313.526275
313.607675
313.675650
313.700650
313.796425
313.831875
313.863000
313.878650
313.888675
313.914000
314.095750
314.169075
314.210800
314.239900
314.328825
314.351275
314.352450
314.444675
314.477200
314.500250
314.521950
314.592400
314.659750
314.717275
314.737275
314.760875
314.788550
314.799475
314.841375
314.972825
315.011350
315.045400
315.064150
315.093550
315.113500
315.145800
315.163800
315.192250
315.213125
315.272375
315.370375
315.461075
315.517200
315.752325
315.946300
316.043250
316.116175
316.142150
316.305025
316.345550
316.355050
316.397675
316.443225
316.522825
316.552075
316.655750
316.676050
316.940575
317.109300
317.125875
317.235400
317.366375
317.514150
317.575825
317.629600
317.748875
317.867200
318.016050
318.041725
318.066850
318.087850
318.165600
318.290025
318.402925
318.425800
318.489950
318.558325
318.662300
318.797175
318.848325
318.952925
319.174150
319.221050
319.268750
319.423375
319.458650
319.523150
319.568725
319.630575
319.681625
319.798950
319.841325
319.981025
320.151325
320.193650
320.233100
320.263600
320.663025
320.805750
320.851875
320.922650
320.965000
321.030775
321.240000
321.261550
321.326950
321.372300
321.485475
321.507425
321.530850
321.577200
321.627825
321.750375
322.005575
322.042125
322.088325
322.152950
322.154050
322.224725
322.319925
322.356775
322.375450
322.472650
322.681850
322.790775
322.830625
322.924350
322.987550
323.114575
323.175500
323.226525
323.265250
323.366050
323.437325
323.521775
323.614900
323.657975
323.690025
323.729875
323.810350
323.843500
324.088675
324.226325
324.372825
324.473725
324.576325
324.612025
324.647600
324.717375
324.820375
324.882325
324.914350
324.979575
325.059925
325.143550
325.323000
325.422425
325.441875
325.473725
325.518000
325.532250
325.556550
325.597475
325.623150
325.645075
325.694450
325.755475
325.810625
325.841950
325.901850
325.946650
325.978875
326.019900
326.057600
326.105050
326.185925
326.208425
326.237375
326.293600
326.353025
326.507400
326.531775
326.608525
326.635275
326.672300
326.704025
326.734300
326.746225
326.783200
326.952150
326.991650
327.033875
327.084125
327.138425
327.155475
327.288325
327.306400
327.345950
327.365325
327.451600
327.639325
327.746400
327.761350
327.804450
327.895000
327.944125
327.976825
328.078375
328.120025
328.129250
328.199825
328.242825
328.261975
328.306950
328.362450
328.499625
328.598050
328.611600
328.739925
328.747975
328.822425
328.862600
329.079600
329.129700
329.177425
329.346750
329.456325
329.488650
329.509175
329.617350
329.641600
329.683650
329.725400
329.770125
329.787575
329.896050
329.936850
329.953550
329.989875
330.099925
330.185775
330.231600
330.364175
330.427750
330.434925
330.523025
330.534425
330.771975
330.893425
330.964500
330.990750
331.031250
331.065350
331.168675
331.406925
331.442875
331.476800
331.490325
331.587550
331.738125
331.785775
331.842450
332.061450
332.107400
332.198675
332.292125
332.356975
332.384300
332.489950
332.552875
332.669800
332.820025
332.835075
332.868400
332.947775
332.977825
333.118525
333.149025
333.179875
333.211300
333.230675
333.321100
333.359300
333.441700
333.484775
333.581950
333.627475
333.637000
333.653100
333.700025
333.742225
333.767075
333.858350
333.912300
333.933675
334.113225
334.222225
334.242450
334.259675
334.325000
334.374475
334.476475
334.569850
334.635675
334.657975
334.693525
334.897050
334.979850
334.996375
335.099775
335.211825
335.239850
335.321800
335.510675
335.587700
335.678550
335.700400
335.735150
335.746025
335.929975
335.936900
335.985875
336.003550
336.051225
336.080675
336.131900
336.159900
336.161750
336.186525
336.301000
336.319925
336.440825
336.516375
336.557200
336.677850
336.741050
336.768275
336.821325
336.854100
336.974875
337.062925
337.071950
337.094700
337.146100
337.209775
337.243225
337.304600
337.346175
337.504150
337.654725
337.671450
337.698150
337.792525
337.886725
338.036925
338.092425
338.160925
338.240300
338.280400
338.353925
338.432425
338.507275
338.724825
338.792225
338.885850
339.041550
339.084825
339.144225
339.217150
339.270200
339.323425
339.395275
339.433300
339.648300
339.687175
339.713975
339.742625
339.824725
339.946800
340.031100
340.092750
340.180650
340.229700
340.414950
340.462450
340.498925
340.545750
340.581675
340.636950
340.657025
340.696425
340.757600
340.794175
340.804100
340.858300
340.907925
340.912100
340.932875
340.953825
341.011650
341.028600
341.147275
341.156950
341.250100
341.393950
341.445425
341.464725
341.633625
341.715575
341.799100
341.833325
341.910275
341.981925
342.156350
342.545175
342.828075
342.896850
342.932225
342.984750
343.050100
343.057925
343.134750
343.180600
343.228725
343.252425
343.294550
343.395125
343.459175
343.518425
343.553875
343.613825
343.635075
343.698575
343.711925
343.775875
343.829400
343.859100
343.904450
343.924100
343.964500
344.095675
344.149550
344.219575
344.321000
344.345125
344.414900
344.444150
344.492475
344.554175
344.658500
344.690900
344.711050
344.776725
344.876150
344.930150
344.967025
345.014525
345.038550
345.112275
345.179575
345.213700
345.378775
345.429650
345.560150
345.667025
345.710900
345.717375
345.783725
345.824450
345.846975
345.881700
345.928300
345.943225
345.988325
346.011775
346.083150
346.119550
346.152950
346.177300
346.233425
346.307400
346.316975
346.339200
346.366975
346.387625
346.417600
346.460425
346.501400
346.583325
346.622400
346.662100
346.688125
346.759600
346.795500
346.827100
346.929075
346.937900
346.992200
347.008075
347.037900
347.175125
347.207425
347.417675
347.447175
347.495400
347.515525
347.529275
347.562850
347.608175
347.640300
347.674000
347.750650
347.911450
348.008100
348.077825
348.221075
348.358425
348.434225
348.494900
348.598125
348.625025
348.676675
349.030425
349.129600
349.162975
349.192050
349.250150
349.318750
349.450350
349.479900
349.503725
349.515700
349.618775
349.715600
349.736950
349.770600
349.831450
349.857450
349.899475
349.946425
350.198175
350.233025
350.297500
350.333600
350.370250
350.430250
350.447075
350.560550
350.632175
350.721075
350.778250
350.790575
350.811600
350.871300
350.891925
350.962075
350.995275
351.145750
351.161075
351.263075
351.303275
351.358450
351.380075
351.417850
351.478100
351.537750
351.560875
351.611925
351.616550
351.678975
351.718150
351.782000
351.796800
351.811100
351.938825
351.959675
351.969425
352.092500
352.149875
352.181125
352.327350
352.348025
352.390850
352.417675
352.461950
352.488600
352.527775
352.632825
352.701575
352.780325
352.884625
352.902200
352.952500
352.988200
353.031025
353.080350
353.158650
353.189475
353.207225
353.225350
353.323525
353.366000
353.436175
353.476500
353.491650
353.618375
353.665950
353.680525
353.769650
353.816325
353.871475
353.933625
353.949150
353.994250
354.016900
354.024325
354.097450
354.141325
354.167325
354.221275
354.234125
354.407975
354.442475
354.537850
354.564350
354.612575
354.743625
354.794950
354.824750
354.830675
354.968250
354.988425
354.992125
355.062100
355.085725
355.166775
355.299425
355.320200
355.362125
355.464325
355.541575
355.593925
355.678450
355.713775
355.737650
355.789800
355.833800
355.858375
355.921700
355.979325
356.139900
356.180775
356.214775
356.301300
356.348600
356.392600
356.501025
356.604050
356.626575
356.662225
356.724100
356.766825
356.849225
356.900625
356.962525
357.025950
357.047325
357.157050
357.187975
357.202425
357.391825
357.471225
357.572350
357.642300
357.717875
357.782475
357.817225
357.912050
357.919725
357.949075
357.994275
358.084675
358.098250
358.130700
358.170050
358.257200
358.281525
358.357350
358.394725
358.493125
358.594600
358.627100
358.632100
358.674425
358.699200
358.747050
358.764450
358.816475
358.949475
358.958400
359.046875
359.109975
359.132350
359.139050
359.181650
359.204450
359.268425
359.292050
359.325500
359.361950
359.388325
359.413700
359.449450
359.492625
359.535975
359.584550
359.646425
359.731225
359.815050
359.856425
359.908400
360.004550
360.047000
360.052775
360.153075
360.168375
360.250025
360.261150
360.309700
360.432925
360.630825
360.797225
361.049950
361.152950
361.198500
361.315425
361.451875
361.474250
361.488700
361.499875
361.607575
361.755625
361.896850
361.947900
361.981350
361.991375
362.077225
362.141625
362.161425
362.186775
362.201250
362.372975
362.553450
362.610725
362.630075
362.687975
362.744275
362.753975
362.762125
362.863450
362.976800
363.004525
363.020975
363.030950
363.041375
363.049325
363.103075
363.162175
363.339950
363.400925
363.466575
363.535350
363.625400
363.829325
364.050175
364.099850
364.203525
364.289575
364.334950
364.729325
364.816625
364.861200
364.912550
364.973675
365.087800
365.107900
365.344425
365.443650
365.473425
365.800225
365.845100
365.948775
366.208675
366.248900
366.606975
366.767350
366.865875
367.029475
367.228775
367.268700
367.302975
367.354975
367.448925
367.505400
367.583025
367.627675
367.864250
367.955075
368.164150
368.238900
368.284925
368.352675
368.717875
368.755275
369.443600
369.506225
370.135350
370.167525
370.442825
370.489250
370.553550
370.587750
370.632875
370.700350
370.811225
370.836550
371.026800
371.065500
371.115800
371.247300
371.340300
371.514800
371.555300
371.761125
371.826275
372.031025
372.286150
372.361600
372.520650
372.889775
372.925325
373.088375
373.163550
373.203425
373.223525
373.358475
373.518475
373.680275
373.716200
373.828500
373.935975
374.141350
374.164175
374.258450
374.288425
374.356450
374.451675
374.578525
374.617500
374.815625
374.938425
374.984525
375.052875
375.104925
375.283650
375.304625
375.326075
375.356000
375.429625
375.462650
375.490975
375.565025
375.629975
375.669525
375.719550
375.841075
375.972850
376.090875
376.131175
376.221500
376.255325
376.301225
376.379750
376.421775
376.446050
376.610725
376.652675
376.682850
376.719100
376.781500
376.912250
376.945200
376.980150
377.075400
377.267150
377.281875
377.412975
377.569650
377.583075
377.717300
377.781250
377.890175
378.018550
378.206350
378.239675
378.262700
378.336575
378.362825
378.365425
378.392575
378.437450
378.488175
378.568950
378.602900
378.707750
378.743500
378.800925
378.891550
378.985225
379.059650
379.148075
379.174875
379.204000
379.221250
379.241875
379.267500
379.364325
379.577150
379.681975
379.781275
379.879525
379.899175
379.948475
379.984075
380.085375
380.100675
380.348400
380.370625
380.398575
380.440900
380.583825
380.621950
380.716800
380.743050
380.915225
380.946475
381.028300
381.102400
381.156650
381.234800
381.262375
381.354650
381.383875
381.555675
381.586800
381.612500
381.679725
381.785975
381.821950
381.873875
382.049375
382.135450
382.211875
382.282425
382.331975
382.379075
382.420225
382.451275
382.482925
382.545750
382.750250
382.828875
382.847825
382.895250
382.990750
383.128450
383.228850
383.308025
383.347050
383.394775
383.518450
383.657600
383.898600
383.918125
383.951600
384.014425
384.060525
384.130975
384.148400
384.212300
384.224400
384.271475
384.282850
384.364250
384.514775
384.524675
384.533950
384.633775
384.678725
384.733775
384.776850
384.859225
384.899325
384.942150
384.984000
385.023175
385.104625
385.190650
385.215200
385.308425
385.381200
385.512300
385.569400
385.621325
385.647275
385.776925
385.852625
385.955650
386.128825
386.196625
386.239125
386.279875
386.353250
386.490850
386.566325
386.691450
386.743550
386.830950
386.853900
386.926375
387.063700
387.111900
387.162300
387.226350
387.279625
387.343400
387.366850
387.405125
387.488950
387.493800
387.713000
387.724525
387.853450
387.920375
387.950500
388.060150
388.121900
388.251050
388.336075
388.444000
388.483450
388.534600
388.550200
388.660300
388.752450
388.913450
389.098850
389.257475
389.318350
389.417675
389.455875
389.479250
389.585775
389.632300
389.800050
390.052250
390.093325
390.192075
390.257575
390.329925
390.363050
390.447450
390.496375
390.568275
390.631175
390.698400
390.722525
390.853625
390.875300
390.942875
390.970650
391.013650
391.038350
391.062725
391.090375
391.119950
391.166650
391.196150
391.212975
391.277475
391.425275
391.605700
391.630025
391.664775
391.803800
391.863850
391.893200
391.947325
391.955700
391.983300
392.054100
392.065775
392.096375
392.134650
392.142650
392.180750
392.198725
392.266000
392.287350
392.306050
392.433675
392.742775
392.798300
392.815875
392.869725
392.950650
393.042125
393.218975
393.238900
393.323725
393.352850
393.480075
393.624975
393.657250
393.702550
393.732075
393.772975
393.872650
393.897350
393.963425
393.996725
394.039075
394.096750
394.144975
394.332425
394.558325
394.582075
394.643150
394.701625
394.760200
394.841600
394.847850
394.877900
394.917300
395.094050
395.119675
395.147125
395.293400
395.389150
395.433150
395.533325
395.610825
395.790375
395.915325
396.062825
396.255375
396.270800
396.329150
396.374050
396.408400
396.472200
396.508175
396.606350
396.668350
396.767500
396.809775
396.846075
396.897750
396.942225
396.971475
397.005275
397.055625
397.095425
397.151700
397.277275
397.426350
397.504325
397.542850
397.574800
397.605825
397.634050
397.694925
397.791100
397.814325
397.852650
397.887475
397.937625
397.952575
397.980575
398.016175
398.063875
398.103075
398.211725
398.243025
398.360100
398.412525
398.438850
398.468150
398.554450
398.575600
398.682050
398.722975
398.805525
398.933475
398.963925
398.974350
399.025375
399.050000
399.097575
399.373725
399.450400
399.584275
399.632875
399.657075
399.683550
399.751700
399.805525
399.933900
400.062425
400.071450
400.157625
400.234175
400.292450
400.426500
400.619725
401.058250
401.081675
401.399425
401.429575
401.492000
401.509275
401.618050
401.648850
401.693575
401.735800
401.800900
401.835650
401.891325
401.982625
402.043200
402.075250
402.134875
402.166000
402.220225
402.267925
402.314375
402.338400
402.397075
402.446575
402.508550
402.584775
402.624400
402.680800
402.697900
402.718100
402.732100
402.744800
402.772525
402.809250
402.856950
402.866250
402.945000
402.975025
402.996425
403.054075
403.077025
403.131200
403.141650
403.215050
403.230400
403.234400
403.254725
403.415075
403.428550
403.461375
403.493525
403.557950
403.607825
403.637250
403.723475
403.805550
403.854075
403.930675
404.014200
404.071600
404.078900
404.128975
404.156375
404.206300
404.234775
404.312525
404.333825
404.414600
404.564175
404.591775
404.694200
404.747950
404.946750
404.987900
405.011675
405.213650
405.282000
405.305425
405.348475
405.398925
405.438625
405.450775
405.507000
405.556775
405.630700
405.650000
405.695900
405.777475
405.806675
406.080875
406.104425
406.184675
406.203950
406.247700
406.280350
406.352225
406.389150
406.391975
406.455625
406.466375
406.499475
406.574225
406.617250
406.642650
406.696300
406.708500
406.725275
406.739275
406.808975
406.851175
406.895150
406.957325
407.077025
407.102950
407.252025
407.337600
407.362350
407.414150
407.448350
407.600650
407.626000
407.709275
407.845400
407.892550
407.929450
407.955425
407.964975
407.998500
408.092625
408.102750
408.161025
408.221000
408.267775
408.317325
408.364425
408.398425
408.449950
408.508600
408.608600
408.683850
408.782075
408.821825
408.879825
408.944050
408.956800
409.024600
409.091575
409.154625
409.347925
409.482875
409.505175
409.542250
409.581275
409.702950
409.724325
409.766175
409.815300
409.869100
409.902150
409.923375
409.956850
410.015875
410.077000
410.122550
410.165850
410.182975
410.552850
410.587075
410.631175
410.664700
410.686100
410.821475
411.122875
411.220150
411.268300
411.294200
411.367700
411.507425
411.530925
411.651425
411.800025
411.902175
411.968175
412.037175
412.168900
412.246225
412.350250
412.374900
412.472350
412.676725
412.740275
412.773300
412.878900
412.944725
412.979550
413.118100
413.163800
413.227250
413.401175
413.430300
413.493400
413.527100
413.630350
413.692600
413.927225
414.028700
414.081800
414.441400
414.669475
414.715425
414.822175
414.905650
414.972600
415.491900
415.677125
415.801775
415.931625
415.947750
416.118600
416.289925
416.337575
416.496500
416.611400
416.677300
416.953475
416.997825
417.053725
417.090325
417.130400
417.262000
417.588750
417.782550
418.050800
418.170675
418.726425
418.964475
419.005750
419.572950
419.638000
419.882425
420.247025
420.553700
420.670575
420.791125
420.836750
420.879525
420.938925
421.003600
421.194625
421.227475
421.385200
421.470650
421.655225
421.854550
422.035200
422.165700
422.230125
422.355675
422.464300
422.522650
422.571350
422.752050
422.809850
422.953050
423.142225
423.263550
423.567650
423.968375
423.991700
424.053600
424.148500
424.216175
424.350600
424.611775
424.686350
424.792500
424.810450
424.844425
424.884825
424.950775
425.031425
425.104450
425.213675
425.292025
425.345900
425.444875
425.502100
425.511150
425.529350
425.553250
425.568850
425.603600
425.621150
425.668375
425.689925
425.774350
425.919100
425.973125
426.050475
426.154325
426.155400
426.196925
426.292850
426.315300
426.452000
426.470825
426.658275
426.733050
426.782350
427.009525
427.036650
427.166400
427.201200
427.262675
427.379800
427.412550
427.507425
427.530250
427.556775
427.664375
427.754250
427.878700
427.888875
427.964025
428.082650
428.195075
428.255325
428.386475
428.451650
428.550200
428.572875
428.593450
428.612500
428.632050
428.738825
428.759150
428.921325
429.188675
429.261475
429.327675
429.392125
429.600875
429.646475
429.697650
429.717300
429.766750
429.781400
429.833425
429.902175
430.019950
430.122400
430.191100
430.412025
430.507750
430.555450
430.607050
430.622275
430.727975
430.843625
430.944400
431.077325
431.153650
431.258175
431.280975
431.391125
431.499900
431.656250
431.744350
431.784350
431.819800
431.876775
431.897575
432.063600
432.100775
432.214400
432.311075
432.382450
432.416300
432.472750
432.497550
432.578400
432.583475
432.662925
432.693600
432.706075
432.721300
432.777525
432.815275
432.825600
432.869675
432.937850
433.044425
433.078725
433.133350
433.152100
433.224250
433.259875
433.311150
433.374900
433.510650
433.606800
433.642600
433.696525
433.806550
433.882625
433.974400
434.028500
434.206100
434.364125
434.526775
434.557625
434.663650
434.781450
434.960175
435.068250
435.150125
435.203875
435.283725
435.317450
435.411525
435.501950
435.689125
435.722750
435.944825
435.991175
436.160325
436.196525
436.225400
436.312475
436.409825
436.453575
436.520800
436.594075
436.763250
436.838750
436.914325
436.947875
437.004225
437.051800
437.182925
437.197950
437.280175
437.295325
437.357775
437.410625
437.460600
437.487475
437.517225
437.545350
437.590400
437.644625
437.876250
437.918925
438.062000
438.098125
438.138300
438.216600
438.293925
438.333825
438.360925
438.460875
438.543850
438.608650
438.638350
438.674850
438.819675
438.907075
438.932550
439.062200
439.076725
439.119975
439.200050
439.316750
439.338000
439.484475
439.579925
439.682950
439.805175
439.892375
439.965875
440.175475
440.306925
440.435700
440.500375
440.547450
440.614700
440.646950
440.785925
440.852550
440.863050
440.886650
441.003300
441.046350
441.101125
441.178950
441.238825
441.291975
441.338150
441.448150
441.631625
441.814350
441.852175
441.876000
441.897675
441.982675
442.019475
442.037275
442.081500
442.196400
442.240450
442.258450
442.304050
442.365025
442.413700
442.556975
442.694950
442.889200
443.079650
443.112075
443.126200
443.405050
443.487175
443.577925
443.869250
443.888875
443.956400
444.029075
444.057025
444.115975
444.159725
444.237600
444.264375
444.315325
444.359825
444.389875
444.481125
444.511750
444.528600
444.716000
444.740075
444.831800
444.862425
444.901800
445.081275
445.128825
445.172775
445.231575
445.294725
445.430825
445.660400
445.717300
445.854625
445.919125
446.058325
446.154800
446.244025
446.267325
446.471700
446.552725
446.601400
446.660800
446.702250
446.790675
446.833075
446.883625
447.084800
447.112750
447.175925
447.201050
447.225300
447.271225
447.295300
447.316500
447.341000
447.467575
447.593975
447.640250
447.674025
447.700400
447.780125
447.944550
448.036700
448.096150
448.165100
448.237700
448.249375
448.289775
448.362550
448.384100
448.493000
448.555850
448.588900
448.614925
448.694550
448.742875
448.845600
448.920175
448.993700
449.042875
449.131325
449.257400
449.299975
449.407550
449.431625
449.454150
449.515625
449.578825
449.589675
449.780200
449.809175
449.907025
449.995250
450.088600
450.189975
450.320900
450.363500
450.480775
450.563225
450.587400
450.647225
450.713325
450.739650
450.781950
450.852475
450.901800
451.065775
451.219650
451.343350
451.377200
451.473325
451.532975
451.548800
451.673625
451.709450
451.741175
451.846250
451.877575
451.929025
451.960550
452.016850
452.051175
452.171425
452.208850
452.269575
452.323800
452.367375
452.416600
452.449200
452.541525
452.638300
452.684325
452.713575
452.809025
452.834325
452.869100
452.945700
453.020500
453.188950
453.261975
453.298400
453.412650
453.495500
453.532350
453.663875
453.712050
453.910825
453.961700
453.988175
454.031700
454.128250
454.257200
454.280875
454.315050
454.385550
454.447550
454.533425
454.545700
454.594200
454.623450
454.669300
454.704150
454.756000
454.823175
454.889350
454.917775
455.070425
455.220525
455.331050
455.374775
455.471250
455.507475
455.543150
455.594725
455.681000
455.728050
455.760125
455.881100
456.093700
456.129175
456.176650
456.203950
456.285600
456.363100
456.390125
456.419700
456.500625
456.541900
456.617025
456.645225
456.751775
456.882525
456.905925
456.944800
456.969600
457.028725
457.132625
457.177950
457.262075
457.297000
457.362325
457.397000
457.569125
457.612975
457.716550
457.746750
457.781400
457.861725
457.890950
457.924400
457.984300
458.021975
458.106975
458.176475
458.250300
458.292100
458.314825
458.342325
458.458250
458.514800
458.551100
458.599125
458.639750
458.840900
458.870100
458.984375
459.006525
459.196000
459.204875
459.399050
459.510825
459.621625
459.729450
459.755800
459.829175
459.903925
459.955700
459.995050
460.017350
460.036650
460.062475
460.085425
460.122175
460.205200
460.267425
460.325175
460.422600
460.526575
460.591425
460.637875
460.704300
460.722525
460.777725
460.950775
461.133375
461.218275
461.246050
461.284725
461.375050
461.495625
461.530775
461.705500
461.836600
461.922150
461.944200
461.975625
462.002050
462.162000
462.213825
462.272975
462.341725
462.412725
462.499700
462.591350
462.647975
462.665875
462.737975
462.997350
463.039625
463.129100
463.163675
463.187325
463.244750
463.254775
463.414700
463.442150
463.588125
463.612025
463.812150
463.842550
463.893825
464.256150
464.421900
464.505600
465.386175
465.434775
465.558225
465.594950
465.657500
465.911825
465.977425
466.088350
466.215525
466.599275
466.858125
466.896025
466.933600
466.985400
467.225375
467.266975
467.326025
467.382650
467.647625
468.060175
468.306275
468.803100
468.915875
469.052925
469.648050
469.799300
469.946125
469.995775
470.006925
470.046575
470.261650
470.485025
470.570875
470.858850
471.030575
471.084625
471.247925
471.321900
471.706675
471.881450
472.153650
472.195500
472.457350
472.498775
472.863250
473.024700
473.084700
473.435375
473.467150
473.535350
473.644200
473.875600
473.935150
474.125900
474.188775
474.631325
474.653125
474.719800
474.745800
474.835825
474.864800
475.123325
475.205825
475.541525
475.661250
475.739125
475.776050
475.806300
475.907075
475.992850
476.098700
476.265050
476.439200
476.492500
476.571525
476.710050
476.773575
476.804775
476.999100
477.020825
477.169400
477.237800
477.357350
477.561225
477.618150
477.902425
477.960600
477.994275
478.123375
478.297525
478.323725
478.398650
478.660100
478.797975
478.854400
479.150675
479.320350
479.346575
479.587500
479.775425
479.808350
479.932725
480.032000
480.056950
480.227850
480.289350
480.406275
480.768175
480.814425
480.878550
480.888325
480.958825
481.014800
481.065725
481.135225
481.278550
481.462550
481.724550
481.730375
481.813200
481.998825
482.209475
482.267050
482.309825
482.524525
482.730350
482.765925
482.893425
483.193475
483.392975
483.590975
483.854050
483.900300
483.952425
483.988250
484.012475
484.041700
484.121725
484.213975
484.288375
484.477600
484.788700
484.870000
484.934525
485.030375
485.075125
485.257700
485.489175
485.542725
485.574025
485.638750
485.660200
485.718050
485.779625
485.824850
485.882200
485.935150
485.946225
485.987375
486.183900
486.276600
486.532625
486.770775
486.912725
486.974500
487.136125
487.155825
487.273725
487.359225
487.383325
487.586875
487.685600
487.778400
487.816150
487.875350
487.886275
487.992425
488.009125
488.122475
488.150450
488.257625
488.340250
488.368550
488.460900
488.532925
488.600550
488.640650
488.703175
488.842775
488.861900
488.876975
489.168600
489.309725
489.390475
489.597975
489.716200
489.806450
489.875075
489.928825
489.962025
489.991125
490.065400
490.228775
490.332975
490.458450
490.494600
491.029350
491.165850
491.472975
491.715450
491.741575
491.801400
491.908025
492.086325
492.166700
492.293300
492.338700
492.608675
492.873150
492.909450
493.097075
493.158300
493.308375
493.348150
493.383300
493.492025
493.608850
493.699025
493.739025
493.762275
493.793900
493.814400
493.859250
493.964700
494.042975
494.067925
494.096800
494.144225
494.187250
494.359650
494.445750
494.459400
494.535850
494.612650
494.635200
494.853925
494.884950
494.928350
495.002175
495.078525
495.107550
495.127650
495.255950
495.367800
495.416000
495.609800
495.727150
495.814100
495.857350
495.907600
495.990075
496.095975
496.133025
496.164200
496.193075
496.450150
496.545075
496.584075
496.640975
496.918575
496.963725
497.081900
497.348250
497.362350
497.436175
497.443225
497.539950
497.587925
497.717150
497.792450
497.876450
498.021825
498.124000
498.173500
498.234850
498.336600
498.364875
498.453450
498.538625
498.567125
498.643475
498.734525
498.853350
498.951725
498.982575
499.115325
499.276575
499.423725
499.440275
499.450975
499.498625
499.599975
499.710950
499.799125
499.891800
500.088550
500.146575
500.168075
500.295075
500.337350
500.545850
500.715200
500.763800
500.903375
500.942375
500.964125
501.067625
501.103225
501.134450
501.177925
501.210150
501.271375
501.358275
501.562625
501.596925
501.627000
501.643500
501.709675
501.757950
501.781475
501.871200
501.931950
501.963175
502.073900
502.209525
502.233075
502.281750
502.336350
502.353025
502.393750
502.507350
502.549050
502.607675
502.611750
502.665450
502.771900
502.950250
502.976275
503.237275
503.272075
503.479100
503.506775
503.568050
503.619825
503.708775
503.812425
503.907050
503.933450
503.985750
504.131125
504.171475
504.200425
504.239575
504.362500
504.562175
504.661625
504.684975
504.727375
504.950675
504.999425
505.035800
505.365900
505.396675
505.506450
505.546150
505.659375
505.722475
505.773575
505.816450
505.943100
506.054925
506.114875
506.127225
506.249075
506.369050
506.635425
506.657250
506.707100
506.952800
506.964075
506.994175
507.117075
507.147775
507.166900
507.206400
507.307900
507.345775
507.460400
507.492800
507.591075
507.611700
507.668725
507.827950
507.863350
508.073625
508.097400
508.130200
508.180175
508.252200
508.411375
508.436775
508.509475
508.751025
508.769325
508.806150
509.001650
509.101975
509.148850
509.229725
509.269425
509.319650
509.415600
509.522375
509.580450
509.632275
509.644300
509.731625
509.773225
509.859125
509.975400
509.997975
510.026100
510.048950
510.108050
510.166575
510.199700
510.488550
510.534225
510.649400
510.683175
510.866175
510.885650
511.047650
511.111900
511.160900
511.376475
511.429350
511.460850
511.496875
511.528975
511.561175
511.633500
512.027650
512.096925
512.208725
512.289525
512.621925
512.656025
512.672375
512.767500
512.891675
512.917150
512.991000
513.025525
513.084000
513.102625
513.272050
513.346800
513.406575
513.790900
514.039500
514.131950
514.221775
514.414175
514.661925
514.766975
514.971150
515.006850
515.292800
515.509000
515.555950
515.687675
515.794250
515.877150
515.932775
515.952975
516.154375
516.315500
516.380825
516.469000
516.614100
517.010300
517.225900
517.585275
517.703525
517.817350
517.872750
518.034700
518.069225
518.114975
518.173125
518.309900
518.561725
518.819100
518.942450
519.011100
519.327100
519.413425
519.603500
519.737950
519.886550
520.029550
520.095700
520.295675
520.341075
520.431575
520.671700
520.713225
520.764125
520.984100
521.067800
521.397050
521.453775
521.558300
521.675700
521.871000
522.113000
522.353975
522.402750
522.436250
522.601250
522.685650
522.727500
522.901600
523.161700
523.211325
523.295525
523.432425
523.559150
523.655100
523.743800
523.775550
523.819125
524.149700
524.329350
524.435100
524.599650
524.663250
524.708050
524.736950
524.761525
524.769700
524.940125
525.044675
525.135375
525.185375
525.244425
525.260975
525.290775
525.327900
525.346975
525.374175
525.505250
525.616550
525.658800
525.668975
525.689950
525.735000
525.754550
525.851775
525.981225
526.113475
526.224700
526.265975
526.440775
526.478475
526.495225
526.522475
526.547775
526.643325
526.678850
526.864425
526.880775
527.020125
527.154500
527.178975
527.199275
527.575300
527.706350
527.869325
527.881200
527.952600
528.053200
528.095500
528.139775
528.199200
528.292675
528.393325
528.412425
528.423625
528.463050
528.832575
528.858700
528.892950
528.938075
528.980675
529.021975
529.052225
529.082100
529.246975
529.308150
529.336275
529.348275
529.389300
529.444000
529.499750
529.537075
529.625200
530.076150
530.117025
530.347675
530.389625
530.428600
530.435600
530.484250
530.548475
530.585175
530.763925
530.856950
530.928050
531.024100
531.067550
531.136425
531.180200
531.194250
531.206800
531.359175
531.364000
531.550500
531.557975
531.572625
531.692050
531.736375
531.783800
531.892650
532.080875
532.162475
532.184850
532.268775
532.312100
532.413950
532.452775
532.481275
532.563475
532.597900
532.705200
532.766925
532.783750
532.816650
532.864075
533.068250
533.119225
533.133850
533.166300
533.185175
533.222125
533.356725
533.375725
533.458675
533.474475
533.545950
533.697625
533.775300
533.796600
533.813275
533.937600
534.056575
534.112075
534.180775
534.248275
534.385225
534.495125
534.677275
534.763225
534.803900
534.864600
534.872775
534.945650
535.163525
535.201875
535.251800
535.436850
535.487375
535.519125
535.827675
535.882675
535.935250
536.119700
536.226800
536.276250
536.291100
536.336150
536.449925
536.463350
536.749750
536.833625
536.919950
536.951725
537.072125
537.149275
537.213725
537.256150
537.340875
537.356550
537.389875
537.406925
537.457075
537.501025
537.679575
537.732200
537.883450
537.939475
538.421275
538.507725
538.632275
538.679650
538.699000
538.746700
538.784800
538.809775
538.931075
539.063725
539.068900
539.091125
539.164400
539.181550
539.222050
539.357275
539.435575
539.510400
539.554700
539.606275
539.718050
539.740575
539.786550
539.992450
540.069875
540.135150
540.655975
540.690000
540.735200
540.786725
541.098350
541.131625
541.144825
541.189625
541.232000
541.323150
541.351575
541.373725
541.483675
541.537450
541.588350
541.598750
541.762450
541.829825
541.841800
541.876925
542.042275
542.138950
542.167450
542.188150
542.197800
542.215725
542.258575
542.335950
542.405175
542.421575
542.552575
542.557725
542.599225
542.813350
542.853725
543.051075
543.151475
543.252575
543.302850
543.313175
543.347225
543.378600
543.466675
543.900200
543.922125
544.241425
544.296275
544.459550
544.525200
544.556675
544.602950
544.695325
544.802675
544.865975
545.020675
545.087875
545.140175
545.277825
545.343225
545.370075
545.406200
545.463100
545.476625
545.546425
545.576900
545.619925
545.659625
545.698550
545.784225
545.898375
545.910300
546.013525
546.050425
546.137000
546.285750
546.382950
546.452275
546.510025
546.561250
546.664875
546.681375
546.837150
546.899000
546.982300
547.171925
547.201900
547.343025
547.411475
547.534650
547.794475
547.950950
548.009975
548.084125
548.119175
548.307325
548.372150
548.418825
548.482950
548.652375
548.740375
548.783875
548.837650
548.914300
548.953200
549.060975
549.136650
549.232825
549.476750
549.568175
549.630900
549.737475
