0.537825
0.545050
1.265400
1.913200
2.373650
2.573025
3.278750
3.752900
4.002475
4.149975
4.327150
4.419575
4.574825
4.702525
5.284575
5.303075
5.391600
5.444925
6.019050
6.059450
6.106850
6.715400
7.133425
7.372125
7.472300
8.051750
8.435700
8.918150
9.246225
9.485100
9.663650
9.905425
9.930025
9.969150
10.196000
10.574075
10.679550
10.757075
11.330325
11.474150
11.632925
11.712850
11.749775
12.012850
12.317750
12.392325
12.505700
12.628950
12.706125
12.743150
13.073075
13.221775
13.317425
13.440050
13.482975
13.508050
13.609625
13.682600
13.918125
14.411725
14.672875
15.518225
16.064000
16.481300
17.353350
17.492450
17.566325
19.171650
19.517350
20.435900
21.668475
22.352850
22.531450
22.837600
23.000050
23.357900
24.036850
24.162350
24.655725
25.246200
25.451875
26.206200
26.348200
26.759200
27.203300
27.234050
27.617750
28.244350
28.596475
28.816900
29.075325
29.134325
29.171550
29.534725
30.888125
31.235350
31.336000
31.690725
32.039125
32.876800
33.300000
33.652225
33.914000
34.363075
34.713875
35.420050
36.264550
36.396625
36.433750
36.471400
36.805800
36.897800
37.235875
37.292450
37.746550
37.927025
38.235100
38.379675
38.678725
39.048500
39.841550
40.225025
40.404150
40.551750
40.913425
41.212375
41.922100
42.071325
42.631675
43.602850
43.721375
44.068050
44.099425
44.247825
44.284425
44.360950
44.486725
44.577225
45.100525
45.128375
45.226475
45.340625
45.467050
46.018200
46.147250
46.192775
47.083225
48.849900
48.987925
49.106800
49.175525
49.262575
49.304500
49.807200
50.114325
50.787700
50.839775
51.270800
53.588650
53.644250
53.694000
55.023700
55.492200
56.698625
57.834575
58.657825
59.347700
60.415025
61.734925
62.101650
62.305150
64.462025
64.599100
64.807000
64.855850
65.173500
66.080550
66.145125
66.173450
66.175950
66.469675
70.561725
71.274600
71.551050
71.917575
72.499375
73.968075
74.106950
75.601375
75.731550
75.973250
76.662300
77.614325
78.241750
78.866000
78.902500
79.961075
80.485325
80.872825
81.397300
81.436675
82.497425
82.809025
83.099875
83.208225
83.363500
83.495400
83.538600
84.119775
84.149750
84.275750
84.663875
84.807525
85.329100
85.367200
86.255625
86.296675
86.353525
86.664575
88.357225
88.474600
88.659475
88.929575
89.095525
89.124200
90.097650
90.156200
90.645125
91.311200
91.961775
92.325250
92.348900
92.666425
92.972800
93.217800
93.727825
94.882750
95.029450
95.057575
95.332375
96.112175
96.908025
97.514675
98.143900
98.947425
99.395350
99.461850
99.518000
99.545700
99.635275
100.829100
101.244800
102.061050
102.356200
102.856425
102.866200
103.069075
103.198275
103.361025
103.711625
104.633125
105.090800
105.412125
105.542250
105.578750
105.809250
105.868925
105.960825
106.428875
107.754000
107.848850
108.427000
108.529575
108.811400
109.365275
109.415125
109.531675
109.850675
110.128050
110.453325
110.490850
110.526100
110.718625
111.027275
111.352650
111.462450
111.584575
112.853400
113.174450
113.443500
113.561750
114.130150
114.780525
114.939675
115.554075
116.281100
116.841475
116.898425
117.151025
118.527150
118.585125
118.675425
118.911400
118.941975
119.028900
119.053350
119.426950
119.496050
119.885425
120.153125
120.285700
120.365250
120.437625
120.495450
120.922750
121.538400
121.580500
121.711825
121.767800
122.021800
122.123025
122.811400
123.296950
123.610450
123.781750
125.173375
125.207300
125.450225
125.595275
126.135175
126.265825
128.146600
128.278675
129.338550
129.665600
130.750425
130.753000
131.931275
133.257825
133.518450
133.584350
133.835275
134.012850
134.353050
135.017600
138.588400
139.696650
140.721475
140.862300
141.006100
141.839400
142.036200
142.216800
142.545450
142.637450
142.734850
143.222350
143.353725
143.456875
143.964200
143.982175
144.097875
144.577175
144.748725
145.836375
146.032625
146.556225
146.797350
146.862050
147.215725
148.944400
149.947625
150.052550
150.990250
151.095525
151.284675
151.502550
151.605750
151.718875
151.756850
154.752350
156.465625
156.557625
156.852700
156.978900
157.068200
157.242425
157.332650
157.364950
158.493375
158.546550
158.641000
159.644700
160.267000
160.533000
160.809875
161.008750
162.051425
162.556225
162.739300
163.127175
164.052325
164.475475
164.926025
165.102025
165.597150
166.043500
166.564625
166.682350
166.934700
167.295700
168.683700
169.482325
169.650300
170.458600
171.611000
172.558300
172.583200
172.829875
173.021350
173.140725
173.579125
174.179225
174.360750
174.544825
174.576800
174.648175
174.968750
175.051975
175.335450
175.476175
175.576300
175.745000
176.110300
176.183175
176.527000
176.630650
177.084600
177.321525
177.338800
177.675775
177.963600
178.108200
178.374175
178.777200
178.946275
179.512350
179.514850
179.549375
179.819850
179.877200
179.907750
180.182550
180.205125
180.264100
180.292300
180.406725
180.634025
180.676800
181.275950
181.440225
181.549775
181.699225
181.759075
182.089300
182.410875
182.546925
182.791900
182.967175
183.227425
183.621475
184.235450
184.738775
184.807950
184.965525
185.056525
185.099800
185.217650
185.333650
185.477150
185.697550
185.804325
185.824825
186.025225
186.238750
186.819825
186.936900
187.205850
187.783325
187.872500
188.024375
188.123825
188.131175
188.342825
188.385175
188.409350
188.732900
188.949575
188.982550
189.004750
189.011650
189.053625
189.068900
189.086850
189.203925
189.419225
189.451450
189.571775
189.880875
189.996025
190.066900
190.509000
190.580025
190.885400
191.173475
191.248000
191.275225
191.810225
191.834900
191.933300
192.122625
192.352600
192.463275
192.560550
192.583100
192.613350
192.709325
192.840800
193.081325
193.114450
193.887750
194.034325
194.280275
194.366600
194.399825
194.913525
194.992350
195.025200
195.356900
195.518350
196.686550
196.955875
197.236925
197.290975
198.762200
199.706225
