0.014175
0.038475
0.065975
0.103500
0.141600
0.152450
0.183000
0.202425
0.219900
0.249800
0.280050
0.300350
0.376025
0.401325
0.441650
0.472425
0.522225
0.663350
0.701200
0.722225
0.760725
0.796000
0.805175
0.842100
0.852400
0.866525
0.883675
0.894200
0.921075
0.932275
0.974900
1.009275
1.041050
1.126725
1.173750
1.199825
1.285775
1.346575
1.659625
1.681625
1.693150
1.700400
1.710300
1.724800
1.755850
1.785150
1.803725
1.812875
1.821400
1.841000
1.877650
1.903000
1.919225
1.982550
2.005000
2.047000
2.072400
2.106475
2.150575
2.228675
2.278725
2.374350
2.502650
2.530625
2.585400
2.613075
2.636075
2.666750
2.695750
2.712775
2.746300
2.783425
2.811700
2.895625
2.914225
2.931400
2.966850
2.987825
3.010075
3.024625
3.049650
3.066875
3.114925
3.187250
3.261550
3.360675
3.391325
3.425775
3.584025
3.625475
3.700400
3.835550
3.848275
3.913625
3.951875
4.015350
4.054250
4.152400
4.192300
4.227025
4.297225
4.331850
4.370150
4.618225
4.812450
4.834525
4.872150
4.915125
4.953950
4.997850
5.025825
5.031975
5.036875
5.043150
5.054225
5.081350
5.092725
5.108125
5.188225
5.196075
5.208475
5.216500
5.230675
5.248875
5.260000
5.272125
5.290350
5.298725
5.335800
5.398075
5.412825
5.439750
5.475650
5.491425
5.538075
5.549100
5.593375
5.622875
5.631000
5.663675
5.722575
5.793525
5.838600
5.864375
6.028125
6.179525
6.230075
6.266425
6.284850
6.293075
6.307975
6.323675
6.336025
6.376300
6.501775
6.565800
6.645625
6.671525
6.688600
6.749225
6.774075
6.801300
6.833825
6.909250
6.945375
6.983675
7.198450
7.218500
7.235475
7.247375
7.259375
7.297175
7.309925
7.329625
7.349500
7.370725
7.392125
7.429700
7.454550
7.484600
7.530475
7.654750
7.832650
7.952975
8.330100
8.339475
8.348925
8.355475
8.368875
8.378425
8.393700
8.399500
8.435000
8.443525
8.475600
8.496700
8.504100
8.514425
8.526075
8.535275
8.552050
8.558875
8.565250
8.591100
8.604825
8.615175
8.633275
8.646650
8.658325
8.703400
8.735400
8.769025
8.955650
8.962450
8.969225
8.976325
8.994400
8.999225
9.004875
9.011425
9.036975
9.045750
9.071950
9.083700
9.120725
9.147425
9.171300
9.217425
9.294850
9.548475
9.561425
9.573975
9.583175
9.589800
9.602375
9.651325
9.666400
9.686700
9.732250
9.761650
9.885825
10.276475
10.441950
10.473600
10.523750
10.577500
10.626000
10.670675
10.689150
10.718950
11.143675
11.251500
11.271400
11.277850
11.284225
11.293100
11.345275
11.371825
11.388775
11.398975
11.422600
11.440300
11.453550
11.475825
11.548550
11.588025
11.636775
11.673725
11.709150
11.735400
11.778150
11.865350
11.917625
12.006200
12.274800
12.294850
12.315850
12.332175
12.344825
12.374850
12.382800
12.402700
12.419900
12.486375
12.533800
12.844975
12.869775
12.885675
12.909500
12.926500
12.958925
12.980700
12.999225
13.041875
13.105825
13.413375
13.438725
13.454025
13.464400
13.478750
13.491825
13.497250
13.512325
13.525025
13.575925
13.604550
13.621275
13.646325
13.983250
13.999225
14.026950
14.041250
14.064725
14.086350
14.099950
14.119025
14.134425
14.150900
14.183675
14.203250
14.236975
14.578550
14.587675
14.596525
14.620050
14.631350
14.642325
14.657000
14.664225
14.684200
14.700250
14.742775
14.756125
14.770225
14.794050
14.837300
14.875850
15.079950
15.248550
15.260825
15.269425
15.276825
15.290125
15.303775
15.327200
15.342100
15.370750
15.393525
15.435125
15.446425
15.458500
15.474225
15.533775
15.575650
15.696800
15.901325
15.905025
15.910300
15.914150
15.929725
15.961700
15.998775
16.066875
16.088625
16.125750
16.141150
16.183175
16.207600
16.225025
16.248400
16.275425
16.301325
16.306450
16.316125
16.324175
16.338100
16.357600
16.370975
16.391575
16.420825
16.450475
16.470525
16.761100
16.771550
16.783600
16.792150
16.805175
16.818425
16.835925
16.845800
16.884925
16.934650
17.012775
17.253000
17.259625
17.264725
17.271500
17.278300
17.292575
17.298850
17.387550
17.413450
17.431925
17.473375
17.504300
17.761525
17.783575
17.794900
17.813350
17.839750
17.848100
17.863000
17.897975
17.930400
17.959550
17.988300
18.008025
18.060900
18.114800
18.151975
18.206125
18.261950
18.345225
18.358000
18.375100
18.409850
18.416800
18.429050
18.442125
18.451425
18.464750
18.484600
18.494575
18.508175
18.524775
18.536125
18.545750
18.564300
18.645575
18.691075
18.712125
18.742550
18.775875
18.800300
18.860250
18.889925
18.930450
18.962525
18.997850
19.062075
19.102875
19.124525
19.154625
19.173400
19.263025
19.608575
19.620650
19.629900
19.636675
19.669125
19.684300
19.698300
19.714550
19.740700
19.750600
19.763425
19.798575
19.825675
19.869300
19.880025
19.890850
19.928175
19.969850
20.045225
20.245675
20.256425
20.267500
20.275475
20.282775
20.296800
20.336825
20.393550
20.407925
20.429150
20.483325
20.567400
20.655275
20.814275
20.885625
20.979500
21.391700
21.398950
21.399950
21.403450
21.411025
21.417050
21.425125
21.428825
21.433150
21.440100
21.481125
21.544675
21.550950
21.558600
21.568200
21.581200
21.588825
21.597725
21.607550
21.614475
21.634100
21.645650
21.650625
21.658100
21.688700
21.703800
21.717825
21.729300
21.751050
21.757275
21.795950
21.827800
21.849375
21.863025
21.879725
21.893850
21.906025
21.917250
21.966900
21.978000
22.015250
22.072725
22.116700
22.174525
22.205550
22.237900
22.284325
22.317625
22.338000
22.363300
22.383650
22.396625
22.407900
22.417400
22.446950
22.462275
22.515150
22.545325
22.591550
22.602575
22.617475
22.630200
22.704125
22.769975
22.804775
22.833500
22.859800
22.976400
22.998825
23.009400
23.023575
23.045000
23.074825
23.099375
23.134525
23.154075
23.175850
23.211725
23.247300
23.259125
23.273925
23.291175
23.305125
23.315275
23.328175
23.383000
23.394750
23.425925
23.507925
23.808500
23.829700
23.843800
23.888350
23.904325
23.942200
23.987450
24.022875
24.067100
24.208825
24.340375
24.400125
24.411850
24.421475
24.426700
24.436375
24.445125
24.452825
24.457875
24.466825
24.473675
24.493525
24.510800
24.528575
24.549800
24.567150
24.585350
24.606100
24.618600
24.631325
24.659425
24.682625
24.757400
24.827925
24.898325
24.977800
25.006075
25.097500
25.178600
25.191750
25.208375
25.225900
25.240450
25.266425
25.283725
25.321475
25.346300
25.361850
25.375075
25.396125
25.411775
25.430400
25.440650
25.455200
25.472700
25.515075
25.528125
25.546625
25.570100
25.590025
25.631425
25.647750
25.677600
25.723850
25.788050
25.842025
25.914100
25.932925
25.969700
25.997050
26.041300
26.077275
26.101125
26.172075
26.250350
26.351350
26.526250
26.547550
26.566175
26.597350
26.621025
26.647275
26.678750
26.740300
26.781700
26.881600
27.005650
27.022700
27.056950
27.072825
27.093925
27.103000
27.121050
27.157075
27.185000
27.206125
27.250350
27.282025
27.309225
27.347850
27.367875
27.390875
27.479300
27.527575
27.540925
27.564400
27.590000
27.619125
27.671975
27.721550
27.821325
27.893750
27.917525
27.966925
27.987125
28.027825
28.042475
28.092400
28.111050
28.131000
28.150500
28.171825
28.198450
28.255750
28.283600
28.361175
28.403750
28.421250
28.498450
28.617250
28.651200
28.714000
28.739225
28.757750
28.785625
28.824825
28.847125
28.891475
29.050175
29.102850
29.120400
29.178675
29.235875
29.424950
29.454450
29.489250
29.527075
29.571900
29.606800
29.641475
29.652300
29.675300
29.717400
29.741900
29.749950
29.766725
29.779275
29.793550
29.805900
29.845225
29.888550
29.914150
29.930325
29.960900
29.981050
29.994200
30.013975
30.029175
30.048150
30.072550
30.085250
30.114575
30.121750
30.163225
30.177100
30.182025
30.191550
30.206875
30.215075
30.246125
30.283250
30.308875
30.327525
30.359400
30.369000
30.388325
30.419950
30.434025
30.464825
30.497350
30.598525
30.646000
30.677225
30.714425
30.794500
30.825700
30.837525
30.857950
30.878725
30.940850
30.975650
30.998275
31.024225
31.114000
31.198300
31.207700
31.227275
31.246800
31.259925
31.295100
31.302400
31.338175
31.385750
31.405550
31.443450
31.506625
31.540025
31.604900
31.693900
31.704550
31.716725
31.743500
31.767075
31.785050
31.795525
31.813750
31.823825
31.877025
31.897300
31.924725
31.955425
31.983750
32.002775
32.023025
32.044325
32.088100
32.127050
32.154150
32.184625
32.244750
32.278725
32.307725
32.336150
32.360625
32.380475
32.396200
32.423950
32.447400
32.475775
32.528700
32.586425
32.687650
32.820000
32.838950
32.868025
32.914100
32.934325
32.958125
32.979525
32.991575
33.017975
33.047800
33.243825
33.317200
33.352000
33.384150
33.404850
33.418075
33.429200
33.440425
33.453550
33.468500
33.488275
33.518025
33.593475
33.846175
33.859100
33.867175
33.875300
33.888700
33.894725
33.901075
33.914225
33.961175
33.985800
34.007475
34.020250
34.039000
34.064100
34.101775
34.254100
34.292750
34.310650
34.325150
34.386875
34.455000
34.800800
34.807925
34.824300
34.830775
34.850775
34.862425
34.870150
34.886950
34.900100
34.957275
34.983525
35.038300
35.085625
35.579100
35.589675
35.607650
35.635925
35.660550
35.685525
35.702575
35.758050
35.790925
35.818950
35.887700
35.990900
36.029150
36.061425
36.109225
36.136675
36.181600
36.223450
36.270700
36.307800
36.424650
36.480050
36.532075
36.571175
36.606225
36.635525
36.661925
36.678500
36.696450
36.706400
36.722825
36.731900
36.737825
36.752450
36.765625
36.779975
36.829775
36.862750
36.885600
36.905650
36.941650
36.965650
37.009200
37.078275
37.378125
37.394450
37.418850
37.441025
37.472975
37.492750
37.537775
37.568075
37.610475
37.687450
37.752150
37.784350
37.826450
38.116275
38.138875
38.159125
38.167325
38.173750
38.182750
38.189675
38.194400
38.243950
38.262850
38.285925
38.294850
38.320925
38.355350
38.368075
38.407975
38.417525
38.437350
38.455675
38.475550
38.507175
38.535975
38.583850
38.602275
38.649225
38.728825
38.774025
38.819800
38.839575
38.892425
39.006425
39.060975
39.078800
39.104275
39.128350
39.152550
39.189375
39.203025
39.246950
39.294050
39.320925
39.357000
39.376900
39.444625
39.791625
39.797950
39.804775
39.811250
39.820225
39.831175
39.837875
39.859775
39.874900
39.925425
39.943175
39.963650
39.981975
40.009850
40.054875
40.095725
40.137750
40.169275
40.267325
40.486725
40.497450
40.511425
40.521850
40.556125
40.573450
40.597875
40.622250
40.720075
40.767350
40.997975
41.071975
41.191425
41.253000
41.417225
41.607450
41.630775
41.648675
41.669050
41.693975
41.711500
41.738750
41.746100
41.754200
41.766500
41.778875
41.786850
41.800825
41.808375
41.820100
41.842750
41.861275
41.902575
41.917125
41.944225
41.962975
41.974800
42.000375
42.025375
42.058950
42.081925
42.150825
42.205825
42.246375
42.297450
42.430500
42.484725
42.540475
42.690700
42.789400
42.820900
42.870200
42.905450
42.920725
42.928500
42.941275
42.956075
42.962175
42.964900
42.972775
42.980050
42.996900
43.002475
43.012825
43.030150
43.045250
43.061225
43.082750
43.090425
43.112525
43.140700
43.156925
43.242950
43.264950
43.318475
43.391125
43.459425
43.488875
43.544150
43.588375
43.662525
43.674200
43.686475
43.698450
43.706725
43.718275
43.725200
43.743025
43.751500
43.766400
43.776325
43.785100
43.809050
43.823925
43.836300
43.844375
43.855925
43.869800
43.907650
43.930900
43.942775
43.962775
43.989525
44.028225
44.054425
44.087600
44.213300
44.432250
44.462300
44.489850
44.543475
44.567925
44.599575
44.647125
44.695850
44.843175
44.860625
44.869825
44.882875
44.903050
44.908550
44.916575
44.923850
44.957950
44.969800
44.992300
45.008450
45.023975
45.045025
45.062575
45.110675
45.158475
45.445000
45.464400
45.475125
45.488175
45.501525
45.511350
45.521450
45.532400
45.546750
45.605000
45.681100
45.850975
45.994625
46.032425
46.293525
46.328800
46.349425
46.359300
46.369375
46.379975
46.403825
46.422025
46.468925
46.502125
46.534700
46.634275
46.658050
46.680825
46.719950
46.766150
46.869800
46.901700
46.998375
47.031550
47.059900
47.103250
47.136725
47.158800
47.199500
47.257425
47.328450
47.341450
47.360700
47.386600
47.403800
47.439125
47.456500
47.494550
47.526400
47.555150
47.589225
47.621625
47.654950
47.865375
47.900600
47.929175
47.979150
47.997075
48.118025
48.370150
48.411225
48.423875
48.439725
48.453975
48.470675
48.483050
48.493875
48.514625
48.523325
48.547025
48.560750
48.597850
48.611400
48.654175
48.676500
48.691300
48.726700
48.741500
48.752750
48.766975
48.781650
48.809525
48.830575
48.852850
49.152875
49.196400
49.214300
49.236875
49.267500
49.283750
49.295975
49.305000
49.338850
49.349300
49.360625
49.370950
49.386325
49.407900
49.421350
49.436675
49.446850
49.463900
49.481150
49.500000
49.513225
49.525950
49.539425
49.587500
49.612350
49.681200
49.716300
49.748625
49.811150
49.846125
49.995625
50.164175
50.200575
50.263575
50.281750
50.312025
50.343775
50.422600
50.458225
50.531850
50.769975
50.849600
50.863000
50.872950
50.880300
50.887300
50.910725
50.916850
50.996575
51.006625
51.025500
51.069275
51.100500
51.114500
51.133500
51.197925
51.300525
51.481450
51.491625
51.499125
51.503900
51.516725
51.526225
51.533375
51.539525
51.584225
51.598475
51.617600
51.651100
51.691425
51.744500
51.821125
51.877500
51.896050
51.904975
51.913475
51.970125
51.999600
52.061625
52.089525
52.154225
52.173300
52.191750
52.214100
52.235175
52.273225
52.333875
52.389425
52.424450
52.520725
52.562025
52.649450
52.683450
52.954950
52.966900
52.999050
53.012900
53.032750
53.049900
53.062200
53.089875
53.170225
53.179925
53.197400
53.212175
53.242925
53.305050
53.344175
53.384625
53.408475
53.421050
53.446050
53.461675
53.477425
53.496700
53.507575
53.539675
53.568475
53.814425
53.887800
53.902075
53.972575
54.014450
54.073875
54.096800
54.124850
54.166975
54.276400
54.295200
54.318050
54.329475
54.343050
54.357950
54.359475
54.366300
54.382600
54.420700
54.432375
54.481500
54.508250
54.533325
54.547175
54.559325
54.581650
54.601775
54.658825
54.697275
54.709725
54.731900
54.772075
54.797650
54.837675
54.868300
54.909950
54.973825
55.204900
55.212950
55.221200
55.238650
55.250725
55.258125
55.274375
55.288075
55.352600
55.388625
55.401675
55.416950
55.426000
55.445100
55.463825
55.489250
55.504850
55.518150
55.534825
55.553975
55.573775
55.607750
55.628900
55.641375
55.683125
55.729400
55.827725
55.963200
56.021025
56.056425
56.075925
56.092350
56.108000
56.119150
56.159825
56.176950
56.198200
56.224800
56.238525
56.276875
56.333150
56.435825
56.520625
56.534200
56.564825
56.578575
56.598825
56.622400
56.638625
56.685875
56.705250
56.741175
56.768100
56.829025
56.871025
56.940725
57.062275
57.193125
57.278025
57.346775
57.383650
57.395350
57.409325
57.424225
57.440675
57.445750
57.464975
57.476600
57.497950
57.516800
57.602400
57.657125
57.860200
57.883200
57.895525
57.908775
57.930100
57.936625
57.951000
57.964675
57.980075
57.989325
58.002650
58.014650
58.023700
58.034650
58.045325
58.064175
58.104975
58.128500
58.142600
58.160300
58.186675
58.208100
58.240725
58.301575
58.393575
58.450350
58.478700
58.492600
58.510975
58.536500
58.553175
58.562425
58.603100
58.609550
58.623825
58.645075
58.672100
58.742950
58.905675
58.975500
59.024075
59.054875
59.072025
59.088125
59.106325
59.121025
59.150250
59.202700
59.258625
59.302025
59.334500
59.369425
59.389625
59.423300
59.458775
59.502825
59.530125
59.558900
59.604400
59.626750
59.662900
59.693300
59.725050
59.757350
59.793975
59.820150
59.851075
59.867375
59.937675
59.978800
60.319000
60.337425
60.369200
60.384825
60.402200
60.415125
60.440925
60.460100
60.481325
60.526475
60.549300
60.565200
60.583450
60.592475
60.597475
60.634550
60.653325
60.681750
60.703125
60.723250
60.752150
60.771575
60.790875
60.825050
60.853900
60.934600
60.977600
60.992675
61.008550
61.042500
61.083475
61.093675
61.115725
61.158475
61.191825
61.213725
61.292275
61.424650
61.435700
61.443375
61.450950
61.459775
61.466275
61.472375
61.495900
61.514225
61.542200
61.558075
61.573475
61.581300
61.609300
61.617325
61.671775
61.705475
61.724800
61.760875
61.781750
62.082025
62.103900
62.111225
62.141475
62.171475
62.299550
62.514900
62.556500
62.573700
62.597425
62.623675
62.653125
62.675650
62.708875
62.882475
63.145850
63.166650
63.179450
63.186450
63.196775
63.204400
63.211650
63.235850
63.250425
63.280250
63.295900
63.325050
63.347150
63.376750
63.403200
63.424975
63.448750
63.489025
63.514475
63.536975
63.562900
63.630000
63.737350
63.784950
63.823750
63.845375
63.865350
63.914175
63.925975
63.955525
63.981350
64.027175
64.065475
64.092000
64.331700
64.360550
64.382650
64.397125
64.410150
64.440225
64.452900
64.482925
64.499650
64.535200
64.625850
64.790975
64.897825
64.931125
64.946875
64.971600
64.978600
64.994550
65.019850
65.045575
65.060350
65.083650
65.095125
65.130350
65.224650
65.292425
65.401650
65.421300
65.442000
65.455450
65.479650
65.493750
65.506600
65.538525
65.549625
65.568225
65.601000
65.619725
65.771325
65.831725
65.846850
65.867625
65.886900
65.913675
65.931250
65.940300
65.962250
65.980850
66.010175
66.021450
66.034600
66.041275
66.051025
66.060450
66.092425
66.123450
66.142475
66.163875
66.186550
66.210600
66.246150
66.272975
66.300700
66.375125
66.402500
66.417700
66.478200
66.538600
66.562250
66.583025
66.605425
66.623275
66.638175
66.659650
66.677250
66.702050
66.744625
66.761625
66.798250
66.830975
66.873675
66.910975
66.975475
66.999525
67.020625
67.036375
67.063975
67.079050
67.114625
67.144100
67.204675
67.221425
67.234350
67.242150
67.258625
67.275500
67.305950
67.332100
67.388925
67.400550
67.431950
67.450650
67.485425
67.516675
67.534125
67.576525
67.589975
67.719750
67.787125
67.829450
67.881875
67.908775
67.965800
67.987225
68.040225
68.291125
68.359600
68.373975
68.391425
68.399725
68.411925
68.431650
68.445650
68.461175
68.522500
68.541925
68.566750
68.597775
68.648100
68.676825
68.706750
68.723900
68.775650
68.810500
68.830700
68.845675
68.914950
68.978375
69.007475
69.027550
69.055700
69.075600
69.113500
69.160775
69.209800
69.262750
69.315950
69.440975
69.475325
69.528500
69.620200
69.961425
69.969625
69.979650
69.990500
69.995125
70.003150
70.008375
70.018075
70.022325
70.028375
70.055875
70.065800
70.075575
70.086675
70.096050
70.105250
70.120225
70.135275
70.188375
70.196475
70.221800
70.237250
70.253775
70.260050
70.276750
70.301775
70.308700
70.351075
70.387800
70.413800
70.446825
70.498150
70.576450
70.606325
70.657800
70.681500
70.704400
70.728000
70.767325
70.817700
70.861300
70.886175
70.918175
70.951500
70.992225
71.017075
71.072650
71.117150
71.421925
71.445275
71.460075
71.470825
71.489000
71.499025
71.511350
71.518725
71.569950
71.589900
71.620000
71.643825
71.689100
71.711450
71.737225
71.797175
71.877400
71.922900
72.010825
72.056775
72.069700
72.079100
72.093725
72.106800
72.129325
72.148575
72.166975
72.188075
72.202875
72.218875
72.236575
72.263325
72.275150
72.287675
72.307425
72.317775
72.336925
72.347675
72.370225
72.382025
72.388350
72.407850
72.420425
72.426650
72.435700
72.452725
72.465475
72.478125
72.502300
72.516675
72.532875
72.543050
72.581175
72.596150
72.615750
72.638125
72.643050
72.649825
72.659150
72.666400
72.677275
72.690075
72.702875
72.742550
72.764200
72.775350
72.818025
72.826925
72.838475
72.855675
72.879200
72.892950
72.900875
72.924650
72.943100
72.959450
72.968950
72.982400
72.992275
73.017725
73.043925
73.056550
73.065225
73.087700
73.149900
73.182675
73.202200
73.213275
73.234400
73.246075
73.269875
73.309000
73.338425
73.365800
73.370925
73.383700
73.406450
73.435175
73.486475
73.506075
73.514375
73.566400
73.591025
73.603950
73.629150
73.649625
73.665250
73.692375
73.717500
73.738200
73.758500
73.784375
73.799900
73.852150
73.902325
73.926550
73.975450
74.010375
74.025200
74.046575
74.070775
74.083050
74.127725
74.192475
74.206850
74.215650
74.230500
74.273025
74.287300
74.294600
74.312950
74.322650
74.341525
74.356825
74.372625
74.380575
74.423325
74.449000
74.460000
74.485925
74.501550
74.509025
74.533475
74.562600
74.605975
74.614200
74.633175
74.661250
74.697175
74.714750
74.725775
74.741775
74.858075
74.869250
74.888350
74.918400
74.988050
75.025775
75.044375
75.085550
75.124375
75.203950
75.288775
75.316950
75.359250
75.408850
75.422025
75.433050
75.444450
75.451875
75.460775
75.475550
75.489950
75.506625
75.517975
75.566525
75.625250
75.659650
75.691025
75.706675
75.723400
75.765000
75.777025
75.786375
75.803050
75.811550
75.832775
75.841425
75.856250
75.872150
75.882475
75.890950
75.903550
75.923225
75.935900
75.956975
75.971400
75.998725
76.006900
76.018075
76.026550
76.032875
76.042700
76.071200
76.079875
76.107250
76.113275
76.139125
76.155775
76.174300
76.192875
76.205925
76.243675
76.261325
76.271125
76.277025
76.288550
76.295950
76.325400
76.342000
76.396650
76.457100
76.487650
76.516475
76.532800
76.541500
76.571550
76.577775
76.598325
76.629475
76.658375
76.697875
76.728075
76.780650
76.943200
76.969150
77.006800
77.031850
77.038325
77.046550
77.058850
77.068825
77.117950
77.126675
77.135200
77.143100
77.175650
77.193950
77.213525
77.224175
77.274200
77.283875
77.289825
77.295650
77.313525
77.377600
77.402500
77.496050
77.546475
77.602575
77.649325
77.694750
77.728050
77.757575
77.810725
77.824650
77.861875
77.880375
78.037450
78.065275
78.156475
78.173825
78.204000
78.224350
78.259300
78.289825
78.407100
78.478675
78.500850
78.596850
78.621950
78.727125
78.755525
78.770225
78.786550
78.804700
78.837375
78.866625
78.954575
79.028025
79.057825
79.121550
79.168975
79.205975
79.308275
79.352850
79.369450
79.393000
79.436650
79.562325
79.748850
79.765350
79.782050
79.793700
79.804300
79.814325
79.836575
79.856875
79.926725
79.968200
80.011100
80.135425
80.190325
80.252300
80.322075
80.345975
80.358975
80.384025
80.402025
80.425150
80.447200
80.464875
80.521150
80.558500
80.671450
80.719475
80.731475
80.754925
80.771275
80.834725
80.884700
80.905075
80.938225
81.004625
81.048425
81.080900
81.115125
81.136850
81.157100
81.192200
81.230675
81.264050
81.313700
81.333100
81.370100
81.413350
81.435175
81.458075
81.473075
81.528550
81.552925
81.596575
81.628425
81.644600
81.705225
81.739975
81.775550
81.801575
81.871300
82.027075
82.066800
82.099175
82.137825
82.160725
82.191500
82.229100
82.239775
82.253775
82.263925
82.280200
82.287675
82.303925
82.318875
82.354125
82.388300
82.413875
82.440975
82.575350
82.607525
82.641850
82.674200
82.728425
82.779600
83.013550
83.033375
83.040600
83.052350
83.058550
83.064275
83.071475
83.093575
83.104750
83.118225
83.154225
83.194975
83.224200
83.264575
83.404550
83.416850
83.424275
83.440850
83.461375
83.468650
83.502075
83.550200
83.592225
83.645500
83.662675
83.834650
83.846600
83.852350
83.862300
83.878025
83.907000
83.918100
83.944425
83.991425
84.063400
84.130775
84.179950
84.199775
84.274500
84.300225
84.332100
84.351025
84.446200
84.516475
84.542925
84.567325
84.589700
84.606825
84.622325
84.652900
84.674925
84.697975
84.745725
84.902875
84.924075
84.950900
84.996425
85.017850
85.045575
85.079325
85.096800
85.125825
85.160950
85.201050
85.365750
85.426100
85.464475
85.497975
85.531950
85.651775
85.725825
85.762525
85.798675
85.878625
86.199200
86.230925
86.271100
86.288850
86.306650
86.336500
86.347850
86.366675
86.408850
86.428000
86.480275
86.528075
86.606525
86.707825
86.757675
86.792425
86.866800
86.908625
86.997125
87.057325
87.083475
87.105125
87.138825
87.171700
87.208875
87.232350
87.254450
87.267200
87.277300
87.288875
87.295750
87.302725
87.309050
87.322500
87.330050
87.351400
87.406850
87.419700
87.444500
87.462750
87.483625
87.522225
87.547675
87.573900
87.911100
87.921775
87.932600
87.942100
87.955925
87.968025
87.987425
88.008475
88.033475
88.059725
88.077450
88.113125
88.431825
88.488000
88.523100
88.542975
88.566825
88.603325
88.619950
88.632100
88.645975
88.657725
88.668725
88.683375
88.690875
88.698250
88.708750
88.720075
88.727550
88.734825
88.777825
88.799550
88.826375
88.870775
88.896275
88.914775
88.940125
88.978275
89.024225
89.131925
89.284375
89.337025
89.391425
89.438400
89.524275
89.801450
89.810300
89.819725
89.829350
89.846775
89.865875
89.873175
89.887525
89.893825
89.925175
89.948100
89.986050
90.024225
90.035675
90.188550
90.257450
90.331925
90.421650
90.733875
90.771325
90.779275
90.789025
90.794500
90.802425
90.813325
90.825375
90.831550
90.838675
90.847050
90.854800
90.868450
90.887875
90.909550
90.935200
90.960575
90.992025
91.033050
91.061100
91.267800
91.303600
91.346550
91.394975
91.570725
91.624100
91.727650
91.777750
91.808425
91.835175
91.847575
91.855025
91.863900
91.872625
91.879225
91.888575
91.900925
91.909325
91.931675
91.957150
91.974225
92.040025
92.055175
92.082275
92.108550
92.146550
92.374925
92.450800
92.508150
92.538075
92.556975
92.581125
92.593550
92.605700
92.612825
92.634975
92.648875
92.658550
92.669300
92.678825
92.708425
92.727525
92.760925
92.782225
92.814075
92.852125
92.880025
92.893375
92.915025
92.938375
92.966000
93.036625
93.165075
93.349375
93.395100
93.411625
93.428125
93.457625
93.475175
93.495850
93.512225
93.530200
93.550325
93.568875
93.579350
93.596275
93.612150
93.636125
93.646975
93.688200
93.749075
93.790600
93.881525
93.929250
94.075550
94.094575
94.109750
94.118875
94.131550
94.141125
94.154725
94.185700
94.199225
94.215250
94.243750
94.265650
94.287850
94.317300
94.354500
94.382625
94.428725
94.451875
94.506750
94.570400
94.624625
94.695125
94.956025
94.993925
95.005550
95.025625
95.031200
95.038350
95.045300
95.091825
95.099450
95.109400
95.127900
95.149700
95.181875
95.225275
95.241325
95.270825
95.283100
95.303900
95.318175
95.361825
95.418725
95.657700
95.736300
95.754550
95.769825
95.793550
95.822375
95.838400
95.860625
96.015125
96.296800
96.340000
96.441975
96.493575
96.547500
96.960425
96.976100
96.990275
97.013950
97.024450
97.035550
97.050900
97.069575
97.089125
97.113925
97.136500
97.174450
97.207575
97.253775
97.322275
97.366750
97.562975
97.596400
97.619650
97.642900
97.661775
97.673500
97.684725
97.700325
97.713475
97.742925
97.756700
97.792400
97.817050
97.831250
97.848125
97.857625
97.860950
97.883050
97.911950
97.921350
97.957175
97.999075
98.018850
98.041500
98.054100
98.076575
98.099775
98.122175
98.168100
98.200125
98.227875
98.299700
98.362000
98.472975
98.532400
98.555550
98.569175
98.587450
98.606875
98.631050
98.650325
98.664450
98.677075
98.701250
98.713900
98.754600
98.776200
98.796375
98.907400
99.119200
99.137325
99.146550
99.165925
99.190750
99.215325
99.235700
99.264425
99.274450
99.286850
99.317425
99.347225
99.386875
99.460875
99.696550
99.750825
99.772775
99.797700
99.821000
99.847150
99.879550
99.909325
99.944075
99.984375
100.059350
100.312300
100.393575
100.412400
100.427775
100.438425
100.448700
100.457400
100.464325
100.479450
100.488950
100.506725
100.527475
100.549575
100.586250
100.621175
100.696925
100.769550
100.813525
100.849600
100.923025
100.976200
100.989225
101.042850
101.059275
101.312725
101.343725
101.375925
101.391525
101.409150
101.434150
101.460700
101.481925
101.545750
101.580675
101.602050
101.643400
101.668500
101.708525
101.776575
101.833200
101.877775
101.914975
101.946700
101.988900
102.027150
102.053125
102.093550
102.138425
102.164950
102.198800
102.243675
102.333425
102.372350
102.427425
102.455750
102.511325
102.610800
102.667950
102.695375
102.738375
102.755750
102.776200
102.827925
102.847175
102.882850
102.911975
102.941000
102.974450
102.999125
103.032725
103.070900
103.093625
103.122875
103.170800
103.208575
103.238850
103.272300
103.304925
103.349550
103.364925
103.464200
103.497275
103.557575
103.602725
103.647325
103.678050
103.706075
103.742225
103.791175
103.835600
103.880550
103.923000
103.956050
104.002725
104.028975
104.044125
104.072150
104.100575
104.147500
104.221800
104.247075
104.260350
104.275700
104.309350
104.325625
104.341825
104.376050
104.393600
104.412300
104.423850
104.434275
104.447125
104.461550
104.475000
104.482500
104.490750
104.497100
104.517650
104.525825
104.543350
104.552475
104.566000
104.628200
104.665825
104.729300
104.748450
104.792950
104.819025
104.841725
104.855125
104.868475
104.876525
104.891575
104.908350
104.925025
104.938350
104.948975
104.961350
104.982450
105.025150
105.039100
105.051750
105.077650
105.090375
105.158450
105.188300
105.216050
105.258025
105.326875
105.380375
105.411025
105.430600
105.460675
105.484500
105.493950
105.503975
105.522425
105.537700
105.544375
105.552175
105.558175
105.566400
105.572100
105.587750
105.599325
105.609650
105.617225
105.648275
105.681100
105.716425
105.728925
105.754275
105.763225
105.774500
105.815425
105.824700
105.840200
105.848950
105.905275
106.148700
106.169425
106.187075
106.195325
106.203975
106.210725
106.234200
106.244775
106.257325
106.273100
106.281650
106.291775
106.310550
106.328700
106.345675
106.366275
106.386050
106.401500
106.427750
106.451975
106.471825
106.592225
106.749925
106.764900
106.793725
106.810600
106.831000
106.838875
106.859100
106.871825
106.886300
106.911025
106.925100
107.014775
107.055550
107.082600
107.145975
107.363025
107.388975
107.412775
107.428650
107.457100
107.481450
107.497375
107.528025
107.548925
107.593850
107.610800
107.641200
107.676525
107.731275
108.028250
108.044875
108.065350
108.080175
108.100925
108.116725
108.157850
108.182750
108.199925
108.216325
108.287725
108.394750
108.473750
108.525450
108.557700
108.589475
108.615175
108.646475
108.679250
108.749725
108.761925
108.769325
108.783250
108.790400
108.801225
108.819350
108.833050
108.845175
108.854175
108.867450
108.886125
108.897000
108.927950
108.945950
108.971775
108.984925
108.998550
109.017225
109.041675
109.083850
109.113725
109.175150
109.229900
109.331175
109.358075
109.388625
109.422275
109.469650
109.508475
109.543475
109.611175
109.649600
109.677025
109.699775
109.749250
109.820900
109.884400
109.915075
109.959800
110.001250
110.032075
110.047600
110.066725
110.106775
110.157500
110.207100
110.245250
110.373750
110.418975
110.507850
110.585625
110.637900
110.673300
110.945550
111.031825
111.080700
111.351325
111.361975
111.369025
111.375275
111.381275
111.385850
111.392725
111.399500
111.406075
111.417325
111.443225
111.453275
111.473900
111.489175
111.506650
111.525075
111.539450
111.560050
111.571775
111.583300
111.609150
111.629400
111.671700
111.693300
111.704400
111.711950
111.720200
111.746075
111.786125
111.890400
111.904175
111.927150
111.945625
111.977050
112.065325
112.098375
112.114525
112.148625
112.174100
112.232925
112.256775
112.269850
112.305225
112.318225
112.343650
112.499400
112.544425
112.563100
112.577625
112.591050
112.623000
112.639200
112.654775
112.673200
112.687550
112.718025
112.750450
112.775300
112.801500
112.826900
112.847050
112.899875
112.954000
112.974125
112.998075
113.046300
113.097125
113.330350
113.376600
113.406100
113.444600
113.465050
113.479275
113.523700
113.607025
113.631225
113.806900
113.848525
113.900075
113.959500
114.015875
114.036525
114.106825
114.155700
114.193575
114.220950
114.258850
114.296325
114.337850
114.376225
114.400700
114.457750
114.477875
114.503425
114.590300
114.619275
114.665500
114.708750
114.733125
114.762900
114.833500
114.865250
114.923650
114.960775
114.992775
115.012425
115.042375
115.086125
115.117250
115.150425
115.164325
115.205350
115.240575
115.510800
115.560475
115.589825
115.668250
115.684725
115.701775
115.735450
115.761725
115.796975
115.835800
115.997050
116.029025
116.086350
116.143100
116.241175
116.269650
116.298400
116.349175
116.579575
116.602800
116.618650
116.636450
116.685700
116.709850
116.722025
116.809575
116.914775
117.036525
117.112800
117.156100
117.224250
117.248500
117.266550
117.278725
117.288125
117.296725
117.314450
117.326700
117.331475
117.347825
117.357900
117.362725
117.370400
117.385750
117.399475
117.410500
117.426475
117.435225
117.442550
117.458550
117.462575
117.475950
117.492350
117.524450
117.557275
117.569825
117.594150
117.632700
117.649400
117.676950
117.687600
117.715625
117.794925
117.827650
117.859475
117.879075
117.913100
117.951725
118.000625
118.083325
118.168625
118.246525
118.292925
118.329800
118.365900
118.393300
118.426200
118.460400
118.484400
118.512525
118.532000
118.551650
118.564425
118.584125
118.598300
118.605925
118.622050
118.702500
118.738500
118.808800
119.123850
119.153750
119.171525
119.196875
119.218175
119.232075
119.253150
119.281300
119.298925
119.324000
119.371075
119.396775
119.450400
119.582275
119.673025
119.691225
119.703150
119.715450
119.724000
119.740650
119.759200
119.775775
119.784250
119.806425
119.818925
119.845725
119.894475
119.929275
120.044100
120.160800
120.213725
120.232775
120.251625
120.263675
120.315000
120.327650
120.341500
120.362200
120.389975
120.406000
120.445650
120.489350
120.515675
120.622075
120.766125
120.854550
120.884475
120.920325
120.989175
121.295950
121.317725
121.336525
121.347425
121.356225
121.367525
121.376800
121.383725
121.391750
121.401100
121.409825
121.435450
121.451750
121.464675
121.475975
121.498150
121.507000
121.524075
121.538350
121.556850
121.573625
121.588000
121.612250
121.625625
121.647975
121.669250
121.686325
121.695875
121.719775
121.756575
121.786075
121.797225
121.845775
121.865925
121.881750
121.890400
121.927100
121.949675
122.014300
122.063250
122.085750
122.104100
122.125525
122.145825
122.206700
122.239450
122.274875
122.300550
122.335300
122.410350
122.530800
122.558475
122.607250
122.635150
122.792900
122.943450
122.968150
122.978775
123.001000
123.015775
123.042900
123.055600
123.066325
123.086300
123.107550
123.127850
123.163300
123.176700
123.207575
123.243275
123.278125
123.530675
123.569550
123.619425
123.635650
123.689050
123.728775
123.760775
123.799275
123.829650
123.865500
123.896450
123.928825
123.957375
124.003200
124.302675
124.311325
124.318425
124.324600
124.344100
124.361650
124.370025
124.394400
124.412175
124.423875
124.437875
124.454450
124.467050
124.480700
124.498025
124.509250
124.519650
124.535325
124.552450
124.567725
124.618950
124.654250
125.220550
125.323600
125.375475
125.621150
125.670900
125.703650
125.742150
125.753675
125.765150
125.775375
125.789550
125.802250
125.818575
125.833675
125.846350
125.886075
125.918500
125.926850
125.951925
125.990950
126.065025
126.084050
126.102525
126.107525
126.175100
126.226800
126.250650
126.276250
126.326225
126.365600
126.395400
126.413325
126.437525
126.467925
126.514400
126.531275
126.568350
126.697625
126.771625
126.953350
126.960600
126.969425
126.975650
126.985575
126.995700
127.002000
127.013775
127.023925
127.034375
127.040950
127.067200
127.089375
127.118875
127.139250
127.156150
127.184625
127.211175
127.474725
127.494200
127.508650
127.521250
127.530450
127.553525
127.569025
127.591750
127.608675
127.643575
127.664950
127.750425
128.010000
128.041750
128.056625
128.068875
128.076750
128.083800
128.090025
128.114600
128.135625
128.149375
128.175475
128.211475
128.232650
128.267275
128.553825
128.555025
128.560575
128.568050
128.577275
128.597025
128.612700
128.626800
128.636975
128.646500
128.665350
128.707675
128.728525
128.755600
128.820625
129.137175
129.163675
129.175225
129.193850
129.207450
129.222975
129.230025
129.237075
129.252675
129.268675
129.280600
129.297050
129.310900
129.339975
129.374975
129.701125
129.713600
129.728375
129.740575
129.756600
129.768200
129.782900
129.807225
129.828875
130.167850
130.185050
130.204600
130.218125
130.228925
130.247725
130.268200
130.322600
130.341925
130.356775
130.382150
130.401275
130.426825
130.455975
130.495975
130.504700
130.529250
130.546625
130.569625
130.584950
130.600225
130.615850
130.629500
130.691375
130.717725
130.748300
130.786475
131.085350
131.104650
131.121775
131.141975
131.162225
131.172850
131.184050
131.191750
131.206400
131.232025
131.267550
131.285400
131.333200
131.414575
131.517025
131.553200
131.633825
131.659650
131.737900
131.849825
131.941775
132.091025
132.290725
132.302175
132.309825
132.315300
132.319225
132.325375
132.329625
132.338750
132.350150
132.370100
132.387750
132.404350
132.414600
132.429525
132.440200
132.453025
132.465525
132.490575
132.505350
132.521175
132.545225
132.574950
132.609800
132.654675
132.732425
133.002225
133.068750
133.107075
133.140500
133.172700
133.248800
133.344525
133.729450
133.740750
133.742125
133.755575
133.771025
133.778725
133.796575
133.804475
133.833400
133.843875
133.861775
133.871325
133.905425
133.919225
133.944825
133.970925
133.983225
134.015550
134.054550
134.085600
134.086750
134.101925
134.123475
134.150200
134.197625
134.260275
134.322675
134.432850
134.491375
134.516300
134.550850
134.623900
134.641250
134.676400
134.712900
134.725575
134.780175
134.799925
134.890500
135.062950
135.092600
135.163425
135.191350
135.228175
135.279125
135.302550
135.334050
135.372350
135.402000
135.431700
135.470275
135.500450
135.601350
135.657950
135.692800
135.742225
135.772000
135.813325
135.843875
135.885525
135.913550
135.978475
135.995025
136.018450
136.054650
136.064025
136.089925
136.106125
136.144800
136.429175
136.442025
136.459650
136.479575
136.486000
136.517475
136.539575
136.564275
136.598950
136.622775
136.653500
136.697225
136.727575
136.786625
137.057000
137.108725
137.120325
137.142050
137.156725
137.177025
137.200025
137.215125
137.236425
137.252400
137.270250
137.288300
137.312725
137.424550
137.566700
137.607025
137.642150
137.688500
137.716250
137.737650
137.772625
137.793575
137.822125
137.927800
137.981700
138.013325
138.043150
138.064800
138.095325
138.121700
138.154200
138.187550
138.221325
138.498725
138.534500
138.563175
138.609225
138.634175
138.659375
138.693900
138.730700
138.802900
138.813175
138.823075
138.835050
138.885875
138.929625
138.957350
139.006600
139.044200
139.069900
139.090925
139.099775
139.110825
139.126650
139.159975
139.170350
139.176250
139.183925
139.189925
139.203200
139.226300
139.234000
139.246700
139.256875
139.266225
139.276350
139.285625
139.309050
139.347000
139.357275
139.368575
139.404625
139.427050
139.440875
139.455100
139.476375
139.491975
139.512900
139.523000
139.542300
139.554075
139.576150
139.663575
139.716900
139.745825
139.793300
139.862950
139.929025
140.046700
140.102700
140.184625
140.359025
140.372425
140.390175
140.405875
140.434800
140.454200
140.478425
140.495500
140.514600
140.534725
140.560275
140.592800
140.688900
140.950650
140.975925
140.994000
141.011800
141.022825
141.034200
141.044325
141.052100
141.068250
141.087700
141.101300
141.120800
141.171375
141.208425
141.260825
141.280175
141.301175
141.326675
141.354025
141.381175
141.400775
141.487425
141.522675
141.582450
141.804325
141.817175
141.829450
141.835825
141.846125
141.856475
141.878175
141.885250
141.895975
141.907650
141.920750
141.937325
141.955850
141.968950
141.976175
141.991600
142.005800
142.015150
142.037025
142.061775
142.123450
142.184625
142.422950
142.454375
142.491225
142.529275
142.555400
142.622000
142.689650
142.848125
143.009475
143.077500
143.149825
143.232100
143.566050
143.582275
143.596550
143.604850
143.608825
143.615975
143.624850
143.640200
143.649825
143.662700
143.672050
143.678025
143.686975
143.692400
143.705275
143.713850
143.722700
143.738650
143.752100
143.767725
143.780175
143.787100
143.801875
143.815500
143.822050
143.840000
143.851125
143.862775
143.885650
143.897925
143.915975
143.965875
144.006375
144.030075
144.303400
144.313900
144.321825
144.337025
144.342200
144.352675
144.372900
144.390250
144.403150
144.424650
144.443400
144.456000
144.476500
144.506325
144.544125
144.926500
144.938000
144.944225
144.950850
144.957300
144.967575
144.977550
144.992425
145.006900
145.021325
145.049550
145.095150
145.115150
145.156300
145.184800
145.232525
145.274300
145.346450
145.422975
145.465425
145.608450
145.902850
145.909900
145.916850
145.924550
145.931075
145.940925
145.946700
145.959350
145.967875
145.981875
145.994350
146.006600
146.026000
146.063600
146.074900
146.172425
146.191950
146.669850
146.690350
146.704850
146.727775
146.750925
146.955525
147.194275
147.275825
147.350975
147.459300
147.522200
147.563725
147.599275
147.687600
147.747900
147.770625
147.852625
147.913300
148.014350
148.101175
148.143025
148.282650
148.320425
148.338725
148.366775
148.400225
148.435800
148.442325
148.454925
148.463375
148.470225
148.490375
148.496900
148.507375
148.531275
148.554000
148.574475
148.593925
148.610725
148.620900
148.664000
148.682575
148.692400
148.706750
148.719450
148.728650
148.738425
148.754850
148.761825
148.776825
148.811200
148.831450
148.952100
148.977775
148.993575
149.008550
149.028750
149.040550
149.057450
149.096050
149.111850
149.125850
149.146425
149.175225
149.203425
149.246850
149.315400
149.365900
149.423450
149.445825
149.487425
149.517775
149.556600
149.610700
149.667200
149.731225
149.824725
149.929975
150.048425
150.340325
150.366125
150.376075
150.392900
150.406350
150.433175
150.448950
150.466200
150.500850
150.545575
150.595175
150.642200
150.684725
150.710050
150.730975
150.759500
150.792550
150.822125
151.154600
151.191600
151.215550
151.232900
151.254400
151.269825
151.292375
151.334025
151.350775
151.367175
151.398575
151.417175
151.436325
151.450350
151.620300
151.726650
151.739450
151.759550
151.772025
151.791050
151.801100
151.828875
151.837575
151.852400
151.883325
151.894850
151.906450
151.935075
151.947900
151.985025
152.027775
152.062100
152.112475
152.185725
152.291275
152.365950
152.774075
152.812575
152.871600
152.909600
152.993100
153.023375
153.041625
153.061025
153.114350
153.178700
153.568000
153.585850
153.594250
153.604900
153.613100
153.627800
153.637150
153.655275
153.664375
153.684225
153.705250
153.724375
153.734750
153.743400
153.755725
153.761775
153.775800
153.803925
153.838850
153.865075
153.906650
153.941450
153.963250
153.976050
154.005775
154.033075
154.057925
154.084750
154.114725
154.166300
154.182900
154.200275
154.217925
154.260850
154.281725
154.303200
154.355550
154.409400
154.442400
154.467725
154.489050
154.500650
154.531375
154.565550
154.606650
154.638300
154.675250
154.696150
154.819175
154.994800
155.024575
155.058800
155.109725
155.133075
155.141100
155.167000
155.173750
155.186350
155.199075
155.206325
155.217350
155.236300
155.267650
155.274950
155.293275
155.307625
155.321375
155.336650
155.351175
155.382350
155.401475
155.416700
155.436600
155.471025
155.493275
155.718950
155.728200
155.737575
155.745800
155.763900
155.771925
155.785600
155.792025
155.798425
155.807700
155.829150
155.838075
155.850825
155.861750
155.875525
155.886225
155.895275
155.911125
155.934825
155.958800
155.992875
156.258625
156.302475
156.314975
156.325850
156.342850
156.350950
156.365475
156.373675
156.382975
156.390750
156.407325
156.415075
156.423475
156.429275
156.438700
156.471250
156.485950
156.500500
156.521225
156.536350
156.547475
156.569675
156.590400
156.621075
156.747625
156.817175
156.865025
156.900975
156.936675
156.981325
157.045175
157.075375
157.121100
157.184875
157.277450
157.330550
157.398350
157.488525
157.542875
157.602375
157.619750
157.684300
157.709725
157.755800
157.774775
157.806225
157.857575
157.876450
157.894825
157.956300
157.985975
158.025150
158.063225
158.139400
158.192475
158.299975
158.309425
158.361600
158.380000
158.396300
158.411150
158.421075
158.432575
158.439450
158.456625
158.469375
158.476050
158.486675
158.500000
158.514200
158.533675
158.543750
158.556450
158.564400
158.620625
158.640475
158.652375
158.681875
158.704975
158.725500
158.757225
158.773425
158.789775
158.811500
158.826775
158.854125
158.875675
158.898125
158.935500
158.988475
159.023250
159.051325
159.104125
159.132800
159.167550
159.195125
159.244725
159.308800
159.391100
159.457825
159.535950
159.607400
159.664250
159.699225
159.733900
159.750225
159.777125
159.816675
159.834650
159.975125
160.126025
160.216025
160.258850
160.297450
160.323725
160.378175
160.414325
160.729875
160.791650
160.807075
160.823225
160.841450
160.855200
160.878075
160.919550
160.953575
161.133750
161.160075
161.177500
161.185950
161.201000
161.211375
161.222475
161.243325
161.254250
161.267375
161.275100
161.292575
161.304250
161.327200
161.350150
161.370400
161.394425
161.418875
161.425300
161.445225
161.475100
161.487025
161.495900
161.512400
161.532725
161.544950
161.575000
161.596650
161.618550
161.661125
161.692975
161.724400
161.817350
161.874750
162.135775
162.157125
162.191500
162.212775
162.232075
162.251975
162.269675
162.295675
162.318850
162.342325
162.371050
162.401300
162.454075
162.466025
162.617175
162.779900
162.889725
162.943325
163.008600
163.033725
163.054475
163.091675
163.133400
163.177075
163.251250
163.291300
163.329850
163.378650
163.425950
163.605225
163.663800
163.692600
163.798925
163.828700
163.897275
163.952800
163.967875
163.994175
164.021550
164.037275
164.054450
164.069475
164.080975
164.101450
164.110525
164.136775
164.162100
164.181225
164.210125
164.225125
164.248575
164.263400
164.277050
164.295775
164.354600
164.385725
164.487575
164.518950
164.593400
164.805950
164.823050
164.838250
164.850650
164.873275
164.882850
164.893025
164.905875
164.912975
164.925100
164.933300
164.946175
164.958675
164.972825
164.987975
165.006425
165.020850
165.029250
165.046225
165.053975
165.069925
165.085550
165.099450
165.109950
165.148475
165.174500
165.205750
165.257375
165.317725
165.386725
165.430600
165.471550
165.543300
165.634775
165.691850
165.733750
165.796275
165.870100
165.911025
165.938000
165.939825
165.985600
166.012400
166.052700
166.082450
166.092225
166.121175
166.149075
166.205150
166.228200
166.296550
166.542450
166.568750
166.593400
166.613400
166.622425
166.637075
166.649175
166.662850
166.679425
166.691600
166.713425
166.727100
166.745875
166.767725
166.776900
166.793475
166.812325
166.819250
166.836550
166.853300
166.876300
166.889925
166.914600
166.927725
166.950850
166.963425
167.014925
167.026950
167.041525
167.080075
167.096925
167.115025
167.159575
167.320000
167.349975
167.399550
167.407350
167.416750
167.432850
167.445825
167.457350
167.463475
167.485375
167.517525
167.546475
167.569225
167.600300
167.624875
167.632650
167.646375
167.661325
167.681150
167.686725
167.703025
167.720700
167.729575
167.739350
167.748450
167.774550
167.792950
167.806125
167.814475
167.853750
167.880950
167.906575
167.920600
167.935125
167.952100
167.961975
167.977225
167.985900
167.994950
168.002525
168.019000
168.030575
168.051900
168.064125
168.073425
168.117400
168.145700
168.162700
168.171825
168.184000
168.194875
168.228075
168.250125
168.276225
168.324025
168.345950
168.363825
168.389175
168.411000
168.459175
168.524750
168.573100
168.605375
168.633225
168.666600
168.699550
168.737150
168.753700
168.788400
168.829525
168.863300
168.888300
168.922750
168.953200
168.973325
168.992800
169.061850
169.089975
169.127650
169.153825
169.188975
169.206900
169.251550
169.277975
169.301725
169.312250
169.332225
169.342825
169.350150
169.364300
169.377125
169.391400
169.398600
169.410450
169.437700
169.445625
169.457650
169.505550
169.544975
169.553000
169.569450
169.601400
169.646400
169.678775
169.696475
169.750800
169.807750
169.992150
169.997850
170.003175
170.008425
170.020700
170.040350
170.047800
170.064475
170.104050
170.123775
170.139550
170.165550
170.201200
170.231825
170.259125
170.289000
170.341875
170.457650
170.517650
170.562475
170.585525
170.678800
170.718175
170.770225
170.797750
170.828475
170.848300
170.859825
170.875350
170.888525
170.898025
170.909875
170.918650
170.931525
170.937675
170.988825
171.000900
171.006825
171.013050
171.018700
171.023875
171.031375
171.037100
171.059500
171.067650
171.078375
171.089250
171.099100
171.125600
171.139800
171.152200
171.168200
171.175600
171.184825
171.221125
171.242850
171.278000
171.288325
171.306150
171.354775
171.382875
171.401300
171.410925
171.452775
171.479175
171.487475
171.492050
171.504950
171.533225
171.547200
171.562900
171.580050
171.614375
171.628200
171.653250
171.680850
171.723650
171.739575
171.760500
171.789075
171.818400
171.855025
171.871175
171.897050
171.927750
171.957275
171.995375
172.008375
172.030950
172.051250
172.056100
172.065350
172.070825
172.080625
172.086525
172.091875
172.099575
172.123600
172.173575
172.182825
172.190100
172.206450
172.227750
172.242700
172.257850
172.265050
172.281775
172.296375
172.341325
172.383525
172.404275
172.421150
172.441600
172.467000
172.474025
172.496475
172.500975
172.601825
172.667625
172.677225
172.705775
172.719275
172.738750
172.759800
172.775100
172.782900
172.801525
172.824625
172.849025
172.866800
172.902800
172.926675
172.952825
172.978050
172.993750
173.006800
173.012500
173.017825
173.061125
173.069775
173.082050
173.093775
173.117325
173.137325
173.154050
173.165325
173.181575
173.191225
173.229125
173.237775
173.250125
173.268625
173.304325
173.313800
173.333075
173.358950
173.384175
173.407275
173.417425
173.435400
173.442150
173.454400
173.465200
173.503300
173.551950
173.594300
173.629450
173.663475
173.685950
173.698775
173.710175
173.730925
173.744975
173.762450
173.775400
173.791350
173.823350
173.831375
173.847800
173.869225
173.881200
173.914425
173.931000
173.954625
173.967800
173.981325
174.000025
174.014950
174.045225
174.065850
174.092850
174.122550
174.164350
174.192175
174.213250
174.227325
174.240875
174.253475
174.286775
174.310675
174.323350
174.330400
174.340050
174.386275
174.399725
174.408800
174.418050
174.433675
174.487525
174.511650
174.523525
174.544250
174.594025
174.628900
174.638475
174.660025
174.673500
174.684950
174.699650
174.712250
174.723375
174.745025
174.755600
174.770925
174.781550
174.801175
174.810750
174.833625
174.853875
174.879125
174.887650
174.921675
174.967475
174.995050
175.021900
175.063450
175.086900
175.097200
175.115000
175.138025
175.172175
175.198000
175.213225
175.220925
175.248400
175.260000
175.298050
175.335975
175.362050
175.394275
175.411300
175.439925
175.524175
175.538825
175.585325
175.647125
175.672025
175.705575
175.749375
175.760550
175.777225
175.792300
175.798425
175.812025
175.817700
175.825175
175.860275
175.911625
175.925150
175.938125
175.962125
175.977725
176.005625
176.034375
176.073150
176.111525
176.187000
176.273525
176.284000
176.294375
176.303875
176.310350
176.316050
176.331300
176.343200
176.365775
176.384150
176.399525
176.420075
176.451250
176.486025
176.520800
176.541000
176.550450
176.566075
176.590525
176.597300
176.603250
176.616175
176.625075
176.632025
176.640275
176.653950
176.661625
176.672475
176.679000
176.688875
176.693825
176.701150
176.714075
176.729375
176.756975
176.774750
176.787775
176.796425
176.824625
176.849175
176.863625
176.872150
176.884325
176.912950
176.938675
176.947200
176.969250
176.977800
176.994975
177.014600
177.050225
177.058600
177.086950
177.098725
177.149075
177.174075
177.183175
177.191500
177.247900
177.261825
177.295175
177.348875
177.365800
177.390125
177.415550
177.433825
177.451950
177.485475
177.514275
177.535750
177.577550
177.607900
177.644425
177.649125
177.741400
177.762375
177.781975
177.825025
177.843025
177.869975
177.893350
177.928550
177.940525
177.954550
177.977275
177.991600
178.024500
178.036650
178.067550
178.113675
178.177100
178.206075
178.217750
178.239300
178.262550
178.277950
178.298525
178.308450
178.341700
178.372850
178.403925
178.424625
178.449575
178.484300
178.500125
178.529250
178.535225
178.540375
178.556000
178.595500
178.613950
178.626850
178.651000
178.696925
178.706625
178.734800
178.741400
178.754525
178.816950
178.835150
178.861525
178.881425
178.898250
178.912350
178.924075
178.932825
178.979525
178.987025
179.042625
179.061250
179.090825
179.126475
179.174425
179.189225
179.223025
179.253200
179.276450
179.283950
179.303950
179.326850
179.361700
179.393050
179.424100
179.465350
179.504225
179.517350
179.535025
179.583975
179.601150
179.634750
179.674825
179.684600
179.699875
179.715250
179.723050
179.738275
179.754550
179.803825
179.836925
179.866725
179.894875
179.997700
180.071300
180.080750
180.093475
180.108025
180.119050
180.124250
180.134650
180.139850
180.147000
180.156400
180.172000
180.206800
180.226400
180.294225
180.314425
180.386025
180.415525
180.423200
180.454450
180.462575
180.477125
180.482125
180.487875
180.537750
180.556650
180.573850
180.601075
180.622275
180.643725
180.666925
180.680375
180.695575
180.733725
180.751375
180.762975
180.787275
180.813825
180.828050
180.971050
181.019725
181.063925
181.091675
181.114050
181.173875
181.193600
181.217800
181.232375
181.283725
181.361725
181.409800
181.423425
181.448125
181.476700
181.517025
181.528175
181.564925
181.587075
181.606900
181.679850
181.700475
181.732150
181.766025
181.808250
181.837000
181.883975
181.918350
181.968650
182.021800
182.054875
182.071100
182.101975
182.119475
182.130800
182.149775
182.166800
182.174300
182.211200
182.222925
182.245350
182.299300
182.556075
182.567975
182.576425
182.582450
182.596500
182.614375
182.622475
182.641150
182.647475
182.654450
182.667975
182.695125
182.737550
182.828425
182.855650
182.882800
182.914050
182.947600
182.968650
182.989500
183.030300
183.072850
183.388650
183.409350
183.424375
183.431900
183.443950
183.451300
183.470450
183.505700
183.517425
183.543350
183.566150
183.590775
183.615100
183.629575
183.645125
183.822425
183.848550
183.874875
183.896100
183.913875
183.927825
183.939475
183.951425
183.960100
183.969975
183.990025
184.003925
184.043675
184.061025
184.096425
184.114775
184.177825
184.213675
184.256150
184.278425
184.311900
184.374675
184.401050
184.427300
184.457850
184.503250
184.527525
184.557775
184.580925
184.609000
184.626625
184.645550
184.666650
184.687975
184.705875
184.715175
184.731875
184.761600
184.794300
184.826950
184.855575
185.048800
185.063200
185.072025
185.099000
185.106275
185.116975
185.136625
185.149950
185.154400
185.169075
185.182600
185.201725
185.215875
185.232600
185.258825
185.281200
185.336125
185.383500
185.421225
185.462375
185.689300
185.747250
185.768050
185.786650
185.800775
185.824375
185.831700
185.855450
185.869650
185.892525
185.914350
186.257625
186.288150
186.315475
186.346875
186.397375
186.440200
186.462100
186.522875
186.542675
186.627150
186.687425
186.721275
186.799075
187.024500
187.088675
187.122675
187.147950
187.175875
187.205125
187.249525
187.286250
187.347025
187.787075
187.803450
187.816000
187.821350
187.828175
187.835225
187.839575
187.851050
187.859475
187.864825
187.870775
187.891400
187.914000
187.929700
187.961225
187.987575
188.015150
188.047650
188.067675
188.186525
188.262625
188.276250
188.301300
188.314325
188.322175
188.337275
188.361275
188.373350
188.380125
188.395150
188.410250
188.430225
188.455600
188.470550
188.486825
188.527650
188.562700
188.596300
188.663150
188.711275
188.740675
188.760025
188.768775
188.789350
188.822400
188.854275
188.883575
188.926500
188.948050
189.000575
189.050725
189.085550
189.379325
189.391675
189.404775
189.416750
189.427175
189.437600
189.460225
189.476200
189.497125
189.516500
189.531050
189.548925
189.564825
189.589650
189.600850
189.607200
189.614050
189.622750
189.643000
189.658900
189.706600
189.742625
189.815700
189.992350
190.093925
190.139775
190.174900
190.203125
190.221925
190.260150
190.280675
190.313750
190.354225
190.412675
190.470325
190.518150
190.581975
190.873325
190.899250
190.921325
190.954175
190.980525
191.001825
191.063575
191.126450
191.172150
191.234800
191.294525
191.335725
191.352525
191.399125
191.408025
191.423100
191.431025
191.441850
191.457175
191.484525
191.486275
191.500475
191.514775
191.521375
191.533025
191.555775
191.572975
191.591525
191.620025
191.716675
191.764375
191.787825
191.835600
191.863225
191.900625
191.951575
192.001275
192.038625
192.074050
192.122025
192.191300
192.340500
192.405900
192.444525
192.457575
192.484250
192.494825
192.501225
192.524300
192.546600
192.553550
192.567850
192.579825
192.612125
192.629450
192.643350
192.687500
192.700025
192.714600
192.746275
192.766375
192.794125
192.839700
192.865325
192.905800
193.129675
193.185075
193.232275
193.274250
193.299300
193.360575
193.397975
193.571975
193.605725
193.620725
193.689625
193.727875
193.820825
193.945925
193.965975
193.974550
193.985450
193.993775
194.001075
194.004950
194.013700
194.021400
194.027150
194.086075
194.116650
194.151550
194.159200
194.178450
194.190225
194.225125
194.249950
194.268925
194.309900
194.341675
194.370975
194.390400
194.413200
194.431725
194.458350
194.496100
194.517900
194.584950
194.605700
194.644325
194.660100
194.678650
194.741950
194.799175
194.870700
194.912800
194.948000
194.995700
195.012300
195.028975
195.039150
195.061825
195.088825
195.098000
195.110850
195.130900
195.156450
195.193925
195.227100
195.342700
195.372500
195.423550
195.461500
195.528725
195.577400
195.646900
195.696250
195.748000
195.774375
195.775700
195.786000
195.796175
195.807300
195.825675
195.837700
195.854575
195.863575
195.871800
195.889900
195.911075
195.948000
195.982950
196.045725
196.227050
196.284325
196.499250
196.524075
196.536875
196.544325
196.564125
196.586225
196.609075
196.634575
196.657275
196.677725
196.729325
196.741450
196.755125
196.765900
196.778825
196.812875
196.879250
196.941125
197.001400
197.214025
197.229375
197.237900
197.244900
197.267850
197.279250
197.286700
197.296550
197.304475
197.318275
197.344200
197.355000
197.402250
197.447800
197.519225
197.564750
197.708800
197.811150
198.033775
198.045050
198.049725
198.054800
198.068275
198.077100
198.093225
198.104625
198.113400
198.129700
198.140450
198.157600
198.195875
198.223750
198.248700
198.268000
198.290950
198.318975
198.340050
198.420450
198.454600
198.457325
198.492950
198.515525
198.555075
198.608925
198.665325
198.715600
198.933175
199.099225
199.158375
199.202850
199.239450
199.306875
199.421950
199.477675
199.535750
199.765375
199.794625
199.804925
199.813000
199.827200
199.835900
199.852700
199.862925
199.872775
199.887725
199.901100
199.938875
199.962000
199.986350
