# # All spikes for Neuron
1.342300
1.602600
1.762250
1.982725
2.061075
3.237925
3.537500
3.610575
3.757150
4.072825
4.127050
4.240025
4.771825
5.299125
5.382050
6.065375
6.406375
6.785075
7.384675
7.457450
7.768950
7.810150
7.905775
8.317975
8.883825
9.020375
9.792950
10.172125
10.725225
10.804750
11.235175
11.692975
11.867225
12.240275
12.375200
12.460700
13.238475
13.472800
13.576000
14.047900
14.455100
14.670100
15.061675
15.699825
16.198525
17.152850
17.460675
17.580200
17.781125
18.303700
18.839050
18.959025
19.214125
19.715275
20.385050
20.442225
20.543725
21.003275
21.699100
21.802600
23.049175
23.355125
23.738725
24.987325
25.287150
25.421550
26.978875
27.631375
27.661675
27.697375
28.392925
28.878525
28.920325
28.943425
29.873900
30.330450
30.501900
30.987600
31.013925
31.146125
31.273575
31.917400
31.954050
32.190950
32.618900
32.688250
32.736475
33.294225
35.316525
35.435350
35.793475
36.192300
36.337450
37.056225
37.139625
37.278875
38.379275
39.080300
39.155750
39.467125
39.957700
40.015425
40.314550
40.768050
40.968250
41.163100
41.325725
42.363950
43.122350
43.424025
43.775150
44.081850
44.505700
44.743450
44.927925
45.791875
46.313550
46.520200
46.961325
47.609700
48.026200
48.330950
48.731450
49.675675
50.154850
50.262700
50.406325
50.649025
51.220325
52.577950
53.585825
54.263100
54.521175
54.591275
55.033400
55.548350
57.559850
58.187400
58.336425
58.338600
58.479800
59.008800
59.545850
60.006375
62.116475
63.418950
64.141375
65.105575
65.130625
65.220950
68.222575
68.364650
69.191225
69.243325
69.315250
69.788950
70.028300
70.072975
70.318825
70.410400
70.423200
70.540300
70.567750
70.803450
70.977600
71.195650
71.428950
71.472300
72.205600
72.743675
73.876800
74.313650
74.874125
74.891875
76.417175
77.356450
77.952875
78.761000
80.039700
81.184375
81.498300
82.629175
83.130275
83.300200
84.552200
84.566325
85.054050
85.389675
87.954975
89.874575
90.427525
91.524325
91.646775
92.342725
92.862250
93.859800
94.699475
96.479000
96.807825
96.937950
97.224050
97.448850
98.151725
98.381725
98.777625
98.854275
98.988725
100.066600
100.452475
102.803625
105.261650
105.628375
107.539275
108.559950
109.851575
111.918975
112.275850
112.445225
112.874025
114.190125
114.265850
115.696850
116.331975
116.614025
116.667100
117.142700
117.954000
118.927075
119.596975
119.831125
120.051075
120.271775
120.342325
120.490450
120.665500
120.838150
122.913850
125.503850
127.155000
127.298100
127.353125
128.209150
129.042400
129.046800
129.866525
129.940550
130.456950
130.858600
131.511050
131.722500
132.887275
133.259325
135.811575
135.980475
137.583575
138.155550
138.612625
139.135900
139.205650
140.286175
140.471925
140.569125
140.984400
141.331500
141.440400
142.859250
144.260725
144.337325
144.756475
145.423725
145.951500
146.097625
147.490475
149.136150
149.531275
149.892425
150.516150
150.803725
151.626775
153.425875
153.912900
154.125225
156.257725
157.045225
157.629450
159.039750
161.753725
163.207775
163.337950
163.380700
163.772475
164.476925
164.980675
165.377925
165.439925
165.749725
166.232625
166.301125
167.258350
168.024850
168.480050
168.726750
168.788075
168.966175
169.987225
170.286575
170.489225
171.205975
171.774575
172.012275
173.172300
175.469850
179.707150
180.753925
182.226550
184.101975
184.254625
184.993600
185.044300
186.831250
186.937250
187.010150
187.923975
188.057625
188.373300
189.146150
189.888250
190.532325
191.748200
194.481775
195.699750
196.256825
197.239475
197.615175
198.204550
198.247325
202.756850
203.185000
204.359475
204.683900
205.538700
206.677850
207.417725
207.653775
208.667325
209.284550
209.540475
209.547375
209.819625
210.068600
210.119100
211.697100
211.825200
211.909450
213.501025
213.827825
214.767400
215.941150
216.537700
217.564750
217.630650
218.158250
218.493875
219.473100
219.622975
219.656150
220.485700
222.259950
225.472725
227.334750
228.194650
229.666250
230.977150
236.505350
236.930500
237.870150
238.707425
238.800675
239.215725
239.372475
240.704900
243.219200
243.323425
243.534775
244.390750
247.347350
250.788850
253.684600
253.745225
256.146600
258.810175
261.180325
262.756950
262.873525
263.032100
263.784825
263.888225
263.970550
264.596375
264.775575
265.164000
265.327150
265.623575
266.374000
266.421350
266.476125
267.365625
267.610875
267.890325
267.944025
269.292950
270.185375
271.196775
271.291925
272.118025
272.365775
273.120375
273.568375
274.444800
279.184550
280.654750
280.707925
281.229850
283.066275
284.242775
286.276575
286.296875
288.743900
289.415125
290.096350
290.589625
290.622600
291.734800
292.694250
294.593975
295.417000
296.572650
297.065425
297.984575
298.513250
298.660275
300.221175
300.281900
301.210475
301.358150
302.061775
302.548800
305.746575
307.856025
311.992100
312.664250
312.902325
313.611225
314.064050
314.449050
314.791100
314.927900
315.102000
315.185625
316.605725
316.712150
317.549425
318.305175
318.968475
319.065250
319.748000
320.307675
320.392550
321.546225
322.449000
322.739975
324.938650
326.723325
328.871575
330.527800
330.771050
330.780700
331.196775
332.920475
335.168650
338.033150
338.685325
340.337550
340.398775
340.903575
342.085150
344.072725
345.882400
345.910050
348.028725
348.244200
348.440500
349.135625
350.570975
354.327700
356.748075
358.780025
359.074800
362.196550
362.281375
362.951075
364.608950
364.659050
365.819625
367.274300
368.745550
368.861575
369.353525
370.439825
374.137375
383.144125
383.951800
386.380000
386.866300
387.491150
387.548100
388.105250
389.285025
389.979975
390.514425
393.574275
394.266025
394.967775
395.286125
397.803300
397.856475
402.226100
402.294250
402.639350
402.704400
403.393750
404.138150
406.363350
406.795675
406.838450
408.328875
409.184500
409.685650
412.287300
413.070825
413.734575
413.879050
413.889175
414.970250
415.836000
416.341300
416.615325
417.362350
417.840025
419.100025
421.368525
425.595800
436.022000
440.921825
441.006250
444.353700
448.376975
448.499500
448.501100
448.559950
449.615650
450.187575
452.511900
453.605550
454.684250
454.685750
455.473300
455.972200
456.724025
457.576150
457.827125
458.051500
458.718850
459.370125
459.977575
461.707275
462.482450
462.582175
462.966100
463.092150
463.812525
465.375175
466.185100
466.495625
466.523850
467.596075
467.999400
468.044250
469.394200
473.714450
478.613925
478.833850
479.459050
483.246325
485.759900
485.909850
485.984000
497.298775
498.552725
498.689550
499.310800
499.671175
502.403925
503.010825
507.115375
512.477500
512.956375
513.538475
513.559175
513.593850
514.151025
514.722675
515.593250
516.035450
516.611650
516.730650
517.172300
518.428625
519.600600
519.852800
520.338275
530.946125
531.804075
534.801250
538.614650
538.943100
541.055925
541.581075
541.690325
546.672925
547.751800
548.534000
