# # All spikes for Neuron
0.130450
0.327250
0.568000
0.822600
0.892925
1.022300
1.294975
1.356100
1.432300
1.928500
2.087800
2.201400
2.374775
2.649650
2.722000
2.872700
3.131275
3.211775
3.234800
3.477850
3.546275
3.659700
3.705800
3.793975
3.961675
4.650025
5.338125
5.470550
5.721750
5.983250
6.324900
6.398350
6.550050
6.717325
6.772350
6.843050
6.917300
7.267800
7.402375
7.667725
7.706375
7.792425
7.954150
8.068575
8.109925
8.201825
8.319450
8.343950
8.408250
9.085975
9.184825
9.601625
9.969000
10.225350
10.878875
11.280450
11.587475
11.826600
11.914575
12.139550
12.330475
12.805375
12.941525
13.220325
13.308275
13.328850
13.366675
13.383175
13.458575
13.882225
14.916700
15.055275
15.076025
15.321150
15.362200
15.412575
15.492175
15.539075
15.786250
16.230400
16.312575
16.377725
16.476325
16.588200
16.887675
17.412550
17.533250
17.587025
17.647700
18.313850
18.334500
18.368100
18.746825
18.830425
19.059225
19.216900
19.626200
20.274850
20.474375
20.518950
20.902900
21.108025
21.402950
21.432325
21.730900
21.998925
22.017600
22.068000
22.156900
22.266600
22.591450
22.862275
23.146475
23.257050
23.321600
23.729700
23.768475
23.876975
24.029575
24.080000
24.219475
24.601400
24.752725
24.904300
25.013100
25.146700
25.200025
25.260600
25.453150
25.508250
25.568500
25.614100
25.681125
25.936300
26.629000
26.801350
26.908625
26.978675
27.032025
27.313850
27.374125
27.779825
28.090425
28.257100
28.567400
28.718150
28.756600
28.827550
29.033325
29.421150
29.739950
29.886050
30.351350
30.785275
30.978500
31.243875
31.514525
32.253050
32.269550
32.383025
32.674325
32.856850
33.230700
33.375150
33.701850
34.203875
34.309925
34.378450
34.558375
34.578600
34.887925
34.948475
35.007625
35.086350
35.270725
35.547200
35.689200
35.975450
36.055275
36.143050
36.182825
36.530600
36.896750
37.082475
37.184225
37.298800
37.398650
37.499100
37.568750
37.768525
38.770150
39.282750
39.337950
39.572425
39.899300
40.150825
40.260250
40.285425
40.306875
40.377500
40.399450
40.669750
40.742475
40.785500
40.927900
40.991225
41.003500
41.052975
41.103650
41.129075
41.328175
41.411450
42.066300
42.180525
42.445275
42.504025
42.721500
42.770525
42.800950
42.829400
42.852250
42.879125
43.216425
43.254925
43.314550
43.569425
43.588550
43.991325
44.243675
44.378625
44.626250
44.654225
45.256975
45.290425
45.517050
45.601975
46.048625
46.181800
46.274925
46.342300
46.497550
46.991175
47.169025
47.577000
47.682275
47.745250
47.779750
47.909500
47.981525
48.036275
48.150000
48.181075
48.287700
48.360700
48.447050
48.668975
48.897025
48.979700
49.177175
49.317575
49.330225
49.701450
49.771350
49.856650
50.019775
50.081425
50.211900
50.556575
50.602000
51.018350
51.075425
51.145150
51.162150
51.435625
51.518325
51.555975
51.606450
51.777400
51.818200
52.173275
52.507025
52.532925
52.627375
52.859900
52.901950
53.163025
53.605350
53.683625
53.739275
54.105100
54.153025
54.355900
54.397325
54.449200
54.654200
54.673050
54.712650
54.942150
55.040000
55.381650
55.438425
55.511300
55.791025
55.825000
56.005275
56.267275
56.502275
56.638825
56.680625
57.524825
57.599050
57.670450
57.970150
58.278900
58.302775
58.402900
58.434700
58.568700
58.625125
58.913400
59.265675
59.467650
59.572700
59.617225
59.744950
59.841375
59.924600
59.981500
60.104900
60.134800
60.282000
60.447600
60.468575
60.506175
60.522575
60.607875
61.042575
61.117300
61.258600
61.313725
61.738000
62.030775
62.060350
62.119625
62.145425
62.291875
62.305175
62.440825
62.518525
62.641950
62.924225
63.099875
63.121475
63.261375
63.406625
63.470600
63.971675
64.035525
64.253525
64.333375
64.677125
64.775900
64.886225
64.992950
65.286600
65.475500
65.785775
65.975375
66.003975
66.066750
66.161850
66.309925
66.496375
66.699600
66.722350
66.844750
66.943350
66.964500
67.200650
67.321025
67.496325
67.721225
67.758725
67.976425
68.028425
68.341625
68.713125
68.751225
68.819950
68.959575
69.266600
69.351425
69.523875
70.763000
70.829125
71.006625
71.052900
71.122275
71.165100
71.234025
71.383000
71.429375
71.533100
71.548975
71.759250
71.809550
71.932500
71.963775
72.277375
72.645925
72.663200
72.721200
72.896350
72.977100
73.009525
73.026025
73.277225
73.309400
73.399725
73.654275
74.019200
74.116450
74.358200
74.763875
75.138200
75.433900
75.472150
75.532750
75.625625
75.875300
76.262875
76.287050
76.540825
76.607475
76.958400
77.023625
77.523025
77.612550
77.692275
77.749200
77.856675
78.017125
78.053500
78.313425
78.373075
78.559825
78.610150
78.738600
78.863075
79.323000
79.331050
79.485700
79.880175
79.908550
79.954450
80.407100
80.612750
80.679200
80.738450
80.848675
80.914150
81.052500
81.092075
81.114800
81.242475
82.071075
82.166575
82.299950
82.365675
82.612175
82.667675
82.685625
83.077600
83.337625
83.355725
83.373975
83.461675
83.494750
83.625150
83.738350
83.753400
83.837975
83.963000
84.568750
84.726000
84.875000
85.008775
85.212650
85.799300
85.874350
85.995575
86.455975
86.729625
86.849650
87.302625
87.429100
87.469025
87.501350
87.552650
87.794200
88.106800
88.308525
88.466875
88.572175
88.865225
88.950825
88.996050
89.047650
89.098525
89.127400
89.379725
89.450100
89.512550
89.695225
89.755275
90.100700
90.166400
90.206650
90.237575
90.296100
90.330650
90.390400
90.426625
90.500300
90.737550
91.074300
91.090850
91.123575
91.336550
91.409700
91.518050
91.798750
91.803200
92.143500
92.174325
92.292175
92.318225
92.340900
92.510350
92.555250
92.575650
92.615000
92.693350
92.712725
92.900500
93.055275
93.469300
93.517900
93.569675
93.610375
93.710325
94.091350
94.291700
94.366175
94.498625
94.671000
94.758925
94.988275
95.201825
95.264125
95.318425
95.366150
95.416175
95.469150
95.573575
95.724350
95.778325
95.882775
95.915525
96.015025
96.184325
96.300300
96.579400
96.645625
96.794000
97.071825
97.293025
97.328750
97.513325
97.657200
97.822375
97.863725
97.902525
97.918250
97.933950
98.134175
98.196400
98.364700
98.390050
98.417100
98.486875
98.552700
98.712800
98.772775
98.858675
98.909125
98.944675
99.005425
99.049200
99.289450
99.603925
99.909375
99.976925
100.213725
100.248425
100.550225
100.587350
100.695750
100.817550
100.924950
100.935625
100.967925
101.009225
101.385050
101.431450
101.591200
101.721300
101.825075
101.867675
102.531700
102.692150
102.776150
102.863575
103.181800
103.191950
103.288625
103.346525
103.374250
103.394125
103.479600
103.585200
103.665625
103.823275
103.849150
103.945300
104.178025
104.245450
104.287700
104.555100
104.621175
104.684650
104.725400
104.751025
104.770225
105.053650
105.141475
105.299375
105.335075
105.594175
105.617350
105.699025
105.937900
106.084150
106.219750
106.292650
106.376250
106.393300
106.530600
106.571475
106.712750
106.740525
106.865350
106.931150
107.114175
107.182900
107.225175
107.499475
107.672300
107.693700
107.840475
107.931050
108.390600
108.543525
108.757125
108.841550
109.055850
109.173300
109.275600
109.357525
109.903275
109.995000
110.353500
110.583375
110.896775
110.942675
111.098475
111.273000
111.304475
112.376975
112.400350
112.451175
112.463050
112.513725
112.613025
112.830525
113.047400
113.262225
113.313375
113.334675
113.350175
113.490575
113.548350
113.636700
113.714400
114.362050
114.746575
114.866925
115.086200
115.166450
115.205675
115.236025
115.737525
115.773425
115.839575
115.848250
115.868600
115.929025
115.950700
115.977375
116.108050
116.123050
116.187025
116.294700
116.357225
116.421400
116.510625
116.591925
116.748400
116.772625
116.852800
116.865750
117.099400
117.117825
117.175350
117.204925
117.478950
117.539850
117.722650
117.744700
117.852375
117.988975
118.093150
118.138675
118.244650
118.419950
118.542150
118.580050
118.662000
118.758475
119.106625
119.180050
119.201025
119.303675
119.334625
119.859000
119.902300
120.061975
120.105950
120.258800
120.553650
120.583850
120.622000
120.657575
120.676975
120.737600
120.975200
121.423250
121.925925
122.026375
122.096100
122.127150
122.182275
122.256200
122.325475
122.341975
122.429800
122.452725
122.512825
122.644450
122.711850
123.043300
123.228375
123.319050
123.547100
123.577775
123.629875
123.757175
123.848100
124.298975
124.532800
124.599450
124.898500
124.911550
125.036675
125.214500
125.306150
125.324925
125.739600
125.858925
126.402200
126.543700
126.613925
126.754275
126.770525
126.971825
127.088525
127.459525
127.623025
127.637850
127.662800
127.677775
127.912775
128.059250
128.165300
128.317375
128.549525
128.574600
128.633800
129.027375
129.150425
129.227100
129.497725
129.532525
129.625850
129.669925
129.750600
129.775075
129.816525
130.287825
130.318375
130.426275
130.574450
130.715550
130.793775
131.033125
131.140350
131.417050
131.430025
131.444025
131.512800
131.841275
131.939050
131.971875
132.425400
132.575675
132.812775
133.056325
133.086525
133.102650
133.344225
133.410000
133.560375
133.859000
133.897175
133.926900
133.974300
133.983475
134.198650
134.223175
134.265625
134.336600
134.957375
135.008475
135.330375
135.383300
135.802450
135.824250
135.942025
135.973900
136.219125
136.533700
136.644425
136.802000
136.824200
136.856425
136.896850
136.921900
137.023425
137.447100
137.477100
137.646625
137.671475
137.739150
137.946450
138.022300
138.210475
138.465400
138.565975
138.645400
138.796550
138.806250
138.864950
138.953625
138.970850
139.136900
139.244450
139.429500
139.731825
139.784125
139.837325
139.871850
139.897800
139.994350
140.047625
140.065725
140.103025
140.135175
140.159950
140.186800
140.228350
140.613575
140.676400
140.683000
140.778950
140.908925
140.930850
141.011025
141.034000
141.079000
141.123975
141.156625
141.367025
141.398800
141.433150
141.464025
141.540925
141.616500
141.656625
141.797100
141.827700
141.848500
141.931150
142.060125
142.160775
142.214750
142.225450
142.434025
142.480000
142.617150
142.831325
142.848550
142.875275
143.264450
143.357850
143.391600
143.490175
143.521425
143.573675
143.703100
143.759850
143.789025
143.832925
143.871625
144.139225
144.285500
144.339375
144.586725
144.793725
144.921625
144.967300
145.256800
145.340150
145.477575
145.646175
145.683200
145.808100
145.877075
146.132950
146.288750
146.409450
146.445725
146.463625
146.556775
146.624850
146.804025
146.827125
146.989275
147.034000
147.076875
147.227025
147.271175
147.435275
147.618950
147.702350
147.990375
148.039900
148.102800
148.329125
148.433800
148.498675
148.519775
148.665900
148.788375
148.860200
148.878350
148.963625
149.097325
149.129025
149.183475
149.229600
149.481350
149.590325
149.802200
150.106900
150.342425
150.403200
150.441475
150.472100
150.543650
150.626350
150.751225
150.817125
151.039900
151.180200
151.228025
151.286100
151.300975
151.551725
151.675150
151.816200
151.856225
151.924850
152.234025
152.367525
152.409650
152.489125
152.561375
152.636700
152.743525
152.800875
152.877475
152.917750
152.999425
153.108925
153.170050
153.300275
153.581875
153.627050
153.721450
153.797950
154.028725
154.096325
154.248550
154.294750
154.337125
154.407225
154.454800
154.608675
154.646525
154.678550
154.762075
154.785500
155.281275
155.335825
155.385150
155.408775
155.468950
155.483350
155.664175
155.740525
155.754275
155.765300
155.800075
155.922400
156.016500
156.044025
156.083300
156.347100
156.427125
156.684725
157.014400
157.044625
157.141750
157.318125
157.503075
157.519550
157.577575
157.705675
157.785450
157.871700
157.882625
157.955800
157.965900
158.064200
158.079675
158.175750
158.327850
158.422775
158.500075
158.578375
158.636900
158.660375
158.686650
158.720475
158.914725
159.190000
159.214000
159.333700
159.404225
159.764375
159.824700
159.954825
160.057825
160.174100
160.232550
160.452350
160.765850
161.091800
161.164825
161.340725
161.519125
161.636625
161.796175
161.926350
161.954850
162.067050
162.100925
162.256100
162.406650
162.446075
162.514900
162.539875
162.706875
162.952850
163.166875
163.242050
163.433900
163.609950
163.776800
163.844825
164.032875
164.147650
164.170450
164.236475
164.318775
164.337575
164.459850
164.540525
164.731900
164.755325
164.786375
164.814650
164.952150
164.979450
165.025775
165.107400
165.123300
165.163375
165.327075
165.493775
165.582750
165.720725
165.738200
165.803875
165.857975
165.968075
166.070950
166.105675
166.195975
166.268750
166.285275
166.350050
166.415625
166.555925
166.773775
166.899075
167.075875
167.109650
167.158300
167.226700
167.310175
167.364525
167.413450
167.453775
167.570300
167.754975
167.947275
168.051275
168.075400
168.203625
168.282225
168.407225
168.435775
168.513575
168.614225
168.748650
168.870150
168.882850
168.897975
168.956200
169.164175
169.193450
169.326925
169.351825
169.373075
169.549425
169.590050
169.833650
169.908550
169.956275
170.126075
170.312575
170.489350
170.666125
170.871650
170.885550
170.935550
170.964350
171.046850
171.149075
171.291800
171.349125
171.415250
171.714375
171.986025
171.997925
172.041950
172.141050
172.219275
172.257175
172.286275
172.317700
172.327200
172.427750
172.604700
172.800175
172.822950
172.896025
172.986850
173.037725
173.063850
173.119350
173.159250
173.624900
173.662775
173.709475
173.917300
173.993950
174.104325
174.123500
174.156550
174.254375
174.345475
174.401150
174.558375
174.652150
174.815225
174.860250
174.895950
174.975275
175.059775
175.085400
175.161875
175.230125
175.424300
175.496750
175.574375
175.664200
175.741950
175.797525
175.830225
175.881025
175.896175
175.961625
176.062775
176.165675
176.212700
176.260725
176.380525
176.490550
176.552200
176.570375
176.614675
176.640150
176.667350
176.740175
176.940175
177.010900
177.065750
177.144450
177.444200
177.460375
177.492075
177.557475
177.606175
177.617175
177.705675
177.835425
177.996550
178.166225
178.298300
178.334825
178.497575
178.537875
178.651225
178.808150
178.854100
178.932150
179.024175
179.124750
179.310375
179.346675
179.374325
179.470100
179.579175
179.666325
179.898975
180.011825
180.169925
180.241700
180.313100
180.350400
180.467925
180.496225
180.530050
180.615975
180.788725
180.963300
181.069375
181.084225
181.134225
181.168075
181.177475
181.262850
181.751050
181.769650
181.792825
181.808050
181.827700
181.855050
181.957500
182.290075
182.311200
182.415025
182.585925
182.692375
182.746175
183.153950
183.296925
183.384725
183.551775
183.611175
183.625575
183.947350
184.385625
184.412750
184.450425
184.496875
184.568225
184.756350
184.827800
184.875450
185.112975
185.162275
185.462775
185.613275
185.679850
185.727050
185.860975
185.901525
186.135900
186.249050
186.293625
186.388075
186.446675
186.487200
186.551775
186.678200
186.740125
186.766525
186.892600
186.973300
187.020475
187.176075
187.269050
187.305675
187.361200
187.437675
187.460750
187.553975
187.574925
187.698800
187.785525
187.800300
187.820750
187.884000
187.949000
188.124575
188.212125
188.227450
188.246025
188.320750
188.466350
188.889325
188.915725
188.935975
188.958025
189.003475
189.145475
189.165375
189.254300
189.385225
189.445450
189.552200
189.585000
189.670550
189.708650
189.806325
189.867375
189.989925
190.017750
190.085750
190.163975
190.223600
190.281300
190.364425
190.451500
190.497450
190.615950
190.674350
190.704850
190.787025
190.813675
190.898925
190.994425
191.277925
191.392475
191.425700
191.452375
191.482800
191.619075
191.867375
192.011775
192.058050
192.077200
192.152675
192.209525
192.268000
192.305600
192.411800
192.466075
192.559575
192.694125
192.712825
192.795425
192.963075
192.981775
193.119000
193.149650
193.415875
193.538200
193.578000
193.678650
193.708125
193.815300
193.827450
193.832675
194.066975
194.193500
194.250875
194.343250
194.371350
194.396700
194.522150
194.654100
194.686275
194.708900
194.725975
194.925500
195.253650
195.452150
195.695950
196.129425
196.235725
196.290700
196.307800
196.379975
196.456525
196.705075
196.728750
196.756625
196.861125
196.904675
197.041325
197.115075
197.136125
197.156325
197.215875
197.263275
197.282925
197.352525
197.409325
197.486975
197.500600
197.655125
197.816025
197.864725
197.942375
197.987525
198.018650
198.077675
198.466800
198.612150
198.721425
198.778275
199.085675
199.125525
199.331325
199.383675
199.447850
199.467075
199.570125
199.603425
199.866575
199.937475
200.165225
200.220900
200.279750
200.443350
200.477100
200.581700
200.663800
200.877000
200.984800
201.049450
201.152725
201.172750
201.224775
201.446975
201.525875
201.621025
201.677950
201.695925
201.855425
201.909075
202.137500
202.188750
202.237900
202.282125
202.324000
202.399075
202.449250
202.655500
202.701225
202.718175
202.931975
202.956150
203.038400
203.219425
203.242050
203.330350
203.485600
203.553000
203.603700
203.704600
203.770025
203.810350
203.840150
203.900875
204.109500
204.135425
204.212900
204.414150
204.577100
204.616000
204.669750
204.699975
204.731050
204.883675
205.027025
205.052625
205.134300
205.248725
205.338050
205.476550
205.550700
205.585475
205.660850
205.775400
205.911575
206.018525
206.037600
206.242725
206.262600
206.313050
206.378375
206.393125
206.515325
206.609750
206.635975
206.749900
206.784925
207.179200
207.266250
207.364425
207.428550
207.568125
207.621100
207.775150
207.825100
207.935375
208.014475
208.019075
208.099825
208.163350
208.369225
208.400225
208.543200
208.731250
208.782925
208.854450
208.874275
208.935825
209.047925
209.133700
209.152425
209.244625
209.324375
209.385875
209.460475
209.523450
209.541200
209.571675
209.647875
209.746000
209.775425
209.816750
209.842575
209.966100
210.091475
210.130625
210.351575
210.495650
210.700875
210.912775
210.938950
210.956725
211.121625
211.136075
211.274050
211.504575
211.655000
211.870125
211.996100
212.016325
212.087775
212.127250
212.170400
212.215675
212.359875
212.382400
212.403300
212.624275
212.651700
212.663100
212.748950
212.787425
212.874150
212.934000
212.968075
213.013450
213.253525
213.299475
213.461300
213.552650
213.663375
213.754750
213.934525
213.977225
214.000600
214.098850
214.151125
214.220400
214.309700
214.346650
214.466250
214.554050
214.606050
214.725750
214.783025
214.848850
214.944950
214.985675
215.164475
215.186125
215.222575
215.339025
215.485625
215.550650
215.589600
215.636475
215.671975
215.817425
215.850550
216.045575
216.059175
216.088900
216.113550
216.267325
216.310450
216.332300
216.380125
216.441600
216.613975
216.671175
216.704925
216.973925
217.016925
217.041725
217.155675
217.170225
217.224575
217.419050
217.536675
217.620350
217.717425
217.948125
217.989900
218.106025
218.157325
218.310500
218.404500
218.468850
218.554375
218.606125
218.723775
218.780750
218.901525
218.928425
218.949475
219.126000
219.287975
219.362925
219.400450
219.688675
219.720925
219.776375
219.925100
219.951050
220.053450
220.106850
220.149125
220.237225
220.336250
220.363925
220.389250
220.459725
220.678875
220.919275
220.944100
220.964500
221.019600
221.179650
221.209200
221.529150
221.790125
221.833450
222.010100
222.069475
222.270125
222.313825
222.352425
222.413950
222.709700
222.752925
222.865250
222.918200
223.245125
223.278000
223.579100
223.620950
223.694200
223.930275
223.954325
224.013075
224.114275
224.344925
224.364900
224.396075
224.679975
224.739800
224.779350
224.810125
224.902350
224.952150
225.019325
225.249150
225.275450
225.356075
225.434325
225.513700
225.749775
225.780250
225.917150
225.972300
226.023625
226.067550
226.087675
226.200575
226.263125
226.281625
226.364825
226.474325
226.524350
226.585925
226.698700
226.730175
226.769325
226.794325
226.973150
227.088475
227.263900
227.482750
227.549200
227.560875
227.628825
227.680400
227.732100
227.958400
227.986350
228.139175
228.250225
228.283375
228.335725
228.360300
228.502800
228.547100
228.713050
228.734025
228.878975
228.990325
229.034075
229.058975
229.081650
229.116250
229.176750
229.220375
229.300625
229.340025
229.409975
229.533525
229.622875
229.688000
229.826375
229.843550
229.935625
230.250725
230.589350
230.641300
230.815400
230.827600
230.924200
230.994150
231.002725
231.093000
231.144600
231.387675
231.449850
231.473150
231.611600
231.670225
231.763450
231.784525
231.844825
232.034950
232.241425
232.300000
232.466950
232.618025
232.658525
232.753025
232.787000
232.851175
232.883975
232.977200
233.004700
233.249975
233.288200
233.351400
233.579900
233.673000
233.713675
234.081025
234.216725
234.335525
234.579600
234.730725
234.754775
235.078475
235.122375
235.227025
235.326725
235.457850
235.562625
235.816100
235.863200
235.941625
236.013975
236.128575
236.184425
236.277675
236.460350
236.608925
236.648675
236.849550
236.970700
237.006400
237.150625
237.177175
237.218275
237.293525
237.453600
237.475200
237.502750
237.626525
237.742875
238.088100
238.188175
238.239000
238.443900
238.604325
238.646675
238.704575
238.842775
238.959625
238.998725
239.043575
239.092875
239.319575
239.377200
239.399900
239.422175
239.453500
239.501075
239.568375
239.605425
239.664350
239.712550
239.753525
239.797300
239.826150
239.939800
240.011175
240.047000
240.128225
240.194025
240.224575
240.309725
240.368950
240.438600
240.498600
240.547875
240.659550
240.692050
240.708750
240.729175
240.761125
240.865725
240.983500
241.069525
241.081575
241.193275
241.305725
241.330150
241.347600
241.406650
241.539925
241.662750
241.705775
241.762575
242.017050
242.087125
242.129400
242.160275
242.210050
242.344325
242.426825
242.584750
242.642500
242.673475
242.696425
242.724175
242.746725
242.765925
242.902450
242.926000
242.957625
243.192050
243.250900
243.449000
243.551600
243.641350
243.686000
243.821425
243.845975
243.891250
244.166475
244.224825
244.279825
244.512675
244.605200
244.636175
244.662800
244.755975
244.782900
244.809800
244.962250
245.007650
245.263000
245.286200
245.325225
245.436050
245.518650
245.549000
245.577300
245.731275
245.770375
245.904575
246.008000
246.040825
246.136500
246.195275
246.261575
246.302500
246.599600
246.705500
246.835075
247.015725
247.071975
247.165550
247.286425
247.303900
247.417550
247.444650
247.464450
247.554975
247.570425
247.720675
247.764950
247.816175
247.945875
247.973075
248.089825
248.290175
248.493325
248.561725
248.723650
248.757075
248.780650
248.919075
248.949575
249.032275
249.326675
249.410575
249.565675
249.595875
249.888725
249.916875
250.007325
250.033000
250.065325
250.176050
250.205450
250.325900
250.362350
250.474725
250.545300
250.653500
250.698150
250.778850
250.829825
250.924575
250.965725
251.167675
251.203900
251.219125
251.239500
251.275300
251.299850
251.323650
251.444325
251.472050
251.580625
251.611825
251.626300
251.670925
251.703325
251.751625
251.798425
251.829000
251.860500
252.042225
252.078350
252.186000
252.260775
252.303375
252.322225
252.340250
252.510425
252.528250
252.563050
252.600375
252.616000
252.743150
252.819750
252.929100
253.098050
253.279575
253.295475
253.383000
253.484450
253.532175
253.562425
253.571850
253.604975
253.707900
253.828350
253.900000
254.080950
254.162750
254.247900
254.308775
254.403950
254.458750
254.497725
254.512375
254.679775
254.760475
254.788175
255.094875
255.257250
255.328150
255.383925
255.442525
255.463025
255.492275
255.557575
255.615400
255.773950
255.847200
255.890000
255.930775
255.954975
255.971900
256.004825
256.026375
256.040100
256.247800
256.575200
256.625600
256.699875
256.762700
256.794900
256.818900
256.894825
256.919925
256.970725
256.996100
257.098200
257.109600
257.203575
257.277100
257.317200
257.333450
257.353100
257.445850
257.584900
257.672650
257.754250
257.891425
257.921525
258.019500
258.123975
258.174350
258.298250
258.596475
258.641600
258.669975
258.908100
258.965250
259.038750
259.053900
259.084150
259.099525
259.141775
259.236975
259.279475
259.344425
259.399375
259.536400
259.589975
259.664275
259.696925
259.714825
259.757975
259.879125
259.913875
259.984600
260.007825
260.065350
260.082950
260.213225
260.245625
260.315275
260.470775
260.647150
260.765025
260.789000
260.954675
261.022925
261.050775
261.112025
261.136775
261.164775
261.238250
261.413825
261.520600
261.537575
261.680675
261.886975
261.944675
262.127100
262.169950
262.269200
262.303825
262.355575
262.450325
262.503375
262.583650
262.594325
262.779775
262.876925
262.961475
263.061800
263.089175
263.225500
263.274175
263.294525
263.396000
263.417650
263.511225
263.712825
263.741450
263.835950
263.848775
264.047075
264.101150
264.129900
264.147875
264.191225
264.285700
264.307150
264.325550
264.372125
264.399175
264.416175
264.468875
264.538850
264.605450
264.625175
264.698875
264.723500
264.763425
264.820850
264.877500
264.962450
264.999275
265.124800
265.139475
265.194900
265.247450
265.320575
265.399000
265.416525
265.557925
265.656175
265.683750
265.721850
265.771100
265.799925
265.868250
265.885725
265.928325
266.012475
266.017625
266.067750
266.150375
266.220650
266.326450
266.362375
266.525425
266.588575
266.595500
266.723150
266.850700
266.981325
267.119500
267.140025
267.188225
267.214875
267.385750
267.410575
267.471025
267.547975
267.568300
267.582650
267.933050
268.016125
268.170075
268.328775
268.419250
268.463700
268.503775
268.518300
268.616850
268.687850
268.715375
268.744750
268.760625
268.791400
268.809225
268.828625
268.864975
268.887300
269.007300
269.050575
269.099175
269.171400
269.207575
269.423575
269.458675
269.507650
269.545700
269.772275
269.857900
269.883200
269.903300
269.914400
269.945925
270.102750
270.165950
270.201925
270.388250
270.482950
270.558675
270.616300
270.776850
270.889550
270.953200
271.036975
271.176650
271.265125
271.302975
271.325125
271.354175
271.381475
271.457300
271.506975
271.519825
271.552825
271.592275
271.635675
271.749550
271.823725
271.893625
272.025925
272.208650
272.278425
272.298850
272.336400
272.356875
272.603900
272.653175
272.689100
272.741775
272.855475
272.889850
272.901300
272.919725
273.132550
273.301625
273.572825
273.627075
273.678200
273.798550
273.846825
273.916400
274.023875
274.085725
274.197375
274.301225
274.347800
274.420675
274.676650
274.956550
275.092375
275.151050
275.169475
275.239975
275.281750
275.364175
275.471300
275.668975
275.707400
275.846600
276.051500
276.121900
276.268575
276.330000
276.557725
276.694225
276.715650
276.843600
276.907700
277.147025
277.159550
277.233500
277.263500
277.374475
277.434850
277.502250
277.752550
277.772750
277.847475
277.884325
277.896150
278.072325
278.164100
278.237850
278.314825
278.335025
278.462550
278.483900
278.684975
278.709325
278.839575
278.861725
278.979425
279.187400
279.310075
279.330725
279.377400
279.391650
279.453025
279.603500
279.645275
279.663525
279.710250
279.717600
279.763275
279.798625
279.843225
279.960950
279.989600
280.000500
280.013550
280.045375
280.317650
280.404100
280.519850
280.575975
280.596425
280.611475
280.799625
280.837775
280.857675
280.881150
280.992175
281.183900
281.230850
281.276900
281.479575
281.589325
281.725775
281.787275
281.842350
281.870925
281.929950
282.001250
282.026225
282.065175
282.246700
282.316500
282.355825
282.489175
282.595200
282.771100
282.993475
283.018350
283.072300
283.096625
283.213675
283.310950
283.342550
283.497600
283.524925
283.543700
283.562625
283.591425
283.630950
283.681525
283.809400
284.074050
284.159975
284.210675
284.502450
284.609250
284.664900
284.705800
284.725000
284.771600
284.910100
285.063425
285.164450
285.207825
285.231000
285.336250
285.410850
285.443050
285.480325
285.543925
285.583325
285.652475
285.653825
285.713650
285.810775
285.858525
285.959200
286.000050
286.048125
286.112550
286.130275
286.193500
286.219925
286.240275
286.277800
286.339975
286.364800
286.419225
286.458625
286.467250
286.502125
286.543350
286.573200
286.630950
286.652025
286.704125
286.738100
286.760200
286.820625
286.837075
286.855925
287.072350
287.156150
287.181200
287.249425
287.316700
287.370475
287.507350
287.549325
287.602100
287.683925
287.815225
287.849150
287.879925
287.894450
287.911075
287.934175
287.986550
288.126250
288.210850
288.233050
288.262825
288.345525
288.381725
288.514575
288.556875
288.644775
288.718200
288.811275
288.880300
288.922450
288.944100
289.020375
289.042350
289.062475
289.092425
289.146450
289.286125
289.344725
289.388775
289.454725
289.538250
289.579775
289.647800
289.674050
289.856325
289.877325
289.903225
289.975200
290.013175
290.086875
290.145625
290.156600
290.187225
290.281250
290.329600
290.429800
290.460400
290.512050
290.527150
290.744725
290.803300
290.937825
290.986700
291.077175
291.104025
291.211425
291.305100
291.409175
291.509075
291.533250
291.557800
291.644450
291.688900
291.739200
291.793250
291.853125
291.908100
291.973400
292.030350
292.058175
292.082275
292.108825
292.188900
292.205225
292.219050
292.228550
292.243025
292.257225
292.357750
292.437375
292.470500
292.512425
292.606875
292.651550
292.693975
292.729925
292.811825
292.842150
292.908150
292.948225
293.012450
293.053825
293.156000
293.232325
293.268975
293.377275
293.441825
293.583725
293.656275
293.693475
293.759750
293.780975
293.852450
293.895050
293.962725
293.982150
294.092000
294.121000
294.165325
294.185025
294.208350
294.248000
294.274550
294.356525
294.372250
294.432275
294.480825
294.506625
294.569975
294.621700
294.694175
294.883650
294.967725
295.025750
295.046175
295.173050
295.197275
295.216775
295.244025
295.369200
295.384425
295.399775
295.440825
295.479125
295.608725
295.648825
295.682625
295.704450
295.766450
295.891075
295.923625
296.017800
296.066800
296.138250
296.186800
296.204575
296.227050
296.249775
296.283950
296.421725
296.521450
296.599200
296.617025
296.691900
296.803975
296.896075
296.919800
296.944125
297.139875
297.166900
297.229100
297.256925
297.284225
297.337200
297.349650
297.476150
297.565450
297.604100
297.810450
297.836700
297.871875
297.978425
298.032025
298.069675
298.231900
298.309875
298.334200
298.372675
298.413500
298.456675
298.482450
298.495850
298.595000
298.629875
298.729275
298.803450
298.833525
298.957625
299.000500
299.076375
299.094850
299.126325
299.148700
299.241350
299.300500
299.318625
299.365375
299.436325
299.452900
299.480000
299.516550
299.631750
299.673650
299.831675
299.868100
299.934725
300.036450
300.058550
300.086025
300.104600
300.234375
300.282550
300.417275
300.451825
300.499675
300.629475
300.653375
300.679325
300.721550
300.732825
300.753550
300.788775
300.868650
300.902500
300.904325
300.993275
301.029375
301.076375
301.111950
301.196750
301.267175
301.369700
301.422525
301.441725
301.460675
301.504875
301.592475
301.625725
301.647625
301.664075
301.894000
302.069350
302.091100
302.109550
302.135550
302.176700
302.278500
302.432525
302.454975
302.495175
302.709975
302.845625
302.910300
302.963850
303.069875
303.167050
303.194850
303.220450
303.261750
303.290000
303.482350
303.561875
303.578025
303.592600
303.613850
303.635525
303.667425
303.687850
303.755000
303.820050
303.853000
304.076550
304.134650
304.191800
304.317500
304.342050
304.396000
304.446375
304.567075
304.588875
304.653925
304.688200
304.790500
304.829025
304.951050
304.980600
305.023175
305.060200
305.124675
305.181600
305.197900
305.278975
305.351150
305.368475
305.403250
305.502725
305.573475
305.626175
305.697350
305.717125
305.765650
305.779775
305.861950
305.917775
305.989500
306.096600
306.161100
306.259250
306.289225
306.481100
306.498200
306.524300
306.564400
306.715375
306.868150
306.885525
307.094450
307.112900
307.126225
307.168300
307.190150
307.208925
307.242300
307.274825
307.294025
307.315375
307.344525
307.490325
307.513900
307.586800
307.608675
307.857000
307.874200
307.914675
307.953750
307.985100
308.009775
308.044550
308.064750
308.086850
308.128925
308.276975
308.567350
308.594275
308.735325
308.860625
308.885875
308.898800
309.037325
309.054675
309.088550
309.132875
309.174375
309.369275
309.408350
309.445225
309.508250
309.523275
309.542525
309.559025
309.610900
309.674925
309.685225
309.766300
309.830175
309.892475
309.989500
310.192100
310.253575
310.310900
310.375775
310.455800
310.539450
310.579750
310.604375
310.652750
310.672275
310.695075
310.733825
310.746800
310.765925
310.795975
310.933025
310.993425
311.010500
311.047725
311.060900
311.106950
311.184325
311.227600
311.286150
311.316950
311.387325
311.410925
311.429175
311.448075
311.467675
311.495475
311.531175
311.578300
311.732275
311.842000
311.860600
311.902150
311.974375
312.035500
312.110325
312.160075
312.194350
312.280175
312.323500
312.378650
312.395250
312.426250
312.509425
312.583425
312.605075
312.645975
312.700450
312.792925
312.815150
312.826950
312.915975
312.978725
313.022100
313.063900
313.106475
313.136525
313.181525
313.219075
313.240000
313.265125
313.286650
313.329625
313.394025
313.418550
313.517850
313.593750
313.671500
313.768125
313.792125
313.839350
313.860775
313.876350
313.923925
314.041150
314.057025
314.149825
314.215175
314.278925
314.354350
314.384775
314.397150
314.410925
314.473850
314.497925
314.557925
314.573700
314.586850
314.717650
314.746900
314.783250
314.812950
315.000950
315.055175
315.134750
315.231000
315.417125
315.454275
315.479450
315.542825
315.558850
315.578500
315.601475
315.654100
315.703450
315.718100
315.819375
315.852200
315.941450
315.981000
316.019175
316.039850
316.086700
316.166200
316.201625
316.226125
316.308400
316.362400
316.436500
316.475050
316.551300
316.562950
316.573250
316.610650
316.625200
316.711375
316.830675
316.836325
316.876300
316.912175
316.945575
316.969975
317.000225
317.027625
317.056825
317.076150
317.169375
317.206450
317.246975
317.311450
317.335100
317.454325
317.498825
317.523975
317.604825
317.627300
317.675800
317.710550
317.751525
317.787575
317.834800
317.858800
317.905600
317.919050
317.933350
318.010350
318.034375
318.068850
318.184225
318.223450
318.280400
318.321850
318.349800
318.420275
318.468500
318.631175
318.668225
318.759250
318.837350
319.086125
319.123225
319.166250
319.189675
319.258225
319.323750
319.447825
319.584150
319.627725
319.636100
319.696725
319.765825
319.809150
319.855050
319.959100
320.017075
320.112400
320.159625
320.183225
320.191750
320.348100
320.382875
320.469900
320.557525
320.620100
320.666225
320.704075
320.739025
320.759075
320.880525
320.924000
320.989075
321.033475
321.133425
321.156175
321.190950
321.222750
321.256250
321.333000
321.351225
321.372050
321.421625
321.441025
321.475425
321.500675
321.595075
321.670475
321.755825
321.803350
321.824225
321.893075
321.932725
321.976575
321.999225
322.026700
322.045200
322.090250
322.124300
322.155050
322.190150
322.231225
322.265325
322.292750
322.333900
322.446500
322.506525
322.677450
322.816450
322.856525
322.886600
322.942025
322.963575
322.988875
323.058225
323.070325
323.138650
323.152025
323.170750
323.229300
323.291625
323.324300
323.344725
323.370125
323.384675
323.393775
323.465425
323.523675
323.558175
323.670975
323.705675
323.742700
323.776300
323.812025
323.873900
323.902475
323.936100
324.012850
324.037650
324.113350
324.122000
324.153075
324.233400
324.321250
324.372500
324.468300
324.553925
324.578650
324.593025
324.680550
324.734500
324.776700
324.794725
324.858450
325.091850
325.146450
325.193325
325.219125
325.230000
325.248200
325.267800
325.329850
325.391900
325.412150
325.430775
325.449725
325.510525
325.550200
325.566625
325.626775
325.653725
325.707775
325.769275
325.787125
325.840975
325.918225
325.938475
326.088675
326.156675
326.187525
326.243250
326.289875
326.358075
326.402975
326.511075
326.586075
326.622600
326.649350
326.662325
326.754800
326.800900
326.854450
326.900325
326.948600
326.971150
327.007050
327.054475
327.109075
327.132275
327.171800
327.196950
327.214025
327.316050
327.425350
327.524475
327.600225
327.670225
327.716125
327.729500
327.764500
327.797550
327.824650
327.836325
327.851975
327.923450
327.947875
328.002850
328.024250
328.108800
328.158825
328.299275
328.379300
328.433675
328.534225
328.565600
328.611700
328.658075
328.800625
328.817175
328.876600
328.941475
328.961700
329.004100
329.020750
329.057775
329.087700
329.134875
329.168925
329.201000
329.256700
329.271650
329.358125
329.431875
329.456075
329.474900
329.506625
329.532825
329.550800
329.671775
329.736725
329.794750
329.867125
329.890225
330.089000
330.157000
330.197875
330.245925
330.338425
330.365950
330.420625
330.445325
330.462300
330.509850
330.550300
330.643425
330.671725
330.714450
330.858500
330.895925
330.918350
330.980775
331.037400
331.061725
331.082800
331.116250
331.268700
331.293900
331.332325
331.350400
331.368775
331.402700
331.420925
331.443775
331.473175
331.516050
331.603475
331.690800
331.714400
331.733825
331.767475
331.815625
331.835500
331.854300
331.888975
331.931450
331.947975
331.995150
332.178825
332.199875
332.214950
332.261500
332.292050
332.461350
332.480100
332.493675
332.599825
332.739950
332.763125
332.787625
332.891400
333.005975
333.049100
333.102325
333.125475
333.319300
333.344600
333.374075
333.413075
333.464600
333.502200
333.664900
333.858200
333.899150
333.934150
333.977425
333.992900
334.004775
334.031625
334.137475
334.176600
334.251950
334.293350
334.346925
334.374175
334.392800
334.446575
334.463400
334.604225
334.656000
334.704550
334.861500
334.924425
334.985375
335.019125
335.065550
335.123975
335.152150
335.204325
335.223875
335.364300
335.405800
335.430250
335.460200
335.517325
335.563625
335.649875
335.674275
335.696300
335.718550
335.776425
335.820975
335.849975
335.870875
335.931850
335.961000
336.040550
336.078450
336.225500
336.300025
336.422425
336.470475
336.542150
336.560625
336.577925
336.624975
336.650475
336.820100
336.929850
336.977350
336.993750
337.025225
337.079225
337.096500
337.227800
337.308250
337.325425
337.577525
337.590950
337.601150
337.728850
337.819875
337.848500
337.867550
337.921200
337.961400
337.974300
338.010450
338.116175
338.169925
338.220275
338.305300
338.338475
338.380100
338.437775
338.475275
338.522300
338.590800
338.601375
338.631450
338.728825
338.760475
338.775825
338.938000
339.138175
339.194625
339.230150
339.336400
339.381825
339.498750
339.598100
339.626200
339.677500
339.737100
339.762100
339.779725
339.803150
339.818800
339.853775
339.872450
339.889650
339.909550
339.978225
340.011075
340.024675
340.052625
340.065900
340.149100
340.259200
340.284775
340.369925
340.442875
340.490550
340.596550
340.655025
340.728500
340.866225
340.905125
340.955525
341.047225
341.075900
341.103225
341.149850
341.178375
341.214075
341.237725
341.256975
341.311350
341.348500
341.411300
341.528775
341.591975
341.636250
341.659750
341.690550
341.717025
341.735675
341.753925
341.814775
341.902900
341.992750
342.020825
342.123750
342.202375
342.278775
342.341975
342.358750
342.420400
342.582550
342.850750
343.097950
343.148100
343.207025
343.220700
343.253225
343.290900
343.327825
343.361700
343.398100
343.454975
343.478200
343.530675
343.575200
343.606150
343.642175
343.669450
343.714725
343.788225
343.855225
343.875225
343.896725
343.991650
344.077575
344.152250
344.175775
344.196825
344.217225
344.228450
344.302025
344.380600
344.416900
344.458450
344.542900
344.653950
344.689650
344.736700
344.806375
344.851300
344.885825
344.968925
345.046150
345.127550
345.150525
345.176875
345.207825
345.270375
345.302350
345.316800
345.430125
345.464400
345.502825
345.523625
345.541075
345.600825
345.618100
345.639275
345.656675
345.728975
345.746125
345.792800
346.050350
346.089100
346.132675
346.151825
346.182100
346.212875
346.263550
346.344800
346.371450
346.414475
346.437850
346.491150
346.525550
346.600900
346.649600
346.739250
346.779375
346.794875
346.851875
346.982500
347.028850
347.072200
347.111375
347.157725
347.204125
347.312300
347.355200
347.380000
347.405350
347.482450
347.501950
347.528000
347.578975
347.677125
347.699225
347.814325
347.820675
347.850525
347.950725
347.982300
348.014450
348.129200
348.197550
348.254925
348.298375
348.308525
348.358900
348.455375
348.552750
348.715150
348.740300
348.767125
348.808725
348.925250
349.046100
349.102925
349.187025
349.209275
349.239025
349.268525
349.388925
349.413550
349.461575
349.483975
349.561750
349.577725
349.636950
349.708625
349.735525
349.815825
349.881725
349.940675
349.953725
349.974900
350.034600
350.113525
350.137625
350.175950
350.204025
350.299800
350.338875
350.357425
350.375350
350.399600
350.529200
350.657575
350.677575
350.692075
350.733025
350.884200
350.954550
350.991850
351.026625
351.216950
351.231425
351.288125
351.322950
351.437250
351.487425
351.553075
351.605475
351.633600
351.661325
351.716125
351.735325
351.782250
351.800875
351.926900
351.960200
352.090850
352.183550
352.206700
352.242250
352.296950
352.322275
352.381450
352.442300
352.472650
352.499925
352.522400
352.548325
352.683225
352.706425
352.800000
352.902900
352.940500
352.973475
352.991100
353.011050
353.027600
353.084525
353.102650
353.155600
353.247500
353.429475
353.466225
353.505650
353.568200
353.649375
353.669175
353.712925
353.851125
353.878950
353.978125
353.983375
353.991725
354.024400
354.101225
354.123800
354.180925
354.220975
354.260275
354.335525
354.367000
354.399175
354.486775
354.523650
354.544400
354.571800
354.653850
354.691100
354.752925
354.778400
354.788825
354.876375
354.949150
355.006800
355.074125
355.101175
355.126125
355.147025
355.191175
355.256200
355.281275
355.338450
355.394600
355.453500
355.526750
355.645100
355.660200
355.708275
355.748375
355.847225
355.872375
355.901650
355.931975
355.961750
355.993325
356.060100
356.102225
356.171025
356.219775
356.292400
356.360975
356.383525
356.670800
356.737925
356.761525
356.916350
357.002100
357.056225
357.086075
357.105375
357.121025
357.167700
357.291950
357.323200
357.360925
357.402475
357.440275
357.450525
357.470125
357.499325
357.512525
357.550575
357.631150
357.644075
357.680800
357.718450
357.760300
357.806225
357.843525
357.886575
357.942175
358.049075
358.110800
358.124900
358.169550
358.187475
358.226325
358.242850
358.293000
358.323875
358.337650
358.346300
358.467350
358.515200
358.547475
358.568675
358.593675
358.622850
358.734000
358.790475
358.814650
358.946750
358.998300
359.213825
359.241800
359.368150
359.462175
359.552550
359.602375
359.628700
359.651800
359.682625
359.732600
359.780875
359.861525
359.898950
359.921650
359.947825
359.977575
359.983325
360.066925
360.148525
360.202750
360.233300
360.253725
360.294650
360.320625
360.356200
360.450025
360.577725
360.604925
360.632150
360.671325
360.690500
360.748925
360.816975
360.891500
360.937450
360.997500
361.024975
361.064825
361.093475
361.170225
361.199300
361.259875
361.382700
361.399125
361.440675
361.522825
361.655475
361.686025
361.741225
361.795350
361.853500
361.871375
361.953500
361.994400
362.023525
362.040025
362.102975
362.126850
362.170450
362.205300
362.261600
362.310125
362.358750
362.487425
362.526850
362.564825
362.617375
362.658725
362.699175
362.786225
362.890650
362.922300
362.953750
363.043175
363.077950
363.110700
363.161350
363.180925
363.295425
363.319800
363.379325
363.421375
363.519175
363.597225
363.634600
363.699575
363.740825
363.783300
363.842000
363.861350
363.907825
363.910100
363.976500
364.002350
364.188925
364.211100
364.230950
364.307025
364.342025
364.370875
364.417725
364.444275
364.613225
364.655100
364.690075
364.724875
364.762475
364.789075
364.857725
364.932825
364.991650
365.029175
365.049775
365.092850
365.116775
365.168975
365.206425
365.238250
365.274500
365.418900
365.450275
365.491800
365.541950
365.574725
365.636500
365.659975
365.683850
365.719075
365.753300
365.768525
365.854325
366.002475
366.036750
366.127550
366.157850
366.179625
366.214125
366.275075
366.371950
366.398700
366.453825
366.493775
366.517925
366.536600
366.609950
366.640775
366.666825
366.693375
366.732150
366.824875
366.881300
366.902600
366.980275
367.040175
367.149550
367.197725
367.215025
367.237750
367.321325
367.354975
367.406575
367.448750
367.518800
367.552750
367.603675
367.719525
367.798075
367.831000
367.906025
367.984300
368.008900
368.037550
368.098350
368.180375
368.202825
368.240425
368.265475
368.295825
368.320250
368.399100
368.715575
368.808600
368.854775
368.883025
368.911050
368.941375
368.969150
369.141125
369.185350
369.201575
369.231275
369.247600
369.268275
369.333625
369.367600
369.471175
369.499200
369.536925
369.553925
369.620950
369.682825
369.773575
369.839925
369.875100
369.885200
369.907325
369.965575
370.007825
370.030675
370.055675
370.114475
370.185550
370.218525
370.240950
370.260550
370.298775
370.380575
370.478275
370.505700
370.550500
370.635125
370.753700
370.776075
370.818100
370.831175
370.890500
370.950700
370.991375
371.064275
371.164325
371.349500
371.415250
371.484225
371.494050
371.514625
371.587350
371.615675
371.655800
371.756000
371.824375
371.876575
371.928275
371.960350
372.014900
372.041325
372.163775
372.195550
372.244525
372.343200
372.382625
372.422525
372.465975
372.515175
372.576475
372.598200
372.620300
372.694950
372.795200
372.817775
372.876200
372.905175
372.981275
372.999525
373.019500
373.040425
373.106800
373.130400
373.177075
373.228350
373.277425
373.301300
373.346900
373.389675
373.441400
373.462225
373.473075
373.494575
373.560350
373.575025
373.625400
373.678550
373.807600
373.881475
373.968050
374.008575
374.041025
374.065150
374.080175
374.127975
374.247975
374.269350
374.301250
374.340675
374.396475
374.423175
374.556550
374.593300
374.653950
374.790475
374.829850
374.857000
374.917325
374.948575
374.984400
375.029900
375.064625
375.137950
375.163525
375.225450
375.256575
375.283550
375.317675
375.406175
375.476350
375.561450
375.594525
375.616925
375.637950
375.673875
375.742750
375.768525
375.837650
375.853675
375.863900
375.925300
375.982400
376.028125
376.073375
376.099625
376.184500
376.214975
376.323075
376.424525
376.450850
376.470750
376.492825
376.547800
376.685200
376.756150
376.776000
376.807025
376.836600
376.873975
376.903050
376.937925
377.008725
377.072900
377.148450
377.236050
377.333600
377.358125
377.431700
377.486225
377.508375
377.607300
377.637950
377.699100
377.737125
377.762925
377.783575
377.861625
377.907350
378.016750
378.052775
378.080725
378.104575
378.135950
378.163150
378.203050
378.232750
378.248725
378.318625
378.350750
378.452450
378.468175
378.501100
378.522575
378.652925
378.673375
378.787800
378.807425
378.860000
378.923800
378.971700
379.010825
379.036925
379.176675
379.225350
379.294150
379.362425
379.437225
379.494050
379.534875
379.564775
379.608925
379.693875
379.725900
379.749500
379.780275
379.823850
379.882425
379.907550
379.941825
379.962625
379.999075
380.048425
380.071225
380.131075
380.219950
380.251875
380.314450
380.368500
380.407075
380.484075
380.528150
380.595450
380.647275
380.721350
380.757100
380.776050
380.847750
380.901550
380.967075
381.113650
381.139625
381.207000
381.256400
381.356925
381.376025
381.455400
381.476100
381.500225
381.544800
381.571950
381.613875
381.653400
381.707750
381.736000
381.816825
381.853450
381.886825
381.908725
381.929100
382.021750
382.047275
382.150900
382.181425
382.209150
382.337525
382.351125
382.395475
382.417925
382.510000
382.584475
382.669450
382.739525
382.789050
382.829325
382.867250
382.909350
382.938375
382.991725
383.033200
383.065000
383.149975
383.173525
383.243800
383.295525
383.332075
383.354750
383.389350
383.441700
383.481375
383.520775
383.584325
383.606550
383.644125
383.762350
383.786425
383.829950
383.857675
383.885650
383.930750
383.959300
383.996950
384.022925
384.059650
384.102700
384.154200
384.187525
384.230725
384.297175
384.327800
384.362675
384.426175
384.456050
384.546500
384.565925
384.621775
384.641975
384.675275
384.726775
384.754200
384.790375
384.807900
384.866900
384.882350
384.898950
384.936350
384.963525
385.001900
385.092475
385.129375
385.152875
385.169775
385.245000
385.296325
385.316100
385.350650
385.387925
385.404400
385.430225
385.464300
385.487075
385.523825
385.565875
385.589575
385.677025
385.733275
385.750925
385.785925
385.826025
385.850900
385.865725
385.891625
385.909125
385.921650
385.994275
386.008950
386.030225
386.053400
386.085075
386.121925
386.172525
386.252700
386.268400
386.290150
386.315925
386.342425
386.373625
386.389500
386.403925
386.431650
386.499300
386.601400
386.636275
386.684350
386.702575
386.722025
386.734225
386.754650
386.782350
386.797150
386.821375
386.844175
386.870400
386.882675
386.911675
386.929925
387.040800
387.057225
387.087675
387.129100
387.190950
387.214500
387.249400
387.276625
387.302175
387.337200
387.368250
387.411350
387.427975
387.505125
387.553100
387.595975
387.612350
387.667450
387.696475
387.709975
387.768200
387.803825
387.834625
387.877375
387.976300
387.995600
388.028975
388.068400
388.125625
388.151500
388.211275
388.289500
388.314950
388.361375
388.390925
388.407350
388.428725
388.493025
388.515525
388.534875
388.556900
388.584400
388.611525
388.668825
388.678675
388.706975
388.799575
388.828375
388.865225
388.881950
388.928600
388.951850
388.986500
389.047975
389.155400
389.166250
389.207550
389.239025
389.275025
389.302425
389.332675
389.350550
389.369150
389.435475
389.496175
389.557475
389.582200
389.601300
389.630325
389.657050
389.681250
389.696550
389.716500
389.729900
389.737050
389.813300
389.837550
389.863325
389.900150
389.916400
389.941725
389.969600
389.986700
390.010700
390.051625
390.083275
390.107050
390.167075
390.212050
390.224000
390.245800
390.270000
390.332300
390.375100
390.405050
390.434750
390.457500
390.477175
390.503625
390.570925
390.588400
390.613300
390.638775
390.668575
390.706500
390.733800
390.757625
390.775425
390.795375
390.828700
390.884225
390.947100
390.975625
390.994775
391.033800
391.077925
391.159300
391.193100
391.209275
391.253225
391.276150
391.309000
391.321750
391.356825
391.393675
391.436500
391.456475
391.474625
391.498175
391.578325
391.589925
391.618375
391.641475
391.699225
391.775100
391.788400
391.820950
391.842475
391.861825
391.877350
391.894625
391.916925
391.974350
392.027500
392.096800
392.118200
392.144625
392.180925
392.210625
392.251325
392.266325
392.296000
392.326775
392.374975
392.418700
392.465275
392.499050
392.526500
392.551225
392.577450
392.608650
392.644150
392.713625
392.778800
392.805525
392.880825
392.894375
392.960275
393.015325
393.049925
393.134050
393.145400
393.184225
393.201100
393.220225
393.269825
393.308100
393.331950
393.372050
393.401825
393.516950
393.560525
393.589225
393.642850
393.701725
393.720325
393.727825
393.750400
393.767375
393.790300
393.836350
393.867975
393.926400
393.967650
393.991400
394.059500
394.073975
394.109325
394.178025
394.211500
394.234250
394.256625
394.312900
394.350425
394.367200
394.396500
394.414925
394.422775
394.435450
394.495550
394.530075
394.554150
394.594300
394.711175
394.767675
394.822000
394.856750
394.884575
394.909600
394.920500
394.955050
394.971625
395.006775
395.042400
395.071875
395.136925
395.181225
395.222975
395.281700
395.304175
395.332850
395.353775
395.372325
395.414825
395.440275
395.480500
395.509625
395.542925
395.575475
395.602950
395.625550
395.647750
395.720750
395.739200
395.809825
395.841900
395.876400
395.883725
395.910625
395.936225
395.985750
396.029750
396.082250
396.130975
396.167675
396.205925
396.253675
396.284450
396.314725
396.481750
396.496150
396.509000
396.540950
396.555775
396.589525
396.627975
396.686200
396.688250
396.762725
396.783700
396.804375
396.827175
396.888375
396.920525
396.973775
396.991625
397.016475
397.032025
397.076925
397.113925
397.153525
397.162625
397.261900
397.355600
397.381675
397.404550
397.452750
397.472075
397.484550
397.494400
397.522350
397.542125
397.565525
397.638850
397.675875
397.708200
397.733400
397.756975
397.781800
397.796625
397.841750
397.867425
397.891850
397.912375
397.941350
397.983150
398.079175
398.106325
398.137100
398.150475
398.179450
398.233150
398.285275
398.377625
398.401925
398.422150
398.446625
398.517975
398.550775
398.597300
398.622550
398.640475
398.686250
398.721300
398.775775
398.778050
398.801950
398.833350
398.861175
398.928825
399.006900
399.045300
399.067625
399.107900
399.139675
399.165725
399.184500
399.248400
399.254200
399.273225
399.325050
399.354750
399.372725
399.397200
399.430775
399.440825
399.461975
399.538050
399.608025
399.654900
399.762900
399.771150
399.797825
399.844975
399.880425
399.947875
399.991875
400.015625
400.062000
400.081425
400.123850
400.136625
400.160200
400.187925
400.221900
400.251250
400.266550
400.313500
400.331100
400.420000
400.438700
400.477125
400.500375
400.548600
400.613850
400.661550
400.682600
400.714050
400.729825
400.755450
400.781975
400.796600
400.812375
400.830800
400.851600
400.869575
400.896025
400.916850
400.939675
401.010150
401.028400
401.079375
401.113375
401.190550
401.228650
401.270075
401.367600
401.411550
401.432725
401.456725
401.491325
401.514625
401.569625
401.623550
401.678625
401.697625
401.744775
401.786900
401.810125
401.833450
401.912900
401.945325
401.970725
402.005525
402.029925
402.061400
402.197100
402.226000
402.247325
402.276275
402.296850
402.341875
402.370775
402.388275
402.471450
402.514975
402.537500
402.556475
402.583025
402.657425
402.680225
402.700100
402.740250
402.753700
402.827250
402.859225
402.888625
402.926800
402.945000
402.954275
403.016525
403.046650
403.066100
403.082650
403.090325
403.112925
403.132200
403.156925
403.200300
403.216375
403.242550
403.257550
403.290625
403.344025
403.375975
403.409375
403.443900
403.464375
403.493500
403.517675
403.531100
403.554500
403.626825
403.647150
403.701825
403.754775
403.785050
403.805150
403.816425
403.874325
403.898150
403.910325
403.951025
404.003175
404.045350
404.101175
404.121550
404.140550
404.161775
404.174950
404.215875
404.238825
404.262875
404.290750
404.320000
404.343900
404.403575
404.463525
404.547675
404.655125
404.720200
404.732425
404.798800
404.824675
404.954975
404.971650
405.002150
405.017325
405.037750
405.049850
405.069300
405.095175
405.113775
405.131925
405.149125
405.173825
405.201475
405.267100
405.282750
405.318875
405.334150
405.350600
405.367675
405.394750
405.421200
405.452325
405.497800
405.541000
405.585800
405.604825
405.638525
405.653875
405.673300
405.778100
405.798050
405.856875
405.894575
405.926350
405.976925
405.986525
406.012175
406.035175
406.063550
406.089175
406.135525
406.159450
406.271300
406.306050
406.335075
406.359200
406.371650
406.397325
406.453650
406.488425
406.511775
406.538000
406.649650
406.665150
406.712825
406.728575
406.774075
406.812100
406.880775
406.912025
406.968200
406.996850
407.046125
407.067450
407.087100
407.191425
407.226800
407.240375
407.268650
407.291475
407.323950
407.340275
407.349875
407.388725
407.433700
407.481125
407.498925
407.521400
407.537725
407.561325
407.606925
407.619475
407.692175
407.709300
407.743100
407.762350
407.775550
407.786500
407.804500
407.857600
407.888675
407.917925
407.949500
407.970675
407.991950
408.009350
408.030475
408.107500
408.140575
408.156650
408.273375
408.296200
408.318250
408.330125
408.422775
408.456650
408.482225
408.500950
408.524050
408.559050
408.605000
408.619175
408.672175
408.706250
408.728150
408.767900
408.821950
408.857450
408.880900
408.925375
408.950975
409.025475
409.052850
409.060525
409.107425
409.161775
409.185500
409.247700
409.262675
409.336550
409.366325
409.434400
409.482600
409.567425
409.597950
409.650350
409.672475
409.717075
409.792250
409.813525
409.828950
409.856550
409.882850
409.908350
409.985375
410.028125
410.079300
410.108200
410.147500
410.193300
410.269825
410.294400
410.314550
410.339625
410.362675
410.383000
410.418075
410.430950
410.446075
410.482725
410.509275
410.529525
410.577050
410.622350
410.653500
410.678075
410.710625
410.726725
410.754675
410.825900
410.839800
410.855300
410.869825
410.924150
410.976975
411.045375
411.072475
411.117925
411.152600
411.207850
411.230550
411.250650
411.291425
411.374075
411.389850
411.400800
411.429150
411.477925
411.494600
411.558675
411.587700
411.605200
411.621050
411.651875
411.687675
411.719325
411.738725
411.765775
411.780475
411.808525
411.836650
411.855750
411.884725
411.925100
411.939900
411.979000
411.993625
412.011075
412.036400
412.077575
412.127975
412.145000
412.164400
412.181150
412.224950
412.248625
412.267675
412.284675
412.327350
412.373100
412.397750
412.462525
412.496850
412.522825
412.550525
412.574125
412.599900
412.617150
412.655325
412.720750
412.748200
412.824200
412.876725
412.969375
413.011200
413.036600
413.073925
413.088750
413.113000
413.143650
413.176700
413.214875
413.251125
413.281675
413.313450
413.342225
413.348775
413.432150
413.457225
413.470875
413.509350
413.540975
413.564225
413.614225
413.648150
413.681750
413.732375
413.755150
413.774875
413.804400
413.853375
413.883400
413.953425
413.971875
414.056575
414.087550
414.139950
414.199475
414.211275
414.266075
414.320150
414.344400
414.372475
414.393275
414.407650
414.464975
414.508100
414.545475
414.737100
414.756575
414.796575
414.821500
414.837225
414.872850
414.891125
414.906425
414.923625
414.943600
414.966750
414.986100
414.995950
415.030925
415.087550
415.133725
415.150925
415.172675
415.195925
415.239550
415.254750
415.269575
415.351600
415.378175
415.407350
415.431775
415.483250
415.508550
415.566175
415.578500
415.592725
415.616750
415.632400
415.661000
415.703650
415.719075
415.756750
415.774200
415.792725
415.805175
415.814950
415.881825
415.892325
415.913975
415.949850
415.987350
416.043150
416.113875
416.144225
416.164750
416.235600
416.303875
416.355225
416.409750
416.489100
416.539850
416.608425
416.669350
416.752775
416.840075
416.877125
416.929000
416.946400
416.977575
417.023900
417.084150
417.114400
417.128550
417.213750
417.231925
417.279500
417.298600
417.341575
417.369675
417.390950
417.513675
417.543825
417.593300
417.615350
417.659200
417.705475
417.742450
417.759475
417.795475
417.820550
417.842400
417.903100
417.933850
417.968850
418.011425
418.044175
418.136275
418.157325
418.183875
418.242550
418.277400
418.311825
418.405550
418.453000
418.483575
418.515775
418.554075
418.590775
418.611300
418.632250
418.647325
418.675900
418.698425
418.721900
418.765450
418.817300
418.843350
418.856925
418.889125
418.943700
418.960375
418.983250
419.005800
419.035625
419.053700
419.086750
419.105000
419.120500
419.169700
419.196625
419.242400
419.259350
419.286775
419.297225
419.311275
419.346700
419.385475
419.412350
419.444950
419.482700
419.542850
419.579425
419.604100
419.645200
419.661350
419.684675
419.725250
419.788975
419.815850
419.864850
419.911525
419.929800
419.965425
420.037000
420.066225
420.122250
420.170925
420.198675
420.252750
420.335725
420.377825
420.394150
420.435975
420.462150
420.480475
420.500675
420.535450
420.578150
420.665650
420.691450
420.725850
420.819175
420.889575
420.979600
421.030300
421.042300
421.068725
421.161950
421.193350
421.237975
421.323025
421.344775
421.424825
421.467450
421.492500
421.517525
421.675425
421.716850
421.745350
421.777850
421.807800
421.846150
421.869800
421.894725
421.919750
421.941050
421.983550
422.002550
422.052225
422.096600
422.113525
422.166600
422.198450
422.212975
422.241400
422.288725
422.325675
422.359200
422.406300
422.451925
422.527675
422.545550
422.581325
422.664500
422.684850
422.727225
422.995950
423.027125
423.054375
423.089400
423.141675
423.161500
423.170625
423.200575
423.217875
423.244675
423.266025
423.334350
423.341325
423.366700
423.386400
423.409575
423.432750
423.452675
423.520300
423.542700
423.562250
423.593175
423.636275
423.666075
423.692175
423.715550
423.755300
423.782675
423.815500
423.853250
423.912625
424.034475
424.075050
424.110600
424.130050
424.159875
424.208000
424.249750
424.277900
424.298075
424.314750
424.329350
424.411175
424.422725
424.438300
424.497900
424.544200
424.594825
424.614775
424.637350
424.752350
424.772625
424.806100
424.827550
424.854225
424.902675
424.926950
424.998700
425.058125
425.174100
425.210400
425.223975
425.273675
425.321100
425.330600
425.377425
425.443825
425.468125
425.493000
425.509300
425.579925
425.607000
425.619375
425.644800
425.667875
425.680850
425.696975
425.740750
425.789200
425.815650
425.835300
425.853575
425.890050
425.911350
425.929225
425.972825
425.985700
426.004575
426.014775
426.061325
426.085700
426.133375
426.189425
426.200850
426.227325
426.248150
426.347525
426.393350
426.449500
426.487150
426.537250
426.556325
426.622675
426.633850
426.648500
426.659425
426.688350
426.721450
426.732450
426.760425
426.813300
426.884000
426.900875
426.931275
426.959525
426.993775
427.057075
427.083250
427.120075
427.224700
427.263550
427.282000
427.302925
427.317000
427.331050
427.375000
427.423925
427.480000
427.526550
427.549900
427.574325
427.587650
427.608875
427.654500
427.677600
427.698675
427.720600
427.731450
427.773400
427.800500
427.838725
427.920125
427.975850
428.011300
428.057575
428.104875
428.169050
428.277425
428.312450
428.339075
428.358250
428.431325
428.493125
428.545275
428.593075
428.631950
428.657375
428.677350
428.726075
428.802500
428.856725
428.882200
428.945550
428.978000
429.000850
429.084125
429.105925
429.126300
429.138425
429.167875
429.198250
429.223250
429.256975
429.298050
429.343400
429.376700
429.416125
429.491050
429.516875
429.539250
429.548900
429.583325
429.692450
429.766000
429.857375
429.893850
429.942800
429.954800
429.975900
430.053700
430.097175
430.120150
430.137800
430.147325
430.176125
430.232450
430.258725
430.375450
430.404500
430.433275
430.465600
430.569750
430.603225
430.650325
430.684075
430.703800
430.721275
430.745050
430.773875
430.788250
430.807075
430.826175
430.875325
430.897325
430.939825
431.099325
431.153300
431.195575
431.227000
431.243200
431.263750
431.304175
431.326575
431.351350
431.387925
431.467800
431.508200
431.541225
431.565825
431.585075
431.600225
431.626650
431.648850
431.672225
431.693500
431.723400
431.757200
431.794525
431.829650
431.910750
431.927375
431.963575
432.005050
432.025525
432.094025
432.132625
432.159025
432.183825
432.226100
432.236400
432.269350
432.294850
432.384075
432.453325
432.492550
432.536550
432.557300
432.576925
432.600500
432.619025
432.652950
432.689775
432.748300
432.781325
432.801825
432.833950
432.847325
432.860175
432.906600
432.928200
432.946250
432.965875
433.028325
433.166600
433.183475
433.207650
433.241850
433.273725
433.292650
433.312875
433.338225
433.367325
433.382550
433.409325
433.442250
433.525175
433.541425
433.565125
433.586475
433.613350
433.630575
433.661425
433.682975
433.699375
433.725750
433.747750
433.816500
433.877850
433.898025
433.923100
433.943425
433.968450
433.995175
434.018325
434.035325
434.077075
434.222325
434.252525
434.277625
434.298250
434.320775
434.330875
434.377375
434.461300
434.524775
434.537350
434.565350
434.589625
434.757000
434.787750
434.821850
434.878200
434.891775
434.927500
434.944925
435.092900
435.139950
435.181350
435.206200
435.242000
435.298450
435.370725
435.403950
435.428300
435.445550
435.456950
435.518675
435.574125
435.609600
435.659850
435.692525
435.712275
435.750100
435.787400
435.839550
435.872925
435.913625
435.970525
436.021075
436.054450
436.074850
436.114750
436.134125
436.152325
436.274375
436.298125
436.317625
436.351025
436.375475
436.403400
436.422450
436.455100
436.492800
436.537025
436.594200
436.609775
436.628350
436.700250
436.726650
436.771300
436.807250
436.848500
436.909075
436.936475
436.988350
437.041600
437.152750
437.167225
437.214625
437.268950
437.343525
437.381325
437.425150
437.470400
437.502250
437.557400
437.652000
437.713825
437.764950
437.869075
437.920700
437.950050
437.999300
438.031225
438.048875
438.106825
438.143700
438.220050
438.239075
438.261200
438.286925
438.312800
438.341300
438.364950
438.462600
438.477425
438.531300
438.547550
438.570125
438.639925
438.676925
438.701025
438.743475
438.774350
438.826875
438.863375
438.877500
438.926550
438.962225
439.019325
439.091250
439.112375
439.154425
439.191675
439.242575
439.258025
439.317300
439.371225
439.424925
439.502675
439.519775
439.562475
439.754850
439.777375
439.826575
439.896275
439.911950
439.932800
440.025775
440.128425
440.154475
440.183325
440.204375
440.223475
440.246875
440.284875
440.325475
440.341100
440.378150
440.388025
440.406000
440.430325
440.458200
440.479150
440.491225
440.505275
440.518850
440.582125
440.610250
440.639450
440.669700
440.753975
440.802900
440.840500
440.872500
440.907275
440.972525
441.014075
441.048400
441.078950
441.111850
441.147225
441.156950
441.185650
441.216000
441.238600
441.262750
441.309525
441.331050
441.360225
441.385900
441.425050
441.444725
441.477525
441.500750
441.529075
441.557500
441.595625
441.622975
441.670475
441.715425
441.750575
441.764200
441.825750
441.860700
442.025100
442.079925
442.109200
442.168300
442.191250
442.279225
442.298875
442.318175
442.362200
442.399900
442.457650
442.488325
442.514150
442.592775
442.612275
442.633300
442.656150
442.680050
442.751625
442.777325
442.839500
442.843875
442.868200
442.966150
442.990650
443.038075
443.074625
443.113450
443.133975
443.171675
443.246350
443.265325
443.396075
443.425450
443.466200
443.515850
443.567850
443.601275
443.653550
443.735000
443.760675
443.780250
443.822725
443.853050
443.884025
443.899725
443.947450
444.015750
444.137100
444.170025
444.315425
444.357950
444.378275
444.393750
444.421600
444.441950
444.465250
444.479000
444.510875
444.536150
444.549300
444.590475
444.612975
444.695500
444.737875
444.779575
444.801825
444.846925
444.862275
444.875875
444.897450
444.915000
444.936600
445.028800
445.102025
445.126575
445.191725
445.227775
445.258575
445.270200
445.309025
445.332925
445.341500
445.489850
445.537700
445.582350
445.595600
445.621650
445.630475
445.651150
445.669175
445.763725
445.796500
445.824350
445.871950
445.899900
445.932100
445.970450
446.072675
446.095075
446.120800
446.154825
446.198500
446.257325
446.268250
446.280600
446.341675
446.357450
446.371700
446.393050
446.424900
446.457375
446.472400
446.485900
446.521500
446.548600
446.571375
446.592425
446.615500
446.637050
446.695075
446.729850
446.751975
446.798300
446.846925
446.903750
446.935875
446.984775
447.004575
447.080250
447.138050
447.149275
447.201675
447.271350
447.316925
447.383775
447.394950
447.417400
447.443550
447.483300
447.525625
447.552900
447.609200
447.646750
447.705600
447.727075
447.748500
447.800950
447.828675
447.869300
447.889400
447.938825
447.952700
447.975050
448.008625
448.042850
448.072350
448.142025
448.156125
448.192350
448.211500
448.232675
448.251625
448.277750
448.305550
448.327075
448.357525
448.376150
448.408400
448.455350
448.500225
448.548525
448.567325
448.587725
448.654450
448.704250
448.745400
448.770500
448.798925
448.828575
448.842450
448.891625
448.952050
448.989450
449.091675
449.129575
449.152025
449.179925
449.198575
449.278500
449.328975
449.348450
449.364475
449.388100
449.434450
449.452700
449.478050
449.498900
449.513600
449.536700
449.542825
449.611175
449.640025
449.649025
449.738375
449.749725
449.847125
449.891550
449.909500
449.952125
450.003250
450.058700
450.076750
450.123900
450.134325
450.179175
450.239525
450.305000
450.313950
450.404350
450.426025
450.455925
450.486950
450.523150
450.539975
450.573275
450.585125
450.639175
450.667900
450.683425
450.705450
450.726425
450.802725
450.827000
450.862425
450.883075
450.935550
451.001425
451.064850
451.117075
451.160375
451.176125
451.210000
451.229150
451.252625
451.278450
451.354625
451.379825
451.399350
451.451475
451.479575
451.507625
451.530125
451.561650
451.607325
451.633450
451.657525
451.685725
451.707800
451.738425
451.771825
451.797150
451.841700
451.879800
451.908325
451.965225
452.008800
452.048850
452.066100
452.076350
452.090475
452.150425
452.172975
452.248125
452.267475
452.292850
452.326175
452.348350
452.376400
452.488650
452.553050
452.583300
452.609275
452.632725
452.652525
452.785125
452.817600
452.861350
452.905525
452.930375
452.944850
452.967075
453.051125
453.077275
453.102975
453.153550
453.187250
453.209775
453.229275
453.240725
453.256075
453.327925
453.375100
453.395800
453.460800
453.523000
453.543875
453.564775
453.595700
453.626075
453.662075
453.674200
453.723725
453.756800
453.780100
453.806725
453.839650
453.852950
453.912025
453.971150
453.997450
454.028325
454.046550
454.059675
454.081700
454.102725
454.122725
454.237175
454.259300
454.287250
454.313675
454.371850
454.393150
454.441225
454.459775
454.490050
454.509000
454.513400
454.523225
454.554750
454.580225
454.599050
454.647625
454.698425
454.758925
454.784000
454.796175
454.815950
454.924050
454.961050
455.011425
455.044750
455.105750
455.237750
455.321275
455.353550
455.367800
455.383375
455.419675
455.463150
455.481800
455.584500
455.612975
455.646650
455.670750
455.683950
455.705050
455.756075
455.775325
455.781175
455.801425
455.825600
455.853050
455.882525
455.927225
456.050325
456.065875
456.167250
456.184950
456.213400
456.247550
456.281100
456.325625
456.368550
456.420900
456.490600
456.524775
456.540775
456.581225
456.614200
456.697250
456.720850
456.750900
456.761825
456.783225
456.823375
456.846000
456.934800
456.960825
456.977775
457.003475
457.016100
457.046375
457.081525
457.136725
457.192175
457.216275
457.248225
457.264750
457.333675
457.351400
457.472300
457.526525
457.550425
457.578150
457.662975
457.687600
457.716825
457.744625
457.774000
457.802450
457.859350
457.895750
457.933050
457.993600
458.081200
458.128950
458.163350
458.213875
458.255575
458.308375
458.347175
458.377575
458.392500
458.421000
458.435800
458.448400
458.456950
458.496425
458.531750
458.543475
458.627450
458.638900
458.673975
458.726825
458.787600
458.814625
458.905100
458.937650
458.962175
459.007225
459.022775
459.080025
459.125600
459.140400
459.198250
459.252875
459.278500
459.354500
459.372325
459.392125
459.429675
459.467475
459.490950
459.513975
459.560275
459.619850
459.683975
459.787650
459.816275
459.851500
459.883475
459.901975
459.910800
459.938200
459.977250
459.993950
460.120625
460.145375
460.169575
460.239800
460.282650
460.311125
460.348025
460.403925
460.427900
460.465025
460.517725
460.553700
460.570600
460.591875
460.649600
460.672825
460.688100
460.751675
460.785275
460.805175
460.823225
460.840775
460.859000
460.876300
460.933200
461.036925
461.114825
461.134625
461.170300
461.194875
461.212925
461.250600
461.273875
461.295550
461.313375
461.341725
461.374550
461.471300
461.501875
461.556325
461.589600
461.621800
461.638500
461.660775
461.684475
461.777250
461.866800
461.886175
461.914800
461.942725
461.965900
462.048850
462.100075
462.154400
462.184650
462.219125
462.260475
462.340750
462.418450
462.479325
462.533750
462.633325
462.721625
462.763400
462.785250
462.815975
462.828750
462.861075
462.884850
462.907125
462.924675
462.947450
462.967450
463.042450
463.135525
463.177000
463.242475
463.354250
463.386100
463.414350
463.437750
463.525325
463.546100
463.567125
463.676525
463.813350
463.842100
463.901575
463.929200
463.937275
463.999575
464.029750
464.106875
464.211700
464.231475
464.254675
464.314075
464.345150
464.369900
464.383550
464.405300
464.438725
464.462250
464.487525
464.519275
464.542125
464.571775
464.585275
464.604000
464.624125
464.646225
464.666375
464.688875
464.707925
464.782725
464.814600
464.837475
464.898600
464.931050
464.960200
464.975400
465.003575
465.047300
465.073350
465.083275
465.178725
465.239725
465.286375
465.310875
465.332625
465.371000
465.397625
465.448650
465.471275
465.505800
465.521300
465.560125
465.580800
465.627850
465.651075
465.696350
465.715500
465.741475
465.807775
465.860425
465.887750
465.954550
465.975650
465.993475
466.027350
466.041050
466.076875
466.137550
466.166750
466.186250
466.215875
466.250425
466.272525
466.299375
466.319050
466.354150
466.412500
466.436775
466.477075
466.525175
466.548050
466.563875
466.583200
466.602850
466.634100
466.646450
466.725325
466.763550
466.839725
466.867100
466.890225
466.926325
466.942825
466.995725
467.056800
467.105425
467.130625
467.160350
467.200675
467.223375
467.253175
467.277075
467.304900
467.338050
467.353500
467.383575
467.468825
467.490875
467.539250
467.570175
467.608300
467.635350
467.658025
467.699425
467.718200
467.748025
467.773175
467.793600
467.847175
467.877675
467.905900
467.936750
467.977225
468.010525
468.037000
468.058925
468.094650
468.109525
468.132950
468.157125
468.210575
468.265625
468.294525
468.343150
468.368250
468.401625
468.446775
468.465300
468.483950
468.509275
468.529550
468.561000
468.577900
468.613150
468.646300
468.675025
468.701925
468.768725
468.871925
468.892625
468.962825
468.994125
469.020125
469.044100
469.087600
469.097375
469.130175
469.173200
469.202025
469.267825
469.304825
469.308950
469.356250
469.395550
469.492850
469.503675
469.567100
469.607175
469.638325
469.703275
469.736925
469.748200
469.770775
469.830525
469.885425
469.929950
469.944575
469.993150
469.999575
470.023250
470.040950
470.080600
470.127525
470.133975
470.195750
470.238925
470.280200
470.319250
470.349175
470.421775
470.451775
470.520275
470.561100
470.597975
470.643475
470.668700
470.697250
470.730875
470.765750
470.801725
470.820850
470.870225
470.895325
470.956300
470.967925
470.992100
471.043250
471.056300
471.073250
471.089825
471.108775
471.182575
471.204000
471.237525
471.258400
471.275450
471.322125
471.378675
471.410800
471.424800
471.452550
471.580675
471.621125
471.666725
471.705600
471.725375
471.747800
471.763650
471.839800
471.902025
471.928150
471.958400
471.979100
472.025525
472.054650
472.092425
472.139925
472.202100
472.233025
472.310075
472.357550
472.380925
472.402975
472.470775
472.487675
472.507600
472.595700
472.624750
472.649900
472.693875
472.756350
472.785500
472.812875
472.851250
472.873325
472.902100
472.923250
472.996400
473.051625
473.087925
473.119825
473.141600
473.190725
473.226375
473.271100
473.303425
473.341000
473.374250
473.406825
473.442500
473.461550
473.474325
473.504600
473.516250
473.545250
473.587150
473.638650
473.689950
473.721275
473.757775
473.795325
473.837075
473.865850
473.887250
473.942850
473.964200
473.992275
474.006025
474.047625
474.059500
474.070975
474.138575
474.153200
474.180600
474.268450
474.286075
474.316950
474.335975
474.369600
474.384225
474.398750
474.432200
474.443000
474.462925
474.477375
474.500575
474.510425
474.530650
474.594350
474.615350
474.662500
474.718725
474.738925
474.793350
474.805525
474.827200
474.854675
474.906875
474.917550
474.926225
474.974200
475.023550
475.036650
475.064200
475.082775
475.111975
475.145150
475.169050
475.181800
475.229650
475.250050
475.263950
475.334025
475.353350
475.375375
475.390525
475.407800
475.425750
475.436650
475.451150
475.466475
475.494775
475.535900
475.591375
475.623475
475.659025
475.670225
475.693300
475.751475
475.794725
475.814525
475.824725
475.881725
475.996475
476.012375
476.026975
476.061950
476.091250
476.111800
476.132900
476.160525
476.204625
476.227750
476.257125
476.298975
476.332250
476.367025
476.396900
476.469850
476.525775
476.556375
476.579825
476.612850
476.641000
476.656050
476.665875
476.747500
476.775600
476.787075
476.800500
476.825050
476.887650
476.905225
476.927100
476.979050
477.007375
477.027900
477.069950
477.097100
477.155475
477.179575
477.204375
477.236725
477.250350
477.269750
477.341675
477.361525
477.392100
477.407600
477.460050
477.542050
477.565275
477.574000
477.632575
477.652500
477.676725
477.694900
477.744475
477.775700
477.825700
477.839700
477.871425
477.890300
477.932900
478.011425
478.051725
478.071600
478.162000
478.180700
478.205225
478.282125
478.318150
478.344375
478.366350
478.418075
478.483350
478.502150
478.519050
478.527100
478.575725
478.624000
478.647600
478.666575
478.699300
478.718725
478.767075
478.816775
478.854175
478.883500
478.919525
478.982725
479.026500
479.041525
479.060050
479.079825
479.110050
479.149825
479.165750
479.196500
479.228750
479.282750
479.312275
479.335550
479.354675
479.369800
479.392125
479.449950
479.479950
479.501775
479.553575
479.564400
479.584625
479.627600
479.666400
479.688175
479.725850
479.768975
479.820025
479.873000
479.959575
479.989525
480.017750
480.080125
480.118425
480.140675
480.180775
480.195250
480.213275
480.257000
480.274275
480.304175
480.329900
480.382125
480.444900
480.474375
480.485725
480.510425
480.547875
480.603450
480.614000
480.702050
480.744525
480.802900
480.822550
480.836700
480.855725
480.911500
480.932275
480.955450
480.960975
480.995200
481.008800
481.021925
481.049675
481.068025
481.109225
481.130675
481.149325
481.162000
481.199400
481.219125
481.230975
481.247800
481.302600
481.400350
481.437050
481.450325
481.466225
481.502700
481.510700
481.590225
481.621025
481.644750
481.680475
481.693350
481.709125
481.724125
481.749900
481.780375
481.813825
481.834325
481.859275
481.872350
481.892975
481.911400
481.934875
481.964925
481.995600
482.032825
482.059850
482.071450
482.132050
482.158625
482.184600
482.207550
482.219525
482.295675
482.313300
482.335675
482.360100
482.373650
482.414450
482.476350
482.547350
482.575125
482.665850
482.687100
482.720775
482.782175
482.829275
482.849600
482.866900
482.883825
482.903250
482.921025
482.931025
482.965750
483.030150
483.043600
483.054100
483.093850
483.145125
483.156200
483.179375
483.214325
483.259025
483.268125
483.318700
483.394550
483.407575
483.421550
483.436650
483.452050
483.472325
483.501225
483.521000
483.557800
483.614900
483.641850
483.659750
483.702475
483.716725
483.803325
483.845975
483.865475
483.908200
483.927375
483.965700
484.089450
484.118275
484.154725
484.203875
484.216850
484.247475
484.290925
484.312550
484.333425
484.362075
484.438000
484.478625
484.509250
484.542850
484.597575
484.618900
484.673025
484.695400
484.762850
484.801775
484.822425
484.828675
484.877550
484.900300
484.921575
484.954525
484.999925
485.021725
485.046325
485.071600
485.116550
485.125675
485.141175
485.155650
485.281350
485.301525
485.328350
485.347825
485.360575
485.380925
485.407950
485.434625
485.541900
485.578675
485.621975
485.663075
485.687925
485.721025
485.746175
485.773825
485.797525
485.839450
485.862950
485.879850
485.937175
486.003675
486.038550
486.053725
486.077175
486.095325
486.114275
486.153800
486.168750
486.183825
486.213425
486.325825
486.352325
486.381025
486.407550
486.425850
486.443975
486.467775
486.483325
486.494600
486.524775
486.560450
486.586225
486.625875
486.683900
486.732400
486.756000
486.792950
486.833450
486.917050
486.948375
486.964425
486.987300
487.015350
487.041925
487.059275
487.091525
487.123350
487.154375
487.174900
487.232850
487.339100
487.392925
487.414475
487.446750
487.482150
487.512800
487.528400
487.544650
487.560525
487.651625
487.716200
487.747250
487.784475
487.798625
487.823900
487.835525
487.853850
487.893325
487.934650
487.949950
487.988625
488.009275
488.033950
488.049500
488.066400
488.099300
488.124350
488.129500
488.163200
488.208375
488.241425
488.256200
488.282075
488.296575
488.324100
488.364525
488.381425
488.416150
488.438100
488.455175
488.483025
488.523125
488.552700
488.568275
488.595750
488.645150
488.665550
488.681225
488.716625
488.748100
488.757375
488.785275
488.798800
488.832700
488.867975
488.893525
488.913325
488.929750
488.959325
488.988025
489.004975
489.067300
489.127025
489.144900
489.187050
489.215700
489.228625
489.244925
489.273675
489.291450
489.317600
489.394225
489.452625
489.474275
489.495525
489.539050
489.575250
489.594800
489.625800
489.726975
489.777475
489.789125
489.826625
489.865475
489.886275
489.906325
489.929925
489.967450
490.001975
490.064125
490.097400
490.133275
490.156150
490.192950
490.240000
490.269925
490.313700
490.336050
490.429600
490.450250
490.478175
490.531400
490.576375
490.611525
490.668325
490.754000
490.764850
490.787150
490.835500
490.865850
490.916275
490.945275
490.966875
490.983425
491.006950
491.084750
491.120225
491.156050
491.175000
491.227500
491.265375
491.305075
491.335600
491.376975
491.400725
491.448200
491.470250
491.503675
491.525775
491.574500
491.614425
491.652550
491.689050
491.729475
491.752900
491.775725
491.809025
491.879750
491.918125
491.936300
491.987275
492.013150
492.036725
492.106025
492.107375
492.138550
492.163075
492.195575
492.235550
492.273425
492.292600
492.320650
492.336200
492.354300
492.374025
492.392350
492.446825
492.476975
492.517425
492.577775
492.604300
492.643725
492.685050
492.703475
492.755475
492.794500
492.823400
492.870450
492.907300
493.000425
493.075300
493.089200
493.132675
493.145125
493.218725
493.278475
493.311800
493.341800
493.379125
493.399875
493.496925
493.525875
493.553050
493.605975
493.653625
493.701800
493.720975
493.752775
493.775125
493.844575
493.880625
493.903700
493.964075
494.013425
494.089075
494.117475
494.148825
494.179450
494.191175
494.201075
494.231150
494.258500
494.274700
494.308075
494.399825
494.431800
494.469900
494.504975
494.537100
494.579350
494.696050
494.725025
494.754575
494.878975
494.904375
494.945675
494.976075
495.029950
495.065350
495.154175
495.212300
495.248350
495.290300
495.337075
495.408150
495.471350
495.504425
495.563050
495.611850
495.634425
495.683800
495.692750
495.705650
495.716875
495.815175
495.929100
495.954250
495.976700
495.995975
496.029250
496.041575
496.071225
496.089425
496.139975
496.163925
496.192650
496.229350
496.265225
496.307850
496.384600
496.417825
496.434950
496.514250
496.551150
496.590400
496.619025
496.646200
496.671100
496.685100
496.715075
496.730250
496.746400
496.761725
496.789575
496.830175
496.866400
496.895125
496.907025
496.947775
496.986925
497.020400
497.046100
497.054150
497.082500
497.092550
497.114625
497.204850
497.240675
497.298850
497.328350
497.378900
497.421675
497.480475
497.512800
497.541825
497.559325
497.578450
497.591525
497.651550
497.677600
497.699275
497.720575
497.745200
497.801525
497.823925
497.833700
497.846450
497.876425
497.922900
497.963175
497.997550
498.019625
498.056550
498.113525
498.134200
498.152450
498.217475
498.262550
498.293050
498.307600
498.335725
498.338600
498.367525
498.389425
498.417725
498.447075
498.513475
498.548150
498.577250
498.619300
498.651650
498.680550
498.720725
498.750125
498.809750
498.844175
498.898075
498.920875
498.944725
499.030425
499.069325
499.121925
499.194525
499.219525
499.339450
499.366500
499.396450
499.434375
499.465275
499.487175
499.512400
499.535650
499.555350
499.574650
499.596850
499.616800
499.627200
499.635825
499.678850
499.699550
499.761700
499.799825
499.832475
499.869325
499.884200
499.905725
499.960125
499.980125
500.000575
500.021250
500.059900
500.081875
500.105025
500.208525
500.243000
500.265725
500.331925
500.355975
500.403925
500.413950
500.432300
500.451600
500.465075
500.481950
500.495800
500.507575
500.520850
500.588700
500.624100
500.657625
500.673775
500.699675
500.755200
500.776425
500.811200
500.872475
500.910925
500.964400
500.990275
501.030075
501.061750
501.113750
501.155050
501.197425
501.222450
501.301750
501.348875
501.385525
501.415100
501.435025
501.472200
501.519425
501.536900
501.574575
501.638000
501.688225
501.725150
501.745275
501.778625
501.796650
501.819100
501.830150
501.887350
501.982700
502.002550
502.024975
502.060125
502.076300
502.122850
502.163250
502.210225
502.232850
502.263725
502.295475
502.327150
502.353900
502.382575
502.406825
502.450725
502.469000
502.496225
502.543150
502.555475
502.592775
502.637275
502.677125
502.733000
502.762850
502.827850
502.876200
502.903275
502.970950
503.021575
503.050825
503.083700
503.123675
503.155225
503.216925
503.258150
503.270275
503.288625
503.315450
503.325150
503.350725
503.379850
503.400625
503.426925
503.453475
503.475975
503.494600
503.527825
503.546050
503.560425
503.585100
503.691625
503.707200
503.783375
503.806125
503.918375
503.948750
503.999700
504.028250
504.037575
504.055150
504.067550
504.119950
504.155700
504.203250
504.215650
504.237725
504.272350
504.304600
504.331050
504.348125
504.367300
504.402625
504.418775
504.466750
504.476525
504.506800
504.530500
504.567100
504.595175
504.604550
504.622575
504.640500
504.650250
504.671350
504.718475
504.724325
504.729275
504.756150
504.773975
504.797825
504.853025
504.869800
504.908225
504.922750
504.932925
504.946925
504.985650
505.019050
505.063100
505.087950
505.117325
505.143650
505.169875
505.183450
505.219925
505.235250
505.267425
505.315425
505.381825
505.403000
505.440025
505.458125
505.474650
505.524200
505.549975
505.569625
505.589800
505.614950
505.634450
505.660200
505.736050
505.783475
505.812725
505.876550
505.891950
505.994425
506.022125
506.034925
506.066450
506.091950
506.119950
506.139825
506.157975
506.239600
506.259925
506.313150
506.396275
506.423150
506.450775
506.458450
506.479250
506.499600
506.509925
506.580425
506.616800
506.684175
506.737200
506.780325
506.801825
506.843825
506.873775
506.897525
506.912600
506.937475
506.951575
506.959750
506.990350
507.006650
507.041700
507.054000
507.078250
507.148225
507.163750
507.221700
507.246075
507.278100
507.289400
507.330175
507.366025
507.390900
507.467675
507.502250
507.558100
507.648775
507.693775
507.715675
507.757525
507.777100
507.838425
507.862550
507.902300
507.918850
507.977900
508.065825
508.088650
508.148350
508.196900
508.227225
508.285300
508.309450
508.329550
508.355575
508.380025
508.411000
508.437275
508.556100
508.582975
508.624450
508.651225
508.685400
508.797975
508.825025
508.859450
508.913400
508.978425
509.027325
509.052950
509.089050
509.116375
509.149650
509.167750
509.234400
509.261800
509.305400
509.321275
509.414175
509.454100
509.512950
509.528125
509.542075
509.587175
509.621825
509.685725
509.709000
509.763450
509.811825
509.843975
509.865800
509.911325
509.946550
509.966875
510.051050
510.066650
510.118450
510.158350
510.174175
510.204700
510.238475
510.282150
510.303750
510.333525
510.385075
510.434000
510.449500
510.488525
510.514350
510.561975
510.589375
510.616850
510.632750
510.655275
510.758175
510.774625
510.814200
510.905000
510.926275
510.952900
510.971825
510.991075
511.015100
511.040850
511.150125
511.225800
511.265150
511.335600
511.373550
511.403875
511.429300
511.545075
511.564550
511.604625
511.655900
511.676475
511.719975
511.773225
511.794725
511.822400
511.838175
511.860450
511.890100
511.928700
511.956700
511.976325
512.045325
512.074875
512.113625
512.136625
512.163700
512.221000
512.292600
512.327625
512.361750
512.385625
512.422700
512.448825
512.508100
512.527025
512.568800
512.591900
512.614825
512.672650
512.699125
512.785400
512.815950
512.848425
512.888425
512.925900
512.950475
512.968500
513.013125
513.048925
513.108175
513.134650
513.153350
513.180875
513.198575
513.231500
513.263600
513.301175
513.329425
513.349950
513.419050
513.459800
513.487925
513.569550
513.591100
513.622375
513.635875
513.675875
513.689775
513.732275
513.753400
513.779200
513.798825
513.822525
513.838825
513.856400
513.900475
513.906025
513.949550
513.979175
513.989100
514.014875
514.102075
514.128850
514.145050
514.258450
514.283050
514.312075
514.352725
514.391775
514.422075
514.448175
514.464525
514.505200
514.529750
514.563725
514.602000
514.622575
514.647550
514.678875
514.759500
514.775575
514.822300
514.877875
514.896925
514.939325
514.964400
515.046725
515.062650
515.092925
515.139150
515.165800
515.191950
515.250425
515.288475
515.312025
515.360050
515.408900
515.425225
515.445125
515.482300
515.512425
515.538950
515.561550
515.617900
515.649225
515.690350
515.712675
515.743500
515.933025
515.985000
516.015425
516.053400
516.068900
516.114625
516.156300
516.174125
516.206675
516.224400
516.249800
516.331450
516.392450
516.436850
516.500150
516.535700
516.563375
516.574100
516.607100
516.638975
516.673975
516.715175
516.725550
516.740100
516.832400
516.849175
516.856875
516.914650
516.934200
517.049750
517.072575
517.103050
517.124100
517.184400
517.210000
517.252600
517.274625
517.316325
517.369075
517.391975
517.407925
517.442125
517.461075
517.479875
517.498500
517.520275
517.539675
517.636375
517.678250
517.727550
517.745750
517.847975
517.906500
517.958875
518.020925
518.058300
518.100825
518.148650
518.175575
518.214900
518.264750
518.303500
518.333625
518.389025
518.412500
518.434675
518.483350
518.514525
518.549500
518.581725
518.610275
518.653175
518.679650
518.708625
518.732775
518.760250
518.810625
518.843375
518.880425
518.920425
518.944025
518.963325
519.019525
519.106550
519.148000
519.180875
519.227800
519.263175
519.299275
519.320175
519.351025
519.368925
519.397050
519.431450
519.494250
519.520250
519.555650
519.602900
519.622725
519.641300
519.685475
519.710125
519.745675
519.777550
519.790100
519.818850
519.847950
519.883625
519.907350
519.928875
519.958050
520.018175
520.100850
520.179175
520.253175
520.277550
520.310250
520.326575
520.341300
520.369875
520.440200
520.470825
520.502025
520.537025
520.556775
520.584200
520.631125
520.667650
520.684225
520.736275
520.789075
520.808100
520.851925
520.867100
520.928825
520.984025
521.012800
521.054750
521.071025
521.095200
521.111425
521.176475
521.204750
521.246550
521.277025
521.297200
521.365625
521.412875
521.454950
521.527825
521.612525
521.641225
521.668100
521.677975
521.742800
521.778825
521.831175
521.851425
521.884750
521.914125
521.938150
521.975175
522.006275
522.061575
522.099700
522.125975
522.152350
522.216750
522.255200
522.308200
522.330125
522.391050
522.423550
522.446075
522.503775
522.532475
522.575475
522.675600
522.709050
522.745800
522.779825
522.845775
522.889450
522.919075
522.972875
522.997750
523.027950
523.040650
523.069750
523.091525
523.108000
523.133900
523.174275
523.182275
523.218900
523.250725
523.302050
523.341100
523.367025
523.376025
523.412875
523.443025
523.452925
523.453950
523.486725
523.512125
523.530400
523.571275
523.623675
523.652875
523.673700
523.742525
523.777675
523.803600
523.836400
523.863925
523.931200
523.958725
523.985000
524.011025
524.045175
524.060225
524.085200
524.106625
524.127450
524.156125
524.179275
524.264250
524.283700
524.285600
524.300100
524.310450
524.325250
524.353550
524.384525
524.396550
524.437850
524.450150
524.503425
524.536150
524.565300
524.609125
524.640275
524.667575
524.698700
524.715250
524.735275
524.755125
524.783850
524.843425
524.880075
524.913150
524.994825
525.020750
525.042150
525.066150
525.113700
525.171625
525.185200
525.206800
525.229150
525.256275
525.323800
525.375875
525.415025
525.426550
525.447975
525.463975
525.475000
525.503925
525.551875
525.569225
525.587600
525.604350
525.678750
525.738600
525.761800
525.784125
525.812850
525.846225
525.864375
525.889850
525.932350
525.966925
525.986775
526.001150
526.053550
526.125900
526.165950
526.185550
526.209275
526.263850
526.286375
526.309475
526.335275
526.366975
526.411075
526.419750
526.462525
526.498375
526.533675
526.609325
526.667325
526.707100
526.801300
526.814800
526.861425
526.883100
526.909675
526.940050
526.969775
527.018475
527.050025
527.087075
527.102700
527.174075
527.201125
527.234300
527.259425
527.296100
527.318525
527.342075
527.368575
527.383450
527.415475
527.443300
527.460300
527.485575
527.498950
527.524450
527.556250
527.576225
527.604700
527.652600
527.680225
527.714950
527.749050
527.790675
527.836000
527.855775
527.909075
527.958800
528.012875
528.034200
528.058450
528.074825
528.093450
528.120850
528.144075
528.176375
528.205200
528.235825
528.307725
528.334425
528.371075
528.480225
528.506550
528.537600
528.566325
528.591950
528.642350
528.661325
528.706550
528.744950
528.763300
528.832625
528.884425
528.934200
528.957025
528.974975
529.001150
529.031525
529.063200
529.124550
529.186625
529.209250
529.237075
529.265825
529.342450
529.368675
529.404175
529.442675
529.456200
529.504950
529.555300
529.575450
529.595425
529.621775
529.667875
529.698400
529.739500
529.801550
529.837425
529.871475
529.917475
529.941875
530.020400
530.045800
530.064125
530.093800
530.139475
530.193850
530.206000
530.254400
530.281450
530.306325
530.336900
530.520850
530.544450
530.586375
530.636225
530.662850
530.702900
530.788900
530.852900
530.893175
530.913475
530.943875
530.992275
531.061125
531.101825
531.135675
531.174000
531.226650
531.287925
531.319825
531.382225
531.395775
531.444750
531.488725
531.512650
531.540675
531.603800
531.622025
531.651475
531.716425
531.745275
531.766450
531.819450
531.839550
531.872650
531.879625
531.960775
532.064275
532.142700
532.172400
532.227975
532.266000
532.350150
532.371375
532.394075
532.408575
532.449700
532.482325
532.510975
532.536450
532.562250
532.620000
532.633875
532.658000
532.664200
532.689675
532.749625
532.792425
532.853150
532.887400
532.908650
532.946675
532.972825
533.009275
533.059200
533.087325
533.142675
533.168600
533.196375
533.237250
533.276325
533.320100
533.367775
533.419475
533.455950
533.481700
533.511100
533.542325
533.612850
533.673650
533.698550
533.723225
533.760575
533.780300
533.819650
533.857425
533.935625
533.948625
533.988475
534.022800
534.041175
534.074250
534.174500
534.213125
534.235375
534.284925
534.342750
534.369700
534.427025
534.483250
534.511675
534.538400
534.601225
534.636225
534.667275
534.697150
534.715700
534.765400
534.800125
534.840325
534.879200
534.910600
534.976475
534.995675
535.018125
535.032675
535.060675
535.096700
535.108550
535.136975
535.217550
535.245100
535.272025
