# # All spikes for Neuron
0.078000
0.453125
0.553025
0.658600
0.703625
0.729475
0.785125
1.035900
1.222325
1.280200
1.306250
1.545975
1.548675
1.550950
1.608925
1.646275
1.690800
1.697150
1.758700
1.808775
1.824750
1.895850
1.913500
1.924025
1.951400
1.963750
2.037400
2.048575
2.708400
2.984225
3.017375
3.028775
3.140375
3.213525
3.291525
3.324325
3.401850
3.458850
3.528400
3.585325
3.604275
3.691150
3.709675
3.771800
3.799000
3.831150
3.906775
3.926325
3.995350
4.042100
4.100575
4.130175
4.217625
4.257925
4.367250
4.534225
4.595625
4.632550
4.758200
4.958675
5.073575
5.153700
5.165400
5.200250
5.214050
5.255075
5.361975
5.381825
5.427500
5.447075
5.487250
5.589675
5.627875
5.677825
5.695575
5.770750
5.808400
5.945225
6.029750
6.084475
6.111525
6.196025
6.219450
6.258050
6.303425
6.403875
6.429225
6.468300
6.622200
6.668975
6.710800
6.719825
6.872450
6.970575
7.094925
7.129500
7.144800
7.147850
7.162025
7.190600
7.252175
7.297525
7.324650
7.378200
7.457575
7.601700
7.724500
7.735500
7.786500
7.851500
7.874025
7.938675
8.043350
8.077000
8.239225
8.339400
8.458900
8.774950
8.963425
9.069725
9.107875
9.109775
9.119850
9.319350
9.444650
9.579325
9.715700
9.722300
9.733225
9.752575
9.894400
9.953025
9.991175
10.038800
10.089175
10.126875
10.171475
10.186025
10.259000
10.413100
10.426225
10.429650
10.496525
10.528800
10.773900
10.903950
11.071925
11.111650
11.138900
11.176775
11.243400
11.367550
11.449950
11.601100
11.683100
11.810900
11.869000
11.991650
12.107000
12.117550
12.129525
12.270775
12.390650
12.410175
12.441675
12.452025
12.683475
12.703700
12.738000
12.876625
12.902325
12.956450
13.219000
13.324925
13.341900
13.355150
13.512925
13.576600
13.682350
13.730600
13.979525
14.000850
14.053375
14.174925
14.352200
14.361375
14.388500
14.401575
14.688475
14.781575
14.824800
14.849375
15.013100
15.045350
15.308925
15.379475
15.740325
15.755725
15.860300
16.128425
16.148450
16.180000
16.316925
16.395600
16.496075
16.532150
16.743175
16.761800
16.846550
16.858200
16.867125
17.046600
17.308500
17.412625
17.428250
17.464825
17.911775
17.940375
18.047800
18.067275
18.156675
18.204850
18.270875
18.393375
18.526525
18.670550
19.082375
19.094600
19.179750
19.516675
19.533825
19.565625
19.856900
19.965325
20.021175
20.096250
20.199725
20.248425
20.272700
20.491275
20.563725
20.640000
20.658425
20.663425
20.852575
20.941050
21.667250
21.745000
21.824625
22.065075
22.085575
22.119450
22.406000
22.425300
22.610500
22.726950
22.817200
22.840775
22.867300
22.884875
22.904725
22.923775
22.979875
22.992900
23.087725
23.107425
23.224900
23.273850
23.570225
23.595600
24.259625
24.818250
24.871275
25.523450
25.789125
26.319450
26.359175
26.668150
26.688675
26.715650
27.046925
27.406550
27.413700
27.843625
27.895150
28.022625
28.351025
28.471250
28.616950
28.623750
28.626950
28.632000
28.758850
28.820600
28.833075
29.142750
29.226775
29.272900
30.172400
30.420200
30.483325
30.541525
30.572975
30.878075
30.903725
30.959700
31.353250
31.396600
31.611000
31.643225
31.770100
32.290650
32.460000
32.829875
33.073975
33.179950
34.754775
34.818150
35.156750
35.562650
35.591000
35.923100
36.070675
36.098700
36.405875
36.489275
36.498250
36.807375
36.832250
37.107650
37.465525
37.596725
37.714350
37.725550
37.736150
37.806375
37.874700
37.962400
38.053625
38.559575
39.206500
39.231300
39.429125
39.460050
39.472275
39.550950
39.572325
39.626025
39.656500
39.921675
39.961050
40.009675
40.069350
40.110425
40.257625
40.316125
40.354250
40.374025
40.404525
40.421425
40.579775
40.610400
40.705475
40.713450
40.757550
40.807850
40.860875
40.955775
41.110625
41.165800
41.171200
41.227175
41.333075
41.358200
41.414800
41.465100
41.566000
41.859850
41.912375
41.970925
41.977225
42.013025
42.017525
42.081600
42.101475
42.127950
42.207225
42.260275
43.269675
43.558900
43.613125
43.808375
43.910375
43.919600
44.085750
44.164775
44.207150
44.784925
44.819550
45.166000
45.398650
45.407075
45.531475
45.829450
45.871000
46.019525
46.059350
46.361600
46.479950
46.774100
46.959400
47.118975
47.211875
47.311700
47.854325
47.885825
47.960675
48.277375
48.410250
48.584300
48.592025
48.611225
49.361425
49.559050
49.632175
49.719775
49.747275
49.758900
50.035025
50.109900
50.442425
50.511750
50.602375
51.161225
51.530200
51.542175
51.643075
51.853900
52.569800
52.611900
52.929350
52.965075
53.067325
53.204950
53.638125
53.706050
54.041175
54.053600
54.220200
54.286600
54.597900
54.773200
55.032275
55.275375
55.826825
55.991475
56.636000
56.658025
56.677525
57.002325
57.178775
57.415275
57.914325
58.184525
58.200150
58.218250
58.570850
58.729425
59.048575
59.311950
59.526500
59.769975
59.787325
59.882175
59.896975
59.951125
60.216525
60.295025
61.347100
61.384775
61.398150
61.452475
61.730675
61.873125
62.136325
62.370575
62.425025
62.530300
62.577625
62.651300
63.120225
63.146575
63.230000
63.235350
63.273825
63.469175
63.648175
63.902625
63.935875
64.330825
64.608375
64.625525
64.641550
64.798800
65.437125
65.440500
65.546850
65.646325
65.859675
65.896275
65.984900
66.014250
66.131925
66.144950
66.162225
66.194925
66.381425
66.433375
66.521725
66.656575
66.906500
67.656850
67.752675
68.268775
68.390825
68.485725
68.940975
69.503225
69.669375
69.835500
69.869575
69.931350
70.053850
70.629450
70.718775
70.771775
70.868800
70.975675
71.202675
71.325350
71.383575
71.501350
71.551950
71.671875
72.191900
72.813875
72.852325
73.120950
73.225125
73.250975
73.275275
73.480700
73.520425
73.686900
73.772350
74.092750
74.174050
74.371800
74.435350
74.464300
74.729400
74.930225
75.425400
75.735925
76.062375
76.205650
76.321000
76.931750
76.935775
77.584950
77.595950
78.040075
78.409725
78.682925
78.869575
78.877025
78.887925
78.965550
78.974650
79.131650
79.204125
79.352450
79.652375
79.829650
79.862550
79.931675
80.285475
80.368800
80.460650
80.597600
80.722400
81.013600
81.116125
81.358375
81.444875
81.459350
81.612125
81.701575
81.737825
82.028150
82.058925
82.124575
82.181675
82.217375
82.367300
82.438150
82.452575
82.466500
82.533200
82.586375
82.597800
82.686700
82.777050
82.789425
82.806125
82.978750
82.986050
83.053525
83.149800
83.217250
83.331000
83.354550
83.385125
83.451725
83.507175
83.517525
83.580025
83.635975
83.679600
83.728375
83.783725
83.972750
84.181675
84.352050
84.526050
84.541800
84.553500
84.627050
84.647100
84.667600
84.702225
84.744500
84.755550
84.913625
84.928975
84.946450
85.027950
85.065475
85.246200
85.284850
85.319100
85.515750
85.585800
85.678325
85.891100
85.921925
85.939500
86.102625
86.143825
86.222550
86.238250
86.291700
86.318875
86.364100
86.380050
86.452325
86.491350
86.508600
86.555850
86.736925
86.851250
86.970975
87.072275
87.148075
87.195275
87.271050
87.350350
87.476350
87.502550
87.622375
87.651850
87.703125
87.859550
87.920575
87.946975
87.966800
87.980575
88.001700
88.061450
88.119150
88.124325
88.423925
88.702425
88.751300
88.779275
88.828825
88.870725
89.215625
89.281000
89.315675
89.405275
89.452075
89.614925
89.776500
89.860375
90.051700
90.205725
90.264975
90.366350
90.458500
90.549600
90.557425
90.581525
90.631500
90.671850
90.705850
90.806950
90.815900
90.831025
91.164275
91.167450
91.199775
91.215075
91.354950
91.462650
91.469000
91.471800
91.481625
91.511500
91.526475
91.702275
91.802850
92.408250
92.457550
92.499825
92.560500
92.567375
92.708100
92.803125
92.817200
92.864275
92.875025
92.880425
93.002300
93.222200
93.269650
93.278275
93.379500
93.455325
93.474425
93.509125
93.561000
93.608425
93.703250
93.755400
93.810800
93.847400
94.116300
94.165400
94.361150
94.555100
94.705475
94.755925
94.776600
94.781350
94.852525
94.855375
94.954800
94.963575
95.100850
95.267075
95.308975
95.476750
95.513475
95.545100
95.617000
95.660200
95.754200
95.800525
95.858800
95.863625
95.874550
95.953750
95.981050
96.000875
96.017825
96.111750
96.161500
96.308025
96.311500
96.508350
96.722675
96.730550
96.980375
97.037450
97.062975
97.137750
97.165825
97.185175
97.211650
97.244700
97.288975
97.313125
97.444275
97.510125
97.562200
97.688050
97.699975
97.840850
97.876025
97.945225
98.009675
98.100175
98.162850
98.169425
98.176975
98.225400
98.238050
98.249900
98.280850
98.413675
98.458800
98.488675
98.669225
98.821800
98.883250
99.064825
99.105075
99.125125
99.155575
99.255675
99.406325
99.644350
99.698600
99.758950
99.969925
100.021525
100.086825
100.197575
100.203475
100.259350
100.282950
100.360900
100.376000
100.408675
100.442550
100.523075
100.566175
100.687875
100.712550
100.933050
100.996125
101.043375
101.286975
101.392075
101.491100
101.525850
101.647875
101.968825
102.077300
102.106675
102.156175
102.223225
102.314750
102.329325
102.348850
102.371900
102.582375
102.598675
102.763450
102.810975
102.872575
102.904725
102.925650
102.968550
103.030475
103.047825
103.249500
103.291225
103.363375
103.571525
103.636600
103.662900
103.716200
103.774425
103.947950
103.957300
104.020350
104.030000
104.108025
104.258000
104.319625
104.481225
104.556850
104.570950
104.706175
104.733825
104.830525
104.883125
104.909400
105.279150
105.335650
105.387975
105.582050
105.613050
105.626350
105.629800
105.787525
106.008900
106.091750
106.184675
106.434750
106.656400
106.685400
106.741625
106.746150
106.971900
107.040475
107.124200
107.209450
107.263725
107.286625
107.380575
107.417475
107.442625
107.775275
107.789850
107.826625
107.946700
107.996375
108.122675
108.266350
108.319450
108.329375
108.446350
108.465500
108.494200
108.519950
108.678675
108.732000
108.773700
108.845550
108.918225
108.925275
108.950100
109.005675
109.075850
109.096250
109.277175
109.400850
109.561550
109.676875
109.688950
109.934800
109.957600
110.161325
110.315400
110.332525
110.462375
110.650600
110.700700
110.724800
110.728825
110.749525
110.776425
110.823900
110.832600
110.910925
110.930750
110.986900
110.997975
111.031550
111.047450
111.084425
111.133575
111.197725
111.254275
111.296450
111.486650
111.552650
111.651700
111.671425
111.675275
111.696800
111.887400
111.928225
111.993775
112.052825
112.076725
112.105250
112.209275
112.378475
112.440400
112.515375
112.809325
112.833400
112.853975
112.885375
112.914600
112.972475
113.113600
113.129325
113.236150
113.315100
113.394275
113.405725
113.451025
113.497325
113.624900
113.775700
114.411200
114.456175
114.540725
114.561025
114.650450
114.727400
114.810950
114.903300
115.115275
115.129650
115.195300
115.237225
115.487425
115.507150
115.564300
115.646175
115.659025
115.762100
115.788550
115.797350
115.914875
115.937150
115.963000
116.285475
116.324125
116.428325
116.466100
116.677875
116.818375
117.013875
117.119425
117.265225
117.422625
117.688175
117.725875
117.892475
117.916725
117.984975
118.100050
118.115775
118.280800
118.316800
118.497975
118.584975
118.604725
118.868650
118.944650
119.075350
119.165750
119.352200
119.360025
119.390625
119.448675
119.529525
119.578800
119.693925
119.797075
120.042400
120.069650
120.413700
120.473925
120.492325
120.548425
120.558775
120.671375
120.889150
121.259850
121.261375
121.330100
121.345825
121.472000
121.487900
121.818675
121.889300
121.952350
122.004475
122.171750
122.185625
122.196225
122.202800
122.210350
122.301825
122.348325
122.372225
122.395250
122.409075
122.421700
122.697150
122.814675
122.825825
122.839225
122.844125
122.974400
122.998575
123.052225
123.156200
123.185375
123.282725
123.371450
123.479200
123.500575
123.534525
123.573725
123.641500
123.664300
123.803100
123.828325
123.855475
123.903900
123.918800
123.963400
123.998700
124.080050
124.186900
124.251850
124.335275
124.381300
124.394450
124.403075
124.412700
124.425525
124.444025
124.459875
124.533650
124.549225
124.995550
125.009175
125.025325
125.080750
125.140400
125.279750
125.294050
125.322875
125.324375
125.332625
125.336475
125.410325
125.501025
125.525125
125.539100
125.563925
125.649350
125.660925
125.739175
125.756775
125.775850
125.809675
125.834275
125.916550
126.075775
126.097825
126.124650
126.211775
126.253475
126.438225
126.460050
126.517025
126.524450
126.553350
126.586050
126.613075
126.621325
126.634900
126.673275
126.937850
127.012900
127.035050
127.072075
127.107550
127.126150
127.282650
127.325650
127.343750
127.458175
127.599725
127.626775
127.691725
127.695925
127.711375
127.734250
127.826725
127.858150
127.878250
127.897700
128.070000
128.185500
128.207725
128.276250
128.302975
128.397950
128.603825
128.615625
128.716500
128.854600
128.860500
128.867750
128.924125
128.950625
129.091200
129.242325
129.365075
129.473275
129.510950
129.522550
129.562275
129.575775
129.630400
129.664075
129.705975
129.859100
129.867375
129.890900
129.925450
129.984675
130.032425
130.248200
130.261975
130.315450
130.329000
130.450425
130.538625
130.645075
130.666475
130.691875
130.716275
130.830375
130.842400
130.889600
130.901800
130.924950
131.012000
131.175275
131.212825
131.222275
131.232650
131.307475
131.323225
131.362700
131.387725
131.444250
131.600500
131.609525
131.646325
131.730750
131.777600
131.885950
131.980875
132.035625
132.060475
132.238800
132.309425
132.323575
132.396875
132.587850
132.605750
132.624275
132.644650
132.654775
132.656575
132.701050
132.719350
132.738650
132.751475
132.774275
132.812675
132.830850
133.002350
133.005225
133.008450
133.032950
133.047825
133.061025
133.084675
133.273550
133.305475
133.385575
133.436300
133.454325
133.519825
133.611900
133.694800
133.703025
133.729825
133.752150
133.765450
133.775050
133.802650
133.836600
133.995175
134.051350
134.072975
134.103000
134.126250
134.130225
134.134450
134.141000
134.158075
134.177000
134.207475
134.217950
134.277950
134.284050
134.337300
134.364250
134.449400
134.507700
134.741075
134.752300
134.764975
134.885300
135.009175
135.051300
135.070550
135.181500
135.296575
135.337375
135.356775
135.383875
135.456575
135.541775
135.677850
135.690175
135.721500
135.779900
135.794950
135.871000
135.879050
135.907950
135.912575
135.981175
136.055275
136.076525
136.131600
136.142900
136.147350
136.184925
136.230650
136.317725
136.463025
136.490075
136.571125
136.625525
136.684600
136.702150
136.777350
136.810275
136.900575
136.926400
136.949625
136.977650
137.148375
137.157975
137.172475
137.176225
137.256225
137.351350
137.393375
137.415900
137.461700
137.504025
137.643475
137.744625
137.800450
137.897725
138.053350
138.122800
138.146975
138.154975
138.195550
138.292400
138.302325
138.321675
138.346325
138.399200
138.402500
138.462375
138.477700
138.507475
138.593575
138.603900
138.612000
138.626725
138.651100
138.696950
138.747950
138.755400
138.808175
138.913100
139.090850
139.096150
139.103600
139.301025
139.395575
139.410250
139.415375
139.459375
139.504725
139.545400
139.611700
139.626225
139.644650
139.659950
139.665900
139.675925
139.698600
139.702925
139.717425
139.758525
139.803550
139.817725
139.869900
139.977600
140.013750
140.055575
140.105300
140.145825
140.208950
140.309925
140.368100
140.463850
140.619650
140.650700
140.718425
141.071800
141.109200
141.448450
141.713325
141.792850
141.806625
142.039525
142.214075
142.247050
142.252950
142.590925
142.600600
142.623025
142.643925
142.747400
142.804925
142.900375
143.006075
143.263225
143.425400
143.597575
143.807975
143.812600
143.842450
144.109050
144.120200
144.267200
144.354700
144.827200
144.868425
145.043775
145.064650
145.116975
145.154100
145.163975
145.396100
145.411600
145.414850
145.440400
145.445250
145.452025
145.472600
145.508950
145.552975
145.563025
145.726025
145.806350
145.889450
145.902200
145.909300
146.207350
146.218650
146.223775
146.311550
146.475200
146.520100
146.594425
146.960050
146.967125
147.037225
147.313100
147.318825
147.322850
147.455475
147.704775
147.778200
147.796200
147.829350
147.856275
147.928625
147.959800
148.039450
148.201925
148.242750
148.271975
148.294575
148.300375
148.391025
148.407775
148.441100
148.456775
148.491875
148.501050
148.512400
148.522200
148.545475
148.561675
148.569675
148.581950
148.656600
148.697350
148.773450
148.815300
148.852350
148.909175
148.912200
148.932600
148.939925
148.962100
149.036250
149.069175
149.098925
149.112725
149.265600
149.282175
149.308675
149.330050
149.389975
149.421275
149.517575
149.567625
149.585250
149.819275
149.852075
149.869050
149.914650
149.926200
149.971725
150.066150
150.075375
150.090650
150.097950
150.129175
150.142875
150.191650
150.214650
150.224500
150.280475
150.334100
150.351625
150.430975
150.485925
150.517400
150.709025
150.792650
150.842250
150.849700
150.988150
151.008850
151.036500
151.045100
151.085500
151.104850
151.182425
151.221250
151.310800
151.332550
151.440725
151.482200
151.604850
151.652250
151.787750
151.810400
151.818575
151.848375
151.866475
151.885525
151.903650
151.920375
151.952350
151.992425
151.998200
152.110225
152.146675
152.161550
152.246800
152.347525
152.386525
152.425175
152.428475
152.434625
152.457525
152.621750
152.778750
152.852600
152.975725
152.993850
153.023025
153.039000
153.135250
153.145675
153.154750
153.164775
153.243150
153.357250
153.361850
153.415400
153.462550
153.598750
153.675225
153.694075
153.707275
153.738500
153.746250
154.162850
154.188375
154.265750
154.280425
154.318425
154.329425
154.406850
154.617775
154.626775
154.647975
154.698025
154.743425
154.761725
154.783375
154.841375
154.961450
155.109075
155.185475
155.194675
155.225475
155.251850
155.271825
155.287250
155.516600
155.525875
155.542100
155.564950
155.573500
155.578400
155.603725
155.626375
155.641200
155.730525
155.745125
155.769950
155.820775
155.868050
155.876800
155.888475
155.904125
155.939150
156.081300
156.098325
156.200325
156.219975
156.277125
156.309850
156.346925
156.399450
156.421075
156.498075
156.514000
156.559650
156.601725
156.642750
156.669875
156.682250
156.765675
156.843000
156.863550
156.923750
156.996825
157.177500
157.352400
157.448400
157.452700
157.483000
157.647325
157.707950
157.757100
158.093800
158.136375
158.154000
158.249850
158.348350
158.431150
158.484125
158.505850
158.562175
158.582475
158.623100
158.653575
158.792500
158.813125
158.842350
158.940600
158.953825
158.969725
159.034725
159.053275
159.076300
159.150000
159.195500
159.242600
159.249625
159.304575
159.378075
159.421000
159.449650
159.481200
159.502375
159.513400
159.622475
159.768925
159.853475
159.859825
159.889750
159.928900
159.951075
160.008575
160.058575
160.087575
160.143100
160.151000
160.166125
160.254625
160.414200
160.534750
160.609675
160.624025
160.681275
160.690600
160.711925
160.740650
160.767525
160.813050
160.830100
160.851325
160.955350
161.068925
161.076050
161.154300
161.205250
161.229700
161.243325
161.329300
161.351175
161.443700
161.543375
161.579550
161.629050
161.673500
161.736425
161.761275
161.773200
161.790375
161.891625
161.905875
161.940925
161.959725
162.115800
162.229725
162.246000
162.282050
162.463150
162.537400
162.571750
162.635925
162.812150
162.864525
162.904525
162.943525
163.005525
163.046275
163.071350
163.076850
163.188300
163.247825
163.326500
163.339675
163.361975
163.435875
163.467100
163.622275
163.645350
163.749325
163.882850
163.995750
164.029450
164.137750
164.168300
164.243200
164.334150
164.399950
164.429000
164.450675
164.637150
164.664975
164.686725
164.767275
164.795475
164.824275
164.892000
164.941275
164.978475
165.014975
165.202150
165.236175
165.273925
165.285000
165.295475
165.348250
165.421950
165.485475
165.512750
165.526575
165.559700
165.871425
165.966925
165.983400
165.990875
166.019650
166.048125
166.083525
166.114175
166.220675
166.232175
166.254600
166.280825
166.319425
166.360225
166.397750
166.603525
166.647725
166.681450
166.710050
166.759025
166.778200
166.780775
166.830600
166.845025
166.962575
167.084500
167.163700
167.180725
167.214650
167.273250
167.341600
167.600750
167.628250
167.780700
167.785475
167.798475
167.824325
167.847650
167.866425
167.896450
167.937950
167.993100
168.020125
168.105425
168.122100
168.133175
168.139025
168.144275
168.165400
168.345925
168.407475
168.474900
168.506575
168.520250
168.563400
168.682025
168.716575
168.729575
168.750325
168.941175
169.265500
169.282550
169.295850
169.405475
169.421825
169.551200
169.576500
169.597925
169.643700
169.675175
169.705475
169.775550
169.841625
169.929525
169.966675
170.048825
170.127650
170.280575
170.376525
170.430075
170.490800
170.506750
170.531050
170.625925
170.668125
170.672325
170.840000
170.908475
170.945400
170.985425
171.003550
171.034425
171.265075
171.322525
171.360175
171.385850
171.477225
171.545750
171.575800
171.634400
171.670525
171.673650
171.677350
171.685825
171.693400
171.710650
171.744675
171.776325
171.906900
171.924100
171.936750
171.948700
171.966125
172.074100
172.208500
172.218575
172.327500
172.445825
172.514725
172.642950
172.716725
172.798950
172.843825
172.913725
172.925775
172.974300
173.163750
173.253625
173.778400
173.837825
173.848025
173.856250
173.875225
173.981950
174.017200
174.037350
174.141575
174.221700
174.262375
174.277325
174.351650
174.374875
174.499125
174.507025
174.576775
174.582725
174.598625
174.607700
174.631150
174.735450
174.848400
174.935400
175.000750
175.032925
175.045725
175.057725
175.106700
175.176950
175.348750
175.369275
175.387700
175.545550
175.600375
175.617575
175.629375
175.658500
175.677675
175.706300
175.719375
175.835250
175.849575
175.934600
175.948850
175.960975
176.058925
176.086425
176.103425
176.148725
176.252125
176.289275
176.294400
176.323975
176.343725
176.355050
176.369050
176.375925
176.533550
176.558200
176.652775
176.748950
176.816000
176.953750
176.989925
177.014450
177.056100
177.071800
177.190725
177.301825
177.342200
177.403400
177.439375
177.476075
177.494175
177.521400
177.544925
177.558200
177.691350
177.721250
177.757475
177.967650
178.021325
178.105700
178.114450
178.133775
178.298500
178.362600
178.377000
178.618175
178.677775
178.730250
178.814625
178.826250
178.839750
179.136625
179.204025
179.281675
179.340375
179.414475
179.425425
179.456450
179.508650
179.518475
179.636050
179.839800
179.929450
180.005375
180.265525
180.290250
180.325425
180.372000
180.398600
180.452550
180.620750
180.680800
180.844375
180.869800
180.917900
181.047250
181.083975
181.236925
181.269000
181.331875
181.379675
181.515000
181.532975
181.592300
181.608500
181.702575
181.836050
182.042700
182.152650
182.290575
182.309200
182.371550
182.405850
182.463900
182.674000
182.682175
182.871775
182.918625
182.928925
182.938750
182.947025
182.955700
182.973750
183.043050
183.056500
183.093600
183.114625
183.138900
183.186275
183.208875
183.223150
183.469625
183.513350
183.535650
183.539800
183.550075
183.770575
183.790375
183.833825
183.898475
183.989175
184.029950
184.045200
184.140275
184.177375
184.207375
184.224850
184.373250
184.409325
184.609175
184.645725
184.835750
184.996675
185.007550
185.457575
185.536200
185.645975
185.651075
185.682525
185.834075
185.846525
185.893100
185.935075
185.979550
186.000300
186.087000
186.146850
186.163475
186.170175
186.173700
186.295450
186.327675
186.395975
186.444525
186.682675
186.699550
186.719725
186.812125
186.830975
186.852800
186.917900
186.978175
187.019425
187.111225
187.144025
187.249600
187.398075
187.405225
187.518625
187.542975
187.548625
187.650775
187.670025
187.738525
187.823225
187.846700
187.861700
187.996350
188.049125
188.106250
188.114550
188.138625
188.351150
188.362850
188.399125
188.405275
188.408725
188.420600
188.456300
188.470325
188.491600
188.503725
188.599525
188.609450
188.655400
188.663700
188.667775
188.705975
188.745875
188.754000
188.938125
188.988250
189.046475
189.098625
189.143950
189.191700
189.199850
189.545675
189.589825
189.599300
189.692725
189.700625
189.720175
189.747400
189.819350
189.963050
189.989275
190.123100
190.346950
190.596875
190.638600
191.199525
191.347925
191.369250
191.440375
191.447825
191.451000
191.489900
191.558900
191.638350
191.993725
192.009100
192.063000
192.107300
192.416475
192.647950
192.654150
192.696625
192.853725
192.892275
192.912900
193.117125
193.167725
193.201150
193.464075
193.557300
193.592575
193.597375
193.649725
193.844525
194.001625
194.159975
194.649225
195.146525
195.222800
195.241650
195.251750
195.261675
195.290775
195.347700
195.366850
195.456950
196.198375
196.209150
196.319275
196.366150
196.446675
196.955075
197.008825
197.070550
197.525550
197.545475
198.040375
198.112275
198.314300
198.487125
198.737200
198.759575
198.925525
199.229150
199.278225
199.363875
199.467900
199.549900
199.593900
199.861650
199.893975
199.927850
199.983450
200.141625
200.154900
200.183150
200.220450
200.355150
200.380375
200.498075
200.515800
200.660625
200.700450
200.758825
200.802500
200.871800
200.929675
201.086025
201.186625
201.194425
201.204525
201.215925
201.249050
201.262850
201.281600
201.296675
201.371600
201.411225
201.497650
201.543900
201.598125
201.719150
201.826025
201.891500
202.034475
202.114000
202.123375
202.292325
202.385800
202.450675
202.538575
202.648050
202.692275
202.744350
202.760325
202.765025
202.772425
202.866600
202.989425
203.021450
203.114750
203.164150
203.234050
203.249250
203.274450
203.312450
203.375375
203.380675
203.395575
203.426725
203.474050
203.578200
203.596375
203.619950
203.675275
203.761725
203.782625
203.838875
203.853250
203.875075
203.940575
204.020550
204.047150
204.172325
204.258525
204.303025
204.432875
204.441700
204.448200
204.455750
204.519600
204.610750
204.832625
204.843375
204.897125
204.909325
204.981425
204.986375
204.992875
205.168950
205.205725
205.214250
205.233500
205.319125
205.529525
205.536050
205.543525
205.551700
205.558900
205.572225
205.654200
205.692625
205.809700
205.830175
205.871775
205.905350
205.947875
205.955875
206.137700
206.201225
206.220475
206.245800
206.273725
206.305525
206.326925
206.372500
206.410525
206.529850
206.568875
206.604000
206.646750
206.705075
206.722500
206.746725
206.767350
206.781350
206.855050
206.870550
206.882450
206.906225
206.949450
207.007100
207.150700
207.173250
207.286825
207.327650
207.365575
207.391950
207.428400
207.485625
207.528875
207.547750
207.597650
207.635875
207.699500
207.872750
207.899375
207.915600
208.005150
208.022450
208.340175
208.358275
208.377075
208.386525
208.422000
208.474175
208.507425
208.733925
208.778375
208.852150
208.966975
209.019275
209.040700
209.062800
209.068400
209.077700
209.082850
209.139725
209.167975
209.205375
209.234425
209.262875
209.372625
209.386400
209.408575
209.422900
209.453750
209.502550
209.677950
209.724325
209.745200
209.758375
209.770975
209.892150
210.005825
210.119225
210.159800
210.201625
210.265425
210.276450
210.284300
210.290075
210.322075
210.329450
210.344325
210.375900
210.387700
210.414725
210.430875
210.526800
210.612250
210.662250
210.726050
210.773175
210.852575
210.927450
210.932025
210.936700
210.964225
210.996150
211.048875
211.058575
211.082450
211.118975
211.154550
211.401475
211.518900
211.527650
211.680675
211.732075
211.762350
211.779825
211.802500
211.934450
211.961800
212.000250
212.019875
212.043675
212.077575
212.148100
212.183275
212.199550
212.215600
212.246900
212.468450
212.560450
212.655025
212.667900
212.727200
212.767675
212.790950
212.961850
212.982775
212.997000
213.013700
213.049950
213.112925
213.137750
213.434800
213.457250
213.508475
213.523750
213.604100
213.813650
214.040300
214.134225
214.235400
214.338925
214.365725
214.389000
214.396075
214.419525
214.540275
214.586650
214.628950
214.680625
214.701575
214.757725
214.794275
214.809325
214.869500
214.907675
214.943975
215.025975
215.242200
215.364775
215.382400
215.435400
215.497200
215.528725
215.545600
215.575550
215.609775
215.624275
215.755975
215.806350
215.814350
215.819750
215.829375
215.846975
215.853650
215.909800
215.933325
215.993125
216.021200
216.063525
216.168700
216.202150
216.226925
216.276100
216.524775
216.603150
216.658975
216.686450
216.735050
216.812625
216.833825
216.925950
216.973950
217.009875
217.033825
217.131650
217.287500
217.316925
217.359150
217.392650
217.668600
217.712425
217.766250
217.813950
217.959850
217.993075
218.036650
218.052450
218.072400
218.099300
218.119850
218.178125
218.191250
218.224300
218.247850
218.281875
218.335475
218.346400
218.397875
218.493000
218.557350
218.730700
218.734650
218.738550
218.746975
218.799550
218.823025
218.826350
218.848275
218.871275
218.983625
219.002975
219.010600
219.065450
219.072250
219.081800
219.123650
219.194275
219.246775
219.264025
219.288850
219.418575
219.423300
219.469300
219.578225
219.609675
219.632900
219.670625
219.702975
219.723350
219.760300
219.823725
219.885275
219.979075
220.079700
220.111775
220.338625
220.397775
220.454750
220.550075
220.610625
220.660875
220.677050
220.753150
220.908525
221.034175
221.296625
221.325750
221.391575
221.553475
221.628225
221.686775
221.706150
221.796325
221.834425
221.871125
221.896150
221.935100
222.106350
222.117175
222.133025
222.221500
222.305475
222.355575
222.371350
222.433325
222.486650
222.525750
222.640550
222.697025
222.702200
222.752050
222.762200
222.767000
222.774725
222.837900
222.864200
222.916225
223.047300
223.119750
223.146425
223.174150
223.311325
223.328600
223.496575
223.759300
223.765000
223.838350
223.938950
223.950950
224.006350
224.122775
224.146775
224.355800
224.363100
224.388325
224.508250
224.595075
224.682550
224.685625
224.693250
224.792525
224.824850
224.939000
225.060000
225.113050
225.136325
225.191200
225.221675
225.284925
225.485825
225.498450
225.516650
225.567950
225.585175
225.773725
225.830325
225.905425
225.955150
226.089650
226.310375
226.553275
226.683300
226.713000
226.844925
226.855150
226.940175
226.960300
227.025075
227.137675
227.201575
227.490350
227.646275
227.656575
227.670725
227.893325
227.924650
227.958625
228.029725
228.053125
228.226750
228.267700
228.319650
228.452800
228.568700
228.589775
228.626950
228.685950
228.694300
228.713400
228.747400
228.816975
228.821925
228.851800
228.983150
229.014225
229.125400
229.138675
229.276775
229.294450
229.554300
229.576175
229.596650
229.636200
229.676600
229.729150
229.806700
229.852350
229.973075
230.150900
230.281525
230.497725
230.510025
230.519000
230.783625
230.865350
230.987850
231.028850
231.079650
231.209725
231.291325
231.306300
231.324500
231.368775
231.393375
231.495900
231.656850
231.705625
231.936775
232.227950
232.286225
232.344175
232.370275
232.376425
232.480375
232.507300
232.658075
232.734350
233.051225
233.118575
233.154200
233.351975
233.365975
233.427325
233.481050
233.521750
233.581550
233.585950
233.685675
233.776950
233.803375
233.854375
233.931475
233.989825
234.098025
234.161650
234.292950
234.326000
234.459375
234.469100
234.476350
234.490400
234.496100
234.581225
234.622125
234.832400
234.835725
234.879025
234.899400
234.974775
235.167100
235.210575
235.274025
235.298100
235.309250
235.334500
235.377525
235.384075
235.438850
235.522150
235.580000
235.736375
235.759825
235.804900
235.929900
235.980550
236.016275
236.198950
236.315950
236.392925
236.408350
236.412400
236.465825
236.527425
236.534325
236.605600
236.687600
236.864775
236.879850
236.899875
236.907725
236.930700
236.937575
237.008175
237.050600
237.068850
237.194875
237.349900
237.358700
237.366550
237.406250
237.439800
237.488550
237.550475
237.643575
237.650875
237.667650
237.811900
237.998775
238.059625
238.106875
238.165950
238.337075
238.348100
238.385700
238.434850
238.440000
238.448175
238.462725
238.465250
238.554550
238.687050
238.858775
238.864500
238.936650
238.951575
238.993075
239.047600
239.144400
239.168850
239.250575
239.254600
239.268875
239.436575
239.542900
239.614050
239.914375
239.935275
239.940975
239.965000
239.992275
240.008825
240.011350
240.035175
240.055225
240.066450
240.190425
240.204325
240.243125
240.257975
240.299975
240.649650
240.658400
240.699075
240.701875
240.799100
241.118850
241.164000
241.259475
241.266225
241.307300
241.401300
241.502775
241.595325
241.608625
241.632725
241.645200
241.693975
241.696225
241.712650
241.715775
241.748175
241.756500
241.892050
241.946550
241.988950
242.100075
242.108200
242.111550
242.166225
242.452525
242.503300
242.513775
242.605725
242.635775
242.701900
242.747975
242.763375
242.797900
242.799100
242.847250
242.868700
242.892875
243.043425
243.104600
243.190100
243.240275
243.286100
243.341350
243.347550
243.509175
243.539200
243.697550
243.794900
243.818650
243.854450
243.885900
244.008550
244.096750
244.140500
244.292250
244.296275
244.338700
244.351625
244.398900
244.548425
244.588775
244.618500
244.761200
244.801950
244.813300
244.913700
244.991200
245.014125
245.113550
245.493550
245.549975
245.601325
245.982175
246.008625
246.042700
246.050050
246.233925
246.240900
246.253925
246.358475
246.444925
246.994950
247.593550
247.612025
247.799150
247.851125
247.871475
248.050550
248.098725
248.158375
248.237450
248.300300
248.344775
248.627800
248.721025
248.779675
248.938700
249.002175
249.024200
249.050325
249.066325
249.179175
249.240475
249.268400
249.393475
249.575000
249.582500
249.633550
249.657475
249.679675
249.715975
249.839900
249.890275
249.902525
249.915475
249.961000
250.043825
250.096000
250.299075
250.311575
250.377000
250.480000
250.622975
250.636075
250.750375
250.754600
250.761825
250.854075
250.928825
250.951525
251.017500
251.025800
251.073575
251.091450
251.110200
251.508050
251.514400
251.540225
251.604625
251.629100
251.646075
251.779950
251.789375
251.845050
251.881600
251.890400
251.916500
251.923125
251.936925
251.964875
252.088825
252.119500
252.136750
252.150875
252.269550
252.299050
252.350000
252.371475
252.452375
252.482550
252.501975
252.556025
252.573800
252.605225
252.628650
252.665075
252.675025
252.686975
252.761175
252.942750
252.980275
252.996950
253.000100
253.010350
253.182450
253.189875
253.233200
253.441950
253.518550
253.538275
253.577500
253.621625
253.676475
253.704875
253.854900
253.880675
253.945175
253.974675
253.986125
254.020600
254.074700
254.128000
254.248175
254.251625
254.290425
254.313450
254.347125
254.360500
254.386050
254.482900
254.521825
254.581750
254.632975
254.653450
254.680225
254.694675
254.746425
254.760150
254.765900
254.770925
254.792800
254.901925
254.914700
255.106800
255.114950
255.117475
255.133875
255.144125
255.151900
255.183900
255.325850
255.434225
255.501200
255.543000
255.558300
255.710050
255.747775
255.834800
255.886550
255.945075
255.981050
256.007775
256.011875
256.144600
256.187325
256.245100
256.258025
256.276300
256.335450
256.347550
256.353250
256.385500
256.411125
256.435475
256.681800
256.686450
256.701950
256.765975
256.862975
256.908950
257.019850
257.024700
257.035250
257.050725
257.112825
257.128375
257.172400
257.346175
257.372825
257.389125
257.461775
257.468850
257.483725
257.492300
257.513250
257.529725
257.581550
257.601175
257.610300
257.696750
257.718350
257.738300
257.747575
257.852675
257.867600
257.894725
257.911550
257.946125
257.961175
258.024925
258.056775
258.205000
258.224925
258.295450
258.329650
258.381775
258.406150
258.461450
258.513400
258.516300
258.548550
258.592125
258.613375
258.662900
258.673975
258.682125
258.701650
258.715225
258.735200
258.780825
258.806650
258.831900
258.924925
258.973900
259.031275
259.057225
259.073125
259.098850
259.175925
259.189925
259.515450
259.522075
259.565825
259.761350
259.922950
259.958425
259.994775
260.044450
260.074625
260.172225
260.220000
260.358850
260.389775
260.479025
260.493150
260.506575
260.701550
260.837425
261.003450
261.027350
261.087325
261.152925
261.254725
261.291000
261.333400
261.366300
261.578100
261.586575
261.599050
261.604475
261.635400
261.651475
261.675500
261.713925
261.836325
261.860500
261.913100
262.060275
262.072425
262.158675
262.304775
262.324550
262.405150
262.424275
262.568700
262.597075
262.615050
262.924600
262.931450
262.970225
263.026250
263.111350
263.174550
263.219125
263.444100
263.459725
263.524225
263.574475
263.639525
263.705600
263.727675
263.731025
263.745200
263.755350
263.793450
263.840025
263.892300
264.051075
264.159100
264.209950
264.245900
264.274675
264.300625
264.534475
264.568700
264.627850
264.658775
264.675500
264.683600
264.763550
264.900575
264.932175
264.994225
265.031250
265.184875
265.312375
265.363725
265.439050
265.450050
265.507450
265.545475
265.560850
265.582100
265.698450
265.744925
265.874850
265.892600
266.041050
266.056475
266.185375
266.268125
266.422500
266.633050
266.715600
266.731500
266.858225
267.019500
267.179125
267.191100
267.233800
267.289175
267.359650
267.363850
267.494275
267.499400
267.513100
267.582300
267.640700
267.724775
267.739750
267.793350
267.834775
267.924475
268.005000
268.050875
268.073700
268.171375
268.386475
268.563700
268.663750
268.675025
268.801450
268.839450
268.857575
268.870875
268.895550
269.025200
269.044625
269.063325
269.075150
269.286775
269.294100
269.323200
269.343800
269.379750
269.395050
269.407125
269.471450
269.561275
269.673775
269.690875
269.755625
269.839850
269.869925
269.923575
269.946650
270.054100
270.100450
270.202650
270.257725
270.292225
270.302900
270.404200
270.438275
270.456525
270.522175
270.532925
270.587550
270.624100
270.664125
270.693225
270.705175
270.756525
270.764875
270.780050
270.793650
270.811725
270.864050
270.926350
271.080850
271.089625
271.215275
271.310900
271.328050
271.446725
271.510175
271.894375
271.952300
272.016150
272.125100
272.178450
272.197975
272.602050
272.928375
273.172500
273.190050
273.441850
273.490050
273.607675
273.647000
273.664175
273.994375
274.141450
274.418400
274.813650
274.906225
275.176300
275.210250
275.239450
275.327500
275.487375
275.799750
275.809150
275.887975
276.030575
276.299150
276.341325
276.350525
276.572500
276.686050
277.258725
277.271925
277.285600
277.293900
277.309225
277.324225
277.382525
277.408225
277.529600
277.605975
277.629950
277.708225
277.751925
277.784675
277.955175
278.014925
278.050850
278.334125
278.395775
278.420025
278.499350
278.533300
278.771875
278.786800
278.790125
278.792900
279.101925
279.230275
279.436400
279.446650
279.468875
279.834350
279.913150
279.965650
280.100075
280.124675
280.162825
280.192350
280.204900
280.546325
280.815400
280.831150
281.000550
281.179850
281.193675
281.196750
281.218725
281.409900
281.586125
281.661675
281.816550
281.846175
282.105125
282.184125
282.280175
282.422025
282.452100
282.467625
282.485475
282.514125
282.560425
282.766900
282.907225
282.971625
283.137250
283.182075
283.243325
283.371225
283.396050
283.408975
283.441775
283.480750
283.609350
283.760600
283.900725
284.000700
284.050650
284.057550
284.098825
284.118200
284.156050
284.173125
284.235150
284.251725
284.491150
284.679250
284.694450
284.716550
284.807850
284.907425
284.921350
285.007800
285.300950
285.327025
285.434600
285.465050
285.537500
285.553725
285.602000
285.693475
285.738650
285.778450
285.895300
285.933225
285.937425
286.132625
286.188200
286.273550
286.312700
286.363150
286.375600
286.488150
286.518650
286.565075
286.596375
286.607900
286.655450
286.687100
286.747900
286.853750
286.928100
286.951750
287.106175
287.263075
287.331200
287.388400
287.449125
287.533125
287.586950
287.630050
287.741625
287.753000
287.804025
287.857575
287.907325
287.951250
287.954425
287.962975
288.050850
288.129675
288.232925
288.245550
288.249875
288.288150
288.298725
288.344600
288.395725
288.445075
288.502325
288.580800
288.597300
288.800400
288.810775
288.847050
288.857500
288.908725
288.954925
288.960550
288.990175
289.010800
289.027525
289.041750
289.048300
289.059975
289.144600
289.161150
289.439650
289.449700
289.481325
289.595400
289.599825
289.607050
289.609250
289.613700
289.649800
289.747850
289.759275
289.764625
289.800300
289.805675
289.931325
289.946375
289.987550
290.007075
290.145800
290.253050
290.301000
290.350325
290.431800
290.483950
290.759275
290.786725
290.862175
290.937500
290.999900
291.392575
291.585300
291.748500
291.810075
291.853250
291.962400
291.994400
292.098450
292.245825
292.454600
292.484175
292.646000
292.646975
292.655950
292.679550
292.696975
292.738800
293.009550
293.038450
293.145050
293.301050
293.345850
293.354075
293.358100
293.442625
293.501350
293.759950
293.764350
293.829925
293.844100
293.874325
294.083950
294.296125
294.304625
294.349250
294.356700
294.392975
294.430475
294.453525
294.481200
294.506600
294.536925
294.542450
294.554625
294.591100
294.696050
294.742650
294.840275
294.905275
294.942425
295.042975
295.114200
295.141075
295.163625
295.180375
295.259800
295.436975
295.444075
295.509800
295.541950
295.595500
295.604250
295.634275
295.708950
295.797325
295.905025
295.952150
295.994375
296.239875
296.339325
296.353550
296.409325
296.452375
296.532475
296.631275
296.691600
296.803275
296.813900
296.844850
296.896125
296.949225
297.142250
297.148000
297.266800
297.618075
297.720575
297.731075
297.815325
297.910375
298.153800
298.190725
298.453075
298.618075
298.957325
298.973525
298.979925
299.958125
299.987300
300.632350
300.937925
301.160775
301.179350
301.220275
301.396550
301.419500
301.697375
301.980225
301.996950
302.043875
302.140025
302.213450
302.235750
302.600600
302.665100
302.754650
303.022975
303.103350
303.250750
303.315150
303.481125
303.508250
303.611125
303.679175
303.721500
303.846800
303.890450
303.893800
303.908200
303.919175
303.945525
303.956900
304.041550
304.067750
304.082075
304.180625
304.195650
304.210575
304.214925
304.284300
304.483525
304.498200
304.507375
304.516925
304.533250
304.545150
304.569800
304.588850
304.610150
304.634000
304.651875
304.691175
304.713825
304.808075
304.854450
304.872575
304.880850
304.898300
304.911100
304.930025
304.952450
304.969225
304.976150
305.005200
305.038925
305.063825
305.088200
305.124650
305.173075
305.209375
305.263525
305.292500
305.297150
305.305675
305.328450
305.370150
305.396825
305.408300
305.417725
305.450475
305.599875
305.624775
305.643950
305.657450
305.673725
305.701025
305.709475
305.721750
305.750975
305.773400
305.786300
305.801625
305.805625
305.809200
305.857325
305.911450
305.917000
305.931000
305.955550
306.013375
306.033000
306.152075
306.166850
306.186825
306.194925
306.230750
306.238500
306.262550
306.270250
306.275750
306.293875
306.306575
306.309400
306.362150
306.369875
306.407075
306.446025
306.500650
306.516200
306.538075
306.572900
306.606875
306.677100
306.834200
306.878525
306.892800
306.909425
306.917900
306.922950
306.940400
306.949400
306.960375
306.976950
306.981125
307.010175
307.074225
307.120175
307.131075
307.150825
307.174900
307.193225
307.208750
307.225300
307.232225
307.237425
307.286825
307.322500
307.335925
307.362900
307.556400
307.615750
307.662075
307.680625
307.695650
307.765500
307.784500
307.926925
307.962475
307.996150
308.117025
308.149500
308.177925
308.195075
308.226100
308.230575
308.244050
308.265050
308.331800
308.379025
308.435350
308.540175
308.559875
308.595950
308.615200
308.636850
308.691850
308.729200
308.751125
308.762050
308.812625
308.819900
308.829500
308.833175
308.893250
308.928350
308.939725
308.951825
308.969000
308.995050
309.000925
309.032000
309.051825
309.074675
309.131450
309.152825
309.176075
309.220700
309.247250
309.295000
309.309975
309.330275
309.347125
309.362925
309.398425
309.404000
309.415850
309.431425
309.457175
309.461225
309.474650
309.508150
309.529950
309.553225
309.590550
309.617325
309.798275
309.847775
309.859750
309.868200
309.929125
309.940725
309.985275
310.081450
310.102875
310.208225
310.246325
310.264500
310.271950
310.280575
310.294200
310.300750
310.310775
310.321500
310.331125
310.438875
310.513050
310.525875
310.533725
310.558125
310.573175
310.598900
310.602400
310.621300
310.628350
310.661300
310.692775
310.718900
310.767275
310.795500
310.892000
310.904000
310.923525
310.937575
310.942250
310.956750
310.962775
311.006325
311.055025
311.097600
311.118050
311.150700
311.193900
311.219975
311.256900
311.263425
311.302300
311.310600
311.324650
311.344150
311.349325
311.361000
311.430275
311.468325
311.476725
311.524450
311.623050
311.634350
311.667625
311.678225
311.688600
311.719700
311.723900
311.732325
311.749875
311.758150
311.766575
311.783475
311.805225
311.833400
311.846625
311.886000
311.896100
311.964375
312.036150
312.108725
312.150650
312.166675
312.181325
312.216725
312.220200
312.235600
312.245475
312.275925
312.316725
312.335700
312.343450
312.382125
312.402850
312.447300
312.483225
312.552150
312.601450
312.619150
312.635250
312.642875
312.654625
312.661300
312.664750
312.669125
312.677325
312.705125
312.708850
312.719425
312.778075
312.795125
312.853500
312.862200
312.939550
312.968775
312.977075
312.980600
313.004900
313.019775
313.042775
313.051850
313.073125
313.091950
313.113300
313.130750
313.160350
313.181625
313.215400
313.241475
313.298275
313.317450
313.334400
313.364800
313.422625
313.447000
313.475700
313.482725
313.513925
313.563450
313.670350
313.748225
313.780775
313.819800
314.129000
314.308675
314.451050
314.461050
314.526275
314.536925
314.581200
314.807150
314.813075
314.818400
314.837575
314.842600
314.845575
314.848175
314.863825
314.898375
314.960025
315.073875
315.110275
315.182925
315.660675
316.033800
316.123475
316.256700
316.280100
316.341625
316.374125
316.385950
316.464225
316.739200
316.802675
316.871250
316.901050
316.983575
316.988500
316.995125
317.319025
317.386300
317.584700
317.685050
317.736300
318.111150
318.215300
318.376650
318.434425
318.650150
318.701775
318.778075
318.785525
318.795700
318.802075
318.908150
318.976600
319.023500
319.162000
319.164350
319.168550
319.172775
319.202775
319.236150
319.292625
319.692900
319.735700
319.748725
319.782575
319.798750
319.891825
320.093700
320.158150
320.343175
320.484675
320.534350
320.729100
320.776925
320.823050
320.827225
320.839975
320.852950
320.861975
320.888350
320.921175
320.945200
320.957550
320.962525
320.986350
321.303975
321.329300
321.373875
321.393025
321.458175
321.469100
321.483750
321.528400
321.535625
321.543100
321.564650
321.597375
321.734600
321.792475
321.812125
321.817125
321.842500
321.875775
321.884300
321.909475
321.916375
321.956975
321.963500
322.017425
322.191200
322.216275
322.246875
322.326400
322.392275
322.473150
322.536925
322.634575
322.768925
322.789200
322.818175
322.829425
322.842650
322.949875
322.999750
323.028425
323.148775
323.156325
323.256900
323.279250
323.301125
323.326650
323.383375
323.409125
323.412500
323.507775
323.515250
323.588850
323.610650
323.617400
323.743650
323.749600
323.762125
323.768450
323.822325
323.839325
324.242625
324.254300
324.297900
324.331400
324.340875
324.362525
324.379850
324.450125
324.506150
324.542475
324.614025
324.658250
324.737225
324.761125
324.779175
324.926425
324.953425
324.969875
325.014975
325.029200
325.339625
325.350600
325.368100
325.415775
325.478250
325.500350
325.513000
325.593850
325.883025
325.905900
325.928975
325.994425
326.055200
326.062600
326.068575
326.086700
326.099625
326.142625
326.163000
326.193950
326.205900
326.226150
326.314000
326.334750
326.414850
326.520300
326.642125
326.660875
326.677450
326.706475
326.730575
326.744050
326.766075
326.940375
326.942850
326.945800
326.948325
326.953250
326.993300
326.996825
327.005300
327.023075
327.040475
327.047175
327.055425
327.077750
327.132700
327.162400
327.188000
327.216275
327.267450
327.313325
327.320525
327.326700
327.356275
327.371875
327.394550
327.414950
327.429625
327.521225
327.564900
327.605400
327.621350
327.632700
327.661650
327.669500
327.676775
327.683850
327.696425
327.725350
327.745500
327.806425
327.892300
327.930850
328.003850
328.073350
328.114475
328.244850
328.295350
328.384050
328.407275
328.534425
328.579050
328.667025
328.680850
328.711900
328.716350
328.721100
328.752550
328.762050
328.800100
328.861600
328.909475
328.926450
328.958200
329.018225
329.028375
329.077425
329.100250
329.135625
329.184850
329.302025
329.335650
329.429175
329.445950
329.501075
329.520925
329.594100
329.649525
329.661050
329.671375
329.675800
329.714150
329.762700
329.846600
329.873325
329.912100
329.946225
329.981850
329.990100
330.079150
330.092850
330.147275
330.186825
330.249575
330.372925
330.432375
330.499950
330.506725
330.515350
330.520025
330.530525
330.544250
330.546225
330.594400
330.604300
330.608450
330.628575
330.649350
330.682225
330.712900
330.846600
330.861750
330.928300
330.943725
330.967250
330.971550
330.978475
330.993025
331.026475
331.033700
331.066000
331.084525
331.107925
331.186825
331.274025
331.281450
331.297975
331.307050
331.313575
331.346150
331.389575
331.405350
331.456325
331.471875
331.544050
331.620450
331.631975
331.664775
331.699075
331.727375
331.803675
331.854150
331.966975
332.036200
332.042525
332.398275
332.452900
332.542975
332.795300
332.808950
332.830000
333.084425
333.136700
333.174200
333.212250
333.265425
333.349750
333.361825
333.398600
333.419400
333.456100
333.478075
333.530875
333.623350
333.639075
333.645800
333.649800
333.673125
333.689175
333.709150
333.714625
333.724875
333.754750
333.784925
333.810075
333.837725
333.844000
333.863350
333.878875
333.936200
333.989475
334.004550
334.009125
334.045600
334.091075
334.117025
334.175725
334.210750
334.244400
334.255475
334.290000
334.325225
334.342275
334.375550
334.386675
334.451100
334.522250
334.533075
334.537600
334.583500
334.666875
334.706900
334.740725
334.759275
334.784050
334.847525
334.896775
335.063775
335.080400
335.122575
335.160650
335.169975
335.178625
335.188325
335.208325
335.325175
335.383850
335.401050
335.539125
335.620250
335.625050
335.666125
335.748150
335.781025
335.787000
335.798275
335.834925
335.867925
335.973825
335.988650
336.023175
336.038050
336.085900
336.122700
336.155475
336.160325
336.178675
336.190300
336.219675
336.241775
336.278525
336.316100
336.330450
336.384700
336.431900
336.456150
336.484600
336.568200
336.583700
336.606225
336.637675
336.677025
336.718375
336.797075
336.806650
336.814325
336.841500
336.859000
336.874375
337.047450
337.095925
337.126875
337.137025
337.146725
337.155825
337.187575
337.203425
337.255300
337.278725
337.453000
337.509275
337.539550
337.655075
337.777575
337.833600
337.834700
337.842250
337.845175
337.892850
337.903625
337.944575
337.973825
337.989550
338.004725
338.038650
338.056025
338.093150
338.137125
338.192675
338.354600
338.391675
338.577400
338.587275
338.690425
338.725475
338.732475
338.787275
338.806375
338.838550
338.907500
338.959650
338.991450
339.000400
339.004975
339.037525
339.279000
339.286050
339.301750
339.325350
339.379650
339.401350
339.455125
339.537450
339.609525
339.632175
339.689725
339.794850
339.833350
339.839475
339.898900
339.925600
339.942875
340.009475
340.034525
340.084925
340.127575
340.183775
340.188875
340.207100
340.234275
340.283350
340.290750
340.305350
340.347600
340.352950
340.394225
340.427350
340.596825
340.748750
341.010050
341.454425
341.930300
341.932225
341.984000
342.286225
342.296250
342.438050
343.001375
343.706925
343.755500
343.826100
343.859425
344.133550
344.183150
344.290900
344.488725
344.794150
344.834825
344.851175
345.147475
345.451225
345.633000
345.697825
345.748500
345.794100
346.131225
346.251250
346.327875
346.427000
346.606875
346.640650
346.646750
346.655825
346.785150
346.790250
346.998600
347.110050
347.113100
347.197750
347.235125
347.497850
347.525725
347.571725
347.714625
347.730975
347.941850
348.061725
348.066975
348.103225
348.165825
348.180125
348.247150
348.295900
348.331800
348.404850
348.416475
348.424450
348.443650
348.447825
348.482275
348.574200
348.655750
348.796925
348.823425
348.836175
348.842300
348.855350
348.858975
348.867650
348.898750
348.940550
349.025600
349.047000
349.301800
349.311600
349.351225
349.372150
349.395150
349.414550
349.572875
349.598325
349.612900
349.616400
349.643250
349.930700
349.939750
349.949600
349.960950
349.968100
349.971125
349.973750
349.976025
350.052550
350.300875
350.338700
350.357650
350.367525
350.374400
350.414400
350.419725
350.468050
350.480025
350.603875
350.634925
350.692975
350.771425
350.777900
350.780625
350.815025
350.877125
351.033675
351.060425
351.107025
351.190875
351.226925
351.247700
351.252325
351.263375
351.279025
351.284000
351.306750
351.443875
351.511300
351.665975
351.693700
351.778200
351.784175
351.806275
351.823125
351.828400
351.850575
351.905875
352.033775
352.053175
352.062975
352.096475
352.113825
352.125525
352.136425
352.183125
352.220950
352.299625
352.321125
352.372200
352.377325
352.380150
352.389025
352.396025
352.432125
352.497475
352.506875
352.523900
352.531550
352.865200
352.881425
352.927725
352.942075
352.954800
352.961275
352.991500
353.023600
353.027750
353.038025
353.047200
353.058250
353.070575
353.110150
353.139000
353.160400
353.222075
353.240550
353.327050
353.384175
353.422975
353.489800
353.511300
353.520900
353.572625
353.581850
353.599300
353.606775
353.714825
353.735800
353.827025
353.910275
353.933075
353.941825
354.057850
354.082975
354.132575
354.174025
354.226075
354.253350
354.256625
354.306825
354.316075
354.322425
354.400000
354.648625
354.675400
354.836925
354.968250
354.981175
355.033100
355.048500
355.058400
355.081750
355.098000
355.106125
355.118525
355.188500
355.246600
355.252675
355.297775
355.340250
355.425650
355.445300
355.480300
355.486175
355.519125
355.528475
355.571450
355.597975
355.654300
355.674050
355.690875
355.782475
355.788075
355.882425
355.891875
356.047425
356.061675
356.071550
356.108100
356.152825
356.173375
356.194500
356.228900
356.261950
356.422950
356.470500
356.504025
356.516850
356.536400
356.556350
356.687850
356.712825
356.728425
356.750525
356.770400
356.875175
356.889150
356.895675
356.902300
356.907475
356.927375
356.931225
356.949400
356.965350
356.982350
356.999850
357.009650
357.014975
357.031225
357.041600
357.082800
357.120575
357.226325
357.305150
357.327150
357.333375
357.336275
357.338750
357.353375
357.400625
357.413275
357.420950
357.450225
357.513450
357.529500
357.536500
357.654500
357.734450
357.751400
357.775250
357.819050
357.899000
357.943675
358.015225
358.029750
358.158250
358.180900
358.209375
358.253950
358.335100
358.355450
358.380250
358.392850
358.400325
358.452000
358.494475
358.512275
358.531425
358.565900
358.677425
358.745450
358.765275
358.923300
358.936475
358.972500
359.015950
359.054800
359.183150
359.194150
359.197275
359.225000
359.228550
359.248050
359.293900
359.321850
359.379375
359.436650
359.473125
359.529000
359.547325
359.580350
359.605700
359.701275
359.708075
359.731375
359.797275
359.932775
359.947550
359.958300
360.002975
360.073200
360.091725
360.199800
360.244300
360.340325
360.389950
360.436475
360.509700
360.538925
360.586500
360.601450
360.607800
360.641375
360.721325
360.805600
360.816450
360.830225
360.852300
360.887300
360.910200
361.051000
361.066075
361.134825
361.155875
361.174300
361.180475
361.187900
361.226275
361.229450
361.243425
361.248625
361.352425
361.388075
361.441125
361.474475
361.501850
361.549400
361.630700
361.647000
361.655575
361.680400
361.702625
361.720225
361.747650
361.787950
361.803500
361.813975
361.861725
361.865700
361.898300
361.906275
361.992275
362.058125
362.078575
362.109725
362.207575
362.233925
362.264700
362.327175
362.390300
362.502825
362.636375
362.661925
362.751775
362.776575
362.827125
362.854800
362.945325
362.967675
363.006475
363.107850
363.109525
363.138400
363.164825
363.196250
363.214725
363.246075
363.250825
363.331750
363.395600
363.500000
363.516075
363.527250
363.535075
363.541550
363.589125
363.635000
363.711850
363.789525
363.840600
363.881400
363.896550
363.946400
364.025475
364.037150
364.066875
364.087800
364.189700
364.294300
364.311925
364.344025
364.356700
364.598125
364.621650
364.632525
364.644850
364.679575
364.688800
364.695150
364.718675
364.728350
364.747100
364.781275
364.792425
364.903650
364.923250
364.943750
364.997475
365.083825
365.171975
365.235100
365.318375
365.340875
365.417625
365.515750
365.569600
365.615850
365.688000
365.705150
365.708725
365.714800
365.722100
365.730425
365.732800
365.738800
365.756925
365.764375
365.797025
365.939650
366.114225
366.200925
366.274050
366.308175
366.349775
366.495550
366.518575
366.569425
366.574850
366.584350
366.593275
366.601375
366.621600
366.635450
366.653700
366.657650
366.789525
366.837500
366.857225
366.911625
367.022600
367.052750
367.132725
367.363875
367.368775
367.380025
367.425900
367.461750
367.483375
367.566000
367.590025
367.603825
367.643625
367.649500
367.668800
367.684625
367.783050
367.799075
367.814175
367.831075
367.834975
367.839100
367.852950
367.889600
367.903000
367.924950
368.010925
368.082450
368.104300
368.132750
368.246950
368.384200
368.443925
368.463125
368.508975
368.556175
368.655400
368.723800
368.883150
368.932150
368.936125
368.938525
368.948725
368.956975
368.959700
368.962450
368.975100
368.977575
369.008425
369.083150
369.359450
369.410075
369.413675
369.595675
369.691825
369.735350
369.746025
369.784350
369.837475
369.911125
370.093075
370.104900
370.108800
370.113525
370.127350
370.155925
370.172875
370.291950
370.355775
370.485325
370.499900
370.541975
370.574825
370.616150
370.647600
370.690300
370.709375
370.752575
370.781500
370.809925
370.828800
370.981500
371.008625
371.024625
371.044975
371.059900
371.065300
371.155275
371.177475
371.298800
371.314725
371.389975
371.427175
371.433300
371.457975
371.459800
371.503100
371.592900
371.662825
371.681950
371.754175
371.803125
371.901400
371.927350
371.936875
371.977725
372.136550
372.169425
372.234650
372.409475
372.501300
372.527275
372.646650
372.657025
372.688275
372.770200
372.822250
372.830775
372.889500
372.923675
372.957875
373.012200
373.025775
373.032100
373.094650
373.138200
373.164775
373.233250
373.248825
373.298150
373.319725
373.362475
373.368725
373.382275
373.650050
373.658800
373.707000
373.725550
373.792150
373.800000
373.865075
373.887600
373.970175
373.987375
374.001000
374.047525
374.049850
374.093450
374.128925
374.154100
374.204550
374.293825
374.343525
374.394875
374.445075
374.474075
374.480475
374.483050
374.521475
374.544975
374.603725
374.684675
374.758175
374.832600
374.869375
374.880150
374.887325
374.892900
374.903325
374.916900
374.927300
374.932250
374.959000
375.003425
375.105850
375.124425
375.313025
375.470775
375.491575
375.514350
375.520350
375.551150
375.598625
375.633825
375.646275
375.915550
376.134800
376.162375
376.290350
376.313775
376.322525
376.340500
376.359525
376.413825
376.453725
376.464000
376.476475
376.491600
376.510200
376.524775
376.528975
376.537600
376.650975
376.747050
376.776350
376.782475
376.849750
376.925250
376.992575
377.011100
377.054875
377.083125
377.102625
377.150500
377.156800
377.173250
377.177425
377.196975
377.274800
377.315175
377.438950
377.603200
377.628050
377.637325
377.651800
377.666850
377.747725
377.811075
377.821425
377.866800
377.886175
377.893500
377.978575
377.999750
378.017850
378.044350
378.066575
378.126575
378.163175
378.185150
378.227425
378.295150
378.356750
378.403950
378.411975
378.440950
378.486400
378.586800
378.628775
378.669125
378.686150
378.691150
378.703800
378.713250
378.728000
378.760375
378.840075
378.939875
378.986300
379.071075
379.113250
379.118750
379.170925
379.187350
379.219050
379.238450
379.250125
379.299375
379.319325
379.483400
379.640325
379.670050
379.689675
379.700150
379.746250
379.785225
379.877225
379.981575
380.088275
380.107675
380.223225
380.364275
380.395850
380.401825
380.425650
380.465750
380.498375
380.534925
380.551550
380.595275
380.616650
380.632200
380.652300
380.763825
380.778300
380.813350
380.818500
380.832200
380.868625
380.885500
380.993925
381.046850
381.100825
381.123700
381.145125
381.289050
381.469200
381.507150
381.529075
381.533725
381.658175
381.696875
381.804500
381.887500
382.032325
382.152975
382.265725
382.283725
382.292850
382.323400
382.405325
382.413375
382.424875
382.447000
382.652700
382.661375
382.750725
382.769950
382.795700
382.823500
382.964600
383.026175
383.164475
383.196250
383.210000
383.234800
383.243075
383.397300
383.437600
383.557825
383.574125
383.587975
383.763125
383.828625
383.890175
383.934050
384.003650
384.278025
384.315100
384.408075
384.597650
384.710825
384.734825
384.787775
384.810025
384.820725
384.826725
384.840425
384.866800
384.939900
385.000300
385.196150
385.236175
385.269600
385.332850
385.341775
385.403825
385.507275
385.769525
385.776325
385.786550
385.800850
385.812250
385.915925
386.032425
386.066375
386.075075
386.094275
386.106450
386.130175
386.157250
386.387400
386.405100
386.456750
386.468775
386.531450
386.796600
386.830725
386.857175
386.921900
386.970150
387.043375
387.082100
387.176275
387.189550
387.229600
387.243250
387.290250
387.370100
387.537175
387.574800
387.684275
387.724825
387.874300
387.884800
387.927325
387.982150
388.098250
388.148675
388.175575
388.235275
388.239200
388.327275
388.342900
388.377725
388.434900
388.482725
388.522625
388.531800
388.685100
388.843800
388.853725
388.928900
388.969200
388.982975
389.018200
389.341875
389.387150
389.483675
389.553975
389.575900
389.641975
389.740550
389.783800
389.874700
389.885300
389.898550
389.903475
389.944900
390.334400
390.429050
390.450875
390.501350
390.528725
390.574500
390.591125
390.627550
390.799000
390.901450
390.985900
391.023400
391.132375
391.148825
391.173100
391.243275
391.248000
391.254475
391.276575
391.328075
391.481125
391.523600
391.681875
391.805900
391.838625
391.924525
392.056125
392.078500
392.395400
392.478700
392.621475
392.637700
392.643850
392.775600
392.824625
392.844700
392.950950
392.998050
393.038125
393.294125
393.305925
393.343025
393.369475
393.442425
393.523700
393.575125
393.646000
393.655450
393.795550
393.880575
394.075175
394.089825
394.097550
394.155850
394.185200
394.227850
394.380300
394.390225
394.678775
394.720325
394.749775
394.753425
394.797200
394.803375
394.854375
394.898200
395.084175
395.185100
395.292450
395.583850
395.604925
395.646500
395.654100
395.692300
395.748125
395.902850
395.940950
396.088625
396.145600
396.182150
396.290550
396.478125
396.481550
396.546550
396.877025
396.929800
397.049975
397.108450
397.140675
397.188325
397.206425
397.297025
397.405050
397.443800
397.520450
397.610775
397.712375
397.746025
397.764550
397.860850
398.120700
398.169625
398.187375
398.278975
398.363175
398.390800
398.527325
398.596375
398.615450
398.654800
398.716450
398.840075
398.878125
398.900600
398.947375
398.994025
399.090500
399.179375
399.180750
399.226075
399.280175
399.293250
399.302175
399.308750
399.352900
399.453475
399.739325
399.768325
399.851200
399.927300
399.949225
400.030600
400.042300
400.084425
400.113725
400.254350
400.438575
400.474750
400.626825
400.687975
400.714625
400.916525
401.002550
401.017700
401.033150
401.035450
401.043250
401.188150
401.259025
401.418350
401.439025
401.611500
401.639250
401.702400
401.801150
401.805375
402.168050
402.201700
402.324800
402.369225
402.434100
402.532750
402.590550
402.640400
402.683425
402.764400
402.782875
403.021925
403.204775
403.254750
403.363375
403.455650
403.605775
403.660225
403.709300
403.990225
404.078775
404.153975
404.174825
404.208975
404.277225
404.308825
404.360900
404.479525
404.502075
404.524850
404.539800
404.755725
404.767750
404.809425
404.888475
404.898550
405.038600
405.054300
405.111850
405.128925
405.157175
405.173575
405.181350
405.297500
405.349350
405.394075
405.460325
405.483425
405.526550
405.578850
405.617325
405.685575
405.796250
405.812025
405.893400
405.939500
406.006725
406.022900
406.074750
406.108500
406.129525
406.150975
406.170975
406.380525
406.399850
406.433475
406.438750
406.477550
406.501475
406.851425
406.909725
406.951625
407.100550
407.138825
407.255675
407.293650
407.498375
407.507575
407.526750
407.658275
407.730050
407.748375
407.768425
407.775950
407.863500
407.891500
408.042675
408.076525
408.101550
408.128500
408.132300
408.149775
408.197600
408.301125
408.368950
408.403300
408.433925
408.673400
408.704450
408.712175
408.727750
408.787950
408.806950
408.950875
408.988275
409.013075
409.040925
409.112900
409.130775
409.171925
409.199550
409.371875
409.388525
409.404850
409.421350
409.510000
409.527700
409.572725
409.843325
409.935450
409.946300
409.978500
409.982350
410.406675
410.420225
410.438825
410.519550
410.535200
410.581675
410.618050
410.662200
410.677625
410.764275
410.773800
410.818575
410.938600
411.011425
411.052950
411.123725
411.159175
411.254175
411.284100
411.308300
411.328250
411.392225
411.408300
411.414150
411.438025
411.540800
411.567300
411.614225
411.681475
411.722450
411.776750
411.829200
411.873750
411.908475
411.961825
412.056900
412.093800
412.130875
412.217275
412.334575
412.360250
412.365575
412.421700
412.477600
412.587825
412.619100
412.636250
412.671275
412.718800
412.745875
412.906050
413.173225
413.182750
413.236350
413.318275
413.427975
413.525650
413.533775
413.595725
413.612325
413.734675
413.770600
413.789125
413.799075
413.805900
413.920025
413.961300
414.062375
414.099925
414.161525
414.228925
414.242800
414.254575
414.275900
414.307950
414.313800
414.425350
414.539150
414.684800
414.831100
414.984750
415.012350
415.235300
415.296025
415.462475
415.569275
415.664950
415.677775
415.708525
415.881750
415.893500
415.918100
416.037175
416.051800
416.218975
416.255725
416.361000
416.428775
416.506425
416.566075
416.681825
416.705050
416.803600
416.824125
416.869350
417.011400
417.027875
417.045775
417.075075
417.101500
417.112500
417.153100
417.180450
417.240525
417.292750
417.520875
417.604525
417.782900
417.870250
417.893625
417.923475
417.943075
417.998550
418.154175
418.231525
418.271500
418.289975
418.341100
418.560025
418.698550
418.717450
418.826375
418.841600
418.842675
418.849250
418.902100
419.239175
419.256800
419.302475
419.346275
419.581100
419.588625
419.596550
419.807550
419.829700
419.854525
419.916025
419.933375
419.952300
419.988025
420.094925
420.107600
420.188600
420.227250
420.354100
420.411450
420.470375
420.494950
420.696475
420.732525
420.735475
420.811200
420.823375
420.878975
420.923625
420.941050
420.946550
420.957025
420.967125
420.982675
421.001475
421.027375
421.061550
421.117750
421.232975
421.269875
421.330250
421.438300
421.482200
421.487975
421.530775
421.564425
421.574750
421.604375
421.608450
421.748900
421.929250
421.982125
422.010325
422.032050
422.066100
422.179025
422.385675
422.421975
422.567075
422.637425
422.641275
422.671375
422.677650
422.688950
422.732025
422.837450
422.889300
422.920750
422.922625
422.957125
423.054525
423.104100
423.120525
423.181975
423.194800
423.219225
423.264350
423.285675
423.508475
423.761300
423.778850
423.821250
423.853675
423.905375
423.982275
424.065775
424.203300
424.516850
424.572575
424.581750
424.588975
424.605050
424.609700
424.611325
424.620625
424.624700
424.693000
424.709175
424.730650
424.741750
424.745450
424.770075
424.819425
424.837100
424.871000
424.928675
424.991725
425.122225
425.215600
425.300700
425.375975
425.392125
425.416925
425.484900
425.584700
425.667250
425.778950
425.819275
425.855625
425.858225
425.863700
425.983400
426.153550
426.234250
426.259850
426.273475
426.287500
426.292550
426.326225
426.632225
426.668150
426.702875
426.724700
426.741175
426.753375
426.788775
426.866200
427.002600
427.019050
427.041500
427.076250
427.088750
427.098375
427.151475
427.319625
427.344875
427.440050
427.466950
427.512125
427.550475
427.784875
427.821125
427.878975
428.090700
428.115925
428.203475
428.235800
428.282450
428.368950
428.476725
428.500125
428.640450
428.835400
429.130550
429.178000
429.189175
429.226900
429.340650
429.425750
429.691925
429.719700
429.836275
429.851650
429.860000
429.861925
430.138800
430.258100
430.280225
430.468825
430.559625
430.593075
430.606650
430.613925
430.666425
430.752425
430.817650
430.905875
430.953675
431.020175
431.038625
431.048400
431.073500
431.096950
431.321875
431.362900
431.390575
431.420300
431.475700
431.513475
431.563975
431.638725
431.821625
431.841575
431.847750
431.906650
431.912175
431.972700
432.031050
432.236925
432.282600
432.354625
432.480150
432.538700
432.588825
432.602025
432.626275
432.634125
432.856000
432.870750
432.888975
432.915375
432.926850
432.944550
432.958975
432.961725
432.977350
433.093525
433.329600
433.392250
433.403300
433.421650
433.487775
433.659700
433.739025
433.768675
433.789000
433.820850
433.838275
433.848900
433.872950
434.008700
434.060150
434.081525
434.105650
434.153550
434.171925
434.212900
434.289000
434.311850
434.317250
434.340850
434.366550
434.545475
434.558150
434.734125
434.746475
434.875125
434.901175
434.915825
434.928200
434.931950
434.953875
434.990550
435.031175
435.106850
435.166125
435.254600
435.386550
435.719425
435.748300
435.761250
435.785150
435.794600
435.802200
435.861200
435.946925
435.977400
436.101125
436.146000
436.181750
436.237775
436.251100
436.476975
436.484800
436.490400
436.527325
436.666075
436.710250
436.734000
436.762550
436.905475
436.938375
437.014400
437.134375
437.229525
437.279825
437.288600
437.365325
437.535800
437.576525
437.598250
437.602850
437.643350
437.663850
437.668025
437.680725
437.773875
437.877400
437.914975
437.930900
437.974175
438.038775
438.116600
438.200375
438.304650
438.365100
438.375400
438.429325
438.462125
438.626225
438.711425
438.732750
438.775350
438.838825
438.943825
439.007725
439.033025
439.109225
439.120675
439.124625
439.134500
439.194050
439.230400
439.346625
439.416575
439.474525
439.546275
439.600325
439.776925
439.781850
439.799350
439.891175
439.943225
440.056650
440.144275
440.359925
440.429300
440.506475
440.523125
