# # All spikes for Neuron
0.045675
0.105575
0.242150
0.693325
0.788525
0.836975
0.876375
0.994275
1.143125
1.187075
1.198650
1.271375
1.308650
1.311700
1.353225
1.366225
1.749475
2.055075
2.140150
2.286700
2.503550
2.729225
2.838675
2.915500
2.953250
2.995475
3.042600
3.098075
3.227025
3.429625
3.508800
3.661900
3.724625
3.743950
3.920800
3.943225
3.964650
4.212800
4.263300
4.487775
4.534775
4.558550
4.704975
4.754550
4.887025
4.940325
5.022625
5.071200
5.152850
5.154025
5.178600
5.265525
5.377325
5.566925
5.637525
5.643700
5.698750
5.831700
6.112550
6.129500
6.159325
6.248250
6.286900
6.501775
6.508925
6.515275
6.698800
6.742175
6.744400
7.047025
7.096625
7.264150
7.284300
7.308475
7.352175
7.419675
7.460175
7.463300
7.507925
7.531100
7.708525
7.780175
7.813275
7.893325
8.119925
8.197350
8.386425
8.517400
8.603800
8.660200
8.791150
8.808625
8.905275
8.929625
9.250200
9.415450
9.513150
9.540425
9.557850
9.638350
9.703200
9.766725
9.909075
9.958400
10.025025
10.067425
10.147250
10.344025
10.387125
10.401300
10.495400
10.544825
10.622225
10.916925
10.954825
11.156500
11.182750
11.340750
11.438775
11.547250
11.644250
11.706850
11.973325
12.050600
12.058600
12.204800
12.349825
12.389350
12.533425
12.603375
12.626475
12.733850
12.784375
12.794475
12.843100
13.010050
13.412675
13.572375
13.616525
13.699700
13.755500
13.863800
14.111700
14.179575
14.257750
14.699950
14.730700
14.881825
14.998125
15.019850
15.032925
15.294350
15.376650
15.470575
15.475650
15.563950
15.722725
15.840525
15.929800
16.165975
16.179025
16.222050
16.700075
16.730725
16.760775
17.040350
17.047250
17.219575
17.308900
17.347500
17.387400
17.447275
17.919475
18.183225
18.320950
18.327175
18.336225
18.394700
18.453525
18.531625
18.643700
18.861625
19.104500
19.155000
19.237375
19.252525
19.286900
19.334750
19.375425
19.410500
19.451350
19.532050
19.655525
19.707275
19.742200
19.755475
19.800275
19.973900
20.075300
20.257975
20.376950
20.379225
20.486850
20.674800
20.721050
20.835800
20.875975
20.908300
21.134725
21.158975
21.238875
21.256950
21.499625
21.736675
21.752000
21.904700
21.977300
22.011400
22.329175
22.364100
22.385075
22.625175
22.855600
22.884550
23.001875
23.047100
23.264075
23.307075
23.323625
23.329500
23.334725
23.353150
23.485200
23.546900
23.580850
23.774300
23.834475
23.878775
23.938225
24.080700
24.131025
24.287125
24.297550
24.342150
24.742950
24.832150
24.927750
25.143125
25.248775
25.409875
25.526600
25.573875
25.753650
25.839675
25.894100
26.106700
26.240575
26.302775
26.526975
26.605075
26.667800
26.707500
26.762500
26.823850
26.928350
27.003450
27.124825
27.139550
27.256325
27.336600
27.459875
27.532525
27.589575
27.744850
27.781825
27.817125
27.947475
28.026400
28.171700
28.193500
28.333875
28.440175
28.491000
28.527725
28.605275
28.781950
28.850925
29.113550
29.159300
29.227425
29.324300
29.361400
29.418575
29.528175
29.599050
29.633150
29.682850
29.860350
30.084650
30.247200
30.467400
30.479725
30.517675
30.547775
30.621275
30.675850
30.681625
30.818100
30.899425
30.969250
31.129925
31.429650
31.511175
31.534350
31.681650
31.727050
31.757625
31.874425
31.917375
31.982975
32.021225
32.265075
32.775225
32.852075
33.075950
33.142150
33.305425
33.419725
33.661200
33.695625
33.811350
33.843725
34.021150
34.037850
34.052275
34.190675
34.292825
34.318400
34.598000
34.752750
34.875100
35.117650
35.197900
35.346950
35.405175
35.472250
35.532050
35.591475
35.915600
35.955000
36.425925
36.459750
36.481700
36.615725
36.802125
36.864125
37.109075
37.139925
37.185325
37.202200
37.238325
37.378325
37.384375
37.516000
37.535575
37.599175
37.669350
37.807875
37.882250
37.934900
38.018000
38.042700
38.125875
38.261750
38.280500
38.512700
38.564625
38.595250
38.648575
38.671475
38.909925
39.003450
39.228275
39.246425
39.264850
39.344925
39.361350
39.604925
39.805150
39.938025
39.945000
39.957075
40.416650
40.677800
40.771975
41.081800
41.197150
41.425725
41.634100
41.988700
42.274650
42.352000
42.362300
42.427775
42.481550
42.594375
42.681100
42.768450
42.871325
42.976550
43.075975
43.115475
43.175150
43.211625
43.234025
43.254700
43.349450
43.441825
43.584575
43.690425
43.703975
43.735700
43.754650
43.946800
44.156500
44.199325
44.278250
44.289275
44.340025
44.400025
44.522175
44.622425
44.638175
44.715950
44.989050
45.056600
45.100150
45.239150
45.285850
45.305550
45.320400
45.393075
45.430825
45.463625
45.629725
45.861475
45.944275
45.980025
46.032400
46.111250
46.144500
46.278650
46.430825
46.540000
46.633975
46.720425
46.835450
46.846400
47.237225
47.247450
47.322775
47.394025
47.405375
47.428250
47.628125
47.752450
48.004375
48.018250
48.131650
48.340225
48.343575
48.471525
48.557450
48.627825
48.690325
49.073650
49.099750
49.175325
50.913575
56.197325
57.097975
59.222375
59.235300
59.250375
59.258475
59.269850
59.323350
59.360225
59.424500
59.449100
59.459500
59.584000
59.622575
59.719475
59.930750
60.148975
60.240400
60.335075
60.524025
60.534400
60.632275
60.682775
60.774900
61.101300
61.154600
61.186050
61.246100
61.263250
61.423550
61.544475
61.666725
61.673425
61.733975
61.787475
61.917725
62.063500
62.184550
62.604850
62.706125
62.711950
62.816900
63.021275
63.079625
63.149350
63.240550
63.292225
63.340200
63.361375
63.439600
63.483250
63.622800
63.679300
63.719825
64.059675
64.080025
64.117900
64.170100
64.267100
64.879025
64.912900
65.450250
65.493250
66.123625
66.411600
66.661525
66.776800
66.817275
66.858075
67.049225
67.640075
67.683100
67.852625
67.887250
67.958375
68.098150
68.181625
68.224025
68.669175
68.676825
68.713125
68.742850
68.763400
68.827225
68.964275
69.067025
69.081025
69.434800
69.479125
69.530175
69.587875
69.603550
69.632500
69.741500
69.783975
70.125150
70.202675
70.366750
70.586625
70.650475
70.738400
70.910575
71.023675
71.233225
71.343150
71.436925
71.641425
71.664675
71.826325
71.970625
72.045025
72.222950
72.242425
72.349600
72.593775
72.838450
73.032850
73.095375
73.286625
73.306550
73.981300
74.012525
74.067225
74.228850
74.241300
74.518925
74.566200
74.661850
74.684875
74.726250
74.857650
74.871300
74.942575
74.997275
75.065875
75.266475
75.281125
75.384325
75.438200
75.617700
75.623700
75.663525
75.895725
75.923425
75.995250
76.015525
76.147450
76.237475
76.258950
76.313375
76.324925
76.342000
76.556325
76.651050
76.738175
77.034125
77.041800
77.148275
77.356875
77.449325
77.481450
77.652025
77.742375
77.923675
77.997100
78.139275
78.167625
78.298300
78.301500
78.363700
78.489550
78.570300
78.605675
78.653275
78.786275
78.814925
78.985250
79.120325
79.152125
79.321100
79.352475
79.664050
79.726125
79.800175
79.899825
79.957975
79.996750
80.007050
80.103150
80.304925
80.347925
80.483125
80.773825
81.197575
81.226425
81.284875
81.354575
81.507275
81.573575
81.609075
81.798375
81.922225
81.935600
82.248225
82.340800
82.451450
82.884950
82.965875
83.372325
83.968450
84.036475
84.065575
84.108400
84.443850
84.495900
84.816875
84.914525
84.979600
85.069100
85.095525
85.162375
85.360375
85.410600
85.441375
85.562625
85.993225
86.067625
86.234075
86.950300
86.966275
87.100225
87.119350
87.344400
87.366950
87.534175
87.642200
87.865600
88.021275
88.039900
88.052275
88.131750
88.162275
88.450950
88.527975
88.568300
88.620175
88.723400
88.739325
88.765300
88.889725
89.044700
89.085700
89.452525
89.519175
89.576775
89.812975
89.944025
90.149900
90.336700
90.511500
90.537800
90.707425
90.804750
90.828325
90.968900
91.154550
91.248400
91.322900
91.352175
91.370425
91.405725
91.470575
91.535925
91.579600
91.618825
91.687975
91.743025
91.922850
92.007200
92.027600
92.043100
92.049725
92.105950
92.542250
92.649250
92.786100
92.858600
93.039700
93.046550
93.139075
93.207175
93.365675
93.434075
93.534225
93.619000
93.703450
93.754200
93.980325
93.998350
94.015875
94.180525
94.190300
94.199075
94.285800
94.343750
94.373950
94.427600
94.545525
94.590075
94.729850
94.766750
94.862400
94.913425
94.931025
95.098550
95.119100
95.235050
95.309750
95.558425
95.574475
95.700550
95.734625
95.932075
95.956175
96.047050
96.158850
96.211450
96.406575
96.424500
96.541025
96.659550
96.682275
96.829700
96.863500
96.918725
96.955425
97.055775
97.091425
97.114525
97.123800
97.417725
97.445575
97.457600
97.507600
97.682250
97.755650
97.827400
97.876625
97.925900
98.046700
98.337475
98.449975
98.461150
98.477975
98.709425
98.836525
98.907250
99.172050
99.207550
99.262050
99.385100
99.616650
99.735450
99.830150
99.840850
99.903225
99.926725
99.964225
100.089550
100.772450
100.839150
100.857400
100.929400
101.171250
101.181725
101.520000
102.084525
102.408750
102.747775
102.833475
102.909800
102.924800
103.030050
103.124875
103.233275
103.263375
103.271500
103.300650
103.449000
103.524925
103.573125
103.576675
103.594950
103.658275
103.873975
103.903075
103.938725
104.066950
104.074275
104.755300
104.813950
104.844475
104.855825
104.938725
104.974100
105.328200
105.368075
105.400700
106.461350
106.689950
106.711825
106.831275
106.842450
107.012500
107.052150
107.126050
107.219025
107.321175
107.443800
107.529925
107.537125
107.561525
107.602150
107.649125
107.814650
107.854950
107.916075
108.056050
108.069800
108.168875
108.191075
108.730225
108.823975
108.864500
108.888075
108.920975
110.667050
119.205450
119.210475
119.215800
119.235150
119.241050
119.259475
119.267800
119.277700
119.299700
119.306475
119.313575
119.368725
119.384350
119.390025
119.461475
119.523600
119.544000
119.579425
119.705200
119.990200
120.048975
120.197875
120.324000
120.395025
120.414850
120.445950
120.492875
120.502350
120.553400
120.606875
120.802700
120.867475
121.002200
121.178550
121.252425
121.253550
121.698150
121.888575
121.896200
121.947325
122.005375
122.062500
122.142225
122.162600
122.291125
122.402900
122.532675
122.556550
122.688100
122.856225
122.939925
123.005700
123.012425
123.025350
123.059900
123.298350
123.484250
123.583975
123.624125
123.711025
123.729650
123.924725
123.942175
123.960725
123.991675
124.056550
124.116350
124.127225
124.219950
124.378525
124.399700
124.534000
124.639575
124.733100
124.829925
124.891725
124.943800
124.994550
125.052175
125.094800
125.207550
125.314125
125.356475
125.382225
125.394975
125.477975
125.529850
125.563275
125.612600
125.635400
125.666200
125.686250
126.001250
126.048500
126.160675
126.275250
126.344700
126.395400
126.427725
126.497150
126.676850
126.735150
126.813350
126.855075
126.880800
126.958100
126.978600
127.038775
127.087150
127.305050
127.328400
127.348625
127.450675
127.508850
127.576950
127.582475
127.706050
127.755525
127.802425
127.910725
127.988175
128.053575
128.195150
128.263125
128.429650
128.503300
128.668250
128.689025
128.809800
128.864275
128.869875
128.881550
128.957575
129.074200
129.183100
129.223000
129.261500
129.315650
129.348850
129.458700
129.630775
129.703350
129.823150
129.881375
129.943150
130.027625
130.140100
130.178000
130.395375
130.675550
130.775675
130.981450
131.189975
131.614975
131.688800
131.758275
131.864300
131.932750
131.944925
132.053700
132.254225
132.272275
132.466000
132.514250
132.540900
132.586900
132.679075
132.751000
132.806025
132.888150
132.930375
133.004750
133.014350
133.141025
133.213450
133.489475
133.528600
133.987925
134.002200
134.054075
134.099625
134.164075
134.214200
134.219950
134.398500
134.513125
134.767475
134.813800
134.822825
134.852775
134.891625
135.003025
135.068775
135.131675
135.269950
135.319400
135.357350
135.540200
135.562225
135.713400
135.744725
135.773900
135.810025
135.845775
135.968125
136.058750
136.098200
136.255825
136.266175
136.310550
136.325725
136.380625
136.421425
136.475125
136.538825
136.648750
136.871000
136.997750
137.057175
137.140325
137.474775
137.596500
137.678400
137.728625
137.741475
137.757825
137.927550
137.970075
138.039850
138.061200
138.274075
138.378725
138.437600
138.475500
138.595350
138.621275
138.635250
138.696825
138.843550
139.120500
139.219250
139.250575
139.312950
139.377900
139.532525
139.546200
139.570050
139.811800
139.973250
141.375600
141.418875
141.553350
141.695900
141.827025
141.905100
142.238825
143.120500
143.284250
143.416550
143.596600
143.750625
143.806250
143.827675
143.845325
143.931850
144.268100
144.622600
144.688200
144.701200
144.762725
144.961725
145.100400
145.143125
145.335500
145.417625
145.465575
145.485275
145.916575
146.025300
146.161250
146.281475
146.328175
146.369075
146.413300
146.474600
146.511125
146.606800
146.620075
146.678000
146.759200
146.847675
146.859850
146.916450
146.920150
147.040225
147.243750
147.305075
147.342050
147.428475
147.509125
147.831675
147.891475
147.953150
148.350400
148.686500
148.731025
148.777500
148.808025
148.971200
149.125525
149.150300
149.220350
149.373025
149.643475
149.711600
149.788300
150.019375
150.118750
150.318625
150.415600
150.568575
150.783125
150.881975
150.952550
150.985000
151.020350
151.106725
151.222825
151.281250
151.316050
151.333450
151.349175
151.354150
151.402600
151.417350
151.522175
151.643225
151.737600
151.873075
152.002175
152.055600
152.089325
152.183050
152.197250
152.213250
152.312500
152.511075
152.568500
152.769025
152.784875
152.858425
152.904450
152.991300
152.999250
153.262800
154.641950
154.798250
154.953525
155.154450
155.180950
155.227000
155.592075
155.842050
155.902950
155.946950
155.973850
156.000275
156.192675
156.301025
156.560300
156.735450
156.910950
156.936275
157.034875
157.072825
157.108725
157.145400
157.204250
157.258175
157.348650
157.382975
157.511725
157.789950
157.869150
158.064100
158.091550
158.176875
158.290925
158.331375
158.412550
158.504125
158.525650
158.570600
158.590350
158.625750
158.703625
158.773525
158.844675
158.889700
158.895450
158.920250
158.980600
159.003125
159.106350
159.146300
159.153575
159.322025
159.510925
159.572100
159.755275
159.792150
160.063150
160.281750
160.363225
160.562350
160.887325
161.052825
161.074450
161.147375
161.345025
161.371075
161.517450
161.778725
161.801300
161.878650
161.977175
162.025825
162.141225
162.167250
162.263250
162.333625
162.354400
162.480000
162.496450
162.595575
162.652650
162.850600
162.932575
162.955725
163.102325
163.138475
163.225675
163.314300
163.324500
163.404025
163.573625
164.017850
164.146700
164.750225
164.820025
164.887675
164.974850
165.054275
165.070250
165.145700
165.153175
165.163650
165.299325
165.432000
165.501050
165.735875
165.913200
165.948975
165.958300
166.070050
166.125300
166.352275
166.391975
166.635825
166.666775
166.692125
166.804750
166.857175
166.908175
166.995475
167.031875
167.214325
167.223175
167.391350
167.405350
167.460175
167.627425
167.674475
167.808525
167.853300
168.067000
168.140125
168.232975
168.393900
168.552575
168.609625
168.725950
168.949900
168.980750
169.066650
178.446400
179.201325
179.215550
179.227525
179.243950
179.297225
179.347475
179.378300
179.586075
179.592000
179.722325
179.733400
179.765825
179.824850
179.842375
179.877900
179.927575
179.934675
179.971150
180.140325
180.204125
180.235275
180.295325
180.318875
180.410400
180.472725
180.513725
180.581275
180.689475
180.744825
180.761650
180.783075
181.021300
181.062500
181.091925
181.281175
181.342250
181.397525
181.415150
181.446275
181.470900
181.531350
181.893500
181.968475
182.146200
182.177650
182.214125
182.291400
182.392075
182.409700
182.475475
182.517725
182.902725
183.725725
183.906300
184.013550
184.533000
184.550025
185.191175
185.292750
185.672450
186.107000
186.233250
186.359250
186.410450
186.596175
186.776575
186.819875
186.847875
187.337575
187.372450
187.526875
187.631275
187.707475
187.798975
187.834350
187.970550
188.005950
188.035000
188.307925
188.448675
188.468250
188.583475
188.677600
188.718600
188.724050
188.730225
188.742500
188.751375
188.762525
188.770800
188.821100
189.020350
189.103000
189.179225
189.216825
189.220825
189.459175
189.588200
189.743275
189.829125
189.842225
189.913000
189.939150
190.019850
190.211750
190.226925
190.260125
190.433150
190.479325
190.728950
190.745250
190.854800
190.943200
191.031725
191.064150
191.121225
191.240950
191.393350
191.920675
191.987575
192.176975
192.224750
192.297550
192.434200
192.452600
192.476925
192.603100
192.820650
192.846300
193.121050
193.342100
193.397475
193.430100
193.481875
193.502500
193.580725
193.604075
193.620900
193.727975
193.954775
193.973925
194.106500
194.269200
194.456250
194.577625
194.777550
195.149325
195.656275
195.757750
195.916500
195.967100
195.978025
196.121400
196.170575
196.273325
196.301975
196.502725
196.809575
196.963975
197.032700
197.135950
197.197325
197.345400
197.365800
197.465200
197.505225
197.565975
197.778325
197.866125
197.948650
198.113375
198.252650
198.266025
198.380275
198.470400
198.536400
198.551525
198.595975
198.725750
198.761225
198.879875
199.004875
199.041275
199.163125
199.195400
199.229000
199.284950
199.404100
199.455625
199.476100
199.496750
199.638450
199.754525
199.757375
199.785475
199.794825
199.811875
199.862650
199.897275
199.911100
200.087250
200.135050
200.231150
200.265725
200.568725
200.633425
200.722550
200.759600
200.880525
200.974250
200.990775
201.000900
201.087575
201.105125
201.128250
201.194425
201.323650
201.379000
201.396600
201.473750
201.583150
201.641275
201.671725
201.693100
201.883175
201.921000
201.963000
202.016400
202.406050
202.490100
202.970550
203.044500
203.314325
203.346450
203.419125
203.479050
203.498950
203.609900
203.695000
203.798100
203.880600
203.924000
203.976825
204.056150
204.157500
204.444725
204.854500
205.001775
205.011950
205.730275
205.843900
206.239325
206.272925
206.382075
206.438100
206.848800
207.000825
207.023650
207.090825
207.261225
207.335425
207.358900
207.550900
207.695425
207.849500
208.321200
208.609975
208.636100
208.667550
208.783850
208.830650
208.920150
209.082325
209.090825
209.108000
209.226075
209.282650
209.294400
209.628275
209.689050
209.726550
209.783025
209.807050
210.000250
210.113625
210.352375
210.506300
210.559025
210.578650
210.712200
210.735075
210.944450
210.997375
211.066325
211.095775
211.109800
211.199025
211.213500
211.275800
211.573000
211.615475
211.671225
211.685150
211.718975
211.871800
212.026525
212.132775
212.200750
212.721300
212.847850
213.039450
213.049925
213.065350
213.257475
213.326775
213.335200
213.362550
213.464850
213.563350
213.601900
213.616650
213.747650
213.774550
213.814475
213.909100
213.946850
213.992250
214.294050
214.310150
214.387350
214.885475
214.985675
215.105625
215.131000
215.151700
215.238600
215.332675
215.376300
216.271775
216.455275
216.701525
216.801300
217.190900
217.201350
217.653650
217.706800
218.605675
218.894600
219.046600
219.072525
219.739100
219.822325
219.959775
220.017000
220.074425
220.119550
220.221800
220.355900
220.389975
220.590150
220.678250
220.786575
220.992450
221.008025
221.135200
221.177125
221.195050
221.205800
221.223625
221.308725
221.349025
221.448325
221.479300
221.552500
221.569800
221.643300
221.715125
221.819650
221.863600
221.911625
221.943650
222.074300
222.242550
222.335350
222.353325
222.408075
222.422225
222.607575
222.726850
222.784700
223.137500
223.153750
223.193350
223.487525
223.628050
223.788625
223.912650
223.978075
224.026675
224.050925
224.185025
224.271475
224.320025
224.600775
224.679550
224.806650
224.925125
225.092675
225.111200
225.129600
225.243950
225.599825
225.686600
225.889450
225.910550
226.143250
226.160825
226.233325
226.298225
226.348025
226.367350
226.416550
226.535875
226.652425
226.693975
226.720700
226.765725
226.804850
226.845300
227.003500
227.039300
227.074875
227.105550
227.114375
227.336725
227.385900
227.519475
227.557225
227.683500
227.703525
227.720325
227.796125
227.797775
227.818675
227.883650
227.914200
227.937900
228.018475
228.226375
228.245850
228.355550
228.418850
228.452275
228.543475
228.922475
228.970425
229.087650
229.111775
229.151650
229.152900
230.196475
231.163625
231.851125
232.614750
239.045425
239.063900
239.077700
239.108950
239.255375
239.296850
239.299400
239.300575
239.307825
239.310400
239.408225
239.623500
239.661150
239.712475
239.778875
239.834500
239.942775
239.977875
240.141725
240.239550
240.361325
240.376225
240.413250
240.540425
240.556300
240.568450
240.588050
240.650950
240.806775
240.811850
240.943225
240.997225
241.068100
241.129050
241.215050
241.296075
241.544825
241.571075
241.657400
241.684500
241.740950
241.760825
241.802175
241.870250
241.883500
241.916700
242.016900
242.058750
242.075750
242.125650
242.417550
242.458575
242.687875
242.706775
242.746275
243.112125
243.157175
243.425950
243.490100
243.523950
243.711400
243.791950
243.834250
243.964550
244.001025
244.061775
244.107200
244.124725
244.167400
244.410725
244.443575
244.504925
244.660550
244.680000
244.818675
244.833950
244.837550
244.887575
244.922600
244.971625
244.991525
245.000725
245.099825
245.256800
245.448150
245.473700
245.521100
245.541975
245.558475
245.592300
245.708425
245.757175
245.803200
245.953200
246.077900
246.158375
246.280350
246.735150
246.977550
247.031425
247.157975
247.589175
247.628625
247.769175
247.800150
247.930150
248.065825
248.167650
248.208000
248.384000
248.508825
248.535200
248.575450
248.602125
248.624500
248.843925
248.863950
248.970575
249.094750
249.132225
249.309300
249.377900
249.567425
249.651025
249.848900
249.874925
250.214750
250.273800
250.834575
250.848900
250.876725
250.909500
251.068975
251.082625
251.223775
251.308200
251.352125
251.363025
251.395900
251.523475
251.573350
251.587825
251.641425
251.731550
251.789475
251.815500
251.873150
251.940725
251.951875
252.020750
252.120075
252.144350
252.163775
252.172225
252.287250
252.302250
252.400975
252.421300
252.568925
252.623325
252.677075
252.783600
252.806100
252.825475
252.932600
253.144525
253.278975
253.309925
253.342225
253.402100
253.448150
253.608875
253.716750
253.794950
253.845100
253.955650
253.979450
254.131375
254.204750
254.268300
254.339300
254.375975
254.431075
254.546625
254.577075
254.808575
254.891225
254.914375
254.927775
255.276750
255.290075
255.331325
255.338350
255.353400
255.541775
255.570675
255.634875
255.788600
255.882175
255.946025
255.976700
256.005150
256.088400
256.232175
256.396575
256.468100
256.502850
256.515550
256.623875
256.648025
256.703775
256.711900
256.836350
256.872150
256.926875
257.008850
257.118275
257.217775
257.264500
257.272450
257.854300
257.898475
258.049275
258.059600
258.123700
258.147050
258.204225
258.213650
258.314200
258.351700
258.502400
258.518600
258.534500
258.625650
258.740625
258.841275
259.082925
259.128300
259.347900
259.456450
259.573025
259.676675
259.757325
260.120775
260.174350
260.181450
260.223250
260.407025
260.467600
260.571825
260.654900
260.813275
260.899775
261.053475
261.088900
261.146150
261.295275
261.352400
261.842275
262.109025
262.168375
262.445850
262.580350
262.687825
262.721900
262.743525
262.761700
262.896725
263.233975
263.238425
263.273525
263.400475
263.590525
263.744350
263.798050
263.835600
263.859525
263.880350
263.975000
264.109050
264.203450
264.236700
264.338900
264.362725
264.423725
264.459175
264.562900
264.576650
264.831125
265.011100
265.041075
265.071725
265.287775
265.317025
265.446925
265.531350
265.561150
265.574400
265.893325
265.941725
266.004925
266.090350
266.115625
266.208825
266.243250
266.311175
266.317750
266.437400
266.480325
266.628950
266.789250
266.802100
266.807775
266.876750
266.985300
267.181525
267.186500
267.355950
267.593625
267.620000
267.693875
267.753500
267.790925
267.891925
267.964875
268.009150
268.138250
268.159925
268.421400
268.432200
268.447575
268.457175
268.541825
268.571575
268.675225
268.751125
268.910425
269.042850
269.057475
269.113750
269.191325
269.236525
269.457750
269.548675
269.968450
270.070275
270.280225
270.598475
270.623025
270.783075
270.796525
270.830400
270.908925
270.939825
271.164600
271.291100
271.409000
271.539525
272.021650
272.057350
272.281475
272.349675
272.495675
272.723650
272.753275
272.830700
273.338825
273.705875
273.823850
273.899325
273.932575
273.941900
274.116625
274.188150
274.509675
274.925450
275.062050
275.123325
275.161800
275.544825
275.758975
275.776825
275.780425
275.812850
276.299575
276.382125
276.412700
276.435525
276.450375
276.504800
276.609700
276.628825
276.649275
276.664100
276.717900
276.788675
276.874825
276.929050
277.017350
277.172625
277.271600
277.285100
277.462500
277.526225
277.540575
277.565025
277.578425
277.611725
277.654475
277.695925
277.782975
277.910275
277.989100
278.072050
278.175250
278.279925
278.334950
278.614750
279.019000
279.088675
279.215300
279.294625
279.409925
279.437875
279.533400
279.569400
279.660925
279.701800
279.709425
279.736975
279.778750
279.985225
280.161600
280.211775
280.364375
280.495275
280.553475
280.623175
280.663925
280.744325
280.834825
281.038950
281.060275
281.260275
281.425375
281.534700
281.759825
281.906550
281.930725
282.005075
282.122500
282.251875
282.405675
282.433050
282.642225
282.852800
283.030750
283.324575
283.417225
283.532200
283.576600
283.589575
283.629875
283.711050
283.744550
283.747900
284.041825
284.104750
284.163550
284.308350
284.540100
284.610200
284.658050
284.669400
284.738175
284.782550
284.794550
284.818400
284.926750
284.937325
285.140775
285.172925
285.362525
285.418525
285.714775
285.990750
286.025975
286.346125
286.700025
286.823575
287.219450
287.418850
287.609875
287.705100
287.932250
288.280900
288.301750
288.440250
288.508525
288.571000
288.582625
288.612425
288.738800
288.869925
289.017600
289.044275
289.081400
289.098950
292.025525
295.084800
295.485275
295.705350
297.110600
297.160675
297.210500
297.851450
298.720875
299.015125
299.171600
299.201350
299.235875
299.284150
299.291550
299.330375
299.388625
299.428525
299.445500
299.473675
299.538950
299.583075
299.648275
299.674050
299.795850
299.866225
300.111700
300.296075
300.321850
300.389075
300.418325
300.438950
300.460100
300.489575
300.521575
300.608400
300.630250
300.676375
300.757925
300.789375
300.981550
301.009275
301.041650
301.078725
301.091950
301.186400
301.385575
301.419550
301.459025
301.509500
301.512150
301.543075
301.569225
301.646775
301.663900
301.808875
301.926900
301.965075
302.008475
302.231350
302.397650
302.516925
302.541925
302.566025
302.578925
302.625000
302.643600
302.666000
302.685025
302.725025
302.749925
302.751125
302.794075
302.857700
302.908475
302.982850
303.014375
303.097975
303.229750
303.347725
303.405775
303.447025
303.487200
303.516125
303.520225
303.532075
303.540825
303.792325
303.819800
303.958150
304.042775
304.052825
304.071625
304.089925
304.110475
304.126050
304.206800
304.272450
304.368750
304.398175
304.412900
304.460325
304.521650
304.580050
304.629475
304.644575
304.727625
304.802300
304.854425
304.873000
304.931475
305.110025
305.177050
305.224900
305.369200
305.479200
305.516625
305.741800
305.799575
305.831125
305.861725
305.952750
306.056825
306.069100
306.136750
306.381550
306.423175
306.548475
306.555200
306.562675
306.660225
306.707150
306.859100
307.029175
307.046150
307.145950
307.210800
307.228050
307.453075
307.619000
307.775600
307.874775
307.877475
307.958325
307.970325
308.001900
308.011100
308.017950
308.073475
308.128700
308.148500
308.299575
308.371925
308.426675
308.504350
308.637025
308.661575
308.672450
308.681075
308.842600
309.022250
309.119500
309.153475
309.237600
309.245550
309.257875
309.286475
309.325950
309.393275
309.400150
309.416750
309.548200
309.619975
309.716100
309.733250
309.781200
309.804600
309.859775
309.959000
309.971700
310.004600
310.077450
310.234225
310.263750
310.277350
310.305400
310.398100
310.452675
310.482275
310.709975
310.751850
310.898300
310.925800
310.942450
311.014550
311.061550
311.324500
311.334775
311.413575
311.418975
311.473700
311.557775
311.703100
311.761975
311.788650
311.876275
312.182775
312.203500
312.825250
313.035200
313.082825
313.106025
313.220175
313.263075
313.319500
313.477000
313.548550
313.588325
313.617450
313.785050
313.835425
313.956225
314.142425
314.182050
314.201075
314.216425
314.223825
314.403600
314.420975
314.437200
314.487250
314.615500
314.659925
314.737375
314.753775
314.843200
314.928525
315.005600
315.060050
315.139050
315.271750
315.410075
315.464375
315.485925
315.633900
315.657375
315.687275
315.806300
315.949875
315.970750
316.079400
316.108300
316.229100
316.383075
316.660000
316.920850
316.982475
317.094975
317.118675
317.513800
317.746750
317.806675
317.840000
317.865400
317.924250
317.972050
318.033975
318.049700
318.158475
318.301525
318.393225
318.432325
318.706975
318.881725
319.135150
319.264675
319.573075
319.619925
319.656950
319.775575
319.835175
320.086975
320.236750
320.275500
320.393950
320.546825
320.633725
320.705875
320.752675
320.894200
321.062100
321.074450
321.144050
321.167100
321.297450
321.370450
321.521475
321.651425
322.025200
322.079725
322.268125
322.382300
322.465200
322.562900
322.727375
323.204925
323.215950
323.236625
323.347825
323.487300
323.616175
323.619025
323.761100
323.835225
323.932025
323.948900
324.208100
324.280850
324.318500
324.454225
324.510375
324.705900
325.053325
325.122550
325.181575
325.192675
325.261450
325.394600
325.590925
325.635150
325.810500
325.833825
326.022300
326.067400
326.169600
326.223175
326.302275
326.390000
326.589700
326.762500
326.953350
327.043175
327.065425
327.451400
327.465450
327.477850
327.506350
327.662825
327.766250
327.785375
327.965825
327.986000
327.995100
328.021050
328.031725
328.071700
328.152800
328.204800
328.229000
328.253700
328.329525
328.481550
328.521550
328.590625
328.803475
328.850675
328.872775
328.895800
328.941750
328.978750
329.008400
329.208875
329.229550
329.340825
329.429100
329.491600
329.588825
329.621325
329.887675
329.964275
330.061825
330.141400
330.210750
330.247975
330.593000
330.627300
330.814800
331.174500
331.296550
331.354250
331.380450
331.602750
331.627700
331.729275
331.817050
331.879900
332.050075
332.103500
332.223075
332.312500
332.340925
332.355025
332.425625
332.473400
332.554675
332.570950
332.579575
332.587450
332.620875
332.678650
332.717450
332.761425
332.770700
332.884650
332.889350
333.016450
333.035000
333.076975
333.117750
333.316375
333.348450
333.360900
333.504575
333.634775
333.806050
333.846725
333.876750
333.895750
333.927350
333.964050
334.103250
334.269725
334.393700
334.455825
334.470725
334.604200
334.632175
334.685350
334.686925
334.729925
334.754225
334.755825
334.771550
334.785375
334.816800
334.891225
334.898000
334.971825
335.051975
335.065550
335.198800
335.262525
335.314950
335.429950
335.611875
335.633375
335.661700
335.711300
336.001625
336.067175
336.168775
336.440850
336.580400
336.622850
336.717875
336.743125
336.799875
336.853150
336.943000
337.121275
337.177750
337.205225
337.302625
337.434900
337.450650
337.677325
337.693350
337.775825
337.791475
337.820900
337.854100
337.924925
337.944800
338.084350
338.258050
338.331825
338.457300
338.509650
338.603925
338.611200
338.819100
338.833775
338.840600
338.910475
338.960925
339.020500
339.258925
339.351075
339.386025
339.452300
339.497900
339.609100
339.774750
339.815325
339.859625
340.052600
340.147275
340.321425
340.385150
340.408425
340.453550
340.519375
340.619475
340.862225
341.005100
341.121750
341.461700
341.632650
341.958500
342.046725
342.102900
342.271625
342.337325
342.466600
342.498575
342.518450
342.600725
342.688925
342.748650
342.836525
342.961475
343.010750
343.153925
343.222150
343.242575
343.304450
343.490775
343.518075
343.525325
343.543625
343.596475
343.743750
343.872400
344.168600
344.198525
344.300775
344.329250
344.489325
344.554900
344.632225
344.747575
344.803675
344.969425
345.067950
345.117600
345.150400
345.289050
345.360075
345.379925
345.433700
345.640675
345.676425
345.749075
345.793650
345.811975
345.853475
345.860750
345.949600
346.015875
346.058250
346.108700
346.167300
346.357725
346.366575
346.495550
346.560200
346.743400
346.801175
346.852375
346.915450
346.960075
347.034375
347.196025
347.347550
347.373875
347.386825
347.407100
347.455550
347.634400
347.708225
347.800575
347.845475
347.961250
347.973575
347.976725
348.070475
348.175725
348.249025
348.253600
348.277200
348.500200
348.543775
348.555350
348.674550
348.906000
348.914475
348.919825
348.927925
348.956450
349.154300
353.258175
354.431800
356.517575
356.556075
356.586650
358.897950
359.181575
359.267425
359.277500
359.347600
359.460050
359.592700
359.604575
359.612775
359.684800
359.693725
359.752300
360.015025
360.079375
360.113925
360.253275
360.348850
360.397250
360.451800
360.787700
360.988825
361.168225
361.184350
361.377900
361.481775
361.539775
361.568650
361.737725
362.029875
362.057500
362.242225
362.733075
362.750500
362.766725
362.855275
362.915275
362.916625
363.376950
363.600975
363.617125
363.686825
363.700075
363.711700
363.736900
363.848175
364.031900
364.041600
364.153500
364.380375
364.873100
365.022550
365.035800
365.216375
365.337925
365.350600
365.402325
365.619625
365.754700
366.088325
366.148325
366.403250
366.578375
366.670350
366.684550
366.711050
366.720675
366.786250
366.802725
366.875425
367.064600
367.095675
367.122500
367.164375
367.184850
367.465600
367.492275
367.509275
367.647225
367.819075
367.835475
367.929200
367.947375
368.235200
368.458125
368.489975
368.940025
368.964000
369.080775
369.223925
369.248425
369.366450
369.428450
369.691075
369.707075
369.732950
369.751475
369.801825
369.809000
370.016475
370.252050
370.457450
370.751725
370.965000
371.299900
371.456575
371.487900
371.625350
371.657200
372.012100
372.018550
372.108300
372.253550
372.338750
372.403625
372.500175
372.709800
372.719850
372.892300
373.028800
373.317775
373.861300
373.911475
374.003200
374.059625
374.101900
374.457600
374.546475
374.776125
374.799650
374.849675
375.004000
375.028700
375.208550
375.248800
375.377050
375.616225
375.665500
375.708100
375.790750
376.021775
376.079525
376.199125
376.230425
376.278100
376.378000
376.422875
376.677250
376.689325
376.764175
376.794525
376.821750
376.944025
377.074075
377.168150
377.252625
377.385775
377.465775
377.577700
377.796550
377.826750
377.882800
377.895275
377.919125
377.927400
377.950000
378.053775
378.080975
378.149050
378.289550
378.333550
378.387975
378.436700
378.549750
378.616250
378.648625
378.722475
378.738600
378.823975
378.872100
379.107025
379.131125
379.272525
379.488800
379.511650
379.546175
379.678200
379.707925
379.856050
379.958600
380.395025
380.431500
380.531725
380.584475
380.838500
380.911725
381.038050
381.426500
381.529575
381.565725
381.576025
381.601125
381.688025
381.719725
381.850050
381.868575
382.057100
382.070625
382.200575
382.313825
382.425525
382.429300
382.475625
382.792675
382.842900
383.096000
383.118425
383.150825
383.192125
383.338600
383.443225
383.574075
383.757725
383.826500
383.883750
384.250925
384.442075
384.645450
384.944825
385.111225
385.116475
385.124400
385.445125
385.550025
385.607000
385.735025
385.746300
385.843300
385.866675
385.977675
386.005475
386.020250
386.147375
386.251950
386.496175
386.545825
386.668800
386.748250
386.772500
386.897725
386.954550
387.056850
387.374775
387.460600
388.065775
388.124425
388.211875
388.327275
388.545825
388.659725
388.668900
388.850975
389.102325
389.187825
389.333175
389.438925
389.591975
389.725150
389.827925
389.947675
390.064875
390.084000
390.095875
390.118975
390.196275
390.286000
390.330125
390.352200
390.378050
390.455200
390.476050
390.545725
390.639350
390.704625
392.019450
392.041925
392.625350
392.697275
392.737000
392.871750
392.901325
393.071725
393.095800
393.154975
393.161525
393.421275
393.481675
393.515950
393.828100
393.856925
393.906950
393.997775
394.056975
394.134550
394.208000
394.244800
394.360975
394.449625
394.482475
394.572825
394.797300
394.807375
394.866200
394.915000
394.988900
395.034575
395.293475
395.474175
395.513500
395.562925
395.740650
395.749050
395.900700
395.928650
395.939625
396.022325
396.043700
396.145450
396.159500
396.241275
396.291775
396.312975
396.475850
396.569900
396.592575
396.734475
396.762175
397.048450
397.135500
397.356900
397.374025
397.489625
397.583475
397.649550
397.797800
397.883000
398.012625
398.191625
398.267850
398.386350
398.505825
398.603600
398.672525
398.916450
398.965000
399.129300
399.283125
399.451950
399.509875
399.561025
399.582100
399.591100
399.849625
399.870800
399.932825
399.981025
400.067650
400.280200
400.353900
400.439300
400.561950
400.669500
400.686775
400.923875
400.971975
401.153200
401.198600
401.255125
401.379000
401.649825
401.676700
401.720000
401.785250
402.089500
402.152750
402.190250
402.418900
402.536100
402.642500
402.685900
402.788825
402.867050
402.918100
403.026300
403.162125
403.375250
403.533675
403.605900
403.657875
403.781550
403.822875
403.947325
404.299725
404.332450
404.425150
404.449650
404.482700
404.494250
404.563725
404.681900
404.917600
404.990700
405.484475
405.513225
405.551825
405.593825
405.687900
405.946275
406.051975
406.137875
406.219550
406.385975
406.599075
406.728150
406.856250
406.876225
406.960650
407.212625
407.275850
407.391575
407.417200
407.650850
407.742000
407.764700
407.837675
407.855925
407.955200
407.965000
408.017800
408.070500
408.187125
408.324300
408.392675
408.521400
408.565150
408.640625
408.829725
408.868750
410.081125
415.190725
416.045800
416.770200
417.491150
419.045050
419.061725
419.091625
419.167625
419.184075
419.211400
419.235925
419.240300
419.253100
419.305450
419.314275
419.353825
419.389575
419.401525
419.415800
419.574850
419.612725
419.627550
419.721775
419.865100
419.900000
419.983750
420.007900
420.015625
420.125675
420.144500
420.149550
420.223400
420.289775
420.297575
420.305825
420.381125
420.510800
420.512725
420.589300
420.596850
420.642075
420.766850
421.036150
421.098775
421.116725
421.161725
421.196025
421.261600
421.309250
421.413000
421.710775
422.296725
422.471750
422.548675
422.756450
422.929175
423.881975
424.591125
424.630575
424.701950
424.890975
424.900050
424.944450
425.056325
425.132425
425.147750
425.288425
425.411025
425.528325
425.571450
425.707875
425.766750
425.788800
425.869125
425.893300
426.079225
426.095350
426.106650
426.148875
426.203650
426.254550
426.304900
426.330825
426.370575
426.443950
426.485750
426.523075
426.546850
426.575425
426.620175
426.786675
426.994175
427.021350
427.061550
427.171975
427.227175
427.236850
427.276400
427.349325
427.455475
427.659800
427.731050
427.768825
427.935625
427.955100
427.987425
428.036875
428.140600
428.191425
428.261575
428.545700
428.571225
428.601800
428.785650
428.804275
428.865125
428.982125
428.997375
429.259125
429.399600
429.405275
429.411125
429.442775
429.511625
429.709450
429.731575
429.902850
429.927550
429.946625
430.090700
430.108375
430.166000
430.194675
430.418775
430.449725
430.546100
430.576075
430.588950
430.596525
430.647300
430.665700
430.782000
430.834350
430.933150
430.985075
431.098650
431.124425
431.328350
431.472925
431.770375
431.777425
431.945200
431.953300
431.968125
432.124625
432.193750
432.209175
432.257225
432.266950
432.376750
432.401550
432.421125
432.466475
432.697600
432.975700
433.043850
433.069925
433.078225
433.091150
433.103350
433.118000
433.175525
433.182800
433.224300
433.284025
433.289625
433.384600
433.504825
433.555625
433.622225
433.640600
433.655900
433.702800
433.797150
433.833650
433.870975
433.975325
434.083825
434.134650
434.200375
434.311750
434.330500
434.360050
434.430575
434.441225
434.447775
434.455500
434.468125
434.497575
434.512950
434.517675
434.549975
434.599225
434.716700
434.920450
434.944500
434.982050
434.987625
435.261750
435.293650
435.320125
435.376925
435.415625
435.430175
435.509400
435.563525
435.586825
435.617375
435.643100
435.663275
435.682525
435.819850
435.883825
435.971725
435.991000
436.139675
436.148350
436.190725
436.210375
436.306175
436.385425
436.428875
436.585275
436.736725
436.764725
436.870050
437.026050
437.403775
437.523400
437.545725
437.774450
437.812900
438.029350
438.085875
438.095250
438.183175
438.222650
438.251250
438.311350
438.339325
438.392475
438.457525
438.532700
438.627925
438.720025
438.870075
438.910600
439.004825
439.249600
439.396625
439.413900
439.538375
439.583475
439.759700
439.776525
439.983075
440.031550
440.088375
440.243975
440.307650
440.331525
440.457900
440.549475
440.684825
441.550475
441.788675
441.868375
441.977175
442.067350
442.096150
442.223325
442.269875
442.314475
442.333100
442.373325
442.438625
442.501525
442.531950
442.542525
442.562875
442.639350
442.672675
442.701325
442.812550
442.826200
442.856750
443.039175
443.166375
443.210325
443.279400
443.648850
443.732200
443.824550
443.890025
444.010275
444.032150
444.047525
444.084425
444.159575
444.503925
444.806850
444.897300
444.931600
445.022700
445.130975
445.177400
445.286825
445.353925
445.377125
445.527075
445.536575
445.646325
445.745350
445.766150
446.060600
446.153825
446.202775
446.328900
446.387750
446.403225
446.465750
446.572250
446.607600
446.645000
446.704725
446.784025
446.856550
446.961725
447.052850
447.097275
447.173425
447.191250
447.276225
447.344600
447.498950
447.603325
447.690450
448.232500
448.291475
448.336200
448.360750
448.660950
448.789650
448.887000
449.032675
449.057950
449.226225
449.277625
449.289875
449.468150
449.506450
449.553550
449.587950
449.608025
449.766525
450.190625
450.479500
450.633400
451.072525
451.409675
451.495075
451.648300
451.834450
451.920350
452.148225
452.258500
452.286950
452.343425
452.555325
452.599375
452.623000
452.669500
452.838475
452.903200
453.031550
453.070925
453.170125
453.179100
453.202075
453.225850
453.234925
453.253075
453.384000
453.591575
453.673100
453.722925
453.769750
453.792725
453.854000
453.900525
454.002125
454.125650
454.168775
454.203875
454.242950
454.329975
454.407900
454.437125
454.651750
454.887550
454.899800
455.029350
455.049625
455.124750
455.206325
455.215550
455.337700
455.401300
455.418275
455.472725
455.484125
455.486400
455.508175
455.517725
455.559425
455.651950
455.670325
455.746425
455.798100
455.862675
455.900600
455.915125
456.276800
456.291000
456.301550
456.454525
456.559675
456.827700
456.848175
457.050625
457.157200
457.186600
457.264275
457.438550
457.458650
457.525600
457.539200
457.726100
457.790650
457.895575
457.932775
458.154000
458.242475
458.424000
458.451750
458.454900
458.529625
458.587025
458.845150
459.013225
459.205500
459.299075
459.409800
459.509525
459.868875
459.925025
460.061525
460.127925
460.160850
460.310125
460.438300
460.483950
460.755975
460.766800
460.813850
460.865250
460.919700
460.975000
461.040550
461.074450
461.130600
461.225325
461.601675
461.771050
461.834875
461.875575
462.017725
462.024075
462.067575
462.138825
462.154900
462.216675
462.256125
462.294225
462.350800
462.371600
462.442000
462.448325
462.648275
462.664175
462.730375
462.986075
463.033925
463.067600
463.244550
463.258250
463.348975
463.675375
463.722375
463.750775
464.001675
464.012875
464.047775
464.080800
464.148050
464.209100
464.352525
464.560200
464.577500
464.695200
464.823850
464.855975
464.887800
464.997800
465.004650
465.314500
465.326850
465.349175
465.601925
465.696325
465.798200
465.839975
466.003475
466.070650
466.227250
466.239125
466.373275
466.435775
466.481425
466.496500
466.526700
466.691175
466.813575
467.016025
467.083975
467.232925
467.356250
467.668850
467.809875
468.022500
468.080725
468.231125
468.242925
468.828225
468.882675
468.912425
470.911950
474.453850
475.954200
479.189800
479.198375
479.208125
479.224550
479.234825
479.268225
479.300000
479.307900
479.509775
479.521825
479.689525
479.938225
480.053100
480.229775
480.247775
480.276250
480.371675
480.406775
480.791475
480.819325
480.891950
481.056025
481.398100
481.491325
481.985600
482.031025
482.127825
482.142825
482.214175
482.243975
482.270275
482.321150
482.565225
482.589175
482.660625
482.853425
482.877950
483.086150
483.331925
483.466500
483.470325
483.525800
483.563550
483.629425
483.653150
483.979250
484.071700
484.169550
484.295375
484.342675
484.432125
484.451475
484.572950
484.604775
484.741525
484.974825
485.047175
485.138500
485.542625
485.618975
485.666775
485.717225
485.783450
485.851525
485.871125
486.293550
486.705525
486.820825
486.849100
486.894100
486.930225
487.164425
487.228325
487.323075
487.371400
487.427825
487.564950
487.657650
487.741850
487.744500
487.801900
487.898700
488.001075
488.091650
488.122375
488.194050
488.378450
488.424625
488.479250
488.559450
488.606375
488.653900
488.849475
488.851475
489.169150
489.308775
489.339375
489.405775
489.576375
489.628250
489.953725
489.981075
490.244350
490.285500
490.324825
490.449650
490.828200
490.870150
490.956300
491.139950
491.186925
491.459125
491.542750
491.555275
491.591975
491.613150
491.634500
491.676325
491.709025
491.849725
491.904625
491.931925
491.967625
492.041825
492.058900
492.092825
492.154900
492.192100
492.219200
492.258725
492.340325
492.416825
492.426650
492.469600
492.621650
492.832525
493.105875
493.172925
493.485100
493.561925
493.592075
493.678200
493.691675
493.728500
493.777975
493.807100
493.915600
493.971425
494.078700
494.115400
494.218200
494.417400
494.427875
494.505250
494.534900
494.644525
494.687825
494.722475
494.769050
495.048525
495.186900
495.200325
495.296375
495.339625
495.344850
495.748900
495.768200
495.857750
495.941125
496.018350
496.057725
496.286025
496.344725
496.571750
496.582275
496.766825
496.818700
497.049550
497.201025
497.637400
497.702400
497.722125
498.141825
498.222900
498.413725
498.553400
498.826325
498.944200
499.056625
499.131775
499.179200
499.402275
499.502125
499.601400
499.646875
499.879550
499.886000
499.895825
499.904225
499.987275
500.006350
500.065725
500.161300
500.184325
500.309075
500.336025
500.344750
500.472900
500.506800
500.520975
500.527675
500.728800
500.840975
500.876575
500.926825
500.979400
501.243250
501.253825
501.270425
501.325525
501.471075
501.570275
501.636100
501.788800
501.849975
501.883225
501.968200
502.000375
502.071325
502.263825
502.282075
502.472800
502.584250
502.619225
502.684125
502.757925
502.814100
502.998975
503.089950
503.182025
503.236100
503.356300
503.361425
503.394425
503.464675
503.540550
503.653850
503.751150
503.905650
503.987550
503.991225
504.018200
504.044325
504.156900
504.202950
504.321150
504.428075
504.509575
504.527025
504.572050
504.671300
504.831475
504.847825
505.123300
505.141225
505.344100
505.377200
505.444775
505.483825
505.809800
505.829175
505.960350
506.030425
506.292400
506.713625
506.760450
506.822225
506.879875
506.985250
507.014550
507.195800
507.226075
507.347275
507.428350
507.707100
507.743650
508.142975
508.226800
508.895525
508.950700
509.026750
509.130175
509.177250
509.185250
509.241275
509.342450
509.491475
509.682575
509.693400
509.880025
509.919850
509.936225
509.942800
509.984150
510.084200
510.118725
510.155450
510.172625
510.204800
510.317975
510.524950
510.571000
510.645400
510.653525
510.819275
510.891425
511.093125
511.117025
511.269700
511.429950
511.501750
511.534700
511.592025
511.610675
511.632100
511.660700
511.731800
511.758375
511.927775
511.941050
512.039225
512.089800
512.322050
512.469475
512.532150
512.683850
512.792100
512.801525
512.895275
512.914175
512.975075
513.088300
513.176200
513.468250
513.522175
513.546525
513.581925
513.651675
513.669250
513.696975
513.835700
513.932850
514.023025
514.067150
514.216525
514.506900
514.541900
514.562725
514.602925
514.747075
514.783225
514.904300
515.088800
515.170825
515.224650
515.279350
515.313450
515.436900
515.500675
515.527225
515.598375
515.666750
515.679575
515.783725
515.790950
515.855475
515.874625
516.031325
516.079300
516.281925
516.327575
516.375175
516.627300
516.649400
516.793325
516.998700
517.015425
517.122600
517.194325
517.440550
517.448400
517.549375
517.757575
517.762425
517.796300
517.893925
517.956550
518.026525
518.114025
518.288575
518.340350
518.642975
518.757000
518.817675
518.964450
519.017550
519.093475
519.164600
519.343075
519.384900
519.531750
519.561200
519.630625
519.643525
519.657000
519.667850
519.774900
519.815450
520.048575
520.125775
520.201625
520.276500
520.385000
520.436075
520.475675
520.500025
520.586350
521.155500
521.338225
521.460650
521.545425
521.603400
521.738500
521.783325
521.854925
521.968000
522.039875
522.053775
522.134850
522.166100
522.200975
522.374750
522.448025
522.568650
522.586625
522.692875
522.703475
522.954050
523.098400
523.108900
523.166750
523.237700
523.304550
523.321225
523.344100
523.354300
523.454950
523.469475
523.475425
523.544550
523.575850
523.756675
523.890375
523.958100
524.017700
524.041875
524.479575
524.591025
524.621950
524.865175
524.892800
525.015150
525.308775
525.313250
525.334300
525.370925
525.525075
525.530075
525.672925
526.155300
526.184050
526.508875
526.530550
526.542425
526.586675
526.607650
526.628875
526.653175
526.741050
526.789575
526.807450
526.866125
526.914400
526.931675
527.054750
527.089050
527.237000
527.333175
527.394625
527.440350
527.518850
527.615375
527.745550
527.894300
527.969325
528.111175
528.330025
528.587775
528.713150
528.827800
528.832850
528.842950
528.898525
528.911925
528.958925
529.039725
529.046550
529.100900
534.151400
535.549625
538.701475
538.735225
539.153300
539.161775
539.190275
539.198975
539.204875
539.235425
539.242875
539.251025
539.282975
539.292000
539.297975
539.341425
539.434700
539.482800
539.484100
539.552425
539.673800
539.758350
539.778350
539.791550
539.942900
539.986400
540.248500
540.273875
540.413875
540.422350
540.469475
540.503250
540.519900
540.545550
540.595300
540.793375
540.808975
540.823625
540.891775
540.977625
541.033775
541.073175
541.086700
541.171200
541.243075
541.305325
541.323150
541.440800
541.579425
541.780900
541.825475
541.855275
541.952850
542.008775
542.104950
542.126650
542.158075
542.269550
542.314625
542.395250
542.437425
542.474325
542.718575
542.807875
542.920425
542.977900
543.000100
543.224875
543.292850
543.318775
543.401675
543.433700
543.486475
543.528450
543.549050
543.635925
543.683650
543.856025
543.930650
543.947825
543.957100
543.990150
544.049200
544.087550
544.154350
544.274400
544.390250
544.712150
544.745175
544.788800
544.942350
545.049450
545.304575
545.342275
545.387525
545.480825
545.540625
545.591350
545.607850
545.768825
545.856725
545.914675
545.934550
545.952525
546.141350
546.283450
546.339475
546.490875
546.603025
546.657425
546.696900
546.750550
546.772850
546.788425
546.806925
546.875525
547.115450
547.126825
547.206325
547.238450
547.289300
547.521350
547.571575
547.994975
548.049775
548.109575
548.528625
548.577400
548.583875
548.606675
548.694525
548.747125
548.760275
548.776125
548.821225
549.074900
549.127775
549.248350
549.297650
549.460325
549.488750
549.857650
550.173500
550.193800
550.225300
550.276225
550.489625
550.511575
550.522700
550.554875
550.593950
550.761700
550.862925
550.875675
550.908250
550.952750
551.021200
551.225450
551.317075
551.403475
551.434725
551.467025
551.609650
551.953600
552.061125
552.237925
552.276650
552.519475
552.765825
552.775500
553.020775
553.174275
553.197500
553.427250
553.520125
553.590100
553.630000
553.678525
553.885975
553.922350
553.990275
554.035625
554.108425
554.110800
554.127100
554.153000
554.315950
554.436225
554.488300
554.546475
554.567225
554.592650
554.632625
554.693550
554.851850
554.959650
555.022600
555.155000
555.243750
555.256825
555.331575
555.473625
555.489800
555.588600
555.601625
555.665775
555.895000
555.905775
555.949700
556.235950
556.260300
556.291250
556.341375
556.533950
556.659625
556.698300
556.725275
556.816400
556.917075
557.013375
557.051800
557.163425
557.185950
557.311550
557.317275
557.363750
557.441925
557.522000
557.546450
557.663825
557.756300
558.112675
558.177900
558.288850
558.346100
558.382850
558.407250
558.523025
558.546675
558.632000
558.755550
558.778150
558.803775
558.851275
558.941300
559.041500
559.168000
559.266900
559.355750
559.391800
559.680900
559.711600
560.041550
560.049125
560.091900
560.106000
560.312550
560.477700
560.503225
560.540075
560.835950
560.932225
561.054750
561.112600
561.173775
561.595850
561.720475
561.951850
561.988800
562.278625
562.572275
562.991750
563.051725
563.224775
563.335200
563.560800
563.632975
563.666600
563.723675
563.830625
564.008125
564.066550
564.177325
564.231775
564.289925
564.327650
564.569100
564.686200
565.177725
565.215325
565.297950
565.418150
565.454700
565.535400
565.600175
565.825250
565.853950
566.298000
566.565475
566.689050
566.710125
566.741075
566.786575
566.847200
566.943950
566.958625
567.009800
567.032150
567.157000
567.333100
567.340050
567.387950
567.524450
567.742300
567.947850
568.145200
568.216475
568.312775
568.333375
568.450350
568.453350
568.458400
568.512300
568.541000
568.552100
568.648150
568.853125
568.975300
569.016950
569.240925
569.279775
569.305175
569.398475
569.640750
569.873175
570.007800
570.165625
570.493675
570.642025
570.709800
570.734000
570.801450
570.900025
570.927900
570.932625
570.954925
571.081150
571.100050
571.177250
571.318250
571.362100
571.419825
571.492050
571.637075
571.874650
571.892375
571.968200
572.003750
572.053000
572.066200
572.101000
572.413175
572.445350
572.490550
572.506850
572.830300
572.848250
572.883300
572.909575
572.923750
572.952275
572.964475
573.080825
573.230300
573.312850
573.337450
573.406325
573.459575
573.540800
573.704525
573.719400
573.725150
573.730400
573.844575
573.869625
573.936325
573.946550
574.062250
574.111575
574.196525
574.357275
574.460225
574.515625
575.023550
576.022800
576.160925
576.317650
576.582075
576.637075
577.026625
577.234350
577.882375
577.991350
578.011050
578.227850
578.349650
578.502050
578.546200
579.046250
579.209875
579.356675
579.490450
580.093575
580.713675
580.784725
581.089025
581.397900
581.734450
581.764275
581.848975
581.977650
582.126175
582.137850
582.194225
582.562975
582.591300
583.294500
583.504900
583.544325
583.568150
583.672025
583.698050
583.796250
583.854150
583.865000
583.942900
583.999975
584.062675
584.122300
584.202375
584.234900
584.270800
584.323875
584.338175
584.439575
584.536625
584.678450
584.966100
584.985950
585.262250
585.302175
585.408800
585.440500
585.513450
585.738525
587.139525
587.142800
587.445425
587.894900
588.023225
588.136400
588.276250
588.324500
588.345850
588.473375
588.513700
588.712950
588.746300
588.784750
588.868500
589.059375
590.492425
591.017450
593.325025
596.373600
596.528150
599.157825
599.169100
599.179025
599.226125
599.256175
599.289275
599.339825
599.343300
599.366100
599.397675
599.461475
599.468850
599.507350
599.595100
599.623725
599.656400
599.787100
599.788325
599.858650
599.984050
600.167850
600.307850
600.344825
600.371150
600.413775
600.505275
600.529275
600.612400
600.733475
601.048700
601.120650
601.398425
601.687675
601.751475
601.809075
601.869625
602.152225
602.167100
602.288000
602.300350
602.421675
602.485250
602.574425
602.727150
602.763325
602.792575
602.838050
602.993750
603.070600
603.098275
603.161475
603.209525
603.302975
603.594975
603.682875
603.709475
603.720125
603.759300
603.818550
603.855750
604.000225
604.044025
604.075275
604.219875
604.371075
604.396925
604.427350
604.669850
604.681125
604.758750
604.840550
604.898375
604.917225
605.130075
605.164875
605.288475
605.306150
605.395875
605.462150
605.604875
605.607400
605.745750
606.504250
606.671175
606.682050
606.818650
606.833150
606.858050
606.881950
606.919875
607.065575
607.107775
607.180650
607.199875
607.343875
607.405350
607.423175
607.490125
607.503375
607.555350
607.584050
607.586300
607.689875
607.870700
608.011225
608.061250
608.114125
608.192000
608.268800
608.303225
608.359875
608.419075
608.468525
608.510475
608.639250
608.723725
608.769700
608.787800
608.813425
608.821550
608.940375
609.031275
609.277000
609.346750
609.358200
609.464275
609.810575
609.993475
610.013475
610.021075
610.044675
610.061375
610.128825
610.156550
610.249450
610.273100
610.295200
610.322300
610.438825
610.503250
610.522975
610.587725
610.661350
610.701125
610.791050
610.877925
610.942900
610.980800
611.097125
611.154825
611.169300
611.286875
611.303125
611.336025
611.354050
611.391250
611.478750
611.490300
611.643600
611.652225
611.839600
611.942750
611.961350
612.008425
612.023950
612.070500
612.171625
612.192050
612.235900
612.272475
612.317025
612.447950
612.464000
612.803775
612.853525
612.959825
613.016700
613.052625
613.153150
613.171575
613.211750
613.310375
613.340800
613.360600
613.409750
613.440575
613.575700
613.598075
613.619375
613.744250
614.008075
614.063875
614.076700
614.107875
614.244525
614.293075
614.354200
614.378750
614.411100
614.590250
614.606475
614.641950
614.700650
614.722425
614.870825
614.950825
615.019075
615.060125
615.100550
615.171475
615.217875
615.286350
615.297450
615.342475
615.384375
615.477900
615.488700
615.654700
615.851875
615.900650
615.977800
616.091725
616.128275
616.364650
616.426675
616.589550
616.608775
616.634425
616.669025
616.738975
616.918175
616.947550
616.949000
616.968800
616.983375
617.009950
617.068875
617.347125
617.443200
617.470000
617.484000
617.546875
617.877350
617.991400
618.214400
618.333075
618.512750
618.682175
618.694825
618.750375
618.810075
618.839525
618.935500
618.981075
619.013100
619.034650
619.127975
619.220075
619.338425
619.606775
619.797775
619.853625
620.399125
620.455750
620.476825
620.536575
620.856325
620.876675
621.004075
621.177825
621.263850
621.301725
621.536325
621.795075
621.921200
622.082025
622.145075
622.173900
622.302725
622.316300
622.349250
622.440225
622.515675
622.546900
622.597800
622.624975
622.939525
623.099750
623.463975
623.936650
623.988800
624.208175
624.265100
624.564000
624.673525
625.057650
625.372700
625.804875
625.883975
625.910775
626.027225
626.038450
626.774775
626.871175
626.983325
627.027875
627.526200
627.611875
627.837025
627.964275
628.501225
629.072350
629.252600
629.289450
629.334700
629.419250
629.799700
629.809175
629.906750
629.934075
630.055525
630.076900
630.143025
630.153225
630.202400
630.276025
630.279475
630.328100
630.334800
630.496175
630.563875
630.603225
630.624375
630.681575
630.741750
630.762600
630.786375
630.850375
630.881275
631.098850
631.275675
631.303750
631.431775
631.451775
631.470375
631.517375
631.661550
631.729425
631.855500
631.999225
632.196075
632.208375
632.271650
632.328375
632.428950
632.446625
632.536550
632.616175
632.642750
633.037900
633.045475
633.144450
633.175625
633.209275
633.287550
633.310950
633.610225
633.641475
633.693675
633.774200
633.819675
633.898275
633.957400
634.051350
634.311050
634.389900
634.426625
634.535250
634.605225
634.788400
634.909125
634.946650
634.997850
635.033250
635.080850
635.172375
635.237125
635.332300
635.389650
635.510475
635.540875
635.576350
635.662575
635.866350
635.899725
636.158100
636.212825
636.271125
636.315275
636.461675
636.510975
636.562200
636.586000
636.604650
636.796375
636.844125
636.932725
637.051100
637.069850
637.107900
637.134750
637.177575
637.198375
637.222525
637.528800
637.582000
637.700675
637.734100
637.793175
637.884725
637.955575
637.972125
637.980175
638.144200
638.269575
638.307400
638.610350
638.658600
638.779675
639.052750
639.124425
639.161375
639.194475
639.396775
639.526150
639.616825
639.670450
639.725675
639.841375
640.199025
640.217825
640.237025
640.281425
640.404125
640.407275
640.413475
640.446525
640.552200
640.718650
640.729450
640.744425
640.777175
640.885650
640.892100
640.923800
640.988425
641.090850
641.197675
641.402375
641.430150
641.481100
641.604825
641.817400
641.955400
642.148200
642.175800
642.247275
642.259875
642.327600
642.353250
642.477700
642.757550
642.793425
642.887125
643.188425
643.356900
643.435400
643.485625
643.507275
643.740150
643.814300
643.837400
644.070525
644.101325
644.175175
644.181325
644.202875
644.330075
644.358150
644.395300
644.425300
644.444350
644.543775
644.575250
644.658450
644.672850
644.739175
644.768825
644.859950
645.105525
645.134750
645.175550
645.189225
645.205125
645.278150
645.309325
645.636025
645.796225
645.922825
646.093850
646.140350
646.436025
646.783450
646.821900
646.903600
647.020450
647.150350
647.219525
647.243125
647.256800
647.411175
647.447875
647.659100
647.870800
647.980675
648.026350
648.221625
648.264050
648.356850
648.535425
648.629850
648.662600
648.725225
648.861100
649.076500
649.110500
649.254950
649.400300
649.766200
650.033950
650.053500
650.548125
650.760275
650.819450
650.902375
650.920775
650.945500
650.974025
651.329300
651.343425
651.478925
651.592975
651.783025
652.408575
652.495900
652.899700
652.926000
653.006700
653.031900
653.129200
653.170475
653.253475
653.298675
653.329150
653.378925
653.497450
653.554050
653.687850
653.727550
653.831900
653.963250
654.411025
