# # All spikes for Neuron
0.012675
0.182775
0.207650
0.263775
0.288125
0.322450
0.535750
0.568900
0.806250
0.827025
0.866400
0.887650
1.415400
1.787525
1.812850
1.840750
2.120500
2.207250
2.230025
2.251275
2.300350
2.504700
2.525425
2.536700
2.632075
2.661825
2.747400
2.864925
3.062025
3.098250
3.178225
3.196700
3.221200
3.246275
3.324925
3.569300
3.595100
3.635350
3.657650
3.669575
3.945850
3.995250
4.123250
4.523225
4.565500
4.880875
5.611950
5.637200
5.687625
5.720775
5.763050
5.976100
6.012000
6.290775
6.730450
7.050850
7.097050
7.164300
7.533275
7.772725
8.086700
8.118575
8.195075
8.426175
8.449175
8.540500
8.950275
8.990150
9.309425
9.368200
9.413225
9.439625
9.488125
9.934300
10.256900
10.310325
10.633325
10.676875
11.071950
11.113400
11.952025
12.329925
12.361475
12.752525
13.271675
13.322100
14.972075
15.023850
15.044025
15.071950
15.390500
15.411925
15.440900
15.478750
15.788650
15.871200
16.200900
16.908450
16.952950
17.004500
17.051700
18.079350
18.438900
18.930125
19.029975
19.415400
19.650850
19.772450
19.860875
20.102425
20.132000
20.197675
20.222400
20.261325
20.445100
20.485550
20.541400
21.784775
22.180700
23.023300
23.565175
23.640700
24.205525
24.245400
24.279975
24.320250
24.379825
24.714675
24.759850
25.162125
25.226300
25.528175
26.214875
26.579775
27.029675
27.057675
27.090500
27.414200
28.988925
29.031450
29.070900
29.569650
29.870225
30.503900
30.551600
30.577175
30.666075
31.348425
32.678750
33.267575
33.559775
33.613125
34.069425
34.123550
34.174075
34.545775
34.630600
34.678075
34.694550
34.724250
35.051425
35.155175
35.233600
35.299625
35.387175
35.584850
35.618225
35.677975
35.693700
35.719875
35.736125
35.753600
35.799250
36.265375
36.460625
36.486100
36.896700
36.955275
37.007250
37.338875
37.392350
37.425225
38.097425
38.216475
38.579025
38.617625
39.017750
41.178500
41.839250
42.275600
43.522575
44.510200
45.208525
45.234900
45.261750
45.287600
45.300025
45.312150
45.326000
45.751950
45.781075
46.452075
46.535200
46.557250
46.745600
46.783925
46.802100
46.848525
47.302625
48.241075
48.255775
48.282325
48.319025
48.326150
48.516675
48.564700
48.600625
48.623075
48.914050
48.998325
49.195575
49.592450
49.757575
49.805350
50.547325
50.620650
51.118600
51.506000
51.565050
51.587975
51.638300
51.673600
51.700425
51.724400
51.750600
51.780900
51.942800
52.009575
52.104050
52.136000
52.369000
52.393250
52.438775
52.501800
52.518000
52.540225
52.662025
52.702175
52.727850
52.765025
52.840000
53.092850
53.144450
53.162900
53.196375
53.218850
53.874725
54.291075
54.370725
54.960200
55.001825
55.093950
55.454050
55.498675
55.843050
56.267125
56.282625
56.321625
56.587225
56.607800
56.661900
56.960525
57.024050
57.065825
57.286500
57.703075
58.028700
58.105250
58.371750
58.465200
58.756850
59.119550
59.152800
59.516100
59.573175
59.851475
60.300975
60.693550
61.363025
61.809925
61.829575
62.041650
62.233825
62.691300
62.740850
62.796025
62.833025
63.061550
63.113425
63.155625
63.386900
63.521875
63.586100
63.924325
63.946600
63.985800
64.025400
64.143200
64.293150
64.312325
64.365650
64.748450
64.798025
64.862650
65.193850
65.281400
65.652075
66.521075
66.566375
66.859325
66.914050
67.092250
67.123900
67.169825
67.207575
67.242300
67.539225
67.584900
67.974375
68.017675
68.300000
68.397750
68.445550
68.733875
68.790825
69.202225
69.267000
69.658475
69.708525
70.136825
70.176050
70.204825
70.248925
70.491275
70.536575
70.569850
70.592750
70.910900
70.967600
70.989575
71.317925
71.451175
71.853150
71.876500
72.319475
72.656925
72.758825
73.068750
73.115775
73.482725
73.528600
73.545250
73.582775
73.997850
74.075900
74.138325
74.393075
74.408425
74.454450
74.486500
74.514725
74.730800
74.751675
74.781875
74.802650
74.827725
74.880375
75.112400
75.157225
75.183025
75.396800
75.459350
75.483325
75.503075
75.930950
75.989875
76.030125
76.075700
76.407675
76.446425
76.567075
76.817550
76.873700
76.913725
77.074175
77.223900
77.258425
77.439450
78.173175
78.211000
78.247350
78.638775
80.099425
80.179625
80.264475
81.274125
81.309000
81.341200
81.384800
81.456300
81.764675
81.810075
81.946550
82.205175
82.240450
82.274900
82.310875
82.673600
82.697125
82.722025
83.078800
83.112125
83.135225
83.160300
83.463125
83.527150
83.846150
83.900550
83.934200
83.963500
83.986975
84.222875
84.264925
84.289950
84.327300
84.431300
84.487450
84.785650
84.813650
84.830250
84.853575
84.877750
84.919650
84.945350
84.972450
84.997275
85.023925
85.190850
85.225825
85.233050
85.283225
85.300150
85.327550
85.396500
85.553975
85.583650
85.621500
85.635575
85.655050
85.678000
85.756350
85.937700
85.970925
86.006625
86.052625
86.072750
86.092300
86.276950
86.364275
86.415500
86.431925
86.734425
86.813050
87.068700
87.586900
87.774950
88.159775
88.216200
88.244025
88.674375
91.487950
93.871450
97.395800
97.462925
98.027200
98.060100
98.102650
98.152000
98.811300
98.974075
99.276625
99.292925
99.310475
99.333400
99.351600
99.378500
99.405675
99.470425
99.487300
99.696950
99.767150
99.805950
100.084550
100.104500
100.153275
100.465200
100.532400
101.019050
101.526025
101.686675
101.943775
101.993475
102.039900
102.859150
103.856700
104.336125
104.575575
105.788425
106.050950
106.137775
106.574925
106.630650
106.898800
106.967375
107.351250
107.386725
107.419750
108.129225
108.535800
108.585625
109.076450
109.357850
109.841900
110.187450
110.257400
110.641325
111.042650
111.087350
111.140650
111.517100
111.562200
111.920700
111.965525
111.994525
112.476025
112.764375
112.821175
113.186950
113.217550
113.296725
113.824700
113.960225
114.313025
114.363350
114.801775
115.243950
115.270875
115.371925
115.653125
115.730625
115.759450
115.801925
116.005250
116.032025
116.067850
116.102200
116.346050
116.375725
116.388200
116.415425
116.446800
116.694850
116.744550
116.784425
117.008250
117.197725
117.318700
118.068475
118.098575
118.143800
118.214525
118.485500
118.788300
118.830800
118.880650
118.927950
118.957300
119.155675
119.168525
119.218800
119.253675
119.498525
119.522925
119.553800
119.575475
119.934775
119.973575
120.016725
120.302500
120.330350
120.437950
120.691550
120.710875
120.770000
120.840825
120.880000
121.189525
121.248350
121.274800
121.294425
121.323100
121.358150
121.372350
121.386025
121.589750
121.647975
121.661000
121.701175
121.746375
122.022700
122.057950
122.138700
122.165650
122.372075
122.403950
122.432975
122.475125
122.738725
122.765975
122.797250
122.874875
123.126850
123.154325
123.230275
123.472650
123.507400
123.529000
123.653600
123.890425
123.932125
123.970775
124.207300
124.303450
124.608700
124.675475
125.018925
125.428775
125.852800
126.741850
126.860150
127.348775
127.433125
127.461800
127.521600
127.785025
128.156925
128.398025
128.459950
128.543525
128.576900
128.598725
128.874650
128.910850
128.929800
128.952300
128.978900
129.230575
129.274975
129.290650
129.302700
129.378475
129.491025
129.528450
129.578975
129.842625
129.876275
129.905675
129.945550
130.052175
130.242150
130.321300
130.368125
130.429275
130.656200
130.699725
130.768000
130.926675
130.971425
131.042075
131.395925
131.562950
131.613375
131.637525
131.677725
131.978725
132.034100
132.052100
132.082250
132.099150
132.146325
132.493075
132.567075
132.595275
133.128450
133.264800
134.216350
134.254575
134.316250
134.863425
134.917675
134.940825
134.960575
135.285525
135.321700
135.671900
136.178475
136.203825
137.199275
137.285325
137.544325
137.624525
138.067175
138.149925
138.215100
138.763550
138.822025
138.867400
143.712900
146.391300
146.435125
146.485750
146.829225
148.858225
148.972150
149.061550
149.113950
149.177125
149.197625
149.214550
149.236450
149.258575
149.293400
149.317700
149.384150
149.402650
149.425350
149.443475
149.457525
149.481100
149.503625
149.652200
149.687775
149.711400
149.754475
149.788475
150.026025
150.058975
150.077075
150.357550
150.390275
150.407475
150.658700
150.699725
150.723150
150.998450
151.048800
151.521200
151.591450
152.204275
152.236400
152.303500
152.600175
152.649850
152.920525
153.700650
153.787875
154.072500
154.414650
154.467425
154.490500
154.871850
154.927200
155.208550
155.230350
155.261900
155.318825
155.356150
155.647675
155.676225
156.523650
156.872375
157.331775
157.408575
157.853800
159.033400
159.112775
159.627450
159.955100
159.988075
160.038700
160.517300
160.654575
161.276500
161.312050
161.362325
161.396000
161.418675
161.793175
161.824875
162.078400
162.121775
162.154825
162.446275
162.462425
162.531650
162.880175
162.970300
163.444475
163.469325
163.735100
164.023700
164.080425
164.358625
164.415500
164.456575
164.543400
164.621500
165.165325
165.993225
166.428050
166.725675
166.761850
167.272350
167.321700
167.392700
167.473350
167.908225
167.939450
167.962425
167.996325
168.306675
168.344700
169.140650
169.180400
169.537450
169.585175
169.700250
170.054875
170.097700
170.420700
170.442850
170.560875
170.610100
170.980725
171.332500
171.437175
171.501950
171.571200
171.603625
171.638575
171.665600
171.696400
171.730500
171.940575
171.985725
172.068725
172.141550
172.162500
172.195900
172.515025
172.546150
172.570300
172.605125
172.866875
172.911075
172.941800
173.455050
173.516975
173.580775
173.847775
173.926125
173.995300
174.357400
174.413750
174.817525
175.594125
175.709750
176.038600
176.098100
176.114750
176.203825
176.566550
176.646125
176.677875
176.889850
176.969075
176.990950
177.015975
177.038625
177.096775
177.385700
177.418225
177.451650
177.478725
177.518275
177.541300
177.810325
177.838350
177.854900
177.887200
177.932500
178.139350
178.178375
178.204350
178.279925
178.297275
178.333050
178.358750
178.383400
178.388100
178.690350
178.728425
178.794300
179.129175
179.184650
179.425275
179.477150
179.501525
179.712775
179.784825
179.864375
179.989825
180.054775
180.090100
180.116000
180.153125
180.374575
180.386350
180.462225
180.734375
180.775000
180.790125
180.822525
180.876175
180.896075
180.953450
181.061325
181.102150
181.178075
181.201325
181.226675
181.248450
181.525000
181.565425
181.617550
181.667000
181.884525
181.911500
181.990800
182.001550
182.027950
182.049025
182.062450
182.111750
182.364675
182.477025
182.633825
182.693550
182.777575
183.088100
183.139750
183.414375
183.498200
183.730500
183.749075
184.105575
184.417725
184.472400
185.441325
185.742450
186.171050
186.537175
186.596675
187.110800
187.181100
187.211000
187.620400
187.661900
187.763875
188.118850
188.156225
188.176600
188.216500
188.514075
188.555300
188.612900
188.924275
193.977975
194.383600
194.416875
194.444075
196.562900
196.624650
197.206975
199.105600
199.156975
199.178450
199.241950
199.283725
199.338875
199.418300
199.485275
199.541600
199.559300
199.652550
199.690225
199.732925
199.830000
199.860000
199.884675
199.981250
200.189575
200.232550
200.282125
200.499750
200.717075
200.753675
200.803675
200.844875
201.099000
201.145475
201.187300
201.467925
201.846750
202.429275
202.856875
203.178400
203.244600
203.565500
204.050375
204.273175
204.329800
204.485750
204.729950
204.766700
204.797550
204.851650
204.893375
204.918425
204.989525
205.090375
205.114150
205.174200
205.203625
205.237900
205.311600
205.332025
205.601250
205.656200
205.680750
205.713800
205.786025
205.826950
205.838000
205.856700
205.899675
205.959450
206.058200
206.088700
206.159225
206.171125
206.202625
206.210725
206.258075
206.453000
206.481625
206.498900
206.543050
206.564100
206.577900
206.777475
206.889100
206.906700
206.967275
206.994625
207.052275
207.085625
207.130950
207.152100
207.222400
207.270200
207.480650
207.492350
207.497575
207.572650
207.592975
207.629200
207.757850
207.871150
207.982650
208.058525
208.163050
208.211725
208.222450
208.356450
208.423875
208.474200
208.975075
209.002825
209.070150
209.391050
209.408750
209.466525
209.746625
209.786075
209.847325
209.892125
209.977175
209.998025
210.107175
210.126550
210.151600
210.297075
210.450100
210.549775
210.748775
210.786125
211.068700
211.091500
211.305725
211.550100
211.567425
211.890125
211.977075
212.484475
212.950900
213.761175
213.798450
213.848225
214.318975
214.653800
214.729825
214.804925
215.116275
215.227400
216.007400
216.434025
217.191525
217.282175
217.546950
217.712100
218.335700
218.367950
218.411050
218.448675
218.702125
218.748200
218.767375
219.428375
220.599550
220.903100
221.603550
221.626075
221.657700
222.097600
222.144300
222.200475
222.496425
222.565775
222.612375
222.980925
223.030225
223.380625
223.416725
223.442525
223.471075
223.499275
223.806425
223.878925
224.295275
225.178600
225.552700
227.121100
227.149400
227.201200
227.492625
227.531875
228.232050
228.275550
228.366675
228.636000
228.673350
228.979000
229.054700
229.472450
229.529500
229.744750
229.794150
229.841000
229.901200
230.153525
230.167650
230.201925
230.510875
230.533325
230.604500
230.656200
230.919250
230.945125
231.354000
231.374225
231.395550
231.625250
231.742375
231.798575
232.178650
232.378575
232.969725
233.827150
234.978050
235.029600
236.082800
236.493275
236.527375
236.552025
236.577800
236.594675
236.613250
237.014100
237.112125
237.174950
237.316225
237.350200
237.391450
237.418300
237.728375
237.784100
237.836600
237.885875
237.911575
238.288850
238.325150
238.359900
238.379300
242.822800
243.333250
243.378075
246.398550
246.490350
246.602150
246.652950
246.695600
246.710325
248.256225
248.282900
248.323125
248.351700
248.374675
249.549925
249.643025
249.945575
249.992125
250.342200
250.679300
251.060550
251.851600
251.882725
251.916350
252.710400
252.933450
253.997975
254.049400
255.119425
255.180100
255.195900
255.230700
255.255975
255.280975
255.625550
255.699650
256.008600
256.433500
256.464250
256.494800
256.519950
256.852025
256.882000
256.922125
257.364725
257.407025
257.902175
257.949825
258.259650
258.336950
258.458500
258.794050
258.839450
259.226875
259.276875
259.323225
259.615725
259.641350
259.672125
259.717300
259.969000
260.324250
260.394850
260.424725
261.170675
261.195475
261.587375
262.092950
262.955425
263.391200
263.499075
263.800550
264.189075
264.222200
264.255700
264.848750
264.999300
265.043825
265.166450
265.255475
265.365525
265.385825
265.449125
265.467500
265.575575
265.583025
265.621875
265.802425
266.018475
266.172775
267.014200
267.323275
267.535200
267.841000
267.856875
267.962500
268.121550
268.298300
268.453600
268.681075
268.699125
268.717925
269.052400
269.174450
269.331750
269.528075
269.618200
269.998300
270.239175
270.378950
270.423425
270.524725
270.551175
270.580425
270.810100
270.828525
270.956725
271.051650
271.149500
271.360275
271.893750
271.970325
272.286800
272.492225
272.510375
272.576925
272.797550
273.089400
273.138475
273.365800
273.387075
273.486925
273.534075
273.609775
273.841775
273.898500
273.952200
274.095850
274.123700
274.144775
274.445925
274.516400
274.532700
274.570600
274.595350
274.610775
274.636775
274.685325
274.916100
274.935275
274.985125
275.085525
275.101175
275.425050
275.460000
275.551150
275.604825
276.573275
276.756975
276.863625
276.909475
276.970875
277.038775
277.228350
277.331800
277.419825
277.453225
277.476100
277.497825
277.567775
277.858350
277.893050
277.926800
278.007750
278.256475
278.315925
278.577150
278.597500
278.801725
278.916275
278.993975
279.250525
279.278975
279.345800
279.413125
279.479175
279.520625
279.560125
279.614500
279.669450
279.765350
279.827450
279.903825
280.138400
280.165925
280.485400
280.542575
280.562000
280.658225
280.696925
280.739225
281.170550
281.206250
281.303675
281.343800
281.517475
281.748625
281.935150
281.991450
282.260275
282.533125
282.571025
282.619225
282.847775
282.924450
282.954775
283.001300
283.049500
283.088175
283.138175
283.150325
283.165050
283.205800
283.312475
283.368400
283.477750
283.536175
283.652400
283.970650
284.137050
284.338850
284.719925
284.865000
285.009100
285.522925
285.555025
285.563175
285.663625
285.807000
285.994025
286.020625
286.095350
286.253425
286.306975
286.336350
286.412425
286.460150
286.820825
287.194200
287.276925
287.300475
287.403700
287.448225
287.784350
287.868650
287.885500
287.914450
287.962450
288.221500
288.291050
288.313075
288.378375
288.395950
288.569375
288.593825
291.950800
291.987500
292.757300
294.269950
294.311350
294.324225
294.792950
294.822500
294.891975
294.958800
294.988525
295.084475
295.473050
295.582025
296.094000
296.218850
296.295650
296.562625
296.676325
296.693525
297.238050
297.276250
297.298625
297.312175
297.359275
297.366450
297.392675
298.045175
298.141125
298.422325
298.558500
298.903050
298.942025
299.023400
299.040500
299.055825
299.176575
299.223175
299.274200
299.333375
299.640950
299.701725
299.864200
299.904500
299.941675
299.971950
300.037600
300.250650
300.309300
300.328125
300.523850
300.593200
300.618850
300.713150
301.043350
301.087775
301.428750
301.500575
301.824425
302.153375
302.185150
302.224225
302.466725
302.902450
302.938525
302.962750
303.317400
303.340225
303.771650
304.099200
304.436350
304.801500
304.835800
304.898050
305.264600
305.313075
305.618100
305.663900
305.734525
305.761900
306.032975
306.150075
306.631525
306.710800
307.445975
307.475450
307.508325
307.551000
307.808975
307.844225
307.880000
308.250100
308.351475
308.605225
308.993600
309.033875
309.092375
309.139550
309.180700
309.470775
309.501100
309.536850
309.822525
309.855000
310.219175
310.276700
310.346975
310.616250
310.714025
310.747150
310.764700
311.132100
311.233225
311.262875
311.733550
311.898600
312.067750
312.144750
312.187225
312.387675
312.401650
312.772000
312.853175
312.887175
312.904550
312.936825
312.966150
312.995650
313.270275
313.319850
313.335925
313.354825
313.383050
313.484900
313.630950
313.675850
313.757125
313.773825
313.960100
314.014400
314.035050
314.057925
314.096500
314.119100
314.147700
314.158675
314.166250
314.201575
314.264775
314.396925
314.552000
314.583100
314.646600
314.739650
314.752225
314.840700
315.087450
315.113275
315.193050
315.392125
315.472925
315.491125
315.572175
315.590475
315.707800
315.741800
315.844475
315.887275
315.933625
315.966675
315.977975
316.014350
316.052125
316.478725
316.648150
316.699350
316.703750
316.772675
316.892000
316.903975
316.972200
317.006500
317.029975
317.109450
317.143550
317.239400
317.479875
317.525800
317.703900
317.760950
317.778850
317.881425
318.053825
318.177150
318.219975
318.286700
318.816875
318.871375
318.909750
319.197900
320.069775
320.406575
320.433450
320.478300
320.790125
320.845975
321.211300
321.238700
321.396900
321.434225
321.942125
321.959025
321.996225
322.095075
322.111225
322.490525
322.544075
322.593875
322.606275
322.723475
322.782075
322.800400
322.918775
323.055825
323.071550
323.096125
323.127550
323.456675
323.486325
323.534300
323.545000
323.624900
323.639650
323.702000
323.721925
323.812800
323.848750
323.888725
323.996900
324.017350
324.129925
324.156600
324.194225
324.264575
324.284050
324.299875
324.527325
324.581375
324.602550
324.628350
324.710175
324.877575
324.907300
324.943425
325.005625
325.096500
325.299475
325.323475
325.333650
325.368225
325.392300
325.439400
325.494575
325.977325
326.023500
326.083200
326.335525
326.357500
326.394600
326.400875
326.832750
327.061350
327.088600
327.125475
327.167450
327.201125
327.478650
327.523125
327.577600
327.907625
327.993575
328.268250
328.309300
328.363675
328.395500
328.442175
328.452825
328.721950
328.752050
328.790775
329.070850
329.118775
329.300925
329.359625
329.742275
329.769400
329.832450
329.951450
330.165325
330.247000
330.268650
330.354625
330.376050
330.725975
330.790950
330.988600
331.042225
331.326325
331.696125
332.080000
332.116675
332.426100
333.203800
333.734775
333.787600
333.822175
334.220200
334.546225
334.585300
334.672100
334.957100
335.040450
335.628100
335.685975
335.892875
336.408425
336.439475
336.541050
336.875300
337.371175
337.430300
337.853950
338.381250
338.429500
338.461675
338.494350
338.769625
338.836175
341.900225
341.975225
342.024600
343.107475
343.129400
343.684800
344.920600
347.137350
347.721650
347.870625
347.891375
347.936325
347.973275
348.008650
348.052300
348.521900
349.447875
349.777075
350.195850
350.226950
350.667925
350.706725
350.976975
351.612800
351.699875
352.267300
352.298125
352.392250
352.450600
352.500325
352.734775
352.987675
353.048475
353.087325
353.446200
353.564725
353.589150
353.708475
353.721875
354.099850
354.142050
354.443400
354.859350
355.286875
355.642375
356.466525
356.534400
356.606100
356.881600
356.961500
356.998875
357.260000
357.343300
357.645600
357.746100
358.063125
358.417875
358.448675
358.845075
358.890525
358.928500
358.948325
359.249225
359.307975
359.667650
359.727075
359.967225
359.988500
360.004100
360.050250
360.083125
360.370450
360.390075
360.407500
360.443025
360.496700
360.746075
360.899375
360.939250
361.004000
361.395725
361.482150
361.508800
361.529350
361.559900
361.812125
361.833975
361.916775
361.933325
361.990625
362.108550
362.128300
362.206575
362.319675
362.378425
362.511975
362.525000
362.662450
362.727475
362.835000
362.879525
363.153050
363.278325
363.688275
364.153300
364.201250
364.212275
364.258225
364.638850
364.745825
364.779000
365.038675
365.281175
365.363025
365.623800
365.662850
365.801475
365.849525
365.895250
365.923675
366.256000
366.278175
366.289825
366.537550
366.562600
366.610925
366.649500
366.701675
366.744100
366.976125
366.998825
367.008400
367.057375
367.112675
367.224875
367.265975
367.559750
367.575175
367.655750
367.663150
367.978150
368.037425
368.133175
368.393075
368.423250
368.743300
368.780875
368.812725
368.975750
369.155850
369.612675
369.662000
369.727950
369.790500
369.826950
369.857800
370.193975
370.237050
370.631050
371.244700
371.638375
372.112925
372.273425
372.947750
373.506400
373.607550
373.670350
374.020075
374.552225
374.630675
375.176825
375.214000
375.851825
375.923075
375.980075
377.357000
377.403725
377.454550
377.834350
377.934000
378.307125
378.433050
379.785550
380.158725
380.661225
381.012900
381.696975
381.779825
382.085900
382.126400
382.368475
382.767575
382.811125
382.829250
382.992975
383.036475
383.203875
383.286250
383.376600
383.408275
383.428075
383.585600
383.638050
383.841125
383.905125
383.937525
383.972275
384.015850
384.050875
384.115925
384.296500
384.327825
384.350000
384.593825
384.669100
384.702650
385.033050
385.438025
385.467850
385.621925
386.581600
387.036500
387.199550
387.356650
387.395825
387.575225
387.673625
387.758625
387.955950
387.986425
388.303375
388.334075
388.362825
388.657425
388.706000
388.764950
388.786800
388.922475
388.952025
392.151600
392.182525
393.207625
393.263800
394.958975
396.702675
396.758425
397.614850
398.435350
399.120050
399.225850
399.278750
399.354425
399.421150
399.611450
399.823400
399.873100
400.167175
400.424950
400.474700
400.713150
400.746625
400.789350
401.031525
401.093275
401.568875
401.823550
401.872300
402.130875
402.163625
402.178550
402.196100
402.232600
402.264425
402.521700
402.564275
402.602450
402.641325
402.676400
403.112000
403.141250
403.166900
403.212300
403.517725
403.823225
403.871125
404.142375
404.222000
404.264775
404.421150
404.525975
404.708425
405.067550
405.124575
405.602925
405.711650
406.068350
407.275275
407.340875
407.584525
407.830075
407.883625
408.152750
408.187650
408.256775
408.545225
408.592000
408.664225
409.001800
409.050300
409.547075
409.584925
410.027325
410.072200
410.114750
410.150125
410.751500
411.012925
411.043600
411.563975
411.917075
411.957475
412.035175
412.324250
412.402675
412.731850
412.784525
413.104475
413.199175
413.516000
413.530275
413.786700
413.867650
413.912625
414.225725
414.263150
414.616350
414.651525
415.574650
415.620075
416.267250
416.415175
416.639375
416.775700
417.034000
417.085850
417.165000
417.177300
417.211050
417.431600
417.503825
417.518325
417.567750
417.801300
417.821875
418.209425
418.290700
418.319800
418.726500
419.086950
419.168775
419.185750
419.239925
419.480225
419.548775
419.950875
420.015525
420.313650
420.356000
420.392475
420.684300
420.716600
420.732475
421.040000
421.096550
421.429225
421.495875
421.906325
422.274100
422.347700
422.389150
422.629625
422.663400
423.087100
423.145575
423.216900
423.497375
423.644550
423.949450
424.033150
424.099500
424.348725
424.405300
424.440100
424.558975
424.888350
424.929925
424.970950
425.404500
425.839175
427.306600
428.062200
428.129750
428.147450
428.466950
428.503550
428.772150
429.700875
429.787125
430.029000
430.068200
430.422775
430.456275
430.482475
430.530075
430.549150
430.932750
431.026375
431.060350
431.112450
431.148300
431.384325
431.499250
431.510775
431.602825
431.749600
431.938000
431.978625
432.002200
432.025450
432.075800
432.362775
432.422600
432.458250
432.531600
432.912600
433.754300
434.050075
434.192875
434.395150
434.434300
434.460925
434.509925
434.624050
434.639700
434.689025
434.758350
434.953075
434.988575
435.028225
435.353125
435.390575
435.413025
435.813625
435.887625
435.915625
436.005375
436.282575
436.298750
437.085550
437.538325
437.866550
437.957325
438.247725
438.300750
438.383175
438.584050
438.623100
438.653325
438.678700
438.722425
438.946425
438.984025
442.615925
443.490500
443.652325
444.409225
445.161225
445.192950
445.248200
446.389625
446.594225
446.847725
446.961100
446.992625
447.575250
449.043175
449.100425
449.147350
449.183425
449.211450
449.265550
449.563225
449.930200
450.043575
450.189850
450.635450
450.745325
451.085050
451.108900
451.144350
451.473325
451.850025
451.884725
452.308725
452.347375
452.412625
452.512950
452.544875
452.840150
452.896925
453.070800
453.139325
453.161400
453.182125
453.234775
453.369025
453.390875
453.416150
453.459775
453.485650
453.526900
453.568000
453.623725
453.630975
453.637825
453.763050
453.882250
453.978625
454.194550
454.222925
454.244950
454.489950
454.689825
454.773625
454.804850
455.035325
455.215575
455.611625
455.738700
455.769175
456.053750
456.112375
456.297000
456.507850
456.571825
456.659025
456.743350
456.993375
457.047575
457.095650
457.353050
457.542150
457.723725
457.754650
457.925375
457.947675
458.067975
458.179925
458.409225
458.483100
458.505175
458.583900
458.598875
458.767700
458.816725
458.848700
459.149075
459.152200
459.322425
459.335425
459.342850
459.539125
459.604350
459.710450
459.781325
459.906150
460.061050
460.091350
460.140950
460.166675
460.206300
460.456650
460.482800
460.509125
460.528500
460.542200
460.620025
460.855075
460.941650
461.017700
461.036100
461.051475
461.497225
461.696500
461.763175
461.797850
461.817150
461.855775
461.874975
461.898525
462.005175
462.207500
462.234425
462.364050
462.403275
462.802800
462.829100
462.933775
462.953075
463.018875
463.301125
463.366225
463.383650
463.441600
463.538425
463.551775
463.566300
463.581875
463.611325
463.956250
463.982950
464.003050
464.075900
464.290575
464.314625
464.396125
464.424075
464.611825
464.640825
464.682275
464.944025
464.984675
465.014025
465.038500
465.101400
465.231250
465.445500
465.745675
465.777375
465.805550
465.826650
466.189200
466.293900
466.415425
466.771325
466.959325
467.010625
467.306625
467.340275
467.360500
467.396700
467.706225
468.238400
468.276800
468.309050
468.344225
468.368425
468.401050
468.667300
468.707125
468.781975
469.068900
469.141925
469.181650
469.549400
469.702050
470.039325
470.115525
470.486000
470.912725
470.949075
471.401750
471.431600
471.472450
471.530325
472.045075
472.102425
472.141250
472.160525
472.250375
472.560875
472.589825
472.658600
473.101775
473.438200
473.499900
473.953150
474.697525
474.729525
474.765350
474.811650
474.857700
475.171225
475.450500
475.500775
475.563000
475.630450
476.118525
476.206600
476.472950
476.508900
476.547825
477.043900
477.127425
477.163025
477.199700
477.269775
477.497350
477.539525
477.813475
477.854750
477.903175
478.247900
478.303425
478.712375
478.774900
479.067975
479.132600
479.734250
479.927925
480.334200
480.362250
480.385150
480.419950
480.458250
480.478550
480.572175
480.699275
480.954150
480.977725
480.995225
481.037200
481.069425
481.113775
481.154900
481.221000
481.458050
481.515750
481.618950
481.657800
481.954075
481.978950
482.010275
482.028750
482.041050
482.080225
482.305000
482.414725
482.640725
482.667525
482.725350
482.864225
482.881450
482.925950
482.938150
483.027700
483.596700
483.648425
483.714500
483.727050
483.890450
484.120875
484.153875
484.770700
484.929975
485.045225
485.075275
485.098775
485.328450
485.408950
485.463225
485.635500
485.989600
486.346575
486.427650
486.553175
486.834950
486.863350
486.893200
486.910125
486.946525
486.987600
487.031675
487.306825
487.337500
487.384625
487.410275
487.715925
487.737450
487.764525
488.058925
488.102750
488.130050
488.162475
488.283175
488.320600
488.718750
490.750075
491.164200
491.701975
493.487550
493.697975
493.773375
493.796475
494.154375
494.591500
494.756500
496.069775
496.118925
496.137825
496.167050
496.766075
498.023850
498.059125
498.109975
498.189150
498.664525
498.740950
499.151950
499.483150
499.528675
499.573175
499.593850
500.383025
500.464125
501.073475
501.096200
501.127500
501.381725
501.402700
501.426700
501.481825
501.777250
501.820325
502.210175
502.257825
502.538025
502.576075
502.605825
502.612650
502.863625
502.939550
502.989650
503.296500
503.319450
503.346025
503.367600
503.704275
503.744025
503.791875
504.022800
504.108950
504.367075
504.444100
504.455700
504.483350
504.749225
504.796250
504.874425
505.127500
505.166925
505.200900
505.214050
505.264450
505.443125
505.483975
505.551625
505.571450
505.748200
505.771675
506.061050
506.099300
506.205975
506.405350
506.462475
506.697750
507.080175
507.110975
507.174900
507.572200
507.605275
507.663875
507.677150
508.033850
508.067600
508.119450
508.154975
508.636075
509.116950
509.228525
509.241550
509.302725
509.342050
509.408950
509.417350
509.431925
509.462150
509.668725
509.694100
509.717025
509.752725
509.768625
509.846675
509.855425
510.315375
510.350450
510.398725
510.712150
510.741900
510.818475
510.874625
511.072925
511.415000
511.466925
512.156325
512.310350
512.660750
512.695950
512.721025
512.773225
512.848650
512.875050
512.898500
512.916500
512.946675
512.976350
513.261775
513.346000
513.371900
513.396600
513.425925
513.473175
513.708375
513.732450
513.752425
513.763000
513.782375
514.124675
514.169300
514.191825
514.230225
514.273725
514.615725
514.762475
514.850700
514.883225
514.914625
515.017500
515.322950
515.364225
515.429475
515.828600
516.295300
516.357925
516.431875
516.447825
516.723225
517.666675
517.720725
517.774075
518.036225
518.077275
518.120100
518.506375
518.539375
518.889900
519.226350
519.286775
519.625525
519.659500
520.028075
520.429350
520.454325
520.816050
520.853050
521.132250
521.210025
521.289400
521.332800
521.555000
521.617725
521.661700
521.909450
521.933425
521.973700
522.011400
522.026175
522.038975
522.101025
522.182650
522.378825
522.441200
522.473075
522.505025
522.515875
522.528475
522.534825
522.760275
522.930225
523.034875
523.108750
523.527725
523.539925
523.559875
523.615325
523.625825
523.730150
523.890425
523.979850
524.117875
524.504975
524.577975
524.920150
525.002125
525.560975
526.051925
526.109575
526.957300
527.003550
527.064250
527.383300
527.459150
527.496200
527.530100
527.553975
527.573175
527.640050
527.855450
527.941850
527.953525
528.077725
528.100075
528.127450
528.169575
528.195700
528.328075
528.642175
528.684800
528.714650
528.799325
529.127650
529.305550
529.396225
529.424525
529.433900
529.513400
529.569075
529.674600
530.029150
530.067100
530.095600
530.120100
530.143250
530.210400
530.420725
530.480950
530.548000
530.709075
530.726650
530.836625
531.073625
531.139450
531.369550
531.393400
531.695650
531.720200
531.912825
532.061025
532.090275
532.508900
533.030500
533.079525
533.780625
534.082275
534.596000
535.093975
535.158225
535.227425
535.473275
535.916675
535.944875
535.968900
536.492900
536.540450
536.584900
536.750425
536.965525
537.010475
537.235550
537.303500
537.364600
537.562975
537.657175
537.694425
