# # All spikes for Neuron
0.143200
0.216875
0.234575
0.247225
0.321450
0.382375
0.463875
0.509675
0.548375
0.563850
0.645375
0.696325
0.716525
0.775900
0.814825
0.847950
0.902575
1.082550
1.203250
1.227375
1.355025
1.516825
1.538125
1.697525
1.710525
1.901150
1.949350
1.965300
2.062900
2.106050
2.176450
2.202250
2.304975
2.349375
2.407250
2.426000
2.447600
2.459925
2.584125
2.632175
2.718075
2.737025
2.795050
2.806475
2.873075
2.931950
2.985050
3.026250
3.187500
3.220875
3.301825
3.332325
3.519100
3.542450
3.566825
3.581875
3.663025
3.686975
3.862825
4.449925
4.561025
4.577625
4.632475
4.778225
4.845000
4.884625
4.922875
4.973850
5.009350
5.205900
5.242850
5.309700
5.345875
5.386425
5.444925
5.470775
5.485750
5.698825
5.707925
5.734650
5.745200
5.766050
5.821600
5.866775
5.884375
5.960950
5.998900
6.014550
6.202650
6.271150
6.292875
6.310750
6.344125
6.366275
6.385200
6.398200
6.488050
6.519050
6.591950
6.769575
6.829175
6.935825
7.036425
7.102575
7.267275
7.421375
7.542700
7.687475
7.848550
7.873425
8.079875
8.117550
8.229625
8.274425
8.323925
8.439375
8.648275
8.723025
8.831800
8.938950
9.208425
9.261800
9.274125
9.289150
9.325375
9.343075
9.354350
9.539625
9.555650
9.580375
9.597800
9.675725
9.726950
9.758750
9.847850
9.882450
9.993450
10.004200
10.017625
10.072725
10.124175
10.174700
10.187050
10.355300
10.377875
10.413350
10.458000
10.624000
10.672725
10.828700
10.927075
10.979300
11.046100
11.164325
11.293000
11.556850
11.612150
11.627325
11.723700
11.784600
11.795150
11.855650
12.095575
12.290350
12.303750
12.360700
12.465625
12.684675
12.716150
12.816275
12.838650
12.853200
12.872900
12.948950
12.964225
13.023550
13.072375
13.211425
13.242500
13.303050
13.321725
13.448500
13.544200
13.565575
13.614175
13.658475
13.676250
13.790600
13.826400
13.899250
13.923825
14.175675
14.191325
14.223125
14.244275
14.301500
14.360675
14.404650
14.505075
14.907525
15.114450
15.161050
15.172025
15.392875
15.489925
15.538975
15.608950
15.631000
15.696650
15.716900
15.911100
15.940650
16.127150
16.281825
16.345650
16.380300
16.484625
16.503125
16.602250
16.623100
16.741025
16.800300
16.881350
16.909925
16.921625
16.934675
16.976950
17.118575
17.149750
17.155725
17.293750
17.392325
17.583375
17.593875
17.630250
17.781400
17.808900
17.925150
18.082175
18.111600
18.127100
18.176200
18.251025
18.380500
18.455525
18.526475
18.737575
18.879450
18.941275
18.962575
19.039625
19.056125
19.092075
19.118825
19.137600
19.204325
19.237725
19.266475
19.405875
19.433450
19.460875
19.692975
19.710700
19.740325
19.760900
19.769250
19.901600
19.942700
19.957125
19.980975
20.135925
20.164525
20.270100
20.637725
20.736525
20.914700
20.971025
20.988975
21.000550
21.012250
21.052800
21.065050
21.089925
21.103175
21.119675
21.198700
21.247275
21.327450
21.381400
21.475000
21.593275
21.630600
21.657625
21.679725
21.693575
21.843875
21.887125
21.948100
21.978125
22.018000
22.059450
22.389750
22.413725
22.559000
22.647725
22.714075
22.743025
22.782125
22.840525
22.923900
23.023075
23.149500
23.171325
23.183550
23.288250
23.358600
23.498600
23.587300
23.731875
23.745325
23.917475
24.008550
24.081700
24.146950
24.164125
24.206400
24.338675
24.404925
24.435125
24.516750
24.728450
24.777725
24.928450
24.998225
25.066575
25.180325
25.242700
25.257400
25.369175
25.490475
25.515250
25.528925
25.601550
25.621900
25.757525
25.773475
25.811775
25.904350
26.096825
26.149325
26.192250
26.238200
26.278700
26.387350
26.420325
26.597350
26.610275
26.639875
26.656550
26.676825
26.687600
26.912000
26.957575
26.984275
27.038975
27.082600
27.123350
27.217025
27.295550
27.449275
27.465825
27.529100
27.612250
27.773900
27.841425
27.891775
27.926125
27.970525
27.986975
28.138725
28.238625
28.288650
28.320775
28.382225
28.405900
28.442650
28.477575
28.529050
28.542475
28.573225
28.649475
28.747450
28.770950
28.785975
28.855500
29.001550
29.168850
29.224200
29.249275
29.294000
29.366650
29.418175
29.571050
30.051100
30.375800
30.431175
30.465375
30.555425
30.623675
30.668900
30.717925
30.738350
30.826225
30.861275
31.031850
31.051350
31.066850
31.153500
31.208825
31.228475
31.264275
31.292150
31.339250
31.379575
31.392700
31.401700
31.418700
31.430025
31.471350
31.498800
31.517450
31.595575
31.618225
31.649375
31.687950
31.758275
31.799275
31.856600
31.869975
31.914925
31.973725
31.992000
32.181850
32.341300
32.377950
32.464125
32.488575
32.511725
32.547025
32.564125
32.587825
32.610875
32.646750
32.727900
32.751850
33.016175
33.058125
33.113525
33.132200
33.239400
33.275225
33.290550
33.338425
33.387750
33.562525
33.715825
33.813225
33.823800
33.851950
33.967625
34.046125
34.067200
34.081150
34.153600
34.281725
34.290600
34.399475
34.430875
34.468650
34.547275
34.577800
34.725500
34.745300
34.864150
34.943375
34.982150
35.006125
35.092775
35.158950
35.172650
35.230775
35.328675
35.369675
35.529475
35.563650
35.586075
35.653450
35.708375
35.727350
35.737800
35.750625
35.808725
35.827475
35.837975
35.944400
36.058275
36.105500
36.149225
36.237650
36.269225
36.316025
36.492375
36.604200
36.803975
36.854650
36.892325
36.996775
37.008650
37.080500
37.294175
37.402750
37.471350
37.480475
37.574450
37.593300
37.637425
37.798325
37.815350
37.826150
37.854950
37.863900
37.965550
38.012650
38.055450
38.099750
38.153625
38.171875
38.288325
38.322275
38.341725
38.361175
38.384800
38.460275
38.553950
38.576575
38.639150
38.741325
38.817900
38.887950
38.898800
38.955175
38.970500
39.018275
39.047025
39.118100
39.274575
40.037325
40.234225
40.328950
40.532125
41.338625
41.923200
42.028800
42.080000
42.279425
43.588425
43.925675
44.179725
44.277925
44.374375
44.637900
44.776650
44.842350
45.224950
45.286800
45.331850
45.578925
46.237350
46.738825
46.891975
47.487025
47.536275
47.578125
47.592475
47.625850
47.772250
47.828375
47.839425
47.888025
48.091825
48.124925
48.182225
48.227875
48.676450
48.779325
48.888725
48.924225
49.218725
49.353800
49.500225
49.515350
49.655875
49.700300
49.736175
49.839800
49.913800
50.042525
50.123025
50.148750
50.212075
50.309600
50.366175
50.405675
50.487425
50.505050
50.619325
50.637025
50.721300
50.799525
50.860500
50.905700
50.976600
51.007450
51.037900
51.095075
51.124025
51.335875
51.352075
51.400600
51.468875
51.593000
51.632500
51.665650
51.696625
51.717150
51.815125
51.835725
51.907850
52.018475
52.070775
52.098900
52.176100
52.194900
52.218275
52.233900
52.361300
52.373075
52.556650
52.600875
52.628025
52.648150
52.660150
52.716475
52.850525
52.901100
52.944150
52.969300
52.997450
53.172075
53.262900
53.304250
53.360525
53.468925
53.512275
53.660875
53.680175
53.703650
53.722650
53.801625
53.822975
53.952175
53.969875
53.990025
54.012025
54.041025
54.074900
54.110675
54.129100
54.216075
54.268300
54.365400
54.427425
54.504750
54.516975
54.633800
54.680900
54.711550
54.756500
54.882000
55.019500
55.092000
55.113650
55.129300
55.229825
55.303300
55.414500
55.434500
55.475425
55.510725
55.594425
55.731825
55.751975
55.783000
55.889025
55.905175
56.096500
56.110875
56.164500
56.178150
56.202450
56.335500
56.367975
56.482225
56.509475
56.617625
56.632650
56.670450
56.685750
56.707825
56.784150
56.804200
56.857200
56.907575
56.952300
56.991775
57.117950
57.171050
57.182650
57.243075
57.292450
57.391300
57.411050
57.433225
57.502800
57.522950
57.699850
57.722125
57.762175
57.824725
57.983575
58.001125
58.115350
58.188775
58.281825
58.404575
58.452800
58.476850
58.814250
59.057500
59.089900
59.155575
59.169700
59.340650
59.375275
59.409075
59.430175
59.507475
59.529275
59.568450
59.643075
59.876750
59.970125
59.994475
60.005625
60.093275
60.120025
60.213300
60.249575
60.259400
60.349425
60.386225
60.499025
60.542550
60.590025
60.616875
60.646200
60.666775
60.680675
60.772100
60.936975
61.089250
61.103400
61.116875
61.153575
61.257300
61.275300
61.387425
61.541000
61.750300
61.802475
61.945500
61.954850
61.989950
62.123350
62.216825
62.227500
62.292050
62.374200
62.436650
62.457025
62.562250
62.624050
62.813225
63.050975
63.137000
63.257150
63.464525
63.513575
63.691125
63.962500
64.012750
64.043450
64.070075
64.268425
64.327650
64.397225
64.484000
64.581250
64.676350
64.742250
64.772550
64.837650
64.877200
64.893900
64.950150
64.984850
65.035050
65.056800
65.092725
65.166875
65.175675
65.233925
65.285075
65.392700
65.410050
65.431750
65.452000
65.492300
65.584850
65.726225
65.807800
66.001200
66.028600
66.202275
66.222450
66.241325
66.633325
66.905100
66.992775
67.037775
67.110450
67.132025
67.157675
67.311950
67.500775
67.544850
67.583150
67.637225
67.685050
68.144100
68.166800
68.185850
68.238125
68.266875
68.283225
68.301575
68.385550
68.454125
68.481875
68.519125
68.581525
68.615325
68.665375
68.694325
68.785250
68.927500
69.008575
69.020500
69.058975
69.118750
69.160325
69.183850
69.264000
69.379075
69.440200
69.659675
69.696550
69.734650
69.799900
69.829400
69.843350
69.899775
69.926400
70.072225
70.156625
70.361050
70.396400
70.414350
70.504325
70.578725
70.694600
70.712450
70.787575
70.804975
70.977125
71.085250
71.303600
71.406700
71.479900
71.571525
71.653400
71.725000
71.798725
71.821275
71.856950
72.032000
72.050750
72.065975
72.094925
72.228075
72.339475
72.401100
72.471500
72.523450
72.571350
72.651150
72.925400
72.980500
73.035625
73.130675
73.299625
73.324425
73.361075
73.456275
73.500425
73.539125
73.567000
73.617350
73.880275
73.957750
74.209775
74.276600
74.315925
74.455225
74.560250
74.578800
74.745425
74.825425
74.939025
74.951450
74.983350
75.009675
75.054025
75.110600
75.183775
75.546100
75.998225
76.060725
76.141300
76.167450
76.413300
76.426175
76.505800
76.643700
76.921250
77.094700
77.118450
77.223800
77.271400
77.335250
77.464825
77.519075
77.576675
77.631875
77.701475
77.730025
77.794125
77.857075
77.909225
77.930525
77.949300
77.998100
78.026100
78.087075
78.326600
78.511975
78.579125
78.635950
78.673925
78.756825
78.776075
78.890975
78.975750
79.087950
79.149800
79.212875
79.224000
79.249550
79.373025
79.419350
79.493825
79.532550
79.592925
79.674550
79.702700
79.753775
79.802825
79.892450
79.991475
80.233525
80.259450
80.290125
80.350600
80.376400
80.494575
80.524000
80.555725
80.636525
80.772475
80.841675
80.864500
80.956250
81.053400
81.121575
81.149150
81.179525
81.192450
81.224350
81.242550
81.509925
81.680400
81.769200
82.065700
82.203200
82.364775
82.406700
82.460775
82.555275
82.607725
82.644950
82.734525
82.800300
82.950800
83.088050
83.167900
83.233750
83.261700
83.275575
83.312300
83.360725
83.382500
83.537900
83.596200
83.613125
83.648350
83.822875
83.921100
83.965025
83.992650
84.038450
84.089125
84.137625
84.175650
84.227950
84.245000
84.377125
84.525500
84.723425
84.960625
85.009450
85.246725
85.266175
85.408450
85.427600
85.671950
85.732775
85.761800
85.784475
85.816450
85.877400
85.910675
85.948375
86.036075
86.097850
86.130225
86.234025
86.248850
86.273050
86.305800
86.338475
86.440950
86.453875
86.468900
86.562125
86.585325
86.613625
86.737800
86.858600
86.963325
87.016475
87.110450
87.200625
87.259825
87.354125
87.367150
87.429250
87.509250
87.645150
87.692875
87.809400
87.826050
87.846450
87.893275
87.979175
88.049175
88.070125
88.305475
88.502250
88.552875
88.590900
88.603050
88.632300
88.792800
88.833250
88.906800
88.963575
88.990225
89.070275
89.087050
89.230300
89.435525
89.682125
89.819225
89.983950
90.169750
90.186525
90.328175
90.423600
90.437925
90.533200
90.620000
91.120350
91.185925
91.731200
91.974825
92.075100
92.420000
92.775075
92.976300
93.081300
93.176475
93.222275
93.323500
93.421675
93.621325
93.628500
93.918275
94.020475
94.323375
94.333725
94.467350
94.772725
94.974000
95.085425
95.272425
95.470500
95.524625
96.074300
96.284950
96.326825
96.534400
97.373125
97.680125
97.872100
98.320175
99.073375
99.349950
99.405875
99.639650
99.689400
99.736675
99.748725
99.779850
99.803625
99.949200
100.002150
100.103725
100.123225
100.155675
100.176375
100.220225
100.264925
100.281800
100.323700
100.351900
100.371175
100.421400
100.465725
100.572525
100.747500
100.760650
100.782100
100.797700
100.852500
100.860550
100.889000
100.897600
100.913800
100.950900
100.993950
101.017325
101.051400
101.088900
101.117800
101.145950
101.174925
101.189475
101.281800
101.308050
101.366900
101.457100
101.492075
101.503675
101.543100
101.589700
101.648325
101.674825
101.691575
101.798575
101.828050
101.862650
101.916775
101.938175
102.046725
102.067600
102.173825
102.203800
102.298900
102.317750
102.339625
102.375625
102.401300
102.474275
102.517050
102.587900
102.615700
102.663225
102.698400
102.742600
102.761475
102.778025
102.830100
102.898400
102.969350
103.095475
103.117350
103.134900
103.159125
103.184400
103.223750
103.266800
103.292525
103.307550
103.374500
103.511175
103.541850
103.677600
103.720850
103.815450
103.984175
104.017825
104.212300
104.230700
104.400000
104.485150
104.498750
104.776250
104.947025
105.041800
105.130025
105.174925
105.254200
105.269750
105.299025
105.344200
105.367700
105.439075
105.554700
105.633675
105.659150
105.792275
105.805450
105.877875
105.913750
105.968525
106.033400
106.125725
106.134850
106.151100
106.196475
106.210825
106.239675
106.275850
106.326850
106.371400
106.428875
106.490250
106.502875
106.516650
106.529625
106.550800
106.561475
106.626650
106.663300
106.683500
106.703325
106.719700
106.737950
106.750925
106.783375
106.805025
106.836700
106.928425
106.944200
106.990225
107.025275
107.038800
107.125525
107.165775
107.180525
107.214725
107.254700
107.280375
107.311600
107.437225
107.451975
107.533625
107.569100
107.601125
107.644875
107.719125
107.753500
107.827575
107.840125
107.875550
107.888225
107.903375
107.971525
107.997075
108.037850
108.109150
108.152425
108.171250
108.332900
108.355525
108.454900
108.491200
108.535425
108.594800
108.621100
108.685600
108.728100
108.779525
108.799350
108.814275
108.844900
108.893125
108.924900
108.936000
109.049475
109.083950
109.230500
109.240375
109.269100
109.282200
109.324900
109.332700
109.361750
109.413200
109.479675
109.531100
109.570125
109.600600
109.642725
109.680325
109.696475
109.749700
109.811075
109.838175
109.849675
109.868925
109.882400
109.954700
110.003225
110.074700
110.214050
110.284975
110.491800
110.550825
110.639975
110.703600
110.731275
110.839600
110.870800
110.894525
110.935350
110.947425
110.968350
110.979325
111.093050
111.147500
111.164600
111.236900
111.279975
111.356900
111.375600
111.420075
111.582175
111.628400
111.678425
111.696900
111.744400
111.778425
111.828875
111.870900
111.967750
112.090550
112.110500
112.194250
112.246325
112.321000
112.657325
112.676275
112.724050
112.876175
113.049750
113.143625
113.160400
113.226825
113.480625
113.526450
113.665900
113.889075
113.945450
114.081300
114.125150
114.192575
114.328350
114.341375
114.401450
114.425550
114.458500
114.479800
114.518000
114.527675
114.562350
114.577175
114.588100
114.603400
114.634225
114.692675
114.711125
114.870525
114.883975
114.911325
114.931075
114.983400
115.002100
115.067800
115.101025
115.125600
115.152900
115.185575
115.304400
115.384350
115.399950
115.419175
115.442175
115.504000
115.519900
115.698875
115.724250
115.753050
115.810350
115.830475
115.900775
115.989900
116.025700
116.057250
116.160300
116.293375
116.319775
116.361325
116.418825
116.483075
116.538500
116.751075
116.777975
116.805575
117.194375
117.235175
117.255350
117.320425
117.347500
117.391125
117.568200
117.599225
117.649600
117.668875
117.719425
118.000775
118.182700
118.239925
118.318725
118.416700
118.435825
118.455025
118.545825
118.570500
118.640750
118.659925
118.704500
118.719475
118.797700
118.936300
119.032750
119.066825
119.083625
119.103375
119.122950
119.161375
119.180600
119.195700
119.316125
119.350550
119.407825
119.460275
119.535825
119.581500
119.593425
119.692050
119.776025
119.854275
119.888050
120.006250
120.053225
120.218775
120.278700
120.370150
120.402375
120.420850
120.438975
120.486675
120.500125
120.514900
120.624325
120.763225
120.816150
120.833675
120.884450
121.050500
121.098825
121.274725
121.308425
121.484325
121.528875
121.548825
121.613400
121.668925
121.768675
121.858925
121.868425
121.878950
121.902175
122.017525
122.048300
122.076375
122.164150
122.261775
122.290550
122.327000
122.356600
122.383325
122.423950
122.449250
122.517700
122.533100
122.558325
122.583250
122.610750
122.645875
122.690075
122.715500
122.759950
122.809025
122.862700
122.879150
122.910750
123.073175
123.087175
123.097875
123.129575
123.147675
123.161675
123.187050
123.205025
123.275350
123.329925
123.379300
123.487150
123.552100
123.571650
123.607775
123.685700
123.835300
123.844900
123.949450
123.987525
124.025075
124.050825
124.106175
124.120650
124.172775
124.188125
124.212025
124.253600
124.288550
124.338350
124.390925
124.414475
124.540425
124.557850
124.575875
124.593225
124.712350
124.725675
124.760550
124.779350
124.806625
124.853250
124.883650
124.896250
124.938500
124.970475
125.040875
125.051725
125.153125
125.267525
125.306375
125.318700
125.333675
125.342700
125.384750
125.452250
125.525825
125.557125
125.573250
125.609600
125.654200
125.682125
125.711800
125.750300
125.793850
125.830500
125.865300
125.890975
125.983600
126.004625
126.031525
126.044450
126.064600
126.079825
126.118800
126.134775
126.241475
126.323450
126.469425
126.539775
126.585675
126.617950
126.635650
126.648225
126.667700
126.726675
126.753425
126.790250
126.809475
126.896425
126.921050
126.941675
126.979450
127.063550
127.090425
127.246850
127.315675
127.363950
127.442650
127.507300
127.586275
127.730025
127.754025
127.772850
127.888600
127.991650
128.067625
128.142400
128.159950
128.178250
128.239175
128.257725
128.282650
128.296700
128.338125
128.372825
128.518225
128.573075
128.599800
128.745025
128.761950
128.838450
128.875925
128.964025
128.990675
129.050750
129.143150
129.215275
129.301475
129.421550
129.433400
129.447800
129.457175
129.472075
129.485400
129.502500
129.711475
129.730000
129.761725
129.840050
129.856650
129.889650
129.899600
129.969300
129.983350
130.077475
130.091000
130.245600
130.313825
130.335150
130.438100
130.572200
130.653975
130.682650
130.726825
130.797125
130.985700
131.002650
131.020400
131.044125
131.064675
131.126025
131.199550
131.335350
131.456250
131.479475
131.505650
131.531650
131.572925
131.583725
131.605875
131.622825
131.636275
131.719150
131.778550
131.800900
131.820300
131.838850
131.920950
132.107050
132.140875
132.151550
132.188825
132.215550
132.244300
132.368275
132.424125
132.448975
132.507000
132.517075
132.533000
132.548825
132.604975
132.678650
132.709475
132.756450
132.781150
132.907100
132.972600
132.990575
133.010700
133.101775
133.144200
133.236900
133.282425
133.331675
133.400225
133.497225
133.546300
133.599775
133.624950
133.731275
133.761325
133.903550
133.926750
133.951625
133.992250
134.034550
134.068200
134.081250
134.120250
134.164025
134.282825
134.308100
134.343000
134.360875
134.372700
134.394550
134.411450
134.472750
134.510900
134.547525
134.608250
134.621975
134.693625
134.705900
134.769100
134.843200
134.860700
134.887200
134.904525
134.937825
135.013450
135.026750
135.167500
135.312400
135.446200
135.459525
135.522150
135.573700
135.616650
135.821050
135.978425
136.097075
136.139925
136.193300
136.285950
136.423925
136.501750
136.544375
136.654225
136.704750
136.729325
136.787975
136.797750
136.820900
136.843800
137.058775
137.101750
137.155425
137.330875
137.359150
137.376350
137.467250
137.502925
137.515675
137.659450
138.034450
138.051575
138.084925
138.144450
138.185550
138.239075
138.255200
138.350875
138.395425
138.416125
138.475175
138.497800
138.563650
138.596175
138.666375
138.800050
138.825800
138.860200
138.938750
138.992750
139.012825
139.372900
139.770325
139.927975
140.225475
140.264750
140.477225
140.816625
140.881250
140.921650
141.173100
141.320625
141.728625
141.979925
142.018175
143.916225
144.133725
144.178800
144.279200
144.416975
144.913850
145.121725
145.312650
145.329475
145.565375
146.078675
146.269275
146.283800
146.380150
146.565700
146.832275
146.870725
147.061450
147.173950
148.174150
148.265625
148.575925
148.683250
148.772825
149.144850
149.170950
149.250550
149.290225
149.720325
149.757850
149.787175
150.099050
150.149200
150.190350
150.229850
150.312125
150.346875
150.435050
150.528100
150.584400
150.770800
150.790225
150.942050
150.966800
150.986675
151.102025
151.114150
151.138075
151.245075
151.257400
151.295650
151.349600
151.430600
151.474225
151.512000
151.586625
151.809225
151.842825
151.893625
151.931925
151.957500
151.979000
151.996575
152.021175
152.035275
152.072025
152.082800
152.139400
152.260425
152.285350
152.295225
152.299800
152.586000
152.603300
152.663800
152.757150
152.827200
152.919425
152.973700
153.059425
153.116575
153.127150
153.139425
153.250000
153.299475
153.355950
153.723675
153.848300
153.943875
153.966950
154.000750
154.014300
154.096275
154.311550
154.542700
154.567550
154.633350
154.659000
154.672775
154.742625
154.779850
154.824350
154.835350
154.858400
154.866375
154.878025
155.013925
155.102250
155.145025
155.353150
155.444425
155.472150
155.600100
155.783825
155.817100
155.860850
156.053500
156.108825
156.159675
156.179800
156.340775
156.384550
156.401000
156.560375
156.580075
156.604575
156.646150
156.681300
156.749000
156.770350
156.817775
157.157225
157.179175
157.193300
157.300850
157.326025
157.345575
157.442350
157.533975
157.614450
157.666575
157.685975
157.798225
157.812125
157.871000
157.897450
157.997025
158.019700
158.033800
158.073925
158.145075
158.218425
158.236475
158.257925
158.270025
158.287875
158.316925
158.348750
158.372825
158.385250
158.426075
158.443475
158.476025
158.520425
158.669075
158.678800
158.691475
158.705975
158.732275
158.885575
158.937975
158.965825
159.068500
159.099525
159.130450
159.148625
159.217450
159.255600
159.283550
159.421275
159.434750
159.522425
159.553075
159.587600
159.654350
159.763000
159.784925
159.838025
159.870450
159.886950
159.977775
160.025375
160.045375
160.148125
160.211250
160.367600
160.410075
160.436500
160.446875
160.477350
160.489450
160.519575
160.536975
160.591550
160.607300
160.618350
160.634000
160.694300
160.715875
160.728700
160.745900
160.765075
160.815725
160.866050
160.880650
160.931975
160.975375
161.016900
161.043425
161.056300
161.073775
161.091075
161.102925
161.133925
161.144650
161.174325
161.243125
161.264050
161.296975
161.307750
161.364975
161.375875
161.407475
161.443225
161.530675
161.540950
161.600825
161.636675
161.674050
161.700075
161.798625
161.839700
161.883775
161.979450
162.016875
162.093200
162.165125
162.200025
162.223600
162.247750
162.306725
162.339900
162.349300
162.404775
162.431625
162.442475
162.464275
162.606175
162.636100
162.708125
162.763750
162.795800
162.823225
162.835075
162.844950
162.857425
162.930175
162.939200
162.958500
162.974375
162.985200
163.035275
163.077925
163.173400
163.410350
163.463350
163.556800
163.570725
163.596300
163.616750
163.628475
163.642125
163.675225
163.706325
163.718775
163.777125
163.898750
163.920350
163.935075
163.991650
164.048775
164.254350
164.272175
164.317250
164.408650
164.546750
164.605100
164.645650
164.693975
164.719850
164.734650
164.757125
164.830075
164.867975
164.888675
164.921325
165.015925
165.144775
165.211300
165.224225
165.257350
165.282125
165.304625
165.360425
165.380650
165.416325
165.439850
165.454875
165.544475
165.554075
165.589975
165.610850
165.658300
165.681600
165.745075
165.955175
165.983650
166.043775
166.080900
166.114425
166.161625
166.205075
166.226875
166.364550
166.487900
166.506850
166.536100
166.564800
166.575425
166.685525
166.793525
166.812350
166.867300
167.093300
167.128550
167.142675
167.184600
167.194350
167.238325
167.304050
167.349550
167.383600
167.487700
167.499500
167.513000
167.548500
167.570650
167.587850
167.606650
167.621375
167.631600
167.647900
167.684750
167.722550
167.738975
167.767800
167.888525
167.909750
167.990175
168.034875
168.046475
168.161800
168.190825
168.272425
168.303025
168.318300
168.342675
168.355425
168.390775
168.407175
168.446575
168.541375
168.578275
168.602675
168.619300
168.633775
168.645575
168.730150
168.746675
168.825200
168.925700
168.942200
169.050850
169.058550
169.085875
169.167575
169.187425
169.427625
169.466150
169.521250
169.585950
169.614150
169.682350
169.697050
169.741225
169.854250
169.955525
169.980875
169.996075
170.072225
170.119200
170.199850
170.304625
170.328850
170.344975
170.480150
170.509475
170.557500
170.665925
170.691900
170.770475
170.864550
171.057000
171.096250
171.108900
171.164150
171.180850
171.205525
171.231625
171.305850
171.341275
171.378175
171.415025
171.430225
171.474475
171.719325
171.742600
171.764700
171.788175
171.804025
171.822825
171.853450
171.928150
171.949875
171.963625
172.052225
172.061750
172.089650
172.148200
172.197925
172.227825
172.279225
172.323200
172.354150
172.378225
172.391650
172.517575
172.539275
172.699000
172.719850
172.742450
172.782150
172.810950
172.824150
172.881625
172.933425
173.022375
173.043250
173.069525
173.356250
173.687625
173.775200
173.812125
173.924550
173.936250
173.958750
173.982100
174.001725
174.040675
174.065675
174.132475
174.207900
174.222800
174.239075
174.282225
174.331300
174.373150
174.411900
174.428175
174.437900
174.447075
174.519050
174.567475
174.575900
174.613350
174.632500
174.651950
174.664675
174.681650
174.696850
174.797900
174.897950
174.919300
174.956550
174.985800
175.052275
175.070900
175.075275
175.080700
175.086975
175.106225
175.181550
175.249300
175.278700
175.288450
175.390125
175.404050
175.415550
175.460525
175.495125
175.515750
175.537100
175.571025
175.581025
175.588050
175.703850
175.742525
175.769700
175.805750
175.833775
175.858825
175.901125
175.913825
175.927275
176.002575
176.110250
176.120875
176.134950
176.144225
176.211075
176.255625
176.279900
176.293375
176.329700
176.357725
176.408975
176.429350
176.490275
176.498525
176.521800
176.575350
176.608725
176.622250
176.653675
176.741750
176.775225
176.795550
176.868300
176.934500
176.957475
176.986750
177.012400
177.040025
177.065525
177.123325
177.150675
177.196500
177.208800
177.240025
177.273400
177.300825
177.369000
177.384175
177.400600
177.459150
177.489475
177.525650
177.551700
177.566625
177.637200
177.687300
177.718150
177.731500
177.757525
177.771175
177.795050
177.878950
177.902725
177.923125
178.001675
178.010275
178.067800
178.107250
178.125675
178.359225
178.390175
178.453175
178.468500
178.485275
178.512200
178.533000
178.574575
178.675725
178.758675
178.777800
178.807850
178.829200
178.838775
178.857975
179.051275
179.064300
179.080375
179.120075
179.165325
179.195825
179.208050
179.230175
179.279350
179.346600
179.374350
179.384950
179.397575
179.470025
179.487025
179.500875
179.570975
179.609325
179.764975
179.853525
179.917825
179.976875
180.029475
180.055350
180.066125
180.103825
180.129400
180.214650
180.233175
180.384900
180.474675
180.549525
180.592000
180.744825
180.792900
180.904300
180.932700
180.968475
180.986350
180.998650
181.066950
181.098925
181.152300
181.183175
181.199450
181.275425
181.507725
181.557150
181.586950
181.605850
181.656400
181.750675
181.768150
181.909400
181.919025
182.099700
182.168350
182.243750
182.267125
182.357975
182.421150
182.434775
182.475500
182.521775
182.532025
182.634150
182.709225
182.723900
182.754375
182.829525
182.881250
182.898450
183.064000
183.072625
183.106125
183.124500
183.174000
183.210350
183.255325
183.277450
183.297125
183.336975
183.388350
183.422650
183.440825
183.493025
183.542475
183.588825
183.638300
183.670825
183.710850
183.770925
183.823525
183.839175
183.870000
183.909100
183.945475
183.968100
183.987175
184.022525
184.248875
184.315000
184.518650
184.530425
184.583125
184.615600
184.635725
184.678500
184.732650
184.927350
185.000500
185.035325
185.047425
185.189750
185.231975
185.263050
185.328400
185.393550
185.430975
185.494175
185.508175
185.671950
185.777825
186.146700
186.192325
186.277450
186.383300
186.470475
186.605825
186.709500
186.743100
186.814025
186.928825
187.057450
187.462625
187.479000
187.495525
187.521100
187.563075
187.598100
187.686875
187.724450
187.805925
188.045700
188.059375
188.090125
188.107075
188.134200
188.350075
188.369100
188.492225
188.537050
188.570075
188.582700
188.619225
188.714900
188.905725
188.955050
188.990050
189.100075
189.116300
189.214825
189.311325
189.418625
189.508675
189.917300
190.064075
190.106650
190.265650
190.713875
190.780275
191.119525
191.853800
192.214575
192.360850
192.379850
192.516025
192.629575
192.759350
192.975650
193.179175
193.904250
194.475800
194.514650
194.864400
195.163975
195.367525
195.377275
195.627150
195.716225
196.362500
196.815050
196.914875
197.162850
197.278250
197.613800
198.365950
199.016075
199.258350
199.340300
199.443525
199.463775
199.498150
199.589950
199.884900
200.037200
200.056925
200.083975
200.355975
200.366850
200.391800
200.455500
200.556825
200.849675
200.992550
201.201450
201.236350
201.257125
201.298125
201.333050
201.577575
201.807375
201.816725
201.903150
201.916675
201.934625
201.955350
202.021975
202.366500
202.553025
202.594275
202.731375
202.802500
202.871575
202.885025
202.989125
203.013050
203.155600
203.208400
203.220925
203.273600
203.289850
203.336050
203.438325
203.444175
203.491500
203.549875
203.602000
203.670950
203.762400
203.793625
203.839050
203.952750
204.007450
204.061875
204.127775
204.218100
204.236500
204.279850
204.349850
204.402900
204.452900
204.464875
204.501300
204.512625
204.589175
204.708250
204.794600
204.871575
205.055250
205.097900
205.130300
205.151975
205.173025
205.253350
205.261700
205.296275
205.461725
205.506450
205.666625
205.785050
205.874975
205.935250
206.001275
206.121075
206.226675
206.246675
206.386475
206.408250
206.459950
206.481875
206.564975
206.617650
206.747975
206.774100
206.792325
206.901225
207.003825
207.117075
207.212650
207.272125
207.323250
207.368550
207.517175
207.584850
207.903275
207.918250
207.975800
208.000700
208.394300
208.442700
208.468625
208.524325
208.612400
208.644350
208.655200
208.715650
208.742025
208.761100
208.800475
208.826375
208.893175
208.907425
208.916650
208.957425
208.976050
208.986725
209.016850
209.081525
209.169800
209.280075
209.298425
209.329700
209.364850
209.465600
209.544125
209.587800
209.604675
209.672025
209.845200
209.878375
209.940775
209.976350
210.041850
210.225475
210.403925
210.436000
210.475375
210.782000
210.805450
210.914475
210.930975
211.013900
211.064925
211.317325
211.346900
211.499600
211.662400
211.839050
211.934350
211.962100
212.014025
212.051550
212.133525
212.180125
212.223625
212.398700
212.459825
212.476275
212.568725
212.603675
212.694675
212.825325
212.851850
213.043875
213.055525
213.079775
213.092975
213.293575
213.411625
213.483050
213.648525
213.764825
213.796325
213.832000
213.878775
213.977325
214.073100
214.124475
214.159400
214.185950
214.195875
214.253950
214.286950
214.314850
214.396925
214.446200
214.517125
214.602350
214.666625
214.689875
214.705275
214.839650
214.945875
215.017050
215.072800
215.196050
215.218325
215.235850
215.341775
215.424425
215.648225
215.757050
215.786850
215.832225
216.048775
216.068100
216.080075
216.153075
216.179275
216.260650
216.344275
216.365800
216.411200
216.444725
216.473000
216.500300
216.567225
216.592450
216.658400
216.779225
216.901000
216.947375
217.179300
217.194775
217.222400
217.348200
217.553275
217.628975
217.646525
217.727600
217.811425
217.979725
218.113350
218.160025
218.352550
218.370325
218.507400
218.538475
218.560300
218.669225
218.694750
218.708050
218.759350
218.773475
218.824325
218.872750
218.887450
219.026550
219.048225
219.281775
219.324725
219.333275
219.361475
219.398850
219.422125
219.470725
219.518325
219.614850
219.651175
219.682775
219.701475
219.823950
219.850200
220.018725
220.078375
220.292025
220.329300
220.376925
220.441775
220.500275
220.719025
220.907000
220.916025
221.059300
221.112975
221.190625
221.239325
221.329850
221.351050
221.364250
221.394700
221.441000
221.455425
221.506925
221.523250
221.537200
221.583900
221.637100
221.711525
221.765350
221.786350
221.802850
221.868100
221.884875
221.920000
221.972475
222.094550
222.117600
222.136650
222.184225
222.203000
222.216900
222.316825
222.327350
222.353700
222.417225
222.535125
222.551000
222.645225
222.721775
222.748275
222.806050
222.852800
222.871475
222.900425
222.914500
222.986850
223.070625
223.455800
223.497925
223.621875
223.641850
223.679750
223.807250
223.830175
223.867750
223.879850
223.904100
223.944825
224.031800
224.089225
224.105025
224.165600
224.228125
224.250700
224.332075
224.511100
224.647025
224.722750
224.772075
224.903125
224.945725
224.976800
225.074900
225.125650
225.295825
225.328775
225.431025
225.522875
225.618225
225.764300
226.065175
226.136275
226.180425
226.254000
226.300700
226.336300
226.474825
226.490250
226.537650
226.663625
226.739075
226.777525
226.808025
226.838750
226.882125
226.897325
226.939100
226.964775
226.985625
227.105250
227.160300
227.178725
227.232650
227.259475
227.421850
227.541175
227.612100
227.623450
227.665700
227.690775
227.797025
227.834050
227.904850
227.957025
228.196975
228.217800
228.242200
228.286850
228.434025
228.449350
228.486175
228.579400
228.590200
228.638475
228.691775
228.951325
229.029075
229.139200
229.172450
229.376125
229.478500
229.513925
229.552425
229.568800
229.766450
229.997725
230.058500
230.094150
230.154700
230.193100
230.250550
230.285575
230.420425
230.431175
230.466175
230.517525
230.549425
230.597525
230.640575
230.741225
230.822275
230.847725
230.865750
230.978150
230.988125
231.008850
231.086525
231.117925
231.141450
231.159300
231.173775
231.222400
231.282275
231.301125
231.312675
231.330950
231.426775
231.476475
231.504375
231.600850
231.614000
231.628550
231.648000
231.724975
231.793400
231.807950
231.820425
231.848300
231.864225
231.894275
231.909475
231.930850
232.001425
232.077350
232.115325
232.135925
232.150950
232.161950
232.177375
232.206375
232.285800
232.330225
232.380300
232.400500
232.409200
232.422825
232.560550
232.595025
232.662150
232.693500
232.711575
232.735875
232.774575
233.117975
233.170650
233.205675
233.218025
233.264850
233.281800
233.309250
233.337050
233.370125
233.499250
233.547000
233.560325
233.575850
233.647800
233.707750
233.760425
233.787850
233.809050
233.823350
233.873600
233.945100
234.020675
234.030025
234.064725
234.079775
234.164750
234.182475
234.325675
234.360600
234.371700
234.384600
234.398050
234.445450
234.473450
234.502475
234.719900
234.738550
234.770825
234.796800
234.841800
234.922525
234.942825
234.987000
234.992925
235.076550
235.181175
235.217875
235.299375
235.324200
235.370500
235.424350
235.451200
235.490375
235.516350
235.542675
235.636750
235.705800
235.807725
235.822225
235.835975
235.875225
235.907450
235.952425
235.979025
236.006900
236.122725
236.159950
236.312675
236.327225
236.342450
236.383475
236.484350
236.523725
236.584550
236.644350
236.771300
236.947625
237.079375
237.141425
237.263050
237.480825
237.526025
237.560475
237.587925
237.679075
237.718000
237.882450
238.017700
238.066150
238.141925
238.165325
238.181800
238.306450
238.437000
238.471375
238.556175
238.629825
238.678975
238.789800
238.832400
238.895125
238.942350
239.078550
239.273075
239.357775
239.614975
239.712125
240.156900
240.170500
240.269500
240.422175
240.574400
240.611250
240.620725
240.666525
240.708550
240.859325
240.954025
241.463500
241.567675
241.624650
241.672175
241.718925
241.759250
241.869075
241.965550
242.023050
242.519625
242.559175
243.022200
243.106300
243.215450
243.249475
243.570100
243.675025
243.871975
243.911050
244.001225
244.224075
244.519925
244.658300
244.760075
244.869875
244.957450
245.354550
245.673175
246.310450
246.613775
247.008375
247.268675
247.318950
247.615100
247.761625
247.862850
248.172075
248.322825
248.514075
248.561450
248.912925
248.964250
249.192400
249.241375
249.261075
249.417600
249.431350
249.526800
249.595575
249.614825
249.707275
249.720775
249.948600
250.032175
250.327150
250.398000
250.433000
250.447775
250.535075
250.573950
250.607650
250.633825
250.668625
250.696600
250.717625
250.740250
250.752475
250.876350
250.917775
250.929625
250.973525
251.007550
251.038200
251.088750
251.117400
251.152275
251.170400
251.185750
251.252200
251.416050
251.515625
251.560650
251.604800
251.615025
251.644950
251.667150
251.717775
251.831925
251.875475
251.893700
251.935225
252.058075
252.126950
252.149300
252.317200
252.397300
252.446100
252.478500
252.510125
252.530900
252.580025
252.592650
252.886550
252.900800
252.909350
252.973800
253.133500
253.155725
253.199750
253.212075
253.316525
253.429075
253.447550
253.465025
253.488725
253.540050
253.595450
253.607950
253.689200
253.703900
253.788300
253.796525
253.815375
254.041025
254.075400
254.110050
254.150750
254.198375
254.207500
254.215900
254.285100
254.319050
254.331600
254.383425
254.399400
254.411300
254.464725
254.474925
254.490875
254.509000
254.618400
254.648325
254.675550
254.690000
254.774725
254.818125
254.990425
255.022150
255.105175
255.136425
255.198200
255.211875
255.280825
255.298300
255.365775
255.405475
255.509100
255.538825
255.565975
255.591575
255.692750
255.704275
255.731700
255.805700
255.874425
255.984550
256.021950
256.034375
256.133850
256.214400
256.252900
256.269250
256.344600
256.358200
256.376675
256.400775
256.438100
256.447125
256.476475
256.535625
256.548500
256.579175
256.618050
256.700375
256.764525
256.780825
256.828500
256.915300
256.955475
256.966925
257.052125
257.076275
257.096275
257.107375
257.180375
257.206375
257.233950
257.298800
257.434150
257.448925
257.465525
257.475450
257.496850
257.544575
257.553975
257.815775
257.955750
257.980725
258.059850
258.092075
258.098600
258.132425
258.145525
258.191475
258.315750
258.416350
258.555725
258.642950
258.727125
258.758600
258.776600
258.812350
258.925100
258.966400
259.041475
259.274500
259.293775
259.381675
259.433000
259.562875
259.618225
259.636450
259.705175
259.718075
259.758450
259.774000
259.808875
259.822325
259.871550
259.907125
260.115875
260.156900
260.177025
260.274550
260.334650
260.416575
260.433550
260.474650
260.570025
260.645950
260.680300
260.861375
260.930925
260.945025
260.971750
261.193500
261.251800
261.283850
261.299600
261.333025
261.371175
261.636125
261.656750
261.690200
261.773700
261.788575
261.803075
261.836500
261.852675
261.892600
262.027575
262.096200
262.125825
262.161975
262.177425
262.190125
262.248300
262.295450
262.420325
262.433050
262.461050
262.550550
262.622225
262.762200
262.814150
262.864950
263.060075
263.100275
263.120225
263.148200
263.198775
263.248875
263.276150
263.345225
263.371550
263.398250
263.414050
263.498775
263.513300
263.555400
263.594225
263.679500
263.705725
263.823200
263.881225
264.021200
264.040350
264.053550
264.087350
264.121325
264.241200
264.264225
264.296775
264.304500
264.337050
264.355825
264.368825
264.524450
264.538400
264.561775
264.649325
264.756875
264.769775
264.834700
264.855900
264.891150
264.901300
264.928950
264.951925
264.997650
265.017550
265.045050
265.110775
265.135150
265.147325
265.179950
265.194050
265.286700
265.337050
265.356175
265.431400
265.474800
265.485150
265.520450
265.537150
265.553425
265.587350
265.644025
265.800050
265.860075
265.880825
265.944625
265.976250
266.020900
266.041900
266.053275
266.073900
266.107850
266.210425
266.293250
266.439100
266.563575
266.638675
266.665300
266.858300
266.895900
266.935550
266.975875
267.019350
267.095700
267.185800
267.361375
267.565050
267.618225
267.749650
267.793100
267.824600
267.940475
267.952750
267.975325
267.988000
268.069375
268.108800
268.127650
268.138825
268.159975
268.178400
268.290850
268.343100
268.431550
268.443950
268.490525
268.503925
268.516175
268.541475
268.573925
268.596050
268.612925
268.638925
268.670225
268.683725
268.729775
268.792550
268.843200
268.855675
268.980250
269.045975
269.083600
269.131050
269.331550
269.343150
269.358025
269.400250
269.470050
269.520200
269.621300
269.641975
269.754875
269.771525
269.782175
269.856525
269.912650
270.000350
270.046125
270.116725
270.143775
270.157100
270.200975
270.216725
270.235475
270.268275
270.309825
270.326875
270.347400
270.357900
270.473150
270.486600
270.557425
270.569225
270.625125
270.636900
270.724200
270.784975
270.909475
271.004400
271.025200
271.065750
271.086025
271.101750
271.170300
271.204450
271.218900
271.270625
271.360750
271.431300
271.474950
271.489175
271.583175
271.631250
271.648100
271.693150
271.754025
271.799875
271.862300
271.924550
271.986975
272.129225
272.257675
272.271875
272.323850
272.374450
272.538825
272.558950
272.610525
272.654575
272.676000
272.832000
272.993025
273.005875
273.037275
273.105925
273.130400
273.207175
273.226300
273.437725
273.487425
273.516300
273.773225
273.840675
273.905000
273.922150
273.948400
273.970225
274.044875
274.068300
274.109800
274.261900
274.342550
274.393000
274.414800
274.429650
274.516275
274.566125
274.632575
274.694875
274.708450
274.728025
274.854525
275.010400
275.057300
275.098650
275.160250
275.332675
275.350950
275.413000
275.470550
275.542925
275.600600
275.629000
275.680800
275.813575
275.837450
275.864700
275.874025
275.949375
276.042600
276.057750
276.072100
276.085275
276.105175
276.188000
276.202800
276.213950
276.254825
276.280925
276.302000
276.384900
276.411300
276.450325
276.481675
276.513050
276.700850
276.842925
277.007375
277.052350
277.084375
277.098225
277.136475
277.168425
277.256375
277.276525
277.396600
277.470150
277.521225
277.585750
277.662725
277.684150
277.743600
277.808150
277.870825
277.990675
278.026050
278.071700
278.106125
278.255300
278.277850
278.294275
278.379200
278.436250
278.448600
278.473725
278.554375
278.641725
278.659950
278.714700
278.821575
278.852950
278.864150
278.893275
278.943925
279.073725
279.111875
279.152475
279.169250
279.193900
279.202800
279.221425
279.259225
279.307300
279.320575
279.339425
279.539775
279.568175
279.678975
279.817400
279.866850
279.882350
279.898975
280.027200
280.120850
280.150325
280.192875
280.225025
280.248150
280.264250
280.290725
280.307250
280.340150
280.384475
280.463375
280.483725
280.553700
280.575075
280.599850
280.684950
280.841825
280.915600
280.937425
280.991125
281.022250
281.037700
281.077600
281.087575
281.144325
281.160450
281.183550
281.216425
281.230425
281.301625
281.350600
281.413900
281.540550
281.573350
281.625550
281.641525
281.655525
281.678250
281.757925
281.785675
281.810275
281.868800
281.884850
281.897850
281.910625
281.937975
281.969450
281.979275
282.097475
282.160375
282.180025
282.231025
282.266825
282.326175
282.384275
282.413850
282.473575
282.502650
282.515050
282.609575
282.636450
282.653125
282.706325
282.734675
282.834025
282.852800
282.889025
282.902625
282.941075
282.984650
283.072775
283.134875
283.153275
283.169800
283.205650
283.269500
283.281750
283.315325
283.329750
283.373350
283.397200
283.499825
283.530400
283.553400
283.617500
283.629250
283.764575
283.807175
283.828725
283.841150
284.018225
284.035575
284.170850
284.204125
284.422175
284.599575
284.638775
284.658400
284.849375
284.898375
284.935850
284.977350
285.035900
285.277400
285.316700
285.341350
285.456500
285.466075
285.515450
285.530225
285.577825
285.662125
285.687400
285.701625
285.712350
285.774525
285.790400
285.803975
285.819200
285.861975
285.881375
285.929150
285.944000
285.995975
286.030350
286.045650
286.071725
286.084000
286.110475
286.156725
286.180600
286.193350
286.229575
286.243750
286.279350
286.306250
286.340550
286.402775
286.417475
286.446000
286.613325
286.681650
286.699775
286.717500
286.768125
286.800050
286.980750
287.047050
287.112400
287.152525
287.165875
287.304875
287.375450
287.396775
287.497600
287.570400
287.645925
287.664275
287.698100
287.713500
287.744875
287.761725
287.780775
287.939150
288.040950
288.086150
288.141875
288.283975
288.354500
288.364375
288.429200
288.597325
288.611750
288.636300
288.691425
288.703750
288.743175
288.777275
288.796275
288.962950
289.015325
289.057050
289.089925
289.303425
289.318225
289.364850
289.958050
290.003125
290.095450
290.114050
290.268650
290.306300
290.418675
290.499150
290.770950
290.817700
291.103250
291.118850
291.202625
291.270450
291.600525
292.450700
292.651350
292.911200
293.364625
293.505550
293.908800
294.258900
294.415025
294.708800
294.905300
295.016850
295.062825
296.206450
296.653375
296.713350
296.851250
296.962525
297.002400
297.169675
297.467125
297.755250
298.366850
298.954325
299.008650
299.310350
299.319050
299.462150
299.513625
299.664725
299.677025
299.713500
299.819975
299.958225
300.071300
300.093175
300.122275
300.151075
300.232225
300.258625
300.295625
300.401250
300.496125
300.591175
300.617450
300.668275
300.748300
300.783925
300.806500
300.852200
300.868900
300.886850
300.903700
300.917525
300.976075
300.992575
301.137675
301.149500
301.207125
301.249075
301.281950
301.326400
301.394900
301.548600
301.565575
301.606075
301.657125
301.714000
301.735300
301.763725
301.779850
301.826800
301.843500
301.947900
301.958575
302.013350
302.036125
302.105300
302.124800
302.142700
302.164950
302.186250
302.270875
302.305925
302.347925
302.436075
302.474250
302.530975
302.544300
302.566850
302.589750
302.643325
302.904075
302.959725
302.976225
303.085325
303.327725
303.380775
303.561175
303.626325
303.741800
303.755425
303.773550
303.861450
303.905775
303.972000
304.029875
304.103200
304.157100
304.487075
304.506475
304.585925
304.746150
304.934750
304.997300
305.039550
305.059200
305.071850
305.102300
305.228425
305.239225
305.314950
305.414550
305.582900
305.662900
305.743375
305.827175
305.855725
305.938225
306.023825
306.072925
306.158950
306.236300
306.253425
306.284775
306.306225
306.379450
306.395525
306.435375
306.477750
306.494025
306.599550
306.801800
306.828350
306.854525
306.938375
306.963175
307.008075
307.028300
307.141075
307.191025
307.206300
307.300000
307.349225
307.380475
307.491225
307.538750
307.568900
307.600025
307.690300
307.728450
307.802775
307.816325
307.833175
307.867575
307.923075
308.069400
308.167800
308.180800
308.237575
308.245400
308.258075
308.291450
308.384550
308.407050
308.445775
308.458200
308.512500
308.576500
308.587275
308.628425
308.698575
308.708000
308.730650
308.866975
308.925900
308.941125
309.057075
309.086075
309.107325
309.161075
309.264975
309.292900
309.305075
309.336225
309.460150
309.582600
309.654325
309.672125
309.683000
309.728600
310.001325
310.062600
310.090000
310.162400
310.325275
310.364000
310.512225
310.546225
310.593475
310.756325
310.777250
310.820425
310.835875
310.868975
310.988575
311.030100
311.044125
311.207325
311.293100
311.308925
311.386275
311.435475
311.484050
311.582000
311.691625
311.717125
311.804700
311.839550
311.904450
311.926500
312.027075
312.050550
312.072500
312.151050
312.210975
312.258875
312.329725
312.343375
312.548975
312.637700
312.701975
312.713575
312.723025
312.746250
312.877075
312.956225
313.197025
313.269025
313.332525
313.483850
313.494675
313.547925
313.618150
313.685750
313.771650
313.864350
313.996375
314.013325
314.069200
314.124175
314.370825
314.438125
314.602900
314.623325
314.669500
314.890275
315.141650
315.156525
315.274700
315.370075
315.402300
315.434950
315.492925
315.552975
315.565625
315.606725
315.637425
315.654550
315.716875
315.816400
315.853025
315.925150
315.943825
316.002300
316.118775
316.134050
316.192175
316.226250
316.316500
316.342900
316.404750
316.439000
316.498875
316.552300
316.640175
316.673650
316.769950
316.811275
316.827625
316.862100
317.001475
317.041750
317.071625
317.121350
317.134300
317.180725
317.241025
317.257925
317.276475
317.323525
317.361725
317.409425
317.428275
317.467450
317.549075
317.583300
317.652575
317.732150
317.752100
317.807000
317.832325
317.858775
317.875025
317.896550
317.931475
317.969300
318.055900
318.121225
318.236525
318.258850
318.301750
318.531200
318.563025
318.579450
318.601400
318.641075
318.659400
318.678300
318.696275
318.760350
318.835000
318.887550
318.903450
318.955725
318.968750
318.978950
319.004925
319.015950
319.045650
319.082075
319.093275
319.130525
319.199350
319.215575
319.228625
319.240500
319.263900
319.341925
319.371275
319.395350
319.410975
319.425800
319.478100
319.641175
319.715625
319.799100
320.005925
320.022125
320.040225
320.075125
320.132875
320.152650
320.176500
320.203800
320.243325
320.259575
320.345825
320.407075
320.430675
320.463175
320.547600
320.625325
320.671300
320.685075
320.718350
320.856325
320.873925
321.056850
321.279400
321.297325
321.345000
321.416925
321.637275
321.751775
321.775075
321.809950
321.831025
321.882575
321.964750
321.979800
322.046675
322.069425
322.220050
322.287700
322.304500
322.377100
322.653125
322.756050
322.814425
322.860650
322.959825
323.015150
323.134550
323.147650
323.177275
323.288625
323.413325
323.575100
323.637825
323.799950
323.874725
323.924000
324.009725
324.019325
324.165775
324.183900
324.220200
324.236475
324.296775
324.312225
324.479950
324.535575
324.549875
324.605125
324.703650
324.836725
324.916100
324.964925
325.025275
325.098675
325.111550
325.128675
325.137675
325.203975
325.226325
325.261900
325.289050
325.328400
325.408350
325.456825
325.488950
325.544675
325.591550
325.648525
325.803500
325.854750
325.917875
326.026275
326.059700
326.247500
326.311800
326.356975
326.464050
326.562950
326.628525
326.657175
326.728825
326.747175
326.763025
326.810325
326.838000
326.858200
326.880825
326.897550
326.920050
326.935350
326.984925
327.016875
327.139375
327.174200
327.262225
327.291725
327.370500
327.435525
327.457775
327.487525
327.650775
327.773650
327.818075
327.890325
327.905750
327.941925
328.056900
328.097075
328.156700
328.181000
328.200450
328.225375
328.542225
328.557375
328.650600
328.718925
328.746225
328.829850
328.856575
328.964225
329.031975
329.103450
329.130100
329.161400
329.380950
329.418500
329.438400
329.689275
329.711025
329.723600
329.852975
330.119025
330.146475
330.197400
330.454200
330.548175
330.590050
330.665550
330.752275
330.799150
330.869200
330.901325
331.023150
331.042725
331.101750
331.120650
331.315800
331.465375
331.478350
331.493375
331.560275
331.677300
331.775700
331.785225
331.948175
332.026625
332.046125
332.079800
332.101000
332.311000
332.334225
332.378700
332.394050
332.439375
332.468625
332.644750
332.699225
332.713475
332.756525
332.815750
332.887950
332.934625
332.987650
333.048150
333.102900
333.209400
333.225575
333.245150
333.259925
333.305300
333.315900
333.402650
333.463025
333.488725
333.581275
333.618275
333.692950
333.746075
333.781600
333.903675
333.958975
334.034575
334.051625
334.096500
334.130875
334.261175
334.270850
334.394300
334.427950
334.483125
334.497650
334.531425
334.550400
334.568900
334.633550
334.699075
334.753350
334.802100
334.841375
334.862750
334.885600
334.905700
334.934375
335.067625
335.104325
335.151800
335.174025
335.199725
335.319150
335.380725
335.405850
335.440050
335.605950
335.714675
335.739575
335.799825
335.869800
335.904100
335.951125
336.059600
336.071100
336.350500
336.396375
336.411525
336.427475
336.451775
336.469850
336.503900
336.548675
336.570775
336.584250
336.666225
336.741150
336.840875
336.855725
336.873950
336.894450
336.906750
336.978625
337.009825
337.090150
337.208650
337.313625
337.500325
337.529625
337.652750
337.668825
337.745125
337.797100
337.876350
337.927450
337.954600
337.971700
338.016500
338.054400
338.088225
338.098475
338.118950
338.164400
338.191125
338.260550
338.277900
338.491850
338.513775
338.558000
338.712725
338.806800
338.882350
338.927625
338.941350
339.090700
339.108500
339.502475
339.709550
339.955500
340.062225
340.308325
340.566775
340.607900
340.656025
340.707250
340.795500
340.951475
341.166800
341.203750
341.409400
341.448500
341.508100
341.565475
341.646050
341.997325
342.347175
342.515375
342.553300
342.700875
343.105625
343.259800
343.409775
344.065300
344.100925
344.709050
345.606875
346.016375
346.615100
346.654750
347.064575
347.101100
347.302075
347.313525
347.952925
348.011400
348.251750
348.813250
348.854700
349.187825
349.313450
349.386900
349.439475
349.505575
349.628650
349.643425
349.774575
349.890275
349.994700
350.028400
350.466575
350.620550
350.655175
350.743175
350.943175
351.137850
351.197200
351.311825
351.412575
351.438225
351.473225
351.488075
351.526650
351.587400
351.656000
351.755250
351.781100
351.906225
351.929725
352.070725
352.156800
352.238700
352.311975
352.327550
352.405725
352.441050
352.452775
352.499775
352.511225
352.523925
352.566450
352.603450
352.736775
352.835100
352.861675
352.954650
352.973100
353.054650
353.189100
353.428375
353.464250
353.536675
353.652525
353.751500
353.766850
353.826700
353.919175
354.014125
354.054850
354.108650
354.212625
354.235925
354.288675
354.382700
354.551450
354.597950
354.653150
354.668350
354.683225
354.962975
355.082800
355.165050
355.213225
355.300875
355.328650
355.380175
355.416400
355.466400
355.637000
355.663100
355.764775
355.858600
355.890675
355.910675
356.042025
356.077850
356.137150
356.155225
356.308400
356.443150
356.527800
356.784725
356.922825
357.070475
357.141725
357.250750
357.277575
357.314025
357.376725
357.424750
357.468750
357.525875
357.575850
357.590375
357.626300
357.700150
357.708775
357.726600
357.782075
357.796300
357.877875
357.887425
357.953000
357.970100
358.052625
358.097150
358.116225
358.132825
358.171050
358.206950
358.312275
358.376925
358.401775
358.426875
358.437400
358.463275
358.474150
358.484125
358.561975
358.625900
358.642050
358.681925
358.747875
358.841875
358.857025
358.897000
358.923275
358.950350
358.990075
359.002025
359.046750
359.223200
359.311200
359.331675
359.385575
359.426250
359.452675
359.495000
359.565050
359.739400
359.771125
359.847100
359.967925
360.034200
360.078525
360.091925
360.175725
360.185375
360.196150
360.217750
360.225725
360.240525
360.284675
360.320225
360.345150
360.385750
360.469325
360.503000
360.553100
360.573800
360.616850
360.717300
360.738675
360.775975
360.795750
360.837525
360.885500
360.922175
360.978450
361.131600
361.190450
361.254600
361.266475
361.403400
361.504075
361.535075
361.666400
361.692300
361.714250
361.786225
361.812075
361.885825
361.954575
361.975425
361.985925
361.999350
362.028325
362.078200
362.097975
362.108750
362.128600
362.163675
362.193125
362.231750
362.278775
362.297900
362.323125
362.333775
362.396275
362.423075
362.461475
362.506275
362.546525
362.595725
362.648000
362.668925
362.675125
362.688550
362.734525
362.884450
362.935375
362.945450
362.967350
363.008975
363.020725
363.048550
363.075875
363.092900
363.106200
363.137425
363.151575
363.168300
363.204775
363.234500
363.246425
363.276350
363.363225
363.415275
363.433050
363.492625
363.508425
363.582075
363.633850
363.666025
363.707375
363.721100
363.732025
363.763750
363.770300
363.811200
363.930550
363.947775
364.036225
364.099925
364.230450
364.245925
364.282075
364.322650
364.454475
364.463800
364.535000
364.572250
364.590600
364.598575
364.666250
364.783925
364.793200
364.843700
364.919875
364.973000
365.016800
365.032450
365.050500
365.058000
365.088075
365.131700
365.156250
365.209500
365.263500
365.323425
365.424050
365.655225
365.675650
365.695125
365.712925
365.804750
365.912050
365.950300
366.133300
366.349275
366.418000
366.439075
366.548000
366.587925
366.607300
366.714925
366.750175
366.969575
367.048850
367.088850
367.118650
367.135600
367.234275
367.248650
367.270100
367.289950
367.313975
367.358050
367.387500
367.553100
367.597700
367.642700
367.659825
367.749200
367.799150
367.811325
367.836475
367.865525
367.868125
367.909525
367.973275
368.096875
368.122875
368.148525
368.170150
368.214600
368.246825
368.263150
368.305550
368.406625
368.424200
368.492525
368.513975
368.562225
368.724025
368.737350
368.855650
368.877675
368.931975
369.006175
369.032925
369.051625
369.069200
369.089775
369.134800
369.163675
369.178575
369.189575
369.204050
369.223300
369.298775
369.309825
369.400275
369.427075
369.440000
369.470350
369.481075
369.489625
369.505925
369.518225
369.539625
369.580625
369.612525
369.685650
369.798900
369.882525
369.909575
369.932950
370.092150
370.119825
370.279700
370.337200
370.410775
370.509550
370.609175
370.638775
370.660150
370.695700
370.782175
370.806725
370.835825
370.852250
370.940950
370.969825
371.086200
371.249675
371.320275
371.357800
371.371700
371.432175
371.460975
371.473825
371.489725
371.527400
371.543050
371.568725
371.591375
371.607550
371.691750
371.739700
371.763050
371.900100
371.945650
371.984000
372.249100
372.276250
372.313050
372.327650
372.360975
372.405175
372.471400
372.489200
372.515850
372.534225
372.564825
372.603425
372.628675
372.650425
372.682900
372.695475
372.748625
372.808775
372.840775
372.863825
372.882850
372.940225
372.952400
372.999975
373.015800
373.029375
373.076100
373.166300
373.194775
373.229550
373.265075
373.293125
373.404300
373.464050
373.496525
373.531625
373.680350
373.757875
373.801050
373.977500
374.015450
374.035275
374.269775
374.285550
374.405050
374.436750
374.537275
374.599950
374.647975
374.721625
374.737400
374.774225
374.916200
375.060500
375.241525
375.292675
375.316525
375.339050
375.439950
375.661375
375.699700
375.736975
375.767250
375.821650
375.850025
376.054425
376.096875
376.117975
376.149950
376.700000
376.763250
376.786450
376.907975
377.007725
377.121325
377.144375
377.227575
377.355575
377.372675
377.452400
377.495975
377.566000
377.584900
377.599750
377.817325
377.865650
378.044400
378.205075
378.219975
378.229475
378.247050
378.260950
378.274850
378.374975
378.469800
378.483525
378.533450
378.586700
378.714125
378.845975
378.870950
378.926950
378.962025
379.076475
379.110225
379.237875
379.342375
379.512700
379.725400
379.811825
379.859300
380.011250
380.119925
380.137600
380.470675
380.504700
380.549925
380.597600
380.627700
380.665625
380.810750
380.985325
381.012675
381.026850
381.472900
381.658125
381.784275
381.803325
381.819800
381.854875
381.994050
382.051450
382.123225
382.132725
382.190250
382.240450
382.333825
382.346450
382.375275
382.419525
382.486875
382.514650
382.667950
382.681125
382.695600
382.721525
382.728100
382.790650
382.805150
382.879800
382.891200
382.920300
383.022675
383.098250
383.248650
383.273950
383.291425
383.310525
383.420300
383.527900
383.553950
383.576400
383.595475
383.654825
383.670025
383.710450
383.775125
383.894400
384.148000
384.232075
384.305050
384.335200
384.411975
384.490000
384.511975
384.590975
384.670025
384.685525
384.754925
384.787725
384.804675
384.844600
384.953000
384.958625
385.152075
385.274900
385.327575
385.409975
385.467500
385.497100
385.512200
385.527275
385.539575
385.552575
385.579250
385.637450
385.735400
385.756075
385.782075
385.903275
385.935975
385.982700
385.998575
386.062100
386.077125
386.143275
386.171900
386.264575
386.296925
386.310375
386.327700
386.377850
386.437125
386.481150
386.567800
386.583850
386.624800
386.681275
386.798050
386.811675
386.833625
386.843700
386.860500
386.882375
386.957700
386.970875
386.988275
387.007500
387.037125
387.049300
387.085100
387.125150
387.159650
387.223075
387.294650
387.308175
387.317925
387.338625
387.350525
387.364325
387.454075
387.511925
387.539975
387.581275
387.601075
387.612700
387.665225
387.708975
387.726200
387.742725
387.758500
387.770025
387.840300
387.852925
387.896175
387.917875
387.932125
387.996975
388.009225
388.044950
388.079450
388.102125
388.144725
388.215650
388.229700
388.377500
388.408175
388.418325
388.452100
388.526650
388.543925
388.588925
388.602350
388.625100
388.788600
388.862950
388.923650
388.993250
389.021125
389.101350
389.346375
389.401950
389.687975
389.701700
389.762650
389.847400
390.002700
390.011450
390.048275
390.196075
390.252425
390.342950
390.555225
390.707525
391.254275
391.399125
391.892575
391.950525
392.358500
392.392975
392.497100
392.655950
393.012575
393.048250
393.689075
393.708300
393.809400
393.952625
394.061550
394.493600
394.790825
395.305850
395.351700
395.748075
396.153375
396.197375
396.249050
397.154550
397.260500
397.995000
398.245650
398.336725
398.406900
398.541650
398.559825
398.661750
398.758600
399.162425
399.407950
399.442425
399.481775
399.662875
399.739150
399.828600
399.967525
400.048075
400.105300
400.138825
400.174900
400.351900
400.367225
400.422025
400.444150
400.460325
400.476100
400.605250
400.617900
400.652250
400.702225
400.712500
400.756050
400.777125
400.881950
400.891925
400.916425
401.026100
401.235750
401.355600
401.381350
401.391050
401.473125
401.538450
401.800925
401.859125
401.928500
401.948875
402.010500
402.242675
402.255975
402.303225
402.331200
402.350800
402.366575
402.506750
402.576425
402.583600
402.603825
402.649250
402.759825
402.773175
402.864600
402.904225
402.978525
403.020975
403.053975
403.163850
403.205525
403.227550
403.323275
403.414475
403.549825
403.653225
403.698875
403.735525
403.791300
403.826350
404.082400
404.263525
404.281675
404.339725
404.378025
404.392725
404.556525
404.600450
404.829575
404.875500
404.893575
404.942950
404.953200
405.084375
405.118725
405.201475
405.228625
405.271050
405.291300
405.320675
405.414150
405.422950
405.499675
405.545650
405.579375
405.598850
405.608575
405.622000
405.656600
405.675150
405.694850
405.726675
405.743375
405.773425
405.782250
405.816225
405.832075
405.858125
405.879400
405.913850
406.180375
406.215925
406.233025
406.268650
406.358625
406.494525
406.559575
406.593625
406.661575
406.732050
406.761325
406.785850
406.797125
406.813600
406.855000
406.864850
406.947475
406.964800
406.985100
407.009600
407.034700
407.132775
407.164150
407.180525
407.213900
407.275300
407.364025
407.382200
407.426250
407.443150
407.487125
407.524750
407.558725
407.587050
407.605550
407.624525
407.703200
407.714825
407.729025
407.904400
407.976675
408.036150
408.114150
408.148975
408.186950
408.221750
408.359500
408.379125
408.427725
408.459925
408.480350
408.494575
408.517125
408.548675
408.636775
408.657900
408.698125
408.709950
408.729925
408.748750
408.799900
409.024425
409.056825
409.073625
409.140975
409.219075
409.236350
409.252525
409.291550
409.324275
409.367800
409.377475
409.620300
409.638775
409.705975
409.820125
409.882875
409.949000
409.967950
410.063475
410.234800
410.329925
410.341300
410.383350
410.508475
410.525250
410.556200
410.698050
410.750475
410.864225
410.903225
410.963275
411.011375
411.094625
411.391300
411.513375
411.547950
411.659950
411.673700
411.689975
411.713050
411.731475
411.819400
411.879750
411.905800
411.970350
411.985500
412.071700
412.102375
412.145250
412.159975
412.224125
412.235375
412.350025
412.366125
412.381050
412.413150
412.444400
412.471725
412.510900
412.560800
412.594450
412.633650
412.779550
412.872775
412.944450
412.986275
413.005300
413.031275
413.045800
413.121600
413.150700
413.286975
413.301725
413.412425
413.450000
413.511825
413.536625
413.590425
413.680225
413.809375
413.833825
413.996800
414.063200
414.111075
414.181525
414.208050
414.249500
414.273575
414.282050
414.303375
414.314175
414.357600
414.375775
414.392750
414.417775
414.444375
414.463575
414.600525
414.638050
414.666175
414.682150
414.825000
414.856575
414.865750
414.878250
414.884300
414.901375
414.915200
414.932850
415.159575
415.225850
415.268650
415.281725
415.306200
415.357600
415.373900
415.440700
415.539200
415.671025
415.698025
415.739050
415.781675
415.895800
415.911825
415.931475
415.987400
416.064425
416.172200
416.189150
416.296075
416.427950
416.446075
416.508150
416.567375
416.601250
416.693475
416.724450
416.739500
416.795250
416.833650
416.870425
416.912525
416.957625
416.975350
416.990175
417.014150
417.022675
417.038800
417.057125
417.098075
417.224300
417.240675
417.349100
417.379300
417.408875
417.446325
417.517000
417.581425
417.599725
417.614375
417.652825
417.732675
417.749000
417.777275
417.800725
417.917275
417.936950
417.991350
418.023775
418.033350
418.056850
418.127125
418.176175
418.189600
418.212175
418.278075
418.314000
418.381200
418.399200
418.476325
418.548800
418.745450
418.781050
418.835500
419.037550
419.105025
419.240075
419.336100
419.425600
419.476425
419.507650
419.588800
419.611475
419.632050
419.766500
419.994075
420.078725
420.144150
420.194000
420.273400
420.299200
420.324400
420.408650
420.555750
420.574200
420.641550
420.738450
420.784850
420.815950
420.828900
420.875075
420.906050
420.969100
421.061200
421.141450
421.162625
421.362050
421.390600
421.524325
421.719700
421.773850
421.800925
421.879325
421.894750
422.088575
422.372800
422.403100
422.414900
422.546500
422.566875
422.581975
422.659475
422.689575
422.765125
422.791800
422.809175
422.939000
422.988075
423.012625
423.035350
423.123775
423.287500
423.384450
423.453750
423.500625
423.570400
423.637225
423.677025
423.723725
423.758375
423.806850
423.918400
423.957350
423.977275
424.092100
424.201800
424.310125
424.356600
424.389200
424.450850
424.513125
424.551800
424.569800
424.753100
424.797150
424.852700
424.872675
424.906750
424.933575
424.958100
424.978100
425.060275
425.126025
425.138025
425.148550
425.195150
425.245100
425.290875
425.306925
425.369725
425.476000
425.521850
425.528475
425.546900
425.578225
425.604025
425.890075
425.924875
426.035550
426.064175
426.137125
426.259825
426.299850
426.318675
426.327200
426.413700
426.453100
426.489475
426.562325
426.733300
426.775500
426.796800
426.833900
426.897150
426.946375
426.967025
426.992750
427.044475
427.083550
427.148275
427.193300
427.207950
427.231750
427.283775
427.326850
427.542525
427.552625
427.627925
427.640800
427.664725
427.777425
427.833375
427.892475
427.934600
427.942825
428.014875
428.063550
428.116400
428.135700
428.351250
428.381925
428.397100
428.411300
428.469175
428.486175
428.554000
428.624400
428.728300
428.742425
428.949425
428.971300
429.021625
429.033275
429.064475
429.153275
429.225350
429.387125
429.484800
429.566075
429.596425
429.666725
429.758350
429.818575
429.862825
429.878225
429.928500
430.055375
430.178250
430.195125
430.351125
430.399550
430.420675
430.500375
430.566625
430.593025
430.686250
430.709300
430.723050
430.761875
430.826350
430.843375
430.888625
430.942675
431.096600
431.127175
431.166875
431.189625
431.239875
431.259825
431.312500
431.333200
431.363175
431.407025
431.438550
431.479300
431.502050
431.624875
431.695375
431.802300
431.816075
431.831650
431.848575
431.897675
431.930900
432.025925
432.057100
432.106800
432.173925
432.258450
432.349025
432.366425
432.413600
432.505750
432.530975
432.588325
432.601525
432.666275
432.719225
433.086575
433.113325
433.130200
433.140575
433.255250
433.336900
433.426950
433.447150
433.556450
433.642050
433.672500
433.686675
433.738275
433.937075
433.950600
433.973325
434.020625
434.048625
434.072175
434.108250
434.144525
434.165075
434.311325
434.368600
434.381325
434.467325
434.485950
434.505075
434.572025
434.608300
434.742700
434.751925
434.790025
434.808500
434.817125
434.871725
434.911050
434.935925
434.960625
435.002200
435.046175
435.056150
435.097375
435.144225
435.177250
435.193400
435.254525
435.300775
435.377550
435.426775
435.527375
435.628150
435.675000
435.707750
435.745450
435.889750
435.907550
435.940525
435.957300
435.978475
436.182350
436.196025
436.223400
436.262625
436.280650
436.302150
436.326425
436.341500
436.378425
436.400625
436.416175
436.479925
436.532550
436.544950
436.564100
436.638075
436.652625
436.673050
436.730250
436.884675
436.898775
436.929100
436.959400
437.036750
437.064825
437.118950
437.236675
437.251550
437.285475
437.407550
437.431250
437.578850
437.598050
437.611550
437.634100
437.733250
437.774150
437.825375
437.837800
437.925225
438.101550
438.206925
438.220925
438.237100
438.309675
438.349375
438.360125
438.395975
438.475225
438.488225
438.561225
438.594250
438.644775
438.656025
438.669700
438.758400
438.768225
438.789350
438.904000
438.921125
438.935725
438.950200
439.042375
439.239475
439.458500
439.598000
439.694275
439.897550
439.906200
440.353150
440.389875
440.635800
440.702625
440.743400
440.856175
440.896500
440.991125
441.008250
441.999225
442.041350
442.187775
442.499525
442.788825
443.000075
443.232275
443.257250
443.604425
443.686725
443.757475
444.484900
445.252000
445.899075
446.340375
446.648025
446.791275
447.095500
447.288100
447.846875
448.205200
449.094225
449.161200
449.439475
449.614475
449.745950
449.754525
449.869250
449.979675
449.997950
450.092175
450.305350
450.338675
450.353825
450.378075
450.442850
450.512050
450.580125
450.593725
450.800850
450.948500
451.018650
451.079800
451.221550
451.240475
451.272075
451.295400
451.316900
451.339825
451.499350
451.515000
451.545250
451.554700
451.604125
451.640125
451.715050
451.749375
451.782150
451.849000
451.861400
451.877800
452.016075
452.031400
452.146875
452.182400
452.215700
452.229050
452.260350
452.334225
452.347775
452.481400
452.521525
452.553475
452.593775
452.709025
452.742650
452.792000
452.850525
452.929450
452.947925
453.012275
453.170150
453.185675
453.263050
453.277500
453.327300
453.405675
453.450200
453.560725
453.606450
453.668375
453.686525
453.828325
453.942025
453.980375
454.034125
454.067275
454.092325
454.122775
454.138800
454.183775
454.252975
454.269175
454.285075
454.373825
454.395200
454.471350
454.500350
454.547275
454.585200
454.621850
454.635525
454.710650
454.732425
454.748400
454.773950
454.805350
454.850175
454.871225
454.888625
454.979800
455.020075
455.277475
455.311925
455.353600
455.391575
455.408850
455.456550
455.474675
455.485350
455.555575
455.653700
455.692450
455.714250
455.848175
455.889175
455.922400
455.957925
455.998775
456.014025
456.039750
456.053450
456.068300
456.088525
456.108225
456.136625
456.202175
456.241925
456.273675
456.306425
456.317550
456.333150
456.396650
456.424400
456.440650
456.462000
456.477900
456.545850
456.592450
456.610525
456.681375
456.738950
456.807150
456.854525
456.873250
456.958175
456.973500
456.989725
457.050775
457.070025
457.087425
457.114875
457.131950
457.185000
457.210450
457.227950
457.273700
457.311850
457.396825
457.471475
457.491725
457.540925
457.562775
457.579325
457.683325
457.693850
457.723325
457.832125
457.880825
457.901000
457.961300
458.097900
458.217200
458.431775
458.459825
458.478900
458.505425
458.569725
458.621850
458.667925
458.694025
458.745950
458.802425
458.859625
458.892475
458.968250
459.030875
459.178175
459.272575
459.349150
459.404625
459.426975
459.514375
459.610675
459.840050
459.991900
460.019200
460.051875
460.070675
460.104950
460.127725
460.144350
460.167300
460.181300
460.344575
460.432750
460.463625
460.487625
460.576450
460.589950
460.604550
460.635025
460.684050
460.713400
460.766025
460.779800
460.809950
460.822875
460.848750
460.893100
460.940150
461.001600
461.103150
461.187350
461.228850
461.247525
461.261925
461.333950
461.343650
461.384925
461.397525
461.451175
461.479950
461.496575
461.527500
461.568850
461.619600
461.732725
461.772175
461.924525
461.935375
461.956000
461.998325
462.010725
462.074425
462.100500
462.203925
462.225125
462.239400
462.255150
462.354150
462.488175
462.502075
462.685800
462.747975
462.796850
462.834750
462.964900
462.974575
463.073050
463.095350
463.107225
463.189450
463.229875
463.273550
463.389300
463.460975
463.560050
463.594850
463.662900
463.809500
463.851175
463.881025
463.931875
463.958950
464.040125
464.073200
464.098650
464.107050
464.324725
464.381525
464.393200
464.404150
464.418550
464.434775
464.457950
464.540525
464.547350
464.598475
464.616325
464.647300
464.666400
464.683000
464.719725
464.740300
464.752675
464.796200
464.830500
464.979750
464.995150
465.005625
465.103950
465.123375
465.142400
465.213200
465.353175
465.375225
465.492775
465.598150
465.614425
465.632300
465.696800
465.740575
465.787175
465.808025
465.866950
465.957975
465.975425
465.990875
466.027525
466.039025
466.084400
466.137400
466.150500
466.185425
466.204925
466.246900
466.281025
466.319575
466.521950
466.552425
466.573275
466.594400
466.613000
466.629275
466.669250
466.685150
466.753100
466.772650
466.822325
466.921650
466.941825
466.951000
466.966800
466.981175
467.126300
467.194750
467.253275
467.298025
467.322350
467.350275
467.502050
467.520825
467.546125
467.569950
467.648275
467.659100
467.831475
467.845375
467.956575
467.974825
467.995000
468.025775
468.051325
468.141700
468.172150
468.272650
468.287350
468.337400
468.354675
468.370300
468.385400
468.402825
468.446750
468.488525
468.499400
468.510575
468.520050
468.535925
468.552675
468.599825
468.662500
468.686750
468.715475
468.740200
468.782050
468.872650
468.908450
468.929150
468.954025
468.987600
469.001225
469.040225
469.061325
469.177950
469.197225
469.331025
469.340650
469.374150
469.414550
469.481375
469.513075
469.532850
469.564000
469.577775
469.609500
469.625575
469.655725
469.671450
469.792175
469.805175
469.820075
469.835850
469.847900
469.896000
469.962375
470.016025
470.024575
470.103475
470.180425
470.194850
470.208800
470.227925
470.298650
470.347450
470.366500
470.383300
470.414425
470.498200
470.554500
470.571775
470.584475
470.600275
470.681850
470.725425
470.738800
470.822475
470.870275
470.901200
470.910675
470.954375
471.004575
471.041325
471.069450
471.091700
471.140225
471.226350
471.379700
471.448850
471.515150
471.533825
471.580225
471.598800
471.607150
471.626050
471.662175
471.694950
471.740975
471.758300
471.781225
471.867175
471.879325
471.889550
471.976825
471.989800
472.010900
472.045450
472.154550
472.210375
472.240525
472.259450
472.276100
472.358725
472.453625
472.579325
472.603275
472.614350
472.680700
472.702100
472.725175
472.847875
472.922675
472.961200
473.019775
473.213700
473.223425
473.455900
473.466775
473.502125
473.606700
473.783875
473.880825
473.900600
473.913000
473.963725
474.055600
474.129075
474.164650
474.502250
474.592175
474.678050
474.699700
474.826475
474.890025
474.947350
474.981400
475.106325
475.134200
475.161475
475.202450
475.354425
475.389525
475.505425
475.540050
475.587725
475.707000
475.744050
475.865050
475.890825
476.118675
476.131975
476.188525
476.213375
476.261600
476.283775
476.302625
476.347100
476.366625
476.380150
476.416150
476.616175
476.627100
476.651850
476.697100
476.732100
476.906400
476.992225
477.018550
477.143050
477.190225
477.300875
477.431300
477.444700
477.584725
477.632850
477.674900
477.713200
477.727650
477.755700
477.769275
477.844200
477.949000
477.995175
478.022850
478.045025
478.133625
478.247275
478.271250
478.315100
478.385725
478.421000
478.524850
478.545000
478.561450
478.579100
478.602425
478.621825
478.636800
478.751075
478.771275
478.807200
478.837950
478.871175
478.925550
479.128325
479.187125
479.223975
479.275650
479.303150
479.320275
479.372425
479.405300
479.454225
479.562025
479.736725
479.791450
479.878675
479.986225
480.029125
480.089225
480.202250
480.219025
480.255025
480.277600
480.340500
480.447500
480.479650
480.517325
480.558425
480.599975
480.631175
480.697925
480.943975
480.955775
481.084900
481.106950
481.168600
481.177725
481.198300
481.226100
481.280275
481.312350
481.340400
481.435075
481.485475
481.492325
481.558925
481.572950
481.596625
481.616425
481.664850
481.734600
481.745600
481.844275
481.896300
481.918275
481.983125
482.008300
482.044750
482.083900
482.096125
482.147525
482.167325
482.211725
482.273100
482.296075
482.347600
482.358650
482.366200
482.412525
482.464475
482.520500
482.533425
482.545550
482.622975
482.716750
482.755225
482.763975
482.790225
482.844775
482.882125
482.906050
483.020800
483.033400
483.094150
483.109625
483.131600
483.157250
483.195675
483.208050
483.227250
483.248700
483.318550
483.345800
483.374700
483.441375
483.508875
483.772750
483.808575
483.843425
483.872675
483.912775
483.936075
484.001350
484.350050
484.502925
484.565675
484.644850
484.659625
484.703450
485.040650
485.074800
485.086800
485.131550
485.305950
485.320025
485.410175
485.441000
485.492875
485.652850
485.711775
485.728125
485.755250
485.853575
485.866975
485.913725
485.956025
485.991875
486.003125
486.037975
486.066550
486.081850
486.181050
486.204975
486.270625
486.328825
486.377075
486.413875
486.491775
486.638375
486.657575
486.668825
486.709775
486.759925
486.883325
486.938575
486.954100
486.976800
487.005350
487.020950
487.104225
487.183675
487.197775
487.228900
487.294750
487.381600
487.394100
487.409050
487.474350
487.496275
487.558300
487.627025
487.635800
487.677175
487.693475
487.767375
487.831600
487.939250
487.949050
488.000225
488.029625
488.078025
488.089425
488.205825
488.241400
488.320250
488.339075
488.379175
488.535150
488.613825
488.657075
488.830150
488.864275
489.029925
489.062250
489.078700
489.397350
489.485100
489.540850
489.581875
489.695525
489.751425
489.784475
489.877800
489.938125
489.983175
490.030150
490.131450
490.185850
490.386075
490.399325
490.500475
490.599575
490.630600
490.694700
491.029825
491.093550
491.292725
491.434075
491.445325
491.486175
491.495200
491.554500
491.745300
491.892475
491.936150
492.429775
492.535250
492.924075
492.998025
493.942875
493.993175
494.085700
494.098150
494.336200
494.395075
494.500700
494.540600
494.588375
494.696175
494.782600
497.490875
497.842225
498.147900
498.352675
498.403800
498.601525
499.140800
499.258500
499.483675
499.592700
499.609975
499.666625
499.824850
499.865825
499.910550
500.002850
500.044950
500.167250
500.231450
500.256650
500.404550
500.543750
500.651600
500.706000
500.749225
500.813075
500.826875
500.873925
501.101500
501.139075
501.184600
501.196550
501.218925
501.275250
501.348625
501.359450
501.522750
501.535575
501.567250
501.719775
501.733925
501.802225
501.852175
501.967825
501.986950
502.031450
502.062525
502.100075
502.123375
502.142725
502.245100
502.284125
502.308300
502.323150
502.339200
502.363050
502.464575
502.491150
502.618775
502.671650
502.718800
502.790150
502.864650
502.879475
502.899100
502.992150
503.036150
503.110925
503.164675
503.237800
503.255900
503.299800
503.341625
503.363550
503.382825
503.403250
503.451850
503.470775
503.644075
503.673700
503.758050
503.776650
503.796325
503.812075
503.870150
503.917200
503.977250
503.999175
504.066425
504.190025
504.368525
504.507200
504.536325
504.628650
504.705300
504.722500
504.743000
504.843475
504.862325
504.900125
504.919200
504.957300
504.966650
504.984575
505.004550
505.085050
505.181625
505.214575
505.245225
505.258550
505.276525
505.353350
505.404750
505.417975
505.550925
505.687150
505.795500
505.835600
505.948000
506.066450
506.162025
506.254900
506.274650
506.293575
506.307325
506.431525
506.460150
506.476325
506.518875
506.529950
506.562400
506.598575
506.614000
506.693275
506.761700
506.812300
506.829825
506.839925
506.867625
506.928950
506.947800
507.033200
507.041950
507.119575
507.135375
507.172825
507.229425
507.257175
507.281900
507.300250
507.336700
507.353050
507.395550
507.411775
507.450000
507.463125
507.539675
507.558275
507.603050
507.735900
507.798575
507.914125
508.085300
508.251450
508.343550
508.390750
508.406300
508.492025
508.514850
508.611425
508.644025
508.698850
508.722025
508.759600
508.776350
508.802750
508.816275
508.979375
508.999925
509.247050
509.318300
509.432325
509.461575
509.533775
509.588475
509.745200
509.769000
509.788025
509.855825
509.954575
509.983400
510.028175
510.230625
510.300750
510.367800
510.584900
510.600400
510.640400
510.686175
510.733075
510.757125
510.856525
510.934750
510.995425
511.055475
511.167825
511.438625
511.458575
511.592725
511.852375
511.922425
511.947000
511.959800
511.973600
512.027050
512.096500
512.116800
512.135150
512.156375
512.191000
512.225800
512.314175
512.434750
512.526750
512.606800
512.697925
512.792950
512.808525
512.850300
512.879725
512.930825
512.987425
513.042275
513.054825
513.102175
513.133200
513.238875
513.288050
513.303600
513.317725
513.478875
513.495100
513.503400
513.597325
513.614400
513.636125
513.649250
513.736025
513.780400
513.798925
513.815325
513.821575
513.856800
513.985125
514.017575
514.019000
514.185500
514.315225
514.348925
514.381975
514.437775
514.467100
514.492000
514.519125
514.557450
514.574150
514.651175
514.663200
514.692000
514.725675
514.740625
514.764300
514.782825
514.797475
514.838825
514.881475
514.962450
515.044175
515.078475
515.152775
515.210700
515.234775
515.311525
515.328800
515.361050
515.514125
515.546125
515.749625
515.775050
515.885125
515.910325
515.945700
516.013550
516.065525
516.106650
516.126950
516.157025
516.222600
516.271900
516.325600
516.433850
516.481850
516.674375
516.694775
516.710450
516.907450
517.026650
517.183925
517.236375
517.306400
517.421175
517.516325
517.549050
517.765125
517.789175
517.868175
517.910525
517.944525
518.100450
518.216450
518.253975
518.287375
518.450625
518.481025
518.497475
518.564000
518.652775
518.681050
518.816350
519.035100
519.310975
519.361550
519.407925
519.591875
519.630125
519.893425
519.973525
520.099150
520.156525
520.183175
520.220225
520.257700
520.389475
520.508750
520.547300
520.566375
520.612750
520.630550
520.667300
521.013925
521.034200
521.070350
521.142500
521.156550
521.165075
521.172225
521.195800
521.221000
521.261375
521.271500
521.285500
521.300975
521.338325
521.364750
521.406800
521.715975
521.877125
521.928700
521.953400
521.962950
521.980850
522.034750
522.079725
522.096600
522.165275
522.237925
522.353175
522.366575
522.389825
522.399650
522.459025
522.477275
522.500150
522.572275
522.714900
522.762100
522.808275
522.843250
522.912450
522.968950
523.109150
523.124300
523.203300
523.229500
523.254325
523.361475
523.411925
523.421400
523.436050
523.587750
523.612200
523.626925
523.639475
523.682700
523.854450
523.969375
524.008900
524.041675
524.103475
524.518950
524.531225
524.587375
524.609725
524.676850
524.807475
524.955750
524.969600
525.013900
525.075175
525.117975
525.126225
525.147675
525.179675
525.266475
525.286050
525.340650
525.377025
525.389825
525.417475
525.448575
525.487275
525.541700
525.599850
525.649075
525.712900
525.814125
525.898900
525.905975
525.939825
525.973350
525.985800
526.059975
526.137800
526.231725
526.245250
526.266475
526.328775
526.344850
526.353575
526.392975
526.439675
526.448000
526.490125
526.503175
526.556050
526.588225
526.659875
526.702425
526.736250
526.769750
526.801275
526.824475
526.858400
526.883650
526.904425
526.993250
527.019700
527.072550
527.126575
527.144700
527.178525
527.200325
527.215750
527.246225
527.266800
527.305575
527.384675
527.449125
527.494275
527.549750
527.601575
527.636475
527.664225
527.677600
527.710500
527.742775
527.920275
527.934225
527.944600
527.960850
528.024275
528.133225
528.163525
528.200200
528.227900
528.283525
528.333125
528.350675
528.367575
528.384375
528.417800
528.459700
528.477175
528.646450
528.738775
528.832275
529.076725
529.093600
529.236425
529.408250
529.426300
529.515800
529.535500
529.551125
529.613725
529.664325
529.702700
529.752950
529.768750
529.968225
530.044400
530.061875
530.235275
530.252700
530.288950
530.426425
530.437200
530.519375
530.623500
530.635775
530.650125
530.715025
530.755050
530.792050
530.878575
530.904450
530.957475
530.972100
531.006125
531.152575
531.208175
531.220975
531.240575
531.264100
531.275250
531.317175
531.345150
531.360475
531.381675
531.537050
531.573150
531.598425
531.620300
531.652425
531.688525
531.955675
531.994700
532.006650
532.075500
532.159850
532.244525
532.285375
532.294900
532.318450
532.329850
532.364675
532.378075
532.400800
532.442700
532.458350
532.476400
532.512075
532.525725
532.563950
532.610525
532.622400
532.635875
532.725050
532.766600
532.777375
532.793825
532.870025
532.928375
533.023300
533.039900
533.143075
533.162000
533.174575
533.195175
533.279650
533.333725
533.345850
533.398975
533.482500
533.569550
533.651325
533.685675
533.795675
533.853675
534.030750
534.061900
534.091975
534.148325
534.177000
534.249250
534.304300
534.392000
534.452625
534.498925
534.516575
534.531850
534.576700
534.661775
534.709475
534.726775
534.792225
534.846875
534.868325
534.996475
535.061775
535.175125
535.190050
535.290350
535.326150
535.347125
535.380250
535.423900
535.435400
535.475850
535.536675
535.596550
535.650025
535.668750
535.689400
535.772275
535.863000
535.942400
535.982425
536.028800
536.050675
536.088750
536.200550
536.223875
536.260325
536.288325
536.335000
536.617725
536.653300
536.706150
536.739325
536.775900
536.785375
536.801725
536.818850
536.876725
536.893325
536.918300
536.934225
536.992550
537.087825
537.136725
537.152375
537.165425
537.181825
537.203200
537.217425
537.240075
537.255125
537.277250
537.320700
537.392150
537.405175
537.430950
537.444300
537.501525
537.512250
537.523850
537.542175
537.621050
537.655625
537.691625
537.790375
537.901450
537.962125
