# # All spikes for Neuron
0.023300
0.050075
0.104075
0.137375
0.162325
0.191425
0.219450
0.246575
0.280075
0.318800
0.357300
0.376200
0.411525
0.433575
0.452250
0.481800
0.510125
0.531225
0.545450
0.564725
0.582250
0.616300
0.640450
0.680800
0.700675
0.733900
0.781400
0.823375
0.858525
0.894350
0.922950
0.948350
0.984700
1.002825
1.041900
1.076725
1.102025
1.134500
1.145425
1.179600
1.198050
1.251125
1.278225
1.308125
1.332675
1.360100
1.393700
1.412450
1.440725
1.471025
1.498775
1.529225
1.550900
1.582575
1.622350
1.642200
1.667075
1.690600
1.714900
1.741875
1.770025
1.791825
1.856200
1.880550
1.907800
1.922425
1.965650
1.982275
2.003650
2.036950
2.070050
2.102875
2.131800
2.156750
2.181150
2.202725
2.245200
2.271700
2.289875
2.313125
2.360875
2.396725
2.422700
2.457000
2.495975
2.526000
2.561950
2.589700
2.612925
2.633350
2.656600
2.680250
2.713025
2.738100
2.766375
2.789650
2.818800
2.850375
2.878200
2.897475
2.930125
2.951125
2.976025
3.011175
3.040450
3.070875
3.099000
3.115775
3.139100
3.177550
3.198425
3.229825
3.252350
3.278400
3.298000
3.322925
3.349500
3.391750
3.428525
3.453325
3.479550
3.525300
3.557050
3.584850
3.618900
3.644375
3.682600
3.733950
3.755450
3.790025
3.813625
3.838525
3.861850
3.899450
3.931375
3.959700
3.997850
4.024100
4.057425
4.087575
4.111400
4.139475
4.169775
4.188350
4.230125
4.262825
4.278675
4.305575
4.333050
4.365500
4.403150
4.431100
4.459375
4.486725
4.518375
4.554825
4.570375
4.598600
4.626600
4.652275
4.719275
4.743875
4.769200
4.797925
4.848950
4.877150
4.910725
4.935975
4.962775
4.996450
5.026350
5.063175
5.104075
5.121600
5.152575
5.173350
5.211225
5.234875
5.263250
5.285500
5.299250
5.335850
5.375050
5.396875
5.422575
5.456725
5.500975
5.529775
5.559450
5.585275
5.620000
5.677050
5.699800
5.726975
5.762325
5.784550
5.807475
5.833250
5.857350
5.886075
5.922200
5.947475
5.975900
6.005675
6.034625
6.062875
6.084025
6.120125
6.137875
6.164000
6.179225
6.194600
6.213650
6.243600
6.264250
6.286250
6.339350
6.371300
6.441500
6.456275
6.479375
6.519375
6.540225
6.552775
6.618050
6.648050
6.669375
6.698350
6.726075
6.744175
6.771950
6.805950
6.834250
6.873200
6.904600
6.934975
6.966425
6.982200
7.020925
7.051100
7.074125
7.087525
7.120725
7.144600
7.170950
7.194275
7.236750
7.265225
7.289475
7.327025
7.346750
7.384200
7.402425
7.445075
7.473875
7.502050
7.530500
7.558075
7.587850
7.641075
7.669275
7.714075
7.740650
7.768150
7.807650
7.840725
7.870150
7.890025
7.913675
7.938725
7.971000
7.994750
8.036350
8.057575
8.081400
8.108050
8.150275
8.177475
8.207700
8.238750
8.265275
8.291175
8.309850
8.337925
8.377400
8.395375
8.414925
8.438825
8.476825
8.492575
8.500925
8.509225
8.517025
8.531250
8.541400
8.557500
8.570375
8.578025
8.584325
8.596200
8.602050
8.622500
8.638775
8.660725
8.675725
8.692800
8.707850
8.728900
8.739575
8.755125
8.783225
8.801375
8.818725
8.837750
8.855675
8.877375
8.905025
8.926000
8.953825
8.994000
9.014025
9.031800
9.055300
9.083425
9.107000
9.129775
9.147500
9.167075
9.185450
9.204925
9.221175
9.247875
9.264575
9.281100
9.318175
9.345375
9.367625
9.379475
9.399375
9.417925
9.462150
9.497100
9.527975
9.549575
9.585875
9.613375
9.637150
9.670225
9.692375
9.716825
9.731350
9.751450
9.783150
9.805550
9.828125
9.872450
9.903650
9.948250
9.979450
10.031400
10.063775
10.095375
10.124775
10.150625
10.207300
10.243525
10.274350
10.364125
10.420075
10.456075
10.480600
10.515575
10.552050
10.619425
10.641775
10.671525
10.705475
10.729000
10.798025
10.821025
10.877225
10.905400
10.933825
10.964750
10.996275
11.032250
11.055300
11.085400
11.112600
11.150350
11.170600
11.222525
11.239425
11.258900
11.296050
11.319100
11.362275
11.378900
11.415200
11.438975
11.465325
11.513575
11.574300
11.600650
11.640225
11.682525
11.703775
11.735350
11.777275
11.821950
11.849325
11.877550
11.916675
11.955025
11.985100
12.024050
12.058275
12.082975
12.118925
12.150450
12.181825
12.215650
12.245850
12.274150
12.309175
12.336525
12.362050
12.397600
12.424525
12.447825
12.478225
12.519875
12.556150
12.605800
12.625325
12.669975
12.709425
12.761250
12.784650
12.814675
12.851750
12.902000
12.928250
12.960150
12.998275
13.037900
13.059325
13.088450
13.121425
13.164550
13.191400
13.221975
13.255775
13.317200
13.351225
13.378900
13.423800
13.462025
13.490675
13.571900
13.631825
13.666425
13.697500
13.727975
13.782900
13.823650
13.850125
13.893250
13.920250
13.944350
13.945875
13.987825
14.023050
14.053375
14.078575
14.100450
14.129875
14.162275
14.192250
14.237375
14.266600
14.290400
14.326200
14.356575
14.391875
14.439375
14.469900
14.505650
14.542225
14.581850
14.623100
14.657075
14.708200
14.741800
14.773000
14.796200
14.824600
14.854800
14.879400
14.911700
14.936975
14.982125
15.011725
15.046675
15.088125
15.137850
15.157925
15.197575
15.221975
15.252675
15.279575
15.313600
15.350700
15.380300
15.397650
15.432275
15.471375
15.504050
15.556100
15.584075
15.612300
15.638525
15.695900
15.727850
15.761700
15.788725
15.826700
15.854500
15.897575
15.940175
15.971375
16.015400
16.040950
16.072500
16.108550
16.142750
16.166350
16.188325
16.214750
16.253600
16.284000
16.308600
16.329900
16.364475
16.399750
16.447025
16.486175
16.515775
16.542700
16.588825
16.611675
16.653125
16.669200
16.708575
16.729500
16.770450
16.788600
16.842725
16.863625
16.889975
16.940350
16.977350
17.000875
17.043300
17.075875
17.115575
17.144200
17.177375
17.205875
17.279925
17.317375
17.358650
17.391800
17.414350
17.482650
17.509850
17.539375
17.575275
17.618600
17.656875
17.702750
17.743825
17.807875
17.837525
17.877625
17.899250
17.915450
17.960375
17.987575
18.013000
18.046475
18.056375
18.114400
18.154950
18.204325
18.230325
18.305350
18.317125
18.328575
18.346775
18.358575
18.369125
18.377025
18.391175
18.400925
18.445175
18.470950
18.534600
18.564075
18.594750
18.625800
18.645200
18.664650
18.691475
18.722050
18.743050
18.770600
18.796200
18.859575
18.894925
18.918950
18.945125
18.978250
18.999500
19.035550
19.071725
19.109850
19.149675
19.174300
19.214000
19.241800
19.278025
19.310500
19.329325
19.405475
19.449775
19.494400
19.528000
19.542775
19.585200
19.611400
19.649275
19.683425
19.711225
19.739175
19.779675
19.808775
19.847500
19.872675
19.910050
19.938275
19.976675
20.028650
20.104825
20.139850
20.178400
20.218000
20.256050
20.291550
20.322700
20.363150
20.392600
20.433200
20.476275
20.517400
20.558375
20.630325
20.656100
20.690900
20.717050
20.755300
20.787650
20.816525
20.845850
20.879500
20.919800
20.944825
20.971000
21.006450
21.043900
21.083300
21.108025
21.138475
21.169325
21.194125
21.231150
21.251625
21.294975
21.315375
21.357400
21.389275
21.437525
21.491700
21.507725
21.588200
21.618300
21.635550
21.664050
21.695350
21.729050
21.782450
21.810050
21.839250
21.861750
21.878400
21.932325
21.967150
21.995775
22.016475
22.048950
22.072500
22.107675
22.126725
22.152425
22.195650
22.221650
22.277025
22.308000
22.349200
22.373275
22.397075
22.415025
22.446575
22.473300
22.512150
22.545550
22.565600
22.591875
22.620925
22.653225
22.685000
22.718700
22.742900
22.776325
22.813525
22.863650
22.898025
22.929950
22.960125
23.001125
23.032100
23.064700
23.093050
23.130675
23.173825
23.230175
23.275000
23.313775
23.345425
23.368525
23.409900
23.455250
23.495775
23.535925
23.628525
23.669075
23.700575
23.756225
23.788525
23.813875
23.838200
23.871650
23.913725
23.933175
23.969300
24.009525
24.040425
24.072150
24.105225
24.141275
24.175925
24.200575
24.222525
24.251750
24.274425
24.309900
24.339225
24.366950
24.404300
24.442625
24.483425
24.536350
24.562400
24.589750
24.629525
24.676050
24.705000
24.742550
24.769025
24.810275
24.840975
24.874075
24.909825
24.942150
24.988725
25.032925
25.058625
25.100500
25.123800
25.182625
25.218550
25.256450
25.294525
25.315000
25.366500
25.402850
25.433375
25.465625
25.496150
25.521850
25.548400
25.581475
25.615275
25.641675
25.689475
25.721350
25.755225
25.814925
25.846475
25.881750
25.899075
25.932550
25.971975
26.013650
26.055225
26.100700
26.151150
26.183025
26.203025
26.253150
26.290575
26.325725
26.345100
26.371800
26.420375
26.459575
26.494775
26.515700
26.561450
26.601850
26.634750
26.660125
26.683200
26.715075
26.740150
26.777250
26.800875
26.837875
26.881275
26.911650
26.960800
26.992050
27.028250
27.066575
27.100000
27.118075
27.141750
27.195325
27.236350
27.267700
27.320000
27.356925
27.392500
27.436950
27.526375
27.548500
27.579950
27.607250
27.646350
27.698950
27.740850
27.773150
27.795300
27.897275
27.934525
27.957575
27.997125
28.034950
28.080750
28.135475
28.158725
28.189700
28.225775
28.273125
28.311925
28.343200
28.380075
28.406275
28.454400
28.494600
28.559625
28.604275
28.659925
28.713675
28.753275
28.777275
28.819825
28.856100
28.923475
28.954575
29.023550
29.051600
29.116450
29.167625
29.221700
29.255250
29.301775
29.328125
29.383175
29.415800
29.453650
29.495400
29.524375
29.545825
29.619475
29.661525
29.687525
29.723700
29.765375
29.791300
29.803250
29.815975
29.823725
29.832650
29.843900
29.849375
29.867875
29.877500
29.885675
29.892550
29.902675
29.909775
29.923075
29.935525
29.945725
29.965700
29.978550
29.993225
30.011725
30.056125
30.085625
30.098975
30.115075
30.142325
30.167000
30.183050
30.197000
30.213575
30.243200
30.262100
30.280575
30.338375
30.366075
30.409675
30.455600
30.485025
30.519525
30.544950
30.576450
30.608725
30.625600
30.641700
30.673050
30.701500
30.725575
30.746825
30.779575
30.807425
30.845825
30.886400
31.002275
31.033250
31.081000
31.128400
31.161000
31.196750
31.223550
31.302425
31.340500
31.373550
31.404250
31.440000
31.470475
31.510400
31.534800
31.572950
31.618125
31.659125
31.718350
31.745650
31.773850
31.817725
31.880350
31.896350
31.927675
31.950250
31.989875
32.018725
32.054875
32.084950
32.116225
32.171425
32.201675
32.237525
32.285850
32.323250
32.354300
32.391350
32.437825
32.469000
32.514525
32.549900
32.582125
32.628075
32.676375
32.708200
32.754650
32.795225
32.830175
32.878650
32.920925
32.960775
32.987725
33.020275
33.074825
33.114225
33.148825
33.185375
33.204750
33.232275
33.267350
33.297550
33.339450
33.390750
33.435075
33.496525
33.517400
33.552575
33.605925
33.640675
33.673275
33.702350
33.726725
33.773150
33.811450
33.840050
33.876900
33.905675
33.938475
33.973625
34.006350
34.038800
34.080050
34.112575
34.122875
34.160850
34.203400
34.231175
34.258575
34.296775
34.321200
34.362950
34.428275
34.455400
34.486775
34.535900
34.583150
34.615800
34.671650
34.743950
34.773700
34.846700
34.874000
34.896725
34.928175
34.958175
35.002450
35.039850
35.062825
35.099900
35.138475
35.218125
35.256025
35.301125
35.346025
35.389450
35.413825
35.455475
35.486425
35.522350
35.576125
35.607525
35.636275
35.669150
35.693100
35.714725
35.737500
35.771375
35.806975
35.852100
35.890300
35.926500
35.972200
36.069800
36.109975
36.164100
36.206800
36.289300
36.309225
36.350400
36.384300
36.430075
36.459575
36.495800
36.547125
36.573850
36.602550
36.661350
36.677875
36.712675
36.730200
36.784525
36.801800
36.824200
36.841200
36.850475
36.865775
36.886850
36.906450
36.930575
36.962225
36.981550
37.010700
37.030050
37.051775
37.072675
37.100575
37.130150
37.163425
37.209650
37.240975
37.273250
37.304125
37.352675
37.380300
37.418450
37.450250
37.493425
37.524750
37.567100
37.602050
37.678375
37.725450
37.756450
37.780650
37.817100
37.880925
37.912375
37.947350
37.989025
38.035750
38.094325
38.129675
38.181125
38.204375
38.247175
38.278675
38.308950
38.328775
38.360850
38.418725
38.449325
38.510675
38.566875
38.640025
38.677725
38.746225
38.863025
40.028100
40.098825
40.250250
40.284925
40.346525
40.356775
40.399650
40.455675
40.485175
40.529275
40.604775
40.690275
40.712050
40.806200
40.932275
41.013350
41.065775
41.116525
41.198050
41.213275
41.243150
41.266725
41.331550
41.494450
41.512800
41.570800
41.595975
41.640325
41.868575
41.922275
41.985575
42.039125
42.107300
42.180575
42.199875
42.583950
42.599225
42.722075
43.626450
43.701625
43.737800
48.730200
48.734125
48.938025
49.044800
49.048550
49.157000
49.168050
49.191225
49.255700
49.321125
49.352125
49.425400
49.478950
49.511100
49.553575
49.593875
49.633350
49.684725
49.715325
49.758975
49.805100
49.837325
49.906600
49.908500
49.966700
50.019250
50.074300
50.096625
50.118225
50.135450
50.148000
50.169825
50.174750
50.177700
50.186800
50.194975
50.213900
50.237950
50.248575
50.258450
50.266850
50.304075
50.314025
50.328150
50.347125
50.368275
50.380825
50.414375
50.435875
50.502150
50.530300
50.561625
50.592750
50.628525
50.669150
50.696900
50.730800
50.759225
50.791600
50.825700
50.875875
50.920575
51.005925
51.019800
51.029825
51.067075
51.104475
51.149100
51.185375
51.212800
51.230925
51.253850
51.276600
51.291575
51.331400
51.420500
51.439925
51.449675
51.466625
51.490750
51.556625
51.594775
51.628675
51.647225
51.680125
51.707325
51.749125
51.774925
51.816275
51.861025
51.887575
51.920950
51.965600
52.004075
52.048225
52.074600
52.101500
52.131450
52.173625
52.263850
52.351125
52.380125
52.419375
52.474550
52.514525
52.546975
52.592575
52.695825
52.722375
52.758850
52.798375
52.843450
52.876175
52.928150
52.989100
53.026775
53.068125
53.124075
53.170275
53.184650
53.232050
53.260700
53.346400
53.420300
53.459375
53.574675
53.606300
53.679700
53.717500
53.752950
53.790700
53.818225
53.846475
53.873150
53.933725
53.976400
54.006200
54.030850
54.114275
54.143100
54.183625
54.223275
54.265450
54.297550
54.335275
54.375525
54.417950
54.452725
54.454225
54.471350
54.522600
54.634150
54.665600
54.710300
54.765100
54.799850
54.859150
54.903650
54.974250
55.001050
55.034375
55.115450
55.142325
55.177575
55.193225
55.220750
55.243750
55.270625
55.305500
55.335700
55.379400
55.442525
55.464500
55.482925
55.510375
55.565500
55.601375
55.623125
55.681275
55.707975
55.734350
55.760550
55.796225
55.839250
55.871175
55.911200
55.942525
55.975850
56.000050
56.038025
56.067500
56.107350
56.150725
56.205100
56.228150
56.259800
56.284300
56.301925
56.346850
56.355225
56.365825
56.373050
56.378750
56.385425
56.390775
56.396525
56.401600
56.406325
56.433125
56.440750
56.456000
56.467900
56.477450
56.526675
56.557575
56.569400
56.609225
56.635300
56.677425
56.701250
56.764625
56.786000
56.874475
56.900625
56.926550
56.953950
56.971200
56.993975
57.018825
57.062150
57.109925
57.158650
57.234650
57.261950
57.327525
57.349775
57.387475
57.418850
57.451300
57.483200
57.514800
57.576575
57.602575
57.633900
57.654775
57.690675
57.719075
57.748075
57.779200
57.809900
57.854950
57.893900
57.925100
57.955750
58.029225
58.058600
58.085850
58.112375
58.161475
58.188950
58.217225
58.249875
58.316375
58.348850
58.366700
58.394775
58.424925
58.527200
58.577625
58.611050
58.667300
58.694325
58.721825
58.754650
58.796700
58.830975
58.857550
58.890700
58.935700
58.972375
59.008600
59.033675
59.065200
59.106175
59.147250
59.194700
59.221250
59.288850
59.319450
59.354375
59.392275
59.434525
59.469650
59.507800
59.537075
59.567650
59.606600
59.630300
59.666600
59.705775
59.739725
59.764725
59.801225
59.834125
59.858225
59.905275
59.958625
59.991450
60.018925
60.057550
60.082550
60.106425
60.130050
60.163775
60.194200
60.260475
60.280200
60.300425
60.336425
60.372025
60.408250
60.441050
60.473450
60.511950
60.532325
60.576400
60.618775
60.647925
60.720375
60.774050
60.803925
60.830150
60.860825
60.905225
60.939050
61.021825
61.066625
61.111475
61.137825
61.184600
61.230825
61.270725
61.294575
61.340075
61.368400
61.401400
61.450425
61.497500
61.515825
61.545300
61.579025
61.637550
61.667925
61.687225
61.715300
61.737575
61.795875
61.843650
61.879700
61.915100
61.947950
61.989750
62.052325
62.101650
62.134450
62.149225
62.184650
62.213825
62.238900
62.286725
62.309400
62.374025
62.410350
62.428850
62.452900
62.478800
62.522425
62.549925
62.575050
62.607250
62.626600
62.656850
62.679650
62.737525
62.785575
62.818800
62.865175
62.897475
62.922050
62.961575
62.992850
63.043750
63.069350
63.094150
63.122400
63.166450
63.203200
63.233075
63.263675
63.305250
63.391300
63.427750
63.457725
63.486725
63.500475
63.540975
63.574975
63.601625
63.625825
63.660800
63.681625
63.726050
63.772575
63.856050
63.927200
63.973575
64.035775
64.080450
64.098900
64.132200
64.154475
64.207100
64.232425
64.275625
64.298350
64.332750
64.379175
64.412225
64.452675
64.470075
64.511825
64.532650
64.595750
64.690825
64.739150
64.807725
64.841575
64.877375
64.899350
64.931250
64.960275
64.995850
65.035025
65.062050
65.100125
65.134800
65.158625
65.191550
65.232750
65.295425
65.318850
65.377025
65.417825
65.450600
65.478075
65.534325
65.582275
65.615175
65.675325
65.720325
65.751875
65.774800
65.797400
65.836600
65.887475
65.921300
65.952500
65.989075
66.044725
66.073475
66.115300
66.141575
66.160975
66.200275
66.259950
66.321050
66.347750
66.384425
66.422475
66.447000
66.487900
66.516675
66.536475
66.569975
66.618675
66.657875
66.671825
66.691625
66.724925
66.751675
66.768225
66.787950
66.814025
66.836875
66.853550
66.880250
66.905625
66.955475
66.984775
67.018925
67.054475
67.076375
67.111875
67.136125
67.179425
67.204325
67.234125
67.253700
67.277200
67.307150
67.322625
67.353850
67.385450
67.415600
67.449600
67.505500
67.539975
67.568150
67.599350
67.636075
67.681075
67.713025
67.735100
67.765475
67.807850
67.849950
67.876650
67.912850
67.945850
67.977150
68.006350
68.091525
68.117575
68.140425
68.169500
68.196600
68.239825
68.264325
68.300200
68.328600
68.359725
68.395775
68.428025
68.450000
68.477325
68.507675
68.533425
68.565275
68.590325
68.615700
68.698700
68.724275
68.764050
68.790700
68.833300
68.885725
68.922675
68.960225
68.997375
69.024850
69.054800
69.073325
69.104800
69.131225
69.162700
69.199700
69.286075
69.310525
69.348375
69.384650
69.422100
69.445775
69.496975
69.530525
69.560800
69.605775
69.630025
69.690650
69.721375
69.741575
69.762650
69.799050
69.848900
69.890825
69.921125
69.949025
69.976475
70.024025
70.058425
70.081425
70.118175
70.141500
70.186050
70.212300
70.259950
70.283025
70.308675
70.328750
70.349625
70.376825
70.402300
70.423225
70.466600
70.504275
70.539275
70.570175
70.602150
70.638850
70.644350
70.654200
70.665475
70.671275
70.715750
70.728075
70.736400
70.745225
70.785475
70.801750
70.841850
70.871225
70.889450
70.923150
70.969325
70.993150
71.012050
71.054125
71.084200
71.177575
71.204125
71.218400
71.245425
71.255400
71.276500
71.285375
71.295675
71.335075
71.358350
71.476250
71.517475
71.546550
71.571825
71.598025
71.656200
71.675950
71.716875
71.750750
71.781875
71.799975
71.817125
71.840225
71.872525
71.903650
71.967300
71.984750
72.023000
72.070100
72.189000
72.218125
72.271075
72.313650
72.353225
72.379325
72.443475
72.492325
72.534000
72.559600
72.593400
72.627400
72.670125
72.704075
72.758725
72.804775
72.855325
72.882750
72.927250
72.951275
72.997025
73.045525
73.084350
73.112925
73.145475
73.182900
73.223175
73.268800
73.294150
73.336225
73.410425
73.485325
73.536675
73.582350
73.610850
73.656875
73.698775
73.757525
73.808600
73.845750
73.949925
73.972000
73.996925
74.014525
74.035125
74.052850
74.074625
74.089275
74.111350
74.141525
74.145900
74.210125
74.256400
74.276625
74.304275
74.345725
74.383725
74.421450
74.455800
74.477100
74.509725
74.537725
74.563225
74.590800
74.645125
74.677100
74.692900
74.733900
74.815475
74.849300
74.895725
74.962650
74.993425
75.012000
75.036600
75.074425
75.127225
75.161600
75.191850
75.235250
75.266850
75.300325
75.322575
75.352025
75.401075
75.433225
75.461900
75.494000
75.534075
75.563500
75.604250
75.626200
75.667575
75.692800
75.729075
75.759550
75.780250
75.816875
75.838750
75.869700
75.891075
75.939000
75.970875
75.997000
76.026200
76.058800
76.088100
76.121300
76.149525
76.191875
76.252325
76.273725
76.307275
76.339675
76.358175
76.421675
76.437050
76.492675
76.515800
76.546075
76.580850
76.612100
76.633325
76.660950
76.683625
76.733725
76.762675
76.790300
76.816575
76.844375
76.890125
76.914200
76.970925
76.994900
77.030475
77.105925
77.148775
77.203550
77.237150
77.276950
77.318075
77.388150
77.459550
77.485325
77.514050
77.535475
77.568925
77.596925
77.650975
77.675900
77.704150
77.734825
77.769075
77.793000
77.815525
77.840300
77.867100
77.902675
77.943750
78.009325
78.045300
78.075800
78.105100
78.121650
78.166575
78.202400
78.243300
78.300875
78.333575
78.360575
78.390675
78.423850
78.445375
78.472100
78.510850
78.564900
78.598050
78.627075
78.708525
78.754725
78.804600
78.854150
78.920850
78.938750
78.967950
79.020000
79.045325
79.081750
79.135600
79.182450
79.213025
79.266275
79.316125
79.342650
79.373150
79.416625
79.466550
79.501250
79.545050
79.588400
79.619800
79.650800
79.715100
79.739125
79.765700
79.796350
79.848950
79.896650
79.932525
79.990925
80.021950
80.065875
80.110750
80.144050
80.179375
80.207025
80.237025
80.274750
80.311175
80.344475
80.373925
80.393675
80.438500
80.470025
80.515525
80.576250
80.624350
80.680400
80.719075
80.737975
80.780375
80.830450
80.857125
80.895075
80.923450
80.956275
81.009100
81.078550
81.093100
81.135325
81.179875
81.208475
81.243100
81.279400
81.317350
81.368600
81.432700
81.518775
81.542175
81.584650
81.618450
81.669175
81.706925
81.744100
81.779575
81.822175
81.852275
81.873025
81.913275
81.940825
81.982025
82.023275
82.053300
82.112050
82.194975
82.217650
82.292225
82.323600
82.363950
82.400225
82.455250
82.568350
82.606200
82.643825
82.670050
82.693450
82.720325
82.746325
82.782450
82.814200
82.841200
82.863750
82.897425
82.926775
82.965900
82.986850
83.003750
83.017925
83.036150
83.071775
83.133675
83.166375
83.221350
83.254925
83.292625
83.318600
83.364875
83.396650
83.444900
83.486125
83.525600
83.567050
83.612375
83.634725
83.665975
83.684925
83.727500
83.755475
83.799100
83.836425
83.870225
83.893225
83.932225
83.975375
84.040950
84.089650
84.144375
84.174100
84.208075
84.223200
84.263550
84.306800
84.359900
84.399275
84.420400
84.459450
84.484250
84.603350
84.657500
84.715500
84.756975
84.801650
84.844075
84.882000
84.913025
84.964100
84.996100
85.025425
85.039150
85.081475
85.112875
85.137450
85.182900
85.226100
85.246975
85.272175
85.297000
85.322075
85.353700
85.374275
85.398050
85.440925
85.484600
85.540750
85.581400
85.614600
85.670250
85.713725
85.806625
85.839125
85.861575
85.877675
85.941925
85.971550
86.022525
86.051675
86.115950
86.159100
86.199175
86.226625
86.252700
86.291675
86.321525
86.371250
86.393075
86.410075
86.422575
86.470100
86.503800
86.534075
86.553950
86.565775
86.634650
86.667050
86.729700
86.759700
86.771125
86.826700
86.851850
86.880575
86.925875
86.961450
87.004500
87.034575
87.078375
87.162825
87.214100
87.273450
87.309325
87.335550
87.368300
87.388625
87.439100
87.467500
87.508550
87.550175
87.613950
87.662125
87.690500
87.710000
87.762225
87.792450
87.811050
87.856800
87.888425
87.930625
87.967700
87.992975
88.019825
88.082150
88.101350
88.150375
88.189575
88.227975
88.270475
88.295625
88.328450
88.373100
88.411875
88.443150
88.481050
88.560775
88.589150
88.622050
88.653025
88.718275
88.751350
88.778925
88.814500
88.859450
88.903175
89.504300
89.690925
89.757900
89.837175
90.108000
90.164500
90.189700
90.223650
90.263700
90.402525
90.501625
90.591000
90.674975
90.829100
90.830525
91.095650
91.386850
91.579025
91.768025
93.353375
96.905425
97.488100
97.548225
97.559200
98.927000
98.972600
98.998225
99.031825
99.073075
99.159750
99.192325
99.224925
99.226275
99.298800
99.381750
99.441175
99.458700
99.482675
99.518475
99.548575
99.585600
99.622550
99.641150
99.672200
99.707400
99.738400
99.778375
99.798175
99.822225
99.850525
99.876275
99.893700
99.940225
99.970425
99.994875
100.022075
100.055400
100.072550
100.093275
100.120400
100.140150
100.166900
100.191575
100.215850
100.247200
100.267950
100.300600
100.318775
100.349875
100.370750
100.404975
100.419650
100.437275
100.445600
100.458575
100.463800
100.470750
100.477825
100.490900
100.498325
100.508400
100.516775
100.551150
100.566175
100.579225
100.586350
100.599975
100.612800
100.639525
100.646975
100.690375
100.760650
100.801525
100.824275
100.849575
100.893300
100.904275
100.925750
100.984325
101.029275
101.045200
101.088600
101.116500
101.180125
101.237725
101.319025
101.348100
101.361675
101.398300
101.418175
101.432025
101.446750
101.457525
101.507125
101.536475
101.546100
101.608075
101.628100
101.660475
101.662625
101.679250
101.693550
101.754375
101.847550
101.951375
101.970150
101.999500
102.023950
102.036825
102.133500
102.149175
102.189250
102.312675
102.337275
102.381500
102.424475
102.486800
102.587200
102.617450
102.640425
102.681900
102.700925
102.731650
102.887750
102.923525
102.959925
102.978250
103.001200
103.024400
103.086175
103.113850
103.154900
103.197900
103.218075
103.236500
103.299000
103.318175
103.362375
103.381450
103.421125
103.448375
103.465350
103.482925
103.505025
103.650800
103.675750
103.728925
103.775950
103.799750
103.841700
103.856600
103.875650
103.923250
103.947550
104.032100
104.064375
104.075400
104.129225
104.160250
104.187350
104.211350
104.264225
104.286000
104.316425
104.370925
104.390650
104.433250
104.447850
104.470450
104.496500
104.541750
104.572975
104.591900
104.668650
104.700075
104.740600
104.767100
104.791975
104.837800
104.863125
104.881650
104.922275
104.944275
105.056775
105.078350
105.099625
105.133125
105.154475
105.213950
105.236100
105.321675
105.396650
105.415700
105.430575
105.494200
105.518025
105.562900
105.581600
105.613125
105.671550
105.716075
105.740900
105.815050
105.863600
105.894850
105.919325
105.947725
106.001650
106.067475
106.092850
106.118350
106.148950
106.165075
106.186525
106.213950
106.236150
106.270325
106.289500
106.312050
106.331775
106.415775
106.483125
106.569350
106.658250
106.683000
106.735025
106.755975
106.780200
106.825350
106.848300
106.876900
106.900175
106.943900
106.976275
107.000475
107.010825
107.028275
107.067500
107.121875
107.160325
107.165275
107.200375
107.228925
107.271750
107.384350
107.423050
107.452675
107.496525
107.541825
107.645250
107.692350
107.717625
107.765000
107.831875
107.857550
107.885525
107.908175
107.968525
108.009125
108.065250
108.235900
108.279400
108.306600
108.339475
108.372750
108.393500
108.435125
108.465075
108.515025
108.599700
108.646475
108.698125
108.722550
108.751475
108.772500
108.863875
108.944300
108.967075
109.013325
109.065875
109.089175
109.155850
109.246200
109.268800
109.288300
109.323600
109.342500
109.368150
109.494600
109.525225
109.546275
109.577975
109.597050
109.615225
109.639250
109.662775
109.702875
109.718475
109.766400
109.795700
109.812875
109.842825
109.929300
109.967700
110.000925
110.022500
110.058475
110.100725
110.158625
110.193500
110.233100
110.241550
110.263650
110.298700
110.327050
110.366425
110.414300
110.458675
110.534875
110.648350
110.671975
110.824950
110.850300
110.905425
110.937650
111.001700
111.074725
111.100425
111.146050
111.176875
111.204000
111.239075
111.283325
111.308550
111.357575
111.393400
111.420450
111.509550
111.529125
111.575575
111.611700
111.758300
111.855775
111.868725
111.953150
111.993000
112.031500
112.066500
112.132575
112.189975
112.230700
112.266550
112.280975
112.340750
112.411000
112.495200
112.517600
112.545725
112.620425
112.646700
112.674275
112.717250
112.745725
112.783000
112.827375
112.868225
112.889875
112.955725
112.982750
113.022200
113.070600
113.107575
113.165575
113.239300
113.276325
113.405075
113.488125
113.530550
113.554525
113.577850
113.613600
113.632675
113.744800
113.779975
113.860550
113.887825
113.949325
113.990400
114.075025
114.103500
114.132400
114.190725
114.213400
114.241875
114.268325
114.297725
114.341925
114.380450
114.423700
114.454175
114.479950
114.507400
114.543925
114.582450
114.678775
114.778250
114.803050
114.851575
114.895600
114.916350
114.945825
114.973025
115.006600
115.024850
115.069000
115.153650
115.175850
115.189025
115.233600
115.290375
115.348975
115.414625
115.450000
115.476200
115.503775
115.570225
115.585950
115.616625
115.639950
115.673575
115.730775
115.756350
115.811400
115.838800
115.864375
115.890175
115.913725
115.954375
115.979075
116.011550
116.031850
116.052150
116.067850
116.093250
116.118250
116.135300
116.164500
116.208125
116.257750
116.292500
116.311800
116.336150
116.374100
116.402750
116.437925
116.456975
116.498075
116.599625
116.691150
116.713750
116.747300
116.816600
116.845025
116.908825
116.973775
116.987150
117.018325
117.069800
117.098650
117.147450
117.237525
117.315250
117.351725
117.398300
117.452275
117.505950
117.548950
117.598325
117.616200
117.645775
117.714275
117.784300
117.874100
117.903625
117.936500
117.956975
118.055150
118.105500
118.137075
118.184175
118.230025
118.291400
118.318100
118.386550
118.413075
118.494500
118.541550
118.584425
118.617800
118.658450
118.682500
118.718075
118.767475
118.794575
118.857075
118.887825
118.929300
119.007050
119.030750
119.052850
119.132475
119.154600
119.220700
119.249925
119.372275
119.404775
119.415950
119.472375
119.511625
119.585350
119.616825
119.653625
119.679500
119.709075
119.753825
119.785200
119.859275
119.900675
119.937975
119.980150
120.006400
120.041975
120.086125
120.112400
120.146125
120.176775
120.211200
120.235900
120.353350
120.405125
120.439575
120.478875
120.499225
120.521125
120.592700
120.617025
120.669075
120.709100
120.741775
120.771550
120.797225
120.856625
120.888975
120.999600
121.021100
121.046750
121.067900
121.129700
121.191825
121.216200
121.253175
121.281700
121.319950
121.343225
121.397425
121.493200
121.533400
121.550650
121.572175
121.600875
121.611900
121.623000
121.645475
121.669300
121.703525
121.765750
121.795800
121.959400
122.011300
122.149500
122.197450
122.216350
122.249650
122.274425
122.308525
122.408100
122.433400
122.497025
122.528825
122.557775
122.589050
122.617375
122.641675
122.660450
122.696050
122.712900
122.779200
122.821300
122.847400
122.947825
122.972500
123.085775
123.139700
123.200000
123.235325
123.259525
123.296200
123.350375
123.374425
123.402450
123.546725
123.607325
123.636300
123.667725
123.705625
123.780550
123.810675
123.870750
123.890425
123.923025
123.986325
124.019600
124.094025
124.134500
124.162775
124.203950
124.234725
124.299425
124.338200
124.405800
124.470975
124.485925
124.523650
124.568175
124.657750
124.679725
124.706550
124.808025
124.967525
125.016225
125.059475
125.142850
125.174225
125.199550
125.229050
125.285800
125.327475
125.450025
125.475650
125.557500
125.626875
125.815525
125.842350
125.881600
125.920800
125.974125
126.017900
126.084150
126.187550
126.305600
126.335575
126.377575
126.418375
126.479050
126.559700
126.704150
126.733875
126.780550
126.817625
126.887075
126.922700
126.971925
126.993400
127.043425
127.071225
127.083350
127.117925
127.147625
127.242050
127.263950
127.301225
127.337275
127.411350
127.451125
127.485600
127.496975
127.519925
127.554525
127.610225
127.646075
127.687150
127.735850
127.789925
127.826700
127.857750
127.913650
127.942375
127.965950
128.007850
128.051000
128.132075
128.188425
128.191150
128.239500
128.258450
128.294475
128.322700
128.366075
128.447250
128.479125
128.516575
128.568125
128.610800
128.686225
128.713950
128.752475
128.837525
128.882075
128.930625
128.972875
129.006625
129.070775
129.158450
129.210950
129.244775
129.279050
129.320625
129.360750
129.435025
129.471650
129.497000
129.532850
129.608350
129.627575
129.647200
129.684375
129.740050
129.854575
129.884250
129.921075
129.957950
130.006000
130.015975
130.030325
130.042225
130.057425
130.102525
130.133400
130.233725
130.266625
130.300250
130.350100
130.390550
130.425900
130.448100
130.484150
130.535925
130.560325
130.586500
130.638675
130.662425
130.694900
130.715375
130.732150
130.788500
130.821375
130.919800
130.944925
131.033125
131.055100
131.136875
131.167450
131.189400
131.226950
131.264475
131.299300
131.374800
131.445450
131.517900
131.579650
131.628075
131.657300
131.692275
131.831075
131.853675
131.902275
131.933225
131.989175
132.019700
132.051900
132.076350
132.102825
132.157975
132.222075
132.332625
132.367575
132.432500
132.497875
132.533300
132.634275
132.679775
132.706175
132.737375
132.826900
132.853300
132.901750
132.930050
132.960575
133.070550
133.203850
133.234900
133.335550
133.398750
133.437725
133.505625
133.554075
133.578800
133.650375
133.696400
133.730950
133.801350
133.846325
133.919050
133.967800
134.037400
134.084850
134.140875
134.157175
134.200875
134.257050
134.297900
134.318600
134.337400
134.412775
134.445675
134.488000
134.515925
134.578425
134.604325
134.671700
134.692625
134.726550
134.755350
134.783275
134.810175
134.861000
134.907225
134.974025
135.013050
135.050975
135.079350
135.129550
135.160875
135.188200
135.230900
135.264650
135.299950
135.389500
135.485775
135.517250
135.566950
135.602250
135.625600
135.655775
135.803900
135.866700
135.907500
135.971175
135.989325
136.018900
136.084800
136.106325
136.166950
136.209050
136.248025
136.268950
136.331250
136.367900
136.391600
136.437825
136.495075
136.543125
136.571250
136.649175
136.719900
136.769725
136.832900
136.889200
136.953875
136.981575
137.019450
137.046675
137.078025
137.097650
137.124975
137.174625
137.206325
137.228625
137.263850
137.285450
137.311525
137.313100
137.402525
137.427950
137.465225
137.504200
137.531075
137.582050
137.612850
137.633900
137.673300
137.704275
137.744525
137.762675
137.788600
137.839875
137.952700
138.007800
138.035950
138.059175
138.113000
138.189100
138.232100
138.262475
138.288925
138.331925
138.404125
138.425725
138.505825
138.532475
138.640175
138.675925
138.710725
138.785775
138.832925
138.851375
138.883700
139.555050
139.578275
139.627800
139.657850
139.822850
139.863000
139.897550
139.927400
140.056100
140.474625
143.358750
145.962600
147.721425
148.932225
148.975575
148.996675
149.046075
149.079750
149.095350
149.120925
149.147925
149.185125
149.220250
149.237775
149.251275
149.267875
149.286350
149.411125
149.486475
149.532025
149.610900
149.669700
149.700625
149.749875
149.779700
149.833800
149.930450
149.984850
150.030175
150.070825
150.101500
150.112850
150.135050
150.154950
150.156600
150.201600
150.345300
150.426150
150.480900
150.507550
150.539925
150.597900
150.616625
150.671075
150.692850
150.746375
150.781225
150.808800
150.840325
150.890925
150.924875
150.955425
150.988025
151.016550
151.049875
151.092025
151.136700
151.160375
151.208150
151.232525
151.252575
151.282225
151.301275
151.327600
151.372800
151.403350
151.449900
151.573475
151.609550
151.640050
151.682575
151.728850
151.742975
151.760250
151.776025
151.797475
151.813875
151.843500
151.871675
151.902625
151.989500
152.032600
152.056300
152.088300
152.119250
152.156100
152.184550
152.209575
152.267775
152.293450
152.326600
152.342000
152.353475
152.373100
152.419325
152.469200
152.495725
152.519300
152.552400
152.592125
152.616175
152.648950
152.679125
152.708025
152.733825
152.769600
152.801850
152.829750
152.850125
152.884975
152.922350
152.942025
152.976800
153.040450
153.065600
153.145275
153.164375
153.189875
153.227725
153.254625
153.283225
153.339475
153.377625
153.411350
153.451075
153.504700
153.534700
153.556775
153.603500
153.631150
153.681750
153.706300
153.741425
153.771975
153.790575
153.834575
153.872100
153.906325
153.931850
153.975825
153.985375
154.000700
154.037475
154.090075
154.105300
154.126975
154.149625
154.173400
154.211975
154.236475
154.284450
154.332425
154.363250
154.412625
154.435375
154.456625
154.489525
154.521500
154.550725
154.584800
154.610850
154.652975
154.690025
154.727800
154.763425
154.789450
154.827425
154.849075
154.881950
154.915725
154.935025
154.963675
154.992325
155.021700
155.051875
155.079300
155.139500
155.209075
155.270800
155.292750
155.326700
155.397000
155.411450
155.442800
155.467675
155.516075
155.554800
155.580000
155.607200
155.638800
155.667800
155.699575
155.733500
155.768800
155.793800
155.827350
155.850850
155.903275
155.936225
156.006625
156.041700
156.077925
156.127725
156.160575
156.197825
156.225025
156.251775
156.309600
156.345850
156.371150
156.409400
156.435125
156.485750
156.523675
156.559350
156.580000
156.621575
156.664875
156.698000
156.732550
156.792550
156.821000
156.847525
156.870050
156.893300
156.918400
156.986000
157.013550
157.049150
157.076950
157.096525
157.146550
157.171625
157.202375
157.226475
157.315300
157.321425
157.375075
157.378725
157.404850
157.438375
157.453625
157.472800
157.518200
157.554175
157.589125
157.626900
157.673875
157.705025
157.761975
157.788075
157.834800
157.857450
157.890525
157.931550
157.953575
157.975100
157.985175
158.028150
158.065650
158.082925
158.110925
158.140325
158.168125
158.207150
158.240350
158.266625
158.289550
158.324675
158.362850
158.404150
158.433900
158.451400
158.484525
158.528875
158.547950
158.582050
158.622450
158.664625
158.690775
158.730850
158.760100
158.806425
158.902375
158.921975
158.958775
158.993175
159.028450
159.052575
159.070900
159.106450
159.132925
159.167050
159.221175
159.238925
159.260850
159.298575
159.363850
159.393125
159.418950
159.446800
159.527675
159.554100
159.592675
159.629850
159.801750
159.844925
159.892275
159.937075
159.977250
160.001825
160.054625
160.092075
160.125850
160.172025
160.183950
160.203300
160.228675
160.240725
160.265050
160.306775
160.334675
160.348350
160.351125
160.407850
160.435950
160.465300
160.496725
160.525175
160.562975
160.613800
160.651500
160.685475
160.703350
160.751000
160.785800
160.831400
160.860950
160.886125
160.907775
160.909400
160.945325
160.980350
161.024650
161.064500
161.098225
161.142075
161.178975
161.224825
161.265100
161.310200
161.335975
161.396250
161.428350
161.483875
161.520850
161.548425
161.591175
161.641775
161.666525
161.693975
161.728625
161.755000
161.798850
161.818475
161.912150
161.983175
162.021125
162.046550
162.096400
162.119825
162.140850
162.183600
162.217600
162.232500
162.299350
162.317950
162.336750
162.359325
162.391475
162.418575
162.452550
162.463100
162.470750
162.484675
162.495325
162.501650
162.522325
162.532000
162.543350
162.561300
162.625900
162.698550
162.740150
162.864725
162.886300
162.934175
162.982100
163.011175
163.038800
163.062975
163.106650
163.124625
163.161125
163.230875
163.248300
163.269725
163.285550
163.300775
163.312225
163.338925
163.381900
163.430000
163.445025
163.455875
163.474525
163.489350
163.566425
163.587650
163.605975
163.660150
163.682225
163.736375
163.753650
163.779000
163.825175
163.854600
163.883850
164.025150
164.224325
164.304350
164.375950
164.423500
164.461300
164.526600
164.557025
164.622925
164.644375
164.687775
164.754325
164.780825
164.818000
164.857625
164.888275
165.025100
165.058750
165.087100
165.107550
165.142275
165.171575
165.202975
165.267675
165.298525
165.312425
165.433300
165.492375
165.518550
165.550575
165.583225
165.608325
165.711575
165.748375
165.775800
165.857350
165.887225
165.934700
165.970025
166.040100
166.076200
166.113575
166.241125
166.269625
166.304150
166.386650
166.420575
166.447175
166.478875
166.540350
166.566650
166.615125
166.654625
166.711975
166.731975
166.765650
166.794300
166.833075
166.909025
166.943075
167.039750
167.062925
167.096575
167.133375
167.165675
167.210475
167.265500
167.290500
167.315625
167.354125
167.448600
167.479000
167.495175
167.533050
167.579625
167.629275
167.716550
167.738325
167.773350
167.833325
167.870425
167.936850
167.984325
168.022000
168.049350
168.098250
168.118325
168.151250
168.178900
168.207100
168.257175
168.292475
168.316000
168.358475
168.410100
168.433700
168.520150
168.546725
168.596975
168.662600
168.699350
168.729900
168.770425
168.828550
168.852350
168.895975
168.927425
168.944200
168.996650
169.005500
169.100825
169.132075
169.233900
169.257100
169.297275
169.340800
169.418950
169.491200
169.517500
169.546875
169.589825
169.625600
169.657150
169.692300
169.726700
169.785550
169.821825
169.851550
169.895900
169.946825
169.983075
170.021775
170.042075
170.070475
170.074525
170.091750
170.105475
170.179475
170.205100
170.267200
170.293650
170.318075
170.413275
170.477150
170.493625
170.526725
170.572750
170.625525
170.659425
170.686600
170.713925
170.742950
170.780850
170.798775
170.829075
170.883025
170.912525
170.942350
170.967675
171.069050
171.143625
171.179850
171.215575
171.249050
171.286400
171.306950
171.338150
171.367175
171.416275
171.462750
171.561700
171.578550
171.609000
171.642175
171.679850
171.750675
171.811775
171.844400
171.866325
171.887600
171.963525
171.996000
172.023350
172.092625
172.129800
172.150550
172.185175
172.212300
172.251725
172.279525
172.355500
172.412425
172.444950
172.483525
172.564250
172.595550
172.649075
172.689550
172.718825
172.735375
172.770475
172.829650
172.895400
172.934125
173.035475
173.064925
173.146175
173.236250
173.412575
173.453925
173.495375
173.587075
173.615975
173.658675
173.710800
173.744700
173.785325
173.831325
173.899775
173.920150
173.974100
174.011775
174.083750
174.122650
174.194400
174.246300
174.277100
174.308100
174.339175
174.369875
174.398175
174.431150
174.465600
174.520950
174.587575
174.703900
174.744700
174.878650
174.970200
175.042875
175.068775
175.095575
175.156675
175.183700
175.215100
175.255300
175.311475
175.357950
175.396375
175.426225
175.466950
175.469350
175.536475
175.590100
175.696275
175.741200
175.776550
175.876200
175.911750
175.944050
176.017250
176.050450
176.086500
176.117850
176.229200
176.243475
176.271150
176.308675
176.417650
176.466575
176.501650
176.581975
176.631550
176.642375
176.664250
176.762250
176.797975
176.841300
176.864625
176.912900
176.978675
177.034850
177.061675
177.075775
177.132575
177.201475
177.238425
177.240825
177.322450
177.367650
177.395325
177.429700
177.450150
177.465825
177.533675
177.572675
177.660200
177.689475
177.799550
177.909525
177.971300
178.018525
178.060850
178.104600
178.125075
178.162350
178.187500
178.232800
178.318150
178.385950
178.461325
178.512650
178.525475
178.548775
178.608875
178.678500
178.720225
178.810950
178.836650
178.914900
178.986600
179.035750
179.127250
179.176425
179.230250
179.260025
179.304300
179.350700
179.456275
179.535200
179.635100
179.678100
179.705725
179.761825
179.811100
179.846150
179.878075
179.903625
179.948575
179.998900
180.021550
180.103850
180.175975
180.371475
180.414250
180.527075
180.538800
180.571050
180.605650
180.630150
180.707850
180.751600
180.781700
180.845875
180.885850
180.919650
181.009425
181.043775
181.151800
181.185675
181.231900
181.333400
181.387025
181.504125
181.619825
181.668450
181.752425
181.793550
181.833175
181.884750
181.897000
181.979725
182.076975
182.151000
182.255125
182.277100
182.299050
182.346300
182.441575
182.481775
182.576250
182.646050
182.673250
182.765325
182.797425
182.821325
182.903200
182.933875
182.970000
183.007850
183.023675
183.099425
183.146450
183.218825
183.222350
183.245800
183.288500
183.304325
183.375925
183.427050
183.497425
183.498575
183.551400
183.555725
183.611075
183.659650
183.704875
183.749925
183.789975
183.840900
183.874050
183.953125
184.022650
184.047925
184.088100
184.113950
184.149625
184.190175
184.212800
184.259025
184.347450
184.369675
184.438025
184.470125
184.535075
184.574075
184.614700
184.641000
184.717575
184.769325
184.821825
184.842825
184.891450
184.917600
184.954750
185.019325
185.048900
185.078500
185.113125
185.150175
185.197225
185.254775
185.260850
185.302875
185.406925
185.421650
185.439500
185.471775
185.510575
185.532525
185.582075
185.615575
185.676850
185.707150
185.752375
185.788100
185.815375
185.873075
185.928475
185.968550
186.012625
186.060550
186.087500
186.126225
186.156025
186.188325
186.259500
186.314275
186.345325
186.367675
186.391325
186.418125
186.478625
186.515125
186.591700
186.647800
186.735075
187.002000
187.141925
187.182900
187.221650
187.265300
187.279575
187.283050
187.304825
187.332175
187.356725
187.424100
187.469500
187.502900
187.537675
187.572150
187.686675
187.726325
187.783425
187.832325
187.924375
187.934625
187.977800
188.014575
188.069200
188.116850
188.152525
188.173600
188.213425
188.251000
188.300725
188.407075
188.473325
188.508500
188.573800
188.596500
188.626350
188.638350
188.663425
188.678450
188.720300
188.759100
188.793800
188.839075
188.875000
189.607475
189.617575
189.704875
189.980800
190.133400
190.253825
190.607000
191.022375
191.453925
191.462325
191.466425
193.690475
196.009275
198.955075
199.009775
199.011100
199.073000
199.158800
199.237500
199.253750
199.261325
199.301525
199.336225
199.362650
199.400700
199.472650
199.523625
199.575500
199.618250
199.634750
199.666200
199.734775
199.759500
199.787525
199.835850
199.871825
199.914675
199.937725
199.963925
200.037775
200.057725
200.077925
200.131050
200.146225
200.189100
200.217850
200.264300
200.269550
200.303800
200.387675
200.423925
200.461725
200.498300
200.567775
200.624775
200.648800
200.684350
200.721550
200.759225
200.777100
200.813725
200.851775
200.876450
200.906900
200.943850
200.988275
200.994500
201.022825
201.054575
201.097550
201.127325
201.160875
201.196525
201.216050
201.244325
201.275750
201.317200
201.346775
201.370125
201.395975
201.420925
201.467875
201.490425
201.530575
201.569550
201.595100
201.629625
201.650100
201.672400
201.708575
201.761900
201.771200
201.793250
201.833275
201.859050
201.936550
201.963900
201.993425
202.031375
202.039200
202.069975
202.148475
202.180525
202.206275
202.286025
202.306175
202.338775
202.370075
202.425525
202.468575
202.501925
202.530825
202.555525
202.587175
202.618475
202.659675
202.698800
202.740700
202.791350
202.834175
202.892300
202.921325
202.942625
202.987300
203.014200
203.042325
203.086850
203.120050
203.170650
203.208825
203.239825
203.270325
203.301900
203.363025
203.383125
203.430075
203.460600
203.494600
203.529200
203.569775
203.603850
203.613250
203.632550
203.677575
203.721175
203.765175
203.777550
203.801250
203.822275
203.853100
203.880625
203.909750
203.928300
203.945025
203.997375
204.044500
204.083800
204.104825
204.131425
204.152725
204.179800
204.206300
204.224725
204.231200
204.237125
204.243125
204.248775
204.255000
204.261475
204.268425
204.273950
204.280050
204.293200
204.302225
204.331650
204.353625
204.374000
204.383125
204.391000
204.408850
204.464500
204.482100
204.493000
204.607500
204.708575
204.774675
204.852750
204.894900
204.909325
204.931000
205.011250
205.054100
205.113750
205.144250
205.164625
205.198250
205.321400
205.406450
205.483425
205.530400
205.651350
205.737400
205.752250
205.868425
206.003575
206.275700
206.298125
206.603350
206.613200
206.772175
206.883775
206.903650
206.924575
206.969325
207.073200
207.096800
207.295025
207.341400
207.479625
207.497575
207.596575
207.717275
207.896850
207.926100
207.964375
207.988675
208.029325
208.280275
208.354725
208.419075
208.438675
208.585375
208.604375
208.630600
208.760950
208.793250
208.815325
208.927675
208.954875
209.015975
209.030950
209.215475
209.385225
209.584975
209.690750
209.703325
209.749375
209.809700
209.838050
209.981825
210.231625
210.383600
210.419375
210.523675
210.603400
210.626650
210.693050
210.743775
210.815725
210.863700
210.903525
210.991825
211.021525
211.070125
211.099325
211.113825
211.227325
211.282750
211.302900
211.491475
211.623900
211.713075
211.771625
211.797625
211.840650
211.970225
212.027325
212.054500
212.368950
212.404775
212.427050
212.454825
212.493875
212.555375
212.615250
212.651300
212.716975
212.789725
212.834050
212.860625
213.023925
213.142300
213.201900
213.233025
213.262125
213.322975
213.393725
213.508500
213.631225
213.698000
213.738600
213.748050
213.791900
213.814600
213.857875
213.872675
213.982525
214.125075
214.159650
214.204025
214.261850
214.313850
214.360700
214.381675
214.484200
214.534975
214.576000
214.621925
214.668550
214.697925
214.825625
214.867275
214.899725
214.941850
214.988200
214.992950
215.067275
215.147275
215.200100
215.254350
215.378525
215.493150
215.560375
215.599525
215.634475
215.692150
215.794425
215.938975
216.009075
216.079575
216.282800
216.370800
216.415875
216.438725
216.470350
216.495625
216.571950
216.665200
216.918300
216.944675
217.060725
217.159000
217.335175
217.371600
217.410675
217.491350
217.539775
217.567850
217.643750
217.667650
217.699075
217.817175
217.960450
217.966150
218.010500
218.054400
218.091975
218.174050
218.210100
218.266075
218.307125
218.365525
218.398175
218.438000
218.440375
218.466775
218.648225
218.677325
218.720525
218.738875
218.848475
218.874525
219.035100
219.073200
219.111825
219.151625
219.216900
219.238475
219.285525
219.311450
219.333675
219.363150
219.379800
219.440050
219.451900
219.495575
219.666750
219.679700
219.708775
219.853050
219.906200
219.941375
219.963975
220.009225
220.034750
220.048450
220.120200
220.145200
220.167375
220.250025
220.270625
220.314300
220.329350
220.369875
220.383575
220.614775
220.635575
220.686750
220.741500
220.769600
220.797575
220.885175
220.945800
220.967775
221.019850
221.130100
221.248850
221.410950
221.462175
221.554075
221.664950
221.690500
221.768925
221.870875
221.903075
221.924075
221.960800
222.022275
222.143825
222.357625
222.372175
222.546800
222.579250
222.621325
222.667500
222.811800
222.830900
222.986000
223.053800
223.057100
223.082375
223.110325
223.235150
223.573225
223.662875
223.954900
224.094400
224.131975
224.167000
224.256050
224.303500
224.313475
224.465275
224.499575
224.519900
224.627275
224.681575
224.750250
224.828950
224.911500
224.956575
225.047600
225.066025
225.130475
225.157875
225.183575
225.212150
225.265925
225.345025
225.348875
225.426850
225.439475
225.510750
225.569175
225.592500
225.759900
225.797350
225.875200
225.948275
226.008450
226.032700
226.086800
226.189925
226.222050
226.253725
226.311600
226.370850
226.438625
226.497325
226.530100
226.555400
226.561450
226.677975
226.754600
226.780825
226.828650
226.834350
226.865875
227.002000
227.040500
227.090000
227.157625
227.222725
227.258675
227.298400
227.322300
227.375375
227.397425
227.413175
227.587500
227.649575
227.682275
227.755125
227.808300
227.835125
227.899350
227.924125
227.992150
228.057650
228.119150
228.224900
228.257050
228.286075
228.304700
228.360425
228.387725
228.454350
228.509500
228.612275
228.651950
228.716375
228.774525
228.844525
228.863175
228.891450
229.052950
229.126375
229.143575
229.168650
229.243225
229.294375
229.319300
229.359425
229.413425
229.449100
229.597100
229.627925
229.692900
229.730425
229.838650
229.859175
230.038775
230.107900
230.161175
230.520850
230.660100
230.670350
230.805050
230.873150
230.929525
230.980350
231.007050
231.014925
231.128375
231.161125
231.213050
231.240400
231.280875
231.313275
231.469925
231.496825
231.570000
231.592525
231.657075
231.761500
231.767200
231.779900
231.836075
231.856125
231.886725
232.182850
232.243175
232.327550
232.366725
232.400225
232.420225
232.481850
232.513075
232.580425
232.597250
232.611125
232.919200
232.941075
232.977300
233.063975
233.083625
233.108025
233.502500
233.587750
233.594575
233.620275
233.628900
233.648350
233.747525
234.033600
234.084150
234.120500
234.291000
234.374125
234.554025
234.601225
234.635725
234.676125
234.937025
234.959775
235.023275
235.120250
235.252225
235.295500
235.347975
235.371225
235.411650
235.432575
235.522525
235.592350
235.676875
235.800725
235.879075
236.059275
236.204900
236.222050
236.266350
236.288325
236.495175
236.608750
236.679925
236.767500
236.918000
236.966150
237.071875
237.154400
237.270475
237.417975
237.454125
237.669475
237.765025
237.872650
237.903350
238.097425
238.204100
238.244125
238.312150
238.366000
238.407525
238.617100
238.716550
238.743700
238.753100
238.790950
238.798775
238.818425
238.849400
238.884975
239.325975
239.410500
239.435500
239.505650
239.597900
239.609350
239.631325
239.644250
239.857150
239.949675
240.027825
240.063500
240.172650
240.261275
240.267350
240.347025
240.437600
240.454775
246.192100
246.571350
246.598075
246.639125
246.718450
246.742150
246.798425
246.830200
247.159025
248.942250
248.976700
249.003450
249.049600
249.095375
249.104450
249.122800
249.128325
249.143675
249.184750
249.202425
249.219075
249.221425
249.237050
249.262075
249.268725
249.277100
249.316900
249.337775
249.350575
249.395625
249.516925
249.557050
249.578600
249.586825
249.593900
249.599000
249.604425
249.613600
249.622575
249.633225
249.665450
249.727150
249.758325
249.942025
250.026050
250.141775
250.296850
250.339325
250.414500
250.528100
250.594875
250.688200
250.950150
251.120200
251.146125
251.364050
251.563125
251.931450
251.948825
252.109475
252.157550
252.181625
252.196500
252.285000
252.309075
252.384900
252.412225
252.502350
252.611425
252.623200
252.762650
252.890125
253.276050
253.300625
253.750125
253.931525
254.317525
254.351700
254.387800
254.702200
254.779550
254.798425
254.860850
255.326750
255.951350
256.011300
256.259950
256.285725
256.448975
256.516800
256.858100
257.014950
257.175725
257.409925
257.458875
257.488650
258.535675
258.642325
258.779175
258.970075
259.020075
259.709150
260.097000
260.209800
260.463550
260.781000
260.867100
261.249675
261.260500
261.299275
261.854250
261.947600
262.253275
262.351225
262.691600
262.706025
262.730250
262.763475
262.949050
263.095950
263.726125
263.932825
264.479675
264.916875
265.005900
265.294775
265.661750
266.261650
266.336625
266.367975
267.138425
267.222775
267.910775
268.011450
268.215050
268.285525
268.356325
268.377175
268.517375
268.527400
268.806725
268.841925
269.050475
269.073225
269.534275
269.595900
270.167175
270.258275
270.330750
270.378750
270.479450
270.712100
270.773750
270.922025
270.969925
271.244875
271.477950
271.497600
271.776750
272.184275
272.265150
272.395050
272.867825
272.894725
272.935000
273.277625
273.883725
274.008650
274.041550
274.473675
274.586525
274.881775
275.044600
275.466100
275.560250
275.896275
275.966750
275.996225
276.172050
276.224075
276.248800
276.351250
276.451100
276.554725
277.065600
277.116450
277.145600
277.192300
277.294425
277.458050
277.519100
277.548000
277.582525
277.666550
277.781750
277.876750
277.906875
278.199875
278.217425
278.318900
278.351250
278.445600
278.496675
278.524650
278.817100
278.849575
278.999675
279.073050
279.164600
279.204125
279.268700
279.362600
279.619000
279.741650
279.844700
280.006950
280.059250
280.201325
280.472400
280.793325
280.867750
280.881000
281.066500
281.121100
281.136500
281.138425
281.419000
281.434250
281.447150
281.503850
281.875975
281.991050
282.101600
282.119900
282.175100
282.213900
282.366725
282.388275
282.568125
282.719125
282.788500
282.847050
282.885550
283.188725
283.280425
283.310050
283.370100
283.390400
283.873975
283.963725
283.991050
284.038750
284.068700
284.097775
284.168525
284.274175
284.467375
284.603525
284.632525
284.660575
284.785050
284.806300
284.989950
285.075225
285.175275
285.195600
285.358450
285.388425
285.597225
285.676875
285.717025
286.054925
286.091225
286.138600
286.200975
286.232825
286.252625
286.308225
286.336275
286.459725
286.509575
286.609750
286.978800
287.016125
287.026050
287.068950
287.098650
287.199875
287.222450
287.317875
287.428925
287.718525
287.747000
287.924400
288.116675
288.150425
288.186325
288.244750
288.381175
288.426875
288.464325
288.491850
288.556925
288.664250
288.744000
288.751025
288.894550
288.920500
288.953225
289.266675
289.288975
289.324075
289.398075
289.421975
289.474200
289.527175
289.679250
289.713125
289.744925
289.841675
289.982550
290.050350
290.108625
290.131300
290.145950
290.171450
290.299075
290.345700
290.366175
290.385500
290.416875
290.447650
290.580975
290.582150
290.612550
290.645425
290.964175
291.000850
291.125750
291.145050
291.160125
291.185150
291.301625
291.415800
291.527525
291.543175
291.555700
291.592000
291.668350
291.734650
291.869225
291.901050
291.942750
291.965875
292.005525
292.156600
292.180775
292.449250
292.486075
292.515950
292.536575
292.582100
292.673725
292.756600
293.147100
293.286050
293.323750
293.377150
293.430625
293.437875
293.468350
293.527825
293.584425
293.639200
293.843200
293.851825
293.864775
293.905425
294.112500
294.350575
294.390900
294.472250
294.544950
294.566375
294.596400
294.864200
294.940400
294.965950
295.012425
295.231300
295.359375
295.435825
295.477500
295.535025
295.573050
295.617650
295.628850
295.681650
295.693125
295.791225
295.809550
295.851050
295.951150
296.117125
296.167600
296.178375
296.263525
296.285950
296.325150
296.531325
296.563100
296.583800
296.608950
296.622200
296.721150
296.737875
296.758425
296.767375
296.803000
296.826625
296.903375
297.030325
297.139550
297.248400
297.338425
297.451175
297.523525
297.574300
297.654350
297.785025
297.858550
297.913750
297.945900
298.021925
298.167275
298.182100
298.203175
298.272650
298.318125
298.328625
298.430600
298.532575
298.569650
298.889200
299.006050
299.078475
299.127950
299.153875
299.203525
299.229975
299.277525
299.309275
299.326950
299.366550
299.437325
299.458300
299.560325
299.676175
299.767275
299.804900
299.815100
299.826500
299.918875
299.936350
300.023025
300.027775
300.101075
300.109850
300.122350
300.292600
300.321475
300.361850
300.406350
300.488350
300.564550
300.785125
300.809750
300.876650
300.928075
301.054125
301.073200
301.195525
301.282725
301.385800
301.486400
301.544325
301.606000
301.635250
301.720925
301.747575
301.761125
301.796775
301.889325
301.964925
302.091125
302.221325
302.243875
302.308325
302.540900
302.679000
302.706825
302.709075
302.738250
302.821050
302.829175
302.860825
302.982225
302.983875
303.007375
303.100775
303.172750
303.263700
303.428700
303.459525
303.558025
303.627425
303.711525
303.898200
303.956000
303.974400
303.988525
304.151775
304.197600
304.390025
304.399725
304.423400
304.470575
304.541450
304.635425
304.839500
304.925625
304.957875
305.015825
305.047075
305.063125
305.109225
305.147675
305.160425
305.170150
305.203825
305.317700
305.345425
305.520725
305.566975
305.669725
305.695425
305.812100
305.856450
305.876525
305.963025
306.018700
306.145025
306.232200
306.280050
306.581100
306.731675
306.987075
307.058600
307.093900
307.138650
307.203625
307.268850
307.399675
307.489850
307.583625
307.593425
307.623050
307.845575
307.896950
308.021100
308.055850
308.150700
308.196550
308.281975
308.345300
308.436150
308.572150
308.685475
308.703175
308.748775
308.761575
308.816825
309.316250
309.609975
309.767425
309.786650
309.894400
310.202975
310.353800
310.623925
310.713600
310.787075
310.841425
310.900575
310.984125
311.018500
311.070650
311.143350
311.201400
311.362800
311.370450
311.498250
311.548375
311.568600
311.584150
311.622850
311.668900
311.776975
315.481925
315.503550
315.535975
316.842450
316.867175
316.902100
318.882700
318.939900
318.988125
319.013225
319.031050
319.032425
319.047300
319.059650
319.069750
319.080975
319.088575
319.098275
319.114000
319.125925
319.210450
319.227525
319.245050
319.259350
319.291750
319.322600
319.382825
319.477650
319.523750
319.690450
319.807475
319.819050
319.880550
319.899850
320.181450
320.207075
320.239575
320.257925
320.272650
320.356975
320.654150
320.687300
320.734775
320.968275
321.042225
321.202850
321.638475
321.678625
322.259100
322.416100
322.897250
322.953575
323.061175
323.854075
324.619375
324.836425
325.683400
325.936700
326.308425
327.219250
328.628825
328.658900
329.333475
331.530525
331.896550
332.247825
332.328325
332.829225
333.813200
334.258875
334.444625
337.416750
337.557625
339.394150
339.869325
340.049900
340.158625
340.234250
340.381350
340.539475
341.034175
341.081900
341.116925
341.126375
341.145650
341.233325
341.477725
341.673475
341.820525
341.851875
341.950000
342.199575
342.225350
342.473225
342.590500
342.649775
342.720675
342.805900
343.153200
343.296575
343.476600
343.548425
343.621350
343.676550
344.010625
344.070425
344.089125
344.145175
344.244325
344.455000
344.592200
344.739950
344.777150
344.856300
344.995300
345.022150
345.223425
345.241975
345.265675
345.305275
345.403100
345.481150
345.527125
345.565325
345.650500
345.685375
345.815250
345.879575
345.912050
346.056200
346.067050
346.112175
346.166550
346.395825
346.500450
346.525925
346.898450
347.262750
347.333700
347.342525
347.383275
347.549525
347.701675
347.740975
347.779175
347.893425
347.906500
348.001925
348.287525
348.378700
348.458050
348.799475
348.885625
349.011150
349.059625
349.170000
349.264875
349.313150
349.343675
349.345550
349.376050
349.419000
349.709200
349.761425
349.816625
349.850775
349.960925
350.037275
350.084550
350.133775
350.217425
350.298350
350.343000
350.413475
350.445575
350.536375
350.606325
350.681850
350.929550
351.157975
351.251825
351.350650
351.356050
351.509625
351.631750
351.676550
351.704000
351.733600
351.979500
352.120100
352.127975
352.164825
352.411675
352.635275
352.666350
352.699250
352.870500
352.941025
353.044700
353.165150
353.307400
353.347925
353.428975
353.505750
353.875650
354.019225
354.057850
354.129400
354.200875
354.251125
354.371075
354.429500
354.467875
354.551850
354.713225
354.824650
354.850925
354.917575
354.983675
355.236050
355.357925
355.441500
355.476575
355.625975
355.694450
355.738675
355.774675
355.795925
355.813925
355.905275
355.945000
356.016175
356.083750
356.185775
356.227350
356.306550
356.340975
356.496925
356.529450
356.571675
356.604900
356.686600
356.785950
356.964725
357.063725
357.116975
357.197825
357.265000
357.401350
357.466000
357.718650
357.777775
358.009950
358.015600
358.045900
358.175625
358.355900
358.367325
358.587125
358.664925
358.831050
358.994600
359.199650
359.238375
359.259700
359.322825
359.326750
359.367975
359.483825
359.696275
359.759350
360.038925
360.100050
360.139850
360.241350
360.285725
360.351675
360.379975
360.433075
360.524200
360.560125
360.641900
360.671500
360.719450
360.747550
360.784275
360.809025
360.835750
360.910300
361.170200
361.257875
361.321975
361.379175
361.395350
361.468550
361.502525
361.551600
361.633275
361.682100
361.739650
361.798675
361.834400
361.884150
361.924875
361.949150
361.978875
362.017300
362.032125
362.055675
362.127525
362.195975
362.389650
362.482725
362.539925
362.591300
362.666750
362.720100
362.775725
362.788200
362.866300
362.914775
362.940250
363.047700
363.169575
363.224700
363.259525
363.300700
363.334875
363.360325
363.430875
363.495975
363.541950
363.574650
363.623600
363.679825
363.697025
363.725375
363.751775
363.793925
363.849400
363.914750
363.977525
364.106900
364.221025
364.256425
364.292125
364.326050
364.336525
364.369100
364.399750
364.438675
364.477350
364.490225
364.572800
364.622350
364.650450
364.676175
364.739500
364.791675
364.832325
364.889850
364.930125
364.988725
365.041750
365.106950
365.130625
365.166725
365.189225
365.338550
365.391325
365.428625
365.477875
365.507525
365.524600
365.533150
365.610675
365.644000
365.680125
365.698050
365.762775
365.775900
365.829250
365.861650
365.917200
366.076350
366.207825
366.234450
366.312150
366.467800
366.543450
366.567300
366.613750
366.676775
366.698975
366.741450
366.743450
366.779675
366.916775
366.934300
367.030150
367.098625
367.131025
367.153975
367.172275
367.203175
367.214175
367.289825
367.305225
367.328350
367.349200
367.419025
367.444950
367.625950
367.648900
367.707050
367.761900
367.790350
367.832050
367.886975
367.954750
368.055325
368.082150
368.115775
368.301525
368.389325
368.455725
368.531425
368.555100
368.613850
368.670700
368.775275
368.809625
368.833775
368.854350
368.904750
369.030025
369.080750
369.127325
369.219550
369.237550
369.379825
369.403825
369.526925
369.715575
369.922425
370.244975
370.369950
371.164500
371.760550
372.070050
372.175075
372.298600
372.573250
372.690250
372.698300
372.739025
372.801950
373.137775
373.163650
373.410225
374.030625
374.146400
374.302250
374.577100
375.272225
375.692225
375.949400
376.232750
376.961800
377.006750
377.618750
377.728275
377.760025
378.015800
378.082775
378.577175
379.096625
379.212725
379.370700
379.566125
380.337125
380.560150
380.910050
381.679175
381.781275
382.196625
382.451650
382.485175
382.696925
382.999975
383.173575
383.859850
383.863300
383.958500
384.071350
384.100325
384.514875
384.694700
385.288050
385.319425
385.391525
385.508625
385.520750
385.557325
385.952300
386.131325
387.977750
388.237775
388.376800
388.767150
389.163100
389.354075
389.631225
389.641250
389.725100
390.218375
390.254775
390.388650
390.620775
391.135625
391.343700
392.123275
392.849975
392.976800
393.329550
393.508375
393.600575
393.614925
393.784425
394.061375
394.163900
394.223950
396.022500
396.664500
397.244325
397.622475
398.607600
399.955875
400.278250
400.873350
401.997450
402.629100
403.917450
407.952900
408.702150
409.462550
409.548575
409.664250
410.087325
410.189150
410.337675
410.446650
410.596450
410.735125
410.765375
410.794775
410.877800
410.906150
410.981250
411.068825
411.150775
411.208800
411.243925
411.383750
411.874900
412.016275
412.267425
412.417175
412.526725
412.740425
412.770875
412.832450
413.108200
413.256875
413.359050
413.523675
413.639875
413.678150
413.719200
413.757875
413.856150
413.934750
413.970500
414.019400
414.103275
414.263550
414.309575
414.337500
414.417825
414.501825
414.558900
414.561750
414.574900
414.690425
414.803975
414.846125
414.937800
414.969775
415.003625
415.181475
415.207550
415.231850
415.358225
415.399050
415.429925
415.520750
415.648575
415.651575
415.694625
415.716550
415.799750
415.818200
415.858025
415.879675
415.920575
416.029075
416.055750
416.141775
416.313600
416.612325
416.734125
416.799175
416.856750
416.899650
418.994900
418.998400
419.056600
419.070075
419.116675
419.187700
419.282400
419.324200
419.328075
419.387425
419.444200
419.496625
419.549825
419.701850
419.788525
419.806475
419.838850
419.920625
419.948125
419.959975
419.963125
419.989525
420.015350
420.043925
420.111950
420.142500
420.149225
420.169425
420.198400
420.323325
420.365225
420.389850
420.418375
420.446950
420.532475
420.563725
420.600800
420.630700
420.729925
420.798050
420.850700
421.002225
421.035100
421.159825
421.196975
421.266600
421.370825
421.425150
421.449825
421.466100
421.474875
421.476350
421.491600
421.505125
421.534825
421.681000
421.957050
422.007725
422.132950
422.296100
422.633100
422.679525
422.741950
422.798125
422.919725
423.128550
423.416450
423.884500
424.400325
424.980625
425.333925
425.610775
425.654775
426.151675
426.491225
427.441800
427.519700
428.193975
429.420225
430.023075
431.440650
432.487350
433.467025
433.504875
433.584075
433.649025
433.738250
433.816475
433.871625
434.008800
434.033450
434.232175
434.312575
434.339575
434.415075
434.608725
435.050575
435.079800
435.112400
435.234325
435.461650
435.694125
436.296200
436.392825
436.603775
436.664200
436.696450
436.752175
436.866625
437.040825
437.368125
437.471150
437.544675
437.570200
437.602225
437.632125
437.826600
437.969400
438.003425
438.059050
438.261400
438.298150
438.340375
438.382450
438.417475
438.562650
438.653975
438.695725
438.944900
438.982575
439.089700
439.153175
439.320175
439.383900
439.501725
439.719725
440.083175
440.536850
440.577000
440.823250
440.844750
441.060500
441.320250
441.547100
441.765200
442.385850
442.686825
443.642625
443.675875
444.304975
444.458325
445.518175
445.780875
445.876525
446.108250
446.143725
446.169725
446.412300
446.444375
446.515325
446.548600
446.734800
446.761750
446.967175
447.095175
447.274025
447.306900
447.409450
447.562025
447.730850
448.739875
448.855575
449.280275
449.408275
449.538775
449.569050
450.179825
450.624300
450.682025
450.709850
450.774250
451.000525
451.160650
451.202450
451.235350
451.316525
451.551575
451.651700
451.783475
451.887250
452.150550
452.321750
452.357625
452.532725
452.688025
452.730250
452.814225
452.905750
452.984950
453.033350
453.088375
453.130025
453.172725
453.259125
453.451375
453.486100
453.626950
453.657975
453.794525
453.900925
453.938725
454.196500
454.271075
454.307275
454.434700
454.585300
454.750125
454.785175
454.819950
454.852075
455.020900
455.055300
455.091350
455.122350
455.193250
455.213850
455.478550
455.548075
455.949600
456.157925
456.266200
456.388075
456.455100
456.712375
456.830025
456.870525
456.898275
456.988400
457.081400
457.192225
457.226425
457.260500
457.355800
457.474750
457.514475
457.729250
457.770100
458.059050
458.153825
458.228550
458.272925
458.317350
458.353175
458.392500
458.621150
458.623525
458.637675
458.940925
458.967525
459.094675
459.429350
459.634175
459.750125
459.874900
459.893225
459.913300
460.023100
460.149350
460.238275
460.331475
460.360925
460.399100
460.465000
460.594325
460.648150
460.659075
460.702700
460.744175
460.760825
460.772700
460.961625
461.028700
461.055625
461.205700
461.287525
461.317650
461.482050
461.539175
461.626775
461.681375
461.694400
461.773275
461.775350
461.814825
461.960325
462.007625
462.026425
462.331100
462.406675
462.454275
462.456025
462.497100
462.509275
462.532500
462.613150
462.650625
462.716575
462.760925
462.916450
462.945000
462.996350
463.186750
463.189375
463.255700
463.293800
463.319175
463.365000
463.401900
463.441600
463.497600
463.527275
463.651250
463.719425
463.752325
463.840325
463.848975
463.875950
464.019875
464.091200
464.158875
464.303300
464.338225
464.393525
464.427250
464.501875
464.540600
464.585750
464.630325
464.718075
464.753000
464.794525
464.847475
464.889600
464.949850
465.004875
465.022125
465.051275
465.064000
465.094225
465.114500
465.146500
465.205400
465.299050
465.345975
465.454400
465.486050
465.501625
465.528225
465.557875
465.633200
465.720425
465.816575
465.938700
466.061550
466.131775
466.179500
466.222050
466.243200
466.258075
466.278450
466.379925
466.441800
466.497150
466.553625
466.631825
466.650050
466.821450
466.872725
466.952525
466.991575
466.999125
467.033925
467.078775
467.086550
467.175450
467.241400
467.270025
467.348975
467.384700
467.403200
467.546825
467.583350
467.601975
467.617675
467.690650
467.699900
467.776300
467.800750
467.847250
467.932550
468.013900
468.058025
468.162350
468.189225
468.204750
468.237375
468.308000
468.419100
468.433250
468.712000
468.798925
468.829750
468.843825
468.896400
468.974225
469.554550
469.909125
470.018700
470.210325
470.254700
470.867875
471.067750
471.525375
473.138925
474.158900
474.234500
474.385150
474.409150
474.463675
474.547600
474.792875
474.897025
475.158825
475.549925
475.590975
475.643850
475.699575
475.762450
476.036275
476.235200
476.308550
476.410025
476.514850
476.645050
477.007825
477.136075
477.230475
477.513475
477.750650
477.802600
478.048400
478.071175
478.216325
478.371225
478.377975
478.707675
478.817350
478.850450
478.941050
479.015675
479.158750
479.350700
479.420450
479.482600
479.692325
480.823750
481.185225
481.219300
481.397500
482.124050
482.387825
482.885975
482.911425
484.250750
484.281525
484.517700
484.733875
484.868425
485.048050
485.370200
485.998975
486.442675
487.130825
487.660700
487.728000
487.891300
487.899075
487.955550
487.989425
488.228925
488.280275
488.523600
488.549725
488.685900
489.069150
489.154000
489.421275
489.960500
490.038675
490.520700
491.177575
491.188625
491.628100
491.699575
491.732100
491.796325
492.095350
492.191025
492.440250
492.673225
492.977700
493.044450
493.147850
493.189975
493.232875
493.398350
493.441175
493.467800
493.547750
493.572300
493.664550
493.746650
493.841100
493.978625
494.197775
494.340725
494.360000
494.545950
494.724500
494.810600
494.917250
495.054325
495.081975
495.121875
495.138825
495.162975
495.187900
495.406625
495.772650
495.794375
495.883425
495.955825
496.094375
496.120000
496.152300
496.505625
496.594475
496.739150
497.011800
497.185475
497.275875
497.395825
497.430900
497.456675
497.557375
497.563375
497.589375
497.634000
497.704100
497.861850
498.119550
498.226500
498.297950
498.388025
498.407600
498.450575
498.487700
499.008925
499.462075
499.595725
499.737100
500.089850
500.284975
500.452000
500.506650
500.652125
500.989400
501.104650
501.291900
501.374225
501.399975
501.487550
501.722450
501.805675
501.817750
501.878750
501.967000
502.117525
502.425875
502.516775
502.661475
502.798250
502.823750
502.858925
503.064350
503.372275
503.600225
503.723975
504.072250
504.250575
504.308350
504.471975
504.563875
504.585200
504.756875
504.782725
504.970925
505.056025
505.084275
505.118950
505.271625
505.587050
505.615400
505.652025
505.697225
505.829400
505.860550
505.907600
505.978700
506.018700
506.166575
506.171025
506.817500
506.872000
506.945375
507.303275
507.362575
507.395850
507.455575
507.489925
507.514400
507.603450
507.644725
507.664350
507.696950
507.749975
507.830125
507.888175
507.911250
507.943025
507.975100
508.073950
508.172625
508.201200
508.306700
508.493975
508.498725
508.553350
508.755525
508.783800
508.982700
509.009050
509.049025
509.088950
509.176050
509.224050
509.307600
509.333975
509.463175
509.638925
509.669800
509.791675
510.026975
510.045125
510.046825
510.088525
510.107500
510.193700
510.210900
510.224850
510.339675
510.376775
510.385625
510.426725
510.479900
510.502850
510.549225
510.587475
510.625975
510.655150
510.736950
510.891075
510.916150
510.936325
511.030075
511.073325
511.183425
511.207125
511.279975
511.326825
511.387350
511.439725
511.483625
511.518575
511.541450
511.616800
511.651875
511.721450
511.810025
511.858850
511.928275
511.955875
512.030400
512.115150
512.139500
512.349250
512.479950
512.606300
517.293500
518.890100
518.898000
518.914200
518.924750
518.946975
518.959100
518.966050
518.977775
518.993625
519.013275
519.053025
519.067875
519.098075
519.191425
519.240575
519.270500
519.291550
519.378425
519.406525
519.428050
519.481925
519.542500
519.570300
519.631050
519.685450
519.783250
519.795600
519.876075
519.883700
519.923975
519.926025
519.992500
520.009350
520.047675
520.097200
520.129750
520.141425
520.175425
520.281450
520.368425
520.425275
520.506925
520.546425
520.592025
520.635475
520.686600
520.720000
520.755150
520.786750
520.878675
520.983975
521.093425
521.103375
521.213025
521.251700
521.307925
521.335975
521.377000
521.381175
521.417550
521.480525
521.522875
521.601600
521.606325
521.683250
521.728125
521.777100
521.829025
521.868975
521.975175
522.040100
522.055475
522.179025
522.185225
522.245525
522.276850
522.319750
522.360850
522.419375
522.429375
522.565675
522.567275
522.649525
522.679150
522.721700
522.755950
522.893625
522.913375
522.958850
522.996950
523.087200
523.150400
523.171975
523.271775
523.299025
523.343300
523.415575
523.416825
523.487950
523.536125
523.555650
523.563850
523.614550
523.656350
523.689900
523.718575
523.995025
524.246950
524.315175
524.342925
524.373225
524.430500
524.462325
524.560350
524.625175
524.641175
524.658275
524.727125
524.760125
524.787300
524.871325
524.899000
525.046725
525.049900
525.255425
525.420425
525.467200
525.538175
525.602375
525.633275
525.644500
525.674075
525.805525
525.863250
525.959150
526.034675
526.122050
526.150050
526.157100
526.315925
526.412825
526.416750
526.441275
526.492500
526.614725
526.643925
526.726150
526.733500
526.782025
526.830975
526.849950
527.190475
527.278675
527.349950
527.562125
527.652075
527.711850
527.767175
527.807200
527.916175
527.948050
527.977600
528.018225
528.031925
528.123175
528.126175
528.240800
528.356750
528.412075
528.575975
528.577475
528.624050
528.769475
528.804325
528.827100
528.894550
528.956325
528.989675
529.126025
529.151525
529.329750
529.362025
529.562775
529.599250
529.632525
529.678700
529.707250
529.784275
529.824575
529.848350
529.915550
529.952875
529.977450
530.006450
530.049500
530.067200
530.117675
530.145850
530.303175
530.352100
530.367525
530.453625
530.492175
530.620275
530.710750
530.817375
531.029900
531.065750
531.099400
531.218925
531.249950
531.271250
531.321400
531.374950
531.401275
531.435275
531.498575
531.585975
531.693200
531.761950
531.821300
531.854400
531.873625
531.896300
531.960200
531.998625
532.029025
532.159975
532.245000
532.300650
532.328700
532.418325
532.454700
532.485650
532.551900
532.591650
532.686275
532.703200
532.782150
532.843025
532.896600
532.954775
532.979300
533.005550
533.055300
533.104025
533.135575
533.278100
533.363650
533.389875
533.412900
533.493000
533.518500
533.549100
533.739375
533.764900
533.824025
533.841400
533.938025
534.101175
534.191025
534.258575
534.282525
534.407800
534.424025
534.505375
534.600725
534.682175
534.702200
534.845550
534.899400
534.951525
534.992150
535.058175
535.227250
535.460150
535.519575
535.587375
535.686200
535.734775
535.752125
535.835550
535.946775
535.992350
536.243675
536.520550
536.556575
536.562100
536.594100
536.600500
536.626275
536.713925
536.784750
536.966825
536.983875
537.183750
537.229700
537.440025
537.581400
537.662150
537.703100
537.745175
537.770425
537.798300
537.831475
537.866950
537.891450
537.896075
537.928850
537.991225
538.029500
538.046825
538.059775
538.153100
538.214575
538.257250
538.290725
538.298100
538.331625
538.348200
538.466550
538.530975
538.596300
538.658275
538.726000
538.739625
538.771700
538.867300
538.940900
539.011100
539.034550
539.066425
539.182925
539.206100
539.261725
539.358750
539.406100
539.408800
539.471850
539.556725
539.618150
539.623025
539.683000
539.718700
539.795150
539.820575
539.862425
539.885575
539.930500
539.931900
539.976700
540.063500
540.074025
540.107675
540.184100
540.213800
540.263275
540.269025
540.453450
540.496650
540.806175
541.085100
541.208775
541.254800
541.285875
541.593275
541.631750
541.742525
542.271700
542.314225
542.657850
542.748600
542.814700
543.004550
543.027600
543.090425
543.120350
543.135575
543.309325
543.331775
543.334025
543.404775
543.609775
543.822525
543.930450
544.217500
544.329175
544.389800
544.406550
544.618650
545.079325
545.119150
545.138725
545.379950
545.705425
545.931475
546.006950
546.655175
546.656475
546.847025
546.864650
546.898250
546.946825
547.095075
547.119125
547.253600
547.315775
547.522000
547.570400
547.673925
547.722250
547.825625
547.999075
548.031150
548.105575
548.118525
548.148925
548.162075
548.205475
548.358300
548.407025
548.411600
548.453325
548.491000
548.627125
548.702125
548.725825
548.737050
548.772425
548.823850
549.208600
549.578475
549.764225
549.851325
550.241100
550.317675
550.451900
550.555675
550.711625
550.751225
551.065700
551.151975
551.487575
551.748150
552.022150
552.133875
552.205475
552.278025
552.393850
552.410250
552.513525
552.795450
552.940325
553.167000
553.260575
553.646100
553.786575
553.879150
553.920625
553.929125
553.944375
553.964625
554.005525
554.149775
554.433475
554.562825
554.651925
554.678700
554.748375
554.774900
554.792900
554.858025
554.974775
555.053700
555.058475
555.427400
555.462750
555.520050
555.682100
555.736500
555.781400
555.858350
555.913750
555.926950
555.973575
556.001125
556.048150
556.160475
556.590975
556.698700
556.792200
556.812475
556.895550
557.064025
557.228550
557.257275
557.346500
557.401025
557.471300
557.507375
557.537125
557.593475
557.870375
557.886750
558.004375
558.075050
558.107325
558.110075
558.219175
558.328375
558.405675
558.494225
558.519475
558.578475
558.689725
558.703775
559.070175
559.121375
559.170725
559.213300
559.272300
559.342625
559.556050
559.675975
559.843475
559.867300
559.946575
559.969250
560.043275
560.215300
560.297550
560.356500
560.372875
560.436575
560.494000
560.556050
560.727600
560.902450
560.954525
561.019350
561.055525
561.168375
561.316250
561.342725
561.348750
561.466450
561.495250
561.617775
561.689975
561.747525
561.769550
561.829100
561.831025
561.860825
562.011950
562.206400
562.212150
562.292075
562.342275
562.471725
562.595325
562.633600
562.799475
562.870700
563.093700
563.127975
563.204400
563.247200
563.271475
563.301600
563.346175
563.403475
563.558075
563.694550
563.751675
563.858925
563.899075
563.974100
564.019225
564.056050
564.092725
564.204600
564.337225
564.356975
564.379600
564.415700
564.447125
564.482975
564.535375
564.581875
564.714175
565.108950
