0.244250
1.477750
3.272800
3.302225
4.047325
4.576675
5.853825
6.564350
7.570600
9.717950
9.784000
10.161900
11.208450
11.946575
13.081100
13.187325
14.007575
15.380350
16.628475
19.181100
20.218825
20.320275
20.496750
20.570050
21.391750
21.642500
22.446500
23.364050
23.921300
24.490700
24.572125
25.418875
26.806100
27.701100
28.461050
29.059875
29.090675
29.122050
30.133325
30.783375
30.901025
31.281850
32.641050
33.017125
33.123175
33.287575
33.437375
34.449600
34.462225
34.705025
34.742200
35.260300
36.333200
36.760025
37.310300
37.889000
38.109450
38.365975
38.663325
38.726350
38.762375
39.133125
39.473150
39.529925
40.276425
40.356425
40.560575
40.573275
40.761475
41.268275
41.306800
41.989075
42.388450
42.585350
42.668200
43.148675
43.274300
44.531275
45.071575
45.221925
45.677000
46.321850
46.891675
46.917400
47.569800
48.111250
48.558225
48.890200
49.062075
49.756825
50.023500
50.104875
50.195700
50.225150
50.616800
51.309625
51.374875
52.599375
52.848600
52.983225
53.113300
53.577650
53.752275
54.008200
54.214050
54.521700
54.764075
54.998175
55.379175
55.438950
55.745125
57.314525
57.415000
58.299250
58.541950
59.534525
59.582750
59.948200
59.961100
60.642850
61.594500
62.307575
62.372600
62.583700
62.659575
62.716500
62.884125
64.321725
64.375250
65.366875
65.794925
66.074400
66.352675
66.428125
66.776800
66.790275
67.284450
67.418875
67.585950
67.911900
68.369550
69.310275
69.763875
69.827250
69.938350
70.427525
71.599250
72.235925
72.698775
73.424700
73.511025
73.800375
74.033725
74.283925
74.358775
74.940625
75.003300
75.548825
75.608475
76.213150
76.268425
76.712250
77.394850
77.546450
77.628875
77.740175
78.051500
78.207925
78.416975
78.483850
78.603150
78.879650
78.922450
79.235525
79.555975
80.222825
80.260550
80.319975
80.660650
80.758225
80.822000
81.417575
81.677775
81.791925
81.910850
82.050650
82.184075
82.321000
82.468800
82.551375
82.565725
82.688475
83.457125
83.485400
83.782900
84.026700
84.373925
84.457850
84.657600
85.135800
85.586525
86.906100
86.931750
87.385800
88.043825
88.163450
88.676850
88.752650
88.896725
89.036925
89.420300
90.005550
91.331300
91.479575
92.629625
93.798925
93.837900
93.951350
94.227750
94.515450
94.700025
94.799500
95.005300
96.027400
96.256550
96.269800
96.592000
96.877550
96.948125
97.710675
97.886150
98.012125
98.055025
98.463200
98.703425
98.838550
98.916800
98.953725
99.064925
99.100700
99.164900
99.416100
99.596600
99.905300
100.124300
100.133000
100.214625
100.455450
100.474075
100.655175
100.671950
101.035750
102.022500
102.054000
102.241500
102.335775
102.395575
102.833200
102.862700
103.436750
103.709600
103.831125
103.848675
104.145800
104.198900
104.862200
104.877600
105.073625
105.114175
105.185175
105.390350
105.519400
105.581725
106.309175
106.441050
106.469600
106.575700
106.700575
106.969975
107.052000
107.555600
108.133900
108.313950
108.383550
108.433825
108.455250
108.885500
109.187700
109.685150
109.937900
110.381775
110.676500
111.873975
112.045150
112.074700
112.167525
112.286325
112.689775
112.802475
113.183850
113.487250
113.709125
113.725875
113.780275
114.028525
114.454425
114.525100
114.601600
114.680250
115.160625
115.205150
115.419900
115.986000
116.030250
117.081900
117.125500
117.165075
117.483825
117.765050
117.897650
117.954850
118.116225
118.411225
118.694825
118.772900
119.062875
119.375675
119.594800
119.673950
119.804025
120.518925
120.839375
121.052275
121.342325
121.512875
122.290925
122.443225
122.475725
122.527700
122.860275
123.180675
123.393175
123.488000
123.569600
123.813650
124.011950
124.083925
124.467375
124.482750
124.623150
124.999775
125.215350
125.604450
125.931200
126.595525
127.138175
127.271550
127.280675
127.330250
127.392075
127.586875
127.772075
128.369950
128.548475
128.612200
128.811000
129.424375
129.469775
129.585175
129.793550
129.851350
130.272300
130.317000
130.625800
130.867275
130.995425
131.190800
131.202200
131.390850
131.799100
132.200775
132.614300
132.720450
132.734250
133.371975
133.416125
133.984500
134.019150
134.495075
134.620075
134.707200
134.781275
134.852600
135.248125
135.357350
135.559475
136.021600
136.031800
136.451500
136.490325
136.632400
137.094350
137.318100
137.376950
137.484675
137.932275
138.006175
138.177025
138.265550
138.325825
138.566375
138.762600
139.231600
139.279650
139.326475
139.653300
139.779550
139.890875
140.016350
140.096975
140.260275
140.471375
140.585425
140.667375
140.762350
140.795100
141.192750
141.264925
142.083675
142.802550
143.321025
143.342725
143.425950
143.466725
143.577950
143.727175
143.783525
143.877150
144.182950
144.384025
144.399350
144.956650
145.011325
145.454575
145.469675
145.712600
145.804750
145.959375
146.157375
146.376600
146.406075
146.463825
146.676100
146.830125
147.231575
147.255800
147.341775
147.375125
147.489500
147.728325
147.922750
148.182275
148.386775
148.832550
149.143125
150.189850
150.752125
150.788675
150.951075
151.015950
151.107275
151.387325
151.453725
151.535700
151.676025
151.857425
152.209225
152.989925
153.117350
153.984125
154.294250
154.319950
154.336575
154.817450
154.859450
154.942250
155.077125
156.292650
156.308450
156.576375
156.624900
156.913750
156.978800
157.148975
157.401000
157.603050
157.837950
158.010325
158.594100
158.799650
159.055925
159.132625
159.586025
159.631950
160.229650
160.349000
160.398275
160.727200
160.804275
161.393050
161.642875
161.776750
161.966150
162.045400
162.088400
162.129550
162.561500
162.594375
163.505025
163.723125
163.897500
164.039450
164.130300
164.346300
164.719500
165.214350
165.571025
165.594500
165.743625
165.760400
165.881475
166.691175
166.777850
166.805025
166.842050
167.067425
167.105375
167.428625
167.688625
167.872675
167.891400
168.002125
168.467550
168.554450
168.718450
168.764150
168.847425
169.034775
169.194475
169.829725
169.938800
170.171675
170.205125
170.225200
170.426450
170.621875
171.328125
171.357175
171.432325
171.497275
171.627175
171.764675
171.813275
172.157925
172.279525
172.297200
172.320550
172.326600
172.393325
172.511875
173.081900
173.158475
173.177950
173.202200
173.823075
173.958600
173.998450
174.055900
174.356900
174.430825
174.728025
175.057125
175.500250
175.587950
175.705675
175.776025
175.931100
176.299925
176.605500
176.699125
176.992800
177.071125
177.713700
177.889700
178.033650
178.043225
178.685250
178.695750
178.971125
179.102100
179.248800
179.416200
179.690200
179.840300
179.942700
180.464725
180.560000
180.626425
180.683800
181.244850
181.358825
181.444150
181.705900
181.940750
182.097825
182.219750
182.262250
183.009875
183.899425
184.140375
184.173725
184.452050
185.154800
185.214100
185.667125
185.718475
185.732075
185.778000
186.156575
186.213950
186.228750
186.252475
186.270825
186.757250
187.131050
187.207875
187.448650
187.549500
187.834825
187.913175
187.946725
188.065375
188.139175
188.223800
188.533775
188.643200
189.474150
189.556650
189.574100
189.945225
190.166025
190.232150
190.438125
190.459650
190.630675
190.885500
191.013600
191.045575
191.231900
191.362525
191.988450
192.071675
192.315575
192.478550
192.854700
192.976875
193.054675
193.312050
193.398050
193.555175
193.661550
193.799325
193.884925
193.945775
193.999975
194.022675
194.160025
194.174275
195.205650
195.472425
195.505025
195.613150
195.894025
196.692125
196.958950
197.110975
197.313250
197.347900
197.587425
197.800575
198.456825
198.514825
198.555550
198.665775
199.492400
199.573650
199.855575
200.343925
200.403825
200.581550
200.664525
200.741575
200.811000
200.826700
201.443950
201.540450
201.827325
202.039850
202.219250
202.257475
202.440425
202.575425
202.746575
203.279600
203.493450
203.969850
204.538225
204.553650
204.926825
205.017200
205.685100
205.906575
206.091400
206.282000
206.293925
206.311025
206.837700
206.907650
207.097250
207.369725
207.492550
207.605100
207.831225
207.851475
207.995875
208.244450
208.722800
209.055925
209.389525
209.423725
209.509100
209.797525
209.847800
210.252150
210.404350
210.446225
211.022900
211.037775
211.117700
211.158100
211.388950
211.721325
212.073675
212.231950
212.251700
212.493525
212.528400
212.760675
212.924925
213.036150
213.289125
213.297850
213.699925
213.783700
213.903250
214.095300
214.163900
214.284650
214.537450
214.703675
214.907350
215.004600
215.111825
215.291825
216.009500
216.571825
217.061975
217.346375
217.434800
217.573300
217.667825
217.680175
217.990400
218.010025
218.086975
218.205875
218.365200
218.483025
218.582425
218.609250
218.695325
218.724350
218.867075
218.896425
219.091700
219.165175
219.409400
219.464300
219.775300
220.043775
220.177675
220.348175
220.445450
220.919575
221.078275
221.187300
221.425300
221.606375
221.941325
222.306200
222.443925
222.800125
223.234800
223.374325
223.452400
223.653500
223.669750
223.745500
223.852200
224.138075
224.266475
224.565475
224.597050
224.678025
224.731950
224.766325
225.111275
225.188400
225.449675
225.490925
225.528925
225.788000
225.833675
226.305350
226.439675
226.749725
226.971675
227.245100
227.554650
228.158175
228.340075
228.355275
228.517700
228.604900
228.701225
229.566600
230.326400
230.506125
230.762825
230.846750
231.144400
231.175350
231.690275
232.239300
232.256875
232.493475
232.581650
232.674875
233.255675
233.386825
233.465650
234.019150
234.187600
234.338600
234.494400
234.755325
234.811750
234.824725
234.883100
235.204250
235.300475
235.349500
235.553050
235.599725
235.614825
236.371600
236.484125
236.539600
236.571525
236.956850
236.969525
237.095225
237.187025
237.374575
237.595975
237.721350
238.069275
238.298225
238.372775
238.558925
238.617925
238.631375
238.808200
238.943875
239.265200
239.378000
240.232075
240.641225
241.029725
241.143575
241.313800
241.407375
241.596175
241.947700
242.372800
242.724975
242.952275
243.230550
243.474850
243.506575
243.582025
244.017275
244.070525
244.272750
244.325625
244.630750
244.652075
244.822600
245.376175
245.740725
246.007150
246.054100
246.232100
246.339150
246.848100
247.820525
247.932200
248.345175
248.478700
248.576375
248.691125
248.778800
248.806350
248.909550
249.039050
249.105375
249.477350
249.575900
249.909225
250.289950
250.354700
250.466650
250.596400
250.871200
250.978525
251.015350
251.108250
251.461550
251.502900
252.086650
252.963300
253.234800
253.399525
253.747775
254.162375
254.204225
254.400600
254.465500
254.782725
254.893000
255.138700
255.161575
256.247600
256.270475
256.310800
256.530800
256.690725
256.747450
257.043225
257.480125
257.616950
257.921525
257.944975
258.007475
258.284400
258.349425
258.447700
258.548475
258.834800
258.977800
259.168100
259.911050
260.581075
260.594700
260.612700
261.211700
261.247650
261.398475
261.720075
261.928250
261.945675
261.960700
262.075025
262.107775
262.683875
263.065125
263.290200
263.468075
263.819950
263.860200
264.042400
264.053750
264.295850
264.310350
264.362775
264.409775
265.141775
265.213475
265.283800
265.318875
265.879750
265.953325
266.482725
266.580325
266.654600
266.810800
266.843175
267.027850
267.042950
267.213675
267.538500
267.685675
267.865625
267.914875
267.991575
268.220625
268.488000
268.540700
268.560075
268.678125
268.806875
269.519800
270.093700
270.319150
270.758200
270.891700
271.133550
271.525475
271.887225
272.293750
272.384525
272.823925
272.891675
273.024025
273.246075
273.460250
273.634425
273.933000
273.976075
274.175625
274.198475
274.233100
274.505950
274.694250
274.948750
275.178875
275.308800
275.358675
275.890500
276.206225
276.302675
276.447400
276.572950
277.279050
277.636300
278.009300
278.120150
278.139200
278.289025
278.564875
278.668300
278.836500
279.334550
279.714975
279.742275
279.754600
279.892400
279.968125
280.059000
280.093300
280.124050
280.136950
280.292675
280.546325
280.608525
281.276775
281.338225
281.478700
281.695800
281.831625
282.079200
282.136100
282.176475
282.210150
282.220025
282.236275
282.556975
282.720425
283.384525
283.661325
283.748675
284.334275
284.443800
284.486025
284.683800
284.751900
285.449375
285.575125
285.813250
286.068450
286.095525
286.379400
286.386850
287.397525
287.474025
287.878050
287.957300
288.046800
288.236150
288.345675
288.488325
288.552100
288.660625
288.778050
289.137100
289.245775
289.259600
289.272550
289.415650
289.637450
289.706150
289.784150
290.061725
290.688600
290.824750
290.988225
291.209450
291.605000
292.057900
292.150250
292.277850
292.408725
292.658750
293.621500
293.725975
294.039600
294.230600
294.950075
294.990000
295.079700
295.101900
295.264675
295.331175
295.447525
295.965900
296.705000
296.719700
296.921300
297.006675
297.239150
297.373400
297.874650
297.897850
297.922550
298.368150
298.780900
298.874325
298.964050
299.049300
299.541700
299.557400
299.934550
300.018250
300.567025
300.977800
301.035650
301.067125
301.126275
301.132075
301.169050
302.246650
302.281800
302.849150
302.988850
303.018875
303.034025
303.099275
303.148650
303.377975
303.603800
303.871650
304.604075
304.631150
304.700400
304.827300
304.887825
304.946475
305.019350
305.593450
305.727225
305.752150
305.861250
305.962500
306.165225
306.420100
306.617100
306.633375
306.906775
307.108475
307.785300
